Second,eye_comb_direction_x,eye_comb_direction_y,eye_comb_direction_z,eye_r_openness,eye_r_direction_x,eye_r_direction_y,eye_r_direction_z,eye_r_origin_x,eye_r_origin_y,eye_r_origin_z,eye_r_pupil_diameter,eye_r_pupil_position_x,eye_r_pupil_position_y,eye_l_openness,eye_l_direction_x,eye_l_direction_y,eye_l_direction_z,eye_l_origin_x,eye_l_origin_y,eye_l_origin_z,eye_l_pupil_diameter,eye_l_pupil_position_x,eye_l_pupil_position_y,head_position_x,head_position_y,head_position_z,head_rotation_roll,head_rotation_pitch,head_rotation_yaw,EDA,BVP,TMP
0,-0.3408203,-0.1554108,0.9271851,1.0,-0.3834075999999999,-0.2312164,0.8941498,-34.83617,3.090012,-28.98158,4.3661650000000005,0.6697116,0.5224093,1.0,-0.3227539,-0.1243591,0.9382629,30.400340000000003,3.3225860000000003,-26.48892,5.273391999999999,0.6105564,0.4680730999999999,0.02598238,1.329084,-0.1836253,-0.05087492,0.4949282,0.009896734,5.312341401037806,-0.13986326483815195,32.66815171732147
0,-0.3408203,-0.1554108,0.9271851,1.0,-0.3834075999999999,-0.2312164,0.8941498,-34.83617,3.090012,-28.98158,4.3661650000000005,0.6697116,0.5224093,1.0,-0.3227539,-0.1243591,0.9382629,30.400340000000003,3.3225860000000003,-26.48892,5.273391999999999,0.6105564,0.4680730999999999,0.02598238,1.329084,-0.1836253,-0.05087492,0.4949282,0.009896734,5.312341401037806,-0.13986326483815195,32.66815171732147
0,-0.3408203,-0.1554108,0.9271851,1.0,-0.3834075999999999,-0.2312164,0.8941498,-34.83617,3.090012,-28.98158,4.3661650000000005,0.6697116,0.5224093,1.0,-0.3227539,-0.1243591,0.9382629,30.400340000000003,3.3225860000000003,-26.48892,5.273391999999999,0.6105564,0.4680730999999999,0.02598238,1.329084,-0.1836253,-0.05087492,0.4949282,0.009896734,5.312341401037806,-0.13986326483815195,32.66815171732147
0,-0.2876587,-0.134964,0.9481659,1.0,0.0,0.0,0.0,-34.7522,3.080139,-28.98218,-1.0,0.6664436,0.5098233,1.0,-0.2876587,-0.134964,0.9481659,30.57391,3.314743,-26.39737,5.286163,0.6006166999999999,0.4684321,0.02615905,1.329392,-0.1855512,-0.05022952,0.5035437,0.01260461,5.312341401037806,-0.13986326483815195,32.66815171732147
0,-0.2876587,-0.134964,0.9481659,1.0,0.0,0.0,0.0,-34.7522,3.080139,-28.98218,-1.0,0.6664436,0.5098233,1.0,-0.2876587,-0.134964,0.9481659,30.57391,3.314743,-26.39737,5.286163,0.6006166999999999,0.4684321,0.02615905,1.329392,-0.1855512,-0.05022952,0.5035437,0.01260461,5.312341401037806,-0.13986326483815195,32.66815171732147
0,-0.2876587,-0.134964,0.9481659,1.0,0.0,0.0,0.0,-34.7522,3.080139,-28.98218,-1.0,0.6664436,0.5098233,1.0,-0.2876587,-0.134964,0.9481659,30.57391,3.314743,-26.39737,5.286163,0.6006166999999999,0.4684321,0.02615905,1.329392,-0.1855512,-0.05022952,0.5035437,0.01260461,5.312341401037806,-0.13986326483815195,32.66815171732147
0,-0.323349,-0.1327057,0.9369202,1.0,-0.4116058,-0.1311493,0.9018707,-34.45256,3.024857,-28.96208,4.850754,0.659686,0.5125433,1.0,-0.2449799,-0.1331023999999999,0.9603424,30.67227,3.2839660000000004,-26.35577,5.196106,0.5925467,0.4684448,0.0260613,1.329477,-0.1867672,-0.04958107,0.5089005999999999,0.01403198,5.312341401037806,-0.13986326483815195,32.66815171732147
0,-0.323349,-0.1327057,0.9369202,1.0,-0.4116058,-0.1311493,0.9018707,-34.45256,3.024857,-28.96208,4.850754,0.659686,0.5125433,1.0,-0.2449799,-0.1331023999999999,0.9603424,30.67227,3.2839660000000004,-26.35577,5.196106,0.5925467,0.4684448,0.0260613,1.329477,-0.1867672,-0.04958107,0.5089005999999999,0.01403198,5.312341401037806,-0.13986326483815195,32.66815171732147
0,-0.323349,-0.1327057,0.9369202,1.0,-0.4116058,-0.1311493,0.9018707,-34.45256,3.024857,-28.96208,4.850754,0.659686,0.5125433,1.0,-0.2449799,-0.1331023999999999,0.9603424,30.67227,3.2839660000000004,-26.35577,5.196106,0.5925467,0.4684448,0.0260613,1.329477,-0.1867672,-0.04958107,0.5089005999999999,0.01403198,5.312341401037806,-0.13986326483815195,32.66815171732147
0,-0.2999725,-0.06520081,0.9517059,1.0,-0.3796844,-0.1269989,0.9163513,-34.384640000000005,3.007736,-28.923,4.811676,0.6531895999999999,0.5119041,1.0,-0.2696533,-0.04219055,0.9620209,30.69055,3.1862790000000003,-26.43916,5.571259,0.5943581,0.4622615,0.02593493,1.329557,-0.1885773999999999,-0.04905571,0.5165509,0.01547888,5.312341401037806,-0.13986326483815195,32.66815171732147
0,-0.2999725,-0.06520081,0.9517059,1.0,-0.3796844,-0.1269989,0.9163513,-34.384640000000005,3.007736,-28.923,4.811676,0.6531895999999999,0.5119041,1.0,-0.2696533,-0.04219055,0.9620209,30.69055,3.1862790000000003,-26.43916,5.571259,0.5943581,0.4622615,0.02593493,1.329557,-0.1885773999999999,-0.04905571,0.5165509,0.01547888,5.312341401037806,-0.13986326483815195,32.66815171732147
0,-0.2999725,-0.06520081,0.9517059,1.0,-0.3796844,-0.1269989,0.9163513,-34.384640000000005,3.007736,-28.923,4.811676,0.6531895999999999,0.5119041,1.0,-0.2696533,-0.04219055,0.9620209,30.69055,3.1862790000000003,-26.43916,5.571259,0.5943581,0.4622615,0.02593493,1.329557,-0.1885773999999999,-0.04905571,0.5165509,0.01547888,5.312341401037806,-0.13986326483815195,32.66815171732147
0,-0.2937012,-0.1153259,0.9488983,1.0,-0.3627777,-0.1688385,0.9164429,-34.37444,2.992004,-28.90587,4.673065,0.650712,0.5171725,1.0,-0.2641144,-0.09268188,0.960022,30.840670000000003,3.296997,-26.35355,5.554977,0.5886518000000001,0.4635806999999999,0.02579165,1.329634,-0.1903576,-0.0488134,0.5239604,0.01667254,5.312341401037806,-0.13986326483815195,32.66815171732147
0,-0.2937012,-0.1153259,0.9488983,1.0,-0.3627777,-0.1688385,0.9164429,-34.37444,2.992004,-28.90587,4.673065,0.650712,0.5171725,1.0,-0.2641144,-0.09268188,0.960022,30.840670000000003,3.296997,-26.35355,5.554977,0.5886518000000001,0.4635806999999999,0.02579165,1.329634,-0.1903576,-0.0488134,0.5239604,0.01667254,5.312341401037806,-0.13986326483815195,32.66815171732147
0,-0.2937012,-0.1153259,0.9488983,1.0,-0.3627777,-0.1688385,0.9164429,-34.37444,2.992004,-28.90587,4.673065,0.650712,0.5171725,1.0,-0.2641144,-0.09268188,0.960022,30.840670000000003,3.296997,-26.35355,5.554977,0.5886518000000001,0.4635806999999999,0.02579165,1.329634,-0.1903576,-0.0488134,0.5239604,0.01667254,5.312341401037806,-0.13986326483815195,32.66815171732147
0,-0.2370911,-0.1626282,0.9577637,1.0,-0.3529968,-0.1983795,0.9143372,-34.25623,3.030487,-28.86107,4.670441,0.6453380999999999,0.5189712000000001,1.0,-0.1483612,-0.1342926,0.9797668,30.92339,3.284073,-26.27603,5.105698,0.5732986,0.4671176999999999,0.02556968,1.329767,-0.1921502,-0.04851808,0.5309379,0.0180497,5.312341401037806,-0.13986326483815195,32.66815171732147
0,-0.2370911,-0.1626282,0.9577637,1.0,-0.3529968,-0.1983795,0.9143372,-34.25623,3.030487,-28.86107,4.670441,0.6453380999999999,0.5189712000000001,1.0,-0.1483612,-0.1342926,0.9797668,30.92339,3.284073,-26.27603,5.105698,0.5732986,0.4671176999999999,0.02556968,1.329767,-0.1921502,-0.04851808,0.5309379,0.0180497,5.312341401037806,-0.13986326483815195,32.66815171732147
0,-0.2370911,-0.1626282,0.9577637,1.0,-0.3529968,-0.1983795,0.9143372,-34.25623,3.030487,-28.86107,4.670441,0.6453380999999999,0.5189712000000001,1.0,-0.1483612,-0.1342926,0.9797668,30.92339,3.284073,-26.27603,5.105698,0.5732986,0.4671176999999999,0.02556968,1.329767,-0.1921502,-0.04851808,0.5309379,0.0180497,5.312341401037806,-0.13986326483815195,32.66815171732147
0,-0.2254943999999999,-0.1556396,0.961731,1.0,-0.3150787,-0.2007141,0.9275818,-34.24089,3.025284,-28.851470000000003,4.658157,0.640091,0.5189712000000001,1.0,-0.1551514,-0.1199188,0.9805756,30.97137,3.283249,-26.28436,5.342651,0.5722022,0.465682,0.02539968,1.329899,-0.1933722,-0.0484990999999999,0.5355652,0.01908713,5.312341401037806,-0.13986326483815195,32.66815171732147
0,-0.2254943999999999,-0.1556396,0.961731,1.0,-0.3150787,-0.2007141,0.9275818,-34.24089,3.025284,-28.851470000000003,4.658157,0.640091,0.5189712000000001,1.0,-0.1551514,-0.1199188,0.9805756,30.97137,3.283249,-26.28436,5.342651,0.5722022,0.465682,0.02539968,1.329899,-0.1933722,-0.0484990999999999,0.5355652,0.01908713,5.312341401037806,-0.13986326483815195,32.66815171732147
0,-0.2254943999999999,-0.1556396,0.961731,1.0,-0.3150787,-0.2007141,0.9275818,-34.24089,3.025284,-28.851470000000003,4.658157,0.640091,0.5189712000000001,1.0,-0.1551514,-0.1199188,0.9805756,30.97137,3.283249,-26.28436,5.342651,0.5722022,0.465682,0.02539968,1.329899,-0.1933722,-0.0484990999999999,0.5355652,0.01908713,5.312341401037806,-0.13986326483815195,32.66815171732147
0,-0.2254943999999999,-0.1556396,0.961731,1.0,-0.3150787,-0.2007141,0.9275818,-34.24089,3.025284,-28.851470000000003,4.658157,0.640091,0.5189712000000001,1.0,-0.1551514,-0.1199188,0.9805756,30.97137,3.283249,-26.28436,5.342651,0.5722022,0.465682,0.02517128,1.330133,-0.1952892,-0.04859518,0.5428196999999999,0.02070703,5.312341401037806,-0.13986326483815195,32.66815171732147
0,-0.2254943999999999,-0.1556396,0.961731,1.0,-0.3150787,-0.2007141,0.9275818,-34.24089,3.025284,-28.851470000000003,4.658157,0.640091,0.5189712000000001,1.0,-0.1551514,-0.1199188,0.9805756,30.97137,3.283249,-26.28436,5.342651,0.5722022,0.465682,0.02517128,1.330133,-0.1952892,-0.04859518,0.5428196999999999,0.02070703,5.312341401037806,-0.13986326483815195,32.66815171732147
0,-0.2254943999999999,-0.1556396,0.961731,1.0,-0.3150787,-0.2007141,0.9275818,-34.24089,3.025284,-28.851470000000003,4.658157,0.640091,0.5189712000000001,1.0,-0.1551514,-0.1199188,0.9805756,30.97137,3.283249,-26.28436,5.342651,0.5722022,0.465682,0.02517128,1.330133,-0.1952892,-0.04859518,0.5428196999999999,0.02070703,5.312341401037806,-0.13986326483815195,32.66815171732147
0,-0.1672821,-0.1207581,0.9784698,0.9601136,-0.2587127999999999,-0.1603698999999999,0.9525452,-34.138459999999995,2.981232,-28.80348,4.565582,0.6294515,0.5146318,0.9772652,-0.1156921,-0.09817505,0.9884186,31.14174,3.363983,-26.32047,5.509598,0.5619609999999999,0.4606326,0.02486968,1.330347,-0.1974195,-0.04849665,0.5508613,0.02223255,5.312341401037806,-0.13986326483815195,32.66815171732147
0,-0.1672821,-0.1207581,0.9784698,0.9601136,-0.2587127999999999,-0.1603698999999999,0.9525452,-34.138459999999995,2.981232,-28.80348,4.565582,0.6294515,0.5146318,0.9772652,-0.1156921,-0.09817505,0.9884186,31.14174,3.363983,-26.32047,5.509598,0.5619609999999999,0.4606326,0.02486968,1.330347,-0.1974195,-0.04849665,0.5508613,0.02223255,5.312341401037806,-0.13986326483815195,32.66815171732147
0,-0.1672821,-0.1207581,0.9784698,0.9601136,-0.2587127999999999,-0.1603698999999999,0.9525452,-34.138459999999995,2.981232,-28.80348,4.565582,0.6294515,0.5146318,0.9772652,-0.1156921,-0.09817505,0.9884186,31.14174,3.363983,-26.32047,5.509598,0.5619609999999999,0.4606326,0.02486968,1.330347,-0.1974195,-0.04849665,0.5508613,0.02223255,5.312341401037806,-0.13986326483815195,32.66815171732147
0,-1.0,-1.0,-1.0,0.9344262,0.0,0.0,0.0,-34.3082,3.162201,-28.77635,-1.0,0.636067,0.5407863,0.4617257999999999,0.0,0.0,0.0,31.07018,3.665573,-26.15575,-1.0,0.5691782,0.45356,0.02465463,1.330504,-0.1997666,-0.04830939,0.5597422,0.02357617,5.312341401037806,-0.13986326483815195,32.66815171732147
0,-1.0,-1.0,-1.0,0.9344262,0.0,0.0,0.0,-34.3082,3.162201,-28.77635,-1.0,0.636067,0.5407863,0.4617257999999999,0.0,0.0,0.0,31.07018,3.665573,-26.15575,-1.0,0.5691782,0.45356,0.02465463,1.330504,-0.1997666,-0.04830939,0.5597422,0.02357617,5.312341401037806,-0.13986326483815195,32.66815171732147
0,-1.0,-1.0,-1.0,0.9344262,0.0,0.0,0.0,-34.3082,3.162201,-28.77635,-1.0,0.636067,0.5407863,0.4617257999999999,0.0,0.0,0.0,31.07018,3.665573,-26.15575,-1.0,0.5691782,0.45356,0.02465463,1.330504,-0.1997666,-0.04830939,0.5597422,0.02357617,5.312341401037806,-0.13986326483815195,32.66815171732147
0,-1.0,-1.0,-1.0,0.8472276,0.0,0.0,0.0,-33.88393,2.005066,-28.99651,-1.0,0.6468125,0.5955195,0.0,0.0,0.0,0.0,30.5401,2.506027,-26.55721,-1.0,0.5981368,0.5113702,0.02464557,1.3306209999999998,-0.201467,-0.04790556,0.5663998,0.02434653,5.312341401037806,-0.13986326483815195,32.66815171732147
0,-1.0,-1.0,-1.0,0.8472276,0.0,0.0,0.0,-33.88393,2.005066,-28.99651,-1.0,0.6468125,0.5955195,0.0,0.0,0.0,0.0,30.5401,2.506027,-26.55721,-1.0,0.5981368,0.5113702,0.02464557,1.3306209999999998,-0.201467,-0.04790556,0.5663998,0.02434653,5.312341401037806,-0.13986326483815195,32.66815171732147
0,-1.0,-1.0,-1.0,0.8472276,0.0,0.0,0.0,-33.88393,2.005066,-28.99651,-1.0,0.6468125,0.5955195,0.0,0.0,0.0,0.0,30.5401,2.506027,-26.55721,-1.0,0.5981368,0.5113702,0.02464557,1.3306209999999998,-0.201467,-0.04790556,0.5663998,0.02434653,5.312341401037806,-0.13986326483815195,32.66815171732147
0,-1.0,-1.0,-1.0,0.7101232,0.0,0.0,0.0,-34.33638,1.678314,-29.26456,-1.0,0.6496738000000001,0.6210760000000001,0.0,0.0,0.0,0.0,30.56093,2.531189,-26.54303,-1.0,0.5970004,0.5097996,0.02469206,1.33072,-0.2043402,-0.04695401,0.5779309,0.02572775,5.312341401037806,-0.13986326483815195,32.66815171732147
0,-1.0,-1.0,-1.0,0.7101232,0.0,0.0,0.0,-34.33638,1.678314,-29.26456,-1.0,0.6496738000000001,0.6210760000000001,0.0,0.0,0.0,0.0,30.56093,2.531189,-26.54303,-1.0,0.5970004,0.5097996,0.02469206,1.33072,-0.2043402,-0.04695401,0.5779309,0.02572775,5.312341401037806,-0.13986326483815195,32.66815171732147
0,-1.0,-1.0,-1.0,0.7101232,0.0,0.0,0.0,-34.33638,1.678314,-29.26456,-1.0,0.6496738000000001,0.6210760000000001,0.0,0.0,0.0,0.0,30.56093,2.531189,-26.54303,-1.0,0.5970004,0.5097996,0.02469206,1.33072,-0.2043402,-0.04695401,0.5779309,0.02572775,5.312341401037806,-0.13986326483815195,32.66815171732147
1,-1.0,-1.0,-1.0,0.7101232,0.0,0.0,0.0,-34.33638,1.678314,-29.26456,-1.0,0.6496738000000001,0.6210760000000001,0.0,0.0,0.0,0.0,30.56093,2.531189,-26.54303,-1.0,0.5970004,0.5097996,0.02557302,1.331283,-0.2061277,-0.04602909,0.5865543000000001,0.02663204,5.312341401037806,-0.13986326483815195,32.66815171732147
1,-1.0,-1.0,-1.0,0.7101232,0.0,0.0,0.0,-34.33638,1.678314,-29.26456,-1.0,0.6496738000000001,0.6210760000000001,0.0,0.0,0.0,0.0,30.56093,2.531189,-26.54303,-1.0,0.5970004,0.5097996,0.02557302,1.331283,-0.2061277,-0.04602909,0.5865543000000001,0.02663204,5.312341401037806,-0.13986326483815195,32.66815171732147
1,-1.0,-1.0,-1.0,0.7101232,0.0,0.0,0.0,-34.33638,1.678314,-29.26456,-1.0,0.6496738000000001,0.6210760000000001,0.0,0.0,0.0,0.0,30.56093,2.531189,-26.54303,-1.0,0.5970004,0.5097996,0.02557302,1.331283,-0.2061277,-0.04602909,0.5865543000000001,0.02663204,5.312341401037806,-0.13986326483815195,32.66815171732147
1,-1.0,-1.0,-1.0,0.7101232,0.0,0.0,0.0,-34.33638,1.678314,-29.26456,-1.0,0.6496738000000001,0.6210760000000001,0.0,0.0,0.0,0.0,30.56093,2.531189,-26.54303,-1.0,0.5970004,0.5097996,0.02554512,1.3313780000000002,-0.2083135,-0.04499479,0.5957906,0.02751433,5.312341401037806,-0.13986326483815195,32.66815171732147
1,-1.0,-1.0,-1.0,0.7101232,0.0,0.0,0.0,-34.33638,1.678314,-29.26456,-1.0,0.6496738000000001,0.6210760000000001,0.0,0.0,0.0,0.0,30.56093,2.531189,-26.54303,-1.0,0.5970004,0.5097996,0.02554512,1.3313780000000002,-0.2083135,-0.04499479,0.5957906,0.02751433,5.312341401037806,-0.13986326483815195,32.66815171732147
1,-1.0,-1.0,-1.0,0.7101232,0.0,0.0,0.0,-34.33638,1.678314,-29.26456,-1.0,0.6496738000000001,0.6210760000000001,0.0,0.0,0.0,0.0,30.56093,2.531189,-26.54303,-1.0,0.5970004,0.5097996,0.02554512,1.3313780000000002,-0.2083135,-0.04499479,0.5957906,0.02751433,5.312341401037806,-0.13986326483815195,32.66815171732147
1,-1.0,-1.0,-1.0,0.7396583000000001,0.0,0.0,0.0,-34.33638,1.678314,-29.26456,-1.0,-1.0,-1.0,0.0,0.0,0.0,0.0,30.72478,4.038712,-26.32333,-1.0,0.6054401999999999,0.4739794,0.02531743,1.331601,-0.2118482999999999,-0.04359987,0.6104389,0.0293369,5.312341401037806,-0.13986326483815195,32.66815171732147
1,-1.0,-1.0,-1.0,0.7396583000000001,0.0,0.0,0.0,-34.33638,1.678314,-29.26456,-1.0,-1.0,-1.0,0.0,0.0,0.0,0.0,30.72478,4.038712,-26.32333,-1.0,0.6054401999999999,0.4739794,0.02531743,1.331601,-0.2118482999999999,-0.04359987,0.6104389,0.0293369,5.312341401037806,-0.13986326483815195,32.66815171732147
1,-1.0,-1.0,-1.0,0.7396583000000001,0.0,0.0,0.0,-34.33638,1.678314,-29.26456,-1.0,-1.0,-1.0,0.0,0.0,0.0,0.0,30.72478,4.038712,-26.32333,-1.0,0.6054401999999999,0.4739794,0.02531743,1.331601,-0.2118482999999999,-0.04359987,0.6104389,0.0293369,5.312341401037806,-0.13986326483815195,32.66815171732147
1,-1.0,-1.0,-1.0,1.0,0.0,0.0,0.0,-34.873259999999995,3.224182,-28.90884,-1.0,0.6378067,0.4788708,1.0,0.0,0.0,0.0,30.530240000000003,3.632095,-26.496340000000004,-1.0,0.6063159,0.4374,0.02476072,1.332041,-0.2155722,-0.04296571,0.6251109,0.03115628,5.312341401037806,-0.13986326483815195,32.66815171732147
1,-1.0,-1.0,-1.0,1.0,0.0,0.0,0.0,-34.873259999999995,3.224182,-28.90884,-1.0,0.6378067,0.4788708,1.0,0.0,0.0,0.0,30.530240000000003,3.632095,-26.496340000000004,-1.0,0.6063159,0.4374,0.02476072,1.332041,-0.2155722,-0.04296571,0.6251109,0.03115628,5.312341401037806,-0.13986326483815195,32.66815171732147
1,-1.0,-1.0,-1.0,1.0,0.0,0.0,0.0,-34.873259999999995,3.224182,-28.90884,-1.0,0.6378067,0.4788708,1.0,0.0,0.0,0.0,30.530240000000003,3.632095,-26.496340000000004,-1.0,0.6063159,0.4374,0.02476072,1.332041,-0.2155722,-0.04296571,0.6251109,0.03115628,5.312341401037806,-0.13986326483815195,32.66815171732147
1,-1.0,-1.0,-1.0,1.0,0.0,0.0,0.0,-34.873259999999995,3.224182,-28.90884,-1.0,0.6378067,0.4788708,1.0,0.0,0.0,0.0,30.530240000000003,3.632095,-26.496340000000004,-1.0,0.6063159,0.4374,0.02395558,1.332747,-0.2189532,-0.04359184,0.6379909,0.03334386,5.312341401037806,-0.13986326483815195,32.66815171732147
1,-1.0,-1.0,-1.0,1.0,0.0,0.0,0.0,-34.873259999999995,3.224182,-28.90884,-1.0,0.6378067,0.4788708,1.0,0.0,0.0,0.0,30.530240000000003,3.632095,-26.496340000000004,-1.0,0.6063159,0.4374,0.02395558,1.332747,-0.2189532,-0.04359184,0.6379909,0.03334386,5.312341401037806,-0.13986326483815195,32.66815171732147
1,-1.0,-1.0,-1.0,1.0,0.0,0.0,0.0,-34.873259999999995,3.224182,-28.90884,-1.0,0.6378067,0.4788708,1.0,0.0,0.0,0.0,30.530240000000003,3.632095,-26.496340000000004,-1.0,0.6063159,0.4374,0.02395558,1.332747,-0.2189532,-0.04359184,0.6379909,0.03334386,5.312341401037806,-0.13986326483815195,32.66815171732147
1,-1.0,-1.0,-1.0,1.0,0.0,0.0,0.0,-34.873259999999995,3.224182,-28.90884,-1.0,0.6378067,0.4788708,1.0,0.0,0.0,0.0,30.530240000000003,3.632095,-26.496340000000004,-1.0,0.6063159,0.4374,0.02316594,1.333139,-0.2209863,-0.04424699,0.645085,0.03433812,5.312341401037806,1.712486,32.66815171732147
1,-1.0,-1.0,-1.0,1.0,0.0,0.0,0.0,-34.873259999999995,3.224182,-28.90884,-1.0,0.6378067,0.4788708,1.0,0.0,0.0,0.0,30.530240000000003,3.632095,-26.496340000000004,-1.0,0.6063159,0.4374,0.02316594,1.333139,-0.2209863,-0.04424699,0.645085,0.03433812,5.312341401037806,1.712486,32.66815171732147
1,-1.0,-1.0,-1.0,1.0,0.0,0.0,0.0,-34.873259999999995,3.224182,-28.90884,-1.0,0.6378067,0.4788708,1.0,0.0,0.0,0.0,30.530240000000003,3.632095,-26.496340000000004,-1.0,0.6063159,0.4374,0.02316594,1.333139,-0.2209863,-0.04424699,0.645085,0.03433812,5.312341401037806,1.712486,32.66815171732147
1,-1.0,-1.0,-1.0,1.0,0.0,0.0,0.0,-34.873259999999995,3.224182,-28.90884,-1.0,0.6378067,0.4788708,1.0,0.0,0.0,0.0,30.530240000000003,3.632095,-26.496340000000004,-1.0,0.6063159,0.4374,0.02181292,1.33376,-0.2236052,-0.04599063,0.6533668,0.03585077,5.115332,3.246429,32.95
1,-1.0,-1.0,-1.0,1.0,0.0,0.0,0.0,-34.873259999999995,3.224182,-28.90884,-1.0,0.6378067,0.4788708,1.0,0.0,0.0,0.0,30.530240000000003,3.632095,-26.496340000000004,-1.0,0.6063159,0.4374,0.02181292,1.33376,-0.2236052,-0.04599063,0.6533668,0.03585077,5.115332,3.246429,32.95
1,-1.0,-1.0,-1.0,1.0,0.0,0.0,0.0,-34.873259999999995,3.224182,-28.90884,-1.0,0.6378067,0.4788708,1.0,0.0,0.0,0.0,30.530240000000003,3.632095,-26.496340000000004,-1.0,0.6063159,0.4374,0.02181292,1.33376,-0.2236052,-0.04599063,0.6533668,0.03585077,5.115332,3.246429,32.95
1,-1.0,-1.0,-1.0,1.0,0.0,0.0,0.0,-34.54465,3.3185580000000003,-28.92041,-1.0,0.6559939,0.4903497,1.0,0.0,0.0,0.0,30.61583,3.611221,-26.52017,-1.0,0.6051211,0.4320187,0.0208620999999999,1.334064,-0.2250739,-0.04688422,0.657716,0.03664834,5.115332,3.246429,32.95
1,-1.0,-1.0,-1.0,1.0,0.0,0.0,0.0,-34.54465,3.3185580000000003,-28.92041,-1.0,0.6559939,0.4903497,1.0,0.0,0.0,0.0,30.61583,3.611221,-26.52017,-1.0,0.6051211,0.4320187,0.0208620999999999,1.334064,-0.2250739,-0.04688422,0.657716,0.03664834,5.115332,3.246429,32.95
1,-1.0,-1.0,-1.0,1.0,0.0,0.0,0.0,-34.54465,3.3185580000000003,-28.92041,-1.0,0.6559939,0.4903497,1.0,0.0,0.0,0.0,30.61583,3.611221,-26.52017,-1.0,0.6051211,0.4320187,0.0208620999999999,1.334064,-0.2250739,-0.04688422,0.657716,0.03664834,5.115332,3.246429,32.95
1,-1.0,-1.0,-1.0,1.0,0.0,0.0,0.0,-34.54465,3.3185580000000003,-28.92041,-1.0,0.6559939,0.4903497,1.0,0.0,0.0,0.0,30.61583,3.611221,-26.52017,-1.0,0.6051211,0.4320187,0.01856041,1.334529,-0.2280107999999999,-0.04855208,0.6667246,0.03752307,5.124302,3.246429,32.95
1,-1.0,-1.0,-1.0,1.0,0.0,0.0,0.0,-34.54465,3.3185580000000003,-28.92041,-1.0,0.6559939,0.4903497,1.0,0.0,0.0,0.0,30.61583,3.611221,-26.52017,-1.0,0.6051211,0.4320187,0.01856041,1.334529,-0.2280107999999999,-0.04855208,0.6667246,0.03752307,5.124302,3.246429,32.95
1,-1.0,-1.0,-1.0,1.0,0.0,0.0,0.0,-34.54465,3.3185580000000003,-28.92041,-1.0,0.6559939,0.4903497,1.0,0.0,0.0,0.0,30.61583,3.611221,-26.52017,-1.0,0.6051211,0.4320187,0.01856041,1.334529,-0.2280107999999999,-0.04855208,0.6667246,0.03752307,5.124302,3.246429,32.95
1,-1.0,-1.0,-1.0,1.0,0.0,0.0,0.0,-34.23854,3.095901,-28.8436,-1.0,0.6282494000000001,0.4850524999999999,1.0,0.0,0.0,0.0,31.02115,3.452789,-26.30383,-1.0,0.5719162,0.4500574,0.01827955,1.335247,-0.2290935,-0.04878385,0.6712933000000001,0.03818714,5.124302,0.0132544,32.95
1,-1.0,-1.0,-1.0,1.0,0.0,0.0,0.0,-34.23854,3.095901,-28.8436,-1.0,0.6282494000000001,0.4850524999999999,1.0,0.0,0.0,0.0,31.02115,3.452789,-26.30383,-1.0,0.5719162,0.4500574,0.01827955,1.335247,-0.2290935,-0.04878385,0.6712933000000001,0.03818714,5.124302,0.0132544,32.95
1,-1.0,-1.0,-1.0,1.0,0.0,0.0,0.0,-34.23854,3.095901,-28.8436,-1.0,0.6282494000000001,0.4850524999999999,1.0,0.0,0.0,0.0,31.02115,3.452789,-26.30383,-1.0,0.5719162,0.4500574,0.01827955,1.335247,-0.2290935,-0.04878385,0.6712933000000001,0.03818714,5.124302,0.0132544,32.95
1,-0.2868042,0.02514648,0.9576569,1.0,-0.3815155,-0.07527161,0.9212799,-34.86523,3.056946,-29.02934,4.01474,0.6702369,0.5044930999999999,1.0,-0.2860413,0.02592468,0.9578552,30.45894,3.207031,-26.5412,4.667557,0.6053681,0.4542314999999999,0.01762867,1.33544,-0.2302687,-0.04921485,0.6754498000000001,0.03888117,5.124302,0.0132544,32.95
1,-0.2868042,0.02514648,0.9576569,1.0,-0.3815155,-0.07527161,0.9212799,-34.86523,3.056946,-29.02934,4.01474,0.6702369,0.5044930999999999,1.0,-0.2860413,0.02592468,0.9578552,30.45894,3.207031,-26.5412,4.667557,0.6053681,0.4542314999999999,0.01762867,1.33544,-0.2302687,-0.04921485,0.6754498000000001,0.03888117,5.124302,0.0132544,32.95
1,-0.2868042,0.02514648,0.9576569,1.0,-0.3815155,-0.07527161,0.9212799,-34.86523,3.056946,-29.02934,4.01474,0.6702369,0.5044930999999999,1.0,-0.2860413,0.02592468,0.9578552,30.45894,3.207031,-26.5412,4.667557,0.6053681,0.4542314999999999,0.01762867,1.33544,-0.2302687,-0.04921485,0.6754498000000001,0.03888117,5.124302,0.0132544,32.95
1,-0.2477416999999999,-0.0151824999999999,0.9687042,1.0,-0.292572,-0.01719666,0.9560852,-34.72346,2.970245,-28.96785,3.99295,0.6539020999999999,0.4991561,1.0,-0.2281342,-0.01429749,0.9735107,30.64403,3.217728,-26.45107,4.310654,0.5928656,0.4570374,0.01712251,1.3354,-0.2311531,-0.04910983,0.6784885,0.03903627,5.124302,0.0132544,32.95
1,-0.2477416999999999,-0.0151824999999999,0.9687042,1.0,-0.292572,-0.01719666,0.9560852,-34.72346,2.970245,-28.96785,3.99295,0.6539020999999999,0.4991561,1.0,-0.2281342,-0.01429749,0.9735107,30.64403,3.217728,-26.45107,4.310654,0.5928656,0.4570374,0.01712251,1.3354,-0.2311531,-0.04910983,0.6784885,0.03903627,5.124302,0.0132544,32.95
1,-0.2477416999999999,-0.0151824999999999,0.9687042,1.0,-0.292572,-0.01719666,0.9560852,-34.72346,2.970245,-28.96785,3.99295,0.6539020999999999,0.4991561,1.0,-0.2281342,-0.01429749,0.9735107,30.64403,3.217728,-26.45107,4.310654,0.5928656,0.4570374,0.01712251,1.3354,-0.2311531,-0.04910983,0.6784885,0.03903627,5.124302,0.0132544,32.95
1,-0.2351532,-0.03411865,0.971344,1.0,-0.2944183,-0.01715088,0.9555206,-34.71693,2.970245,-28.96785,3.9935,0.6539020999999999,0.4991561,1.0,-0.2095489999999999,-0.0413208,0.9769135,30.66487,3.221695,-26.43202,4.203186,0.5901349,0.4596808,0.01707315,1.335286,-0.2318300999999999,-0.04814595,0.6809415,0.03881596,5.124302,0.0132544,32.95
1,-0.2351532,-0.03411865,0.971344,1.0,-0.2944183,-0.01715088,0.9555206,-34.71693,2.970245,-28.96785,3.9935,0.6539020999999999,0.4991561,1.0,-0.2095489999999999,-0.0413208,0.9769135,30.66487,3.221695,-26.43202,4.203186,0.5901349,0.4596808,0.01707315,1.335286,-0.2318300999999999,-0.04814595,0.6809415,0.03881596,5.124302,0.0132544,32.95
1,-0.2351532,-0.03411865,0.971344,1.0,-0.2944183,-0.01715088,0.9555206,-34.71693,2.970245,-28.96785,3.9935,0.6539020999999999,0.4991561,1.0,-0.2095489999999999,-0.0413208,0.9769135,30.66487,3.221695,-26.43202,4.203186,0.5901349,0.4596808,0.01707315,1.335286,-0.2318300999999999,-0.04814595,0.6809415,0.03881596,5.124302,0.0132544,32.95
1,-0.2351532,-0.03411865,0.971344,1.0,-0.2944183,-0.01715088,0.9555206,-34.71693,2.970245,-28.96785,3.9935,0.6539020999999999,0.4991561,1.0,-0.2095489999999999,-0.0413208,0.9769135,30.66487,3.221695,-26.43202,4.203186,0.5901349,0.4596808,0.01695347,1.334567,-0.2327221,-0.04632741,0.6832465,0.03781442,5.124302,0.0946064,32.95
1,-0.2351532,-0.03411865,0.971344,1.0,-0.2944183,-0.01715088,0.9555206,-34.71693,2.970245,-28.96785,3.9935,0.6539020999999999,0.4991561,1.0,-0.2095489999999999,-0.0413208,0.9769135,30.66487,3.221695,-26.43202,4.203186,0.5901349,0.4596808,0.01695347,1.334567,-0.2327221,-0.04632741,0.6832465,0.03781442,5.124302,0.0946064,32.95
1,-0.2351532,-0.03411865,0.971344,1.0,-0.2944183,-0.01715088,0.9555206,-34.71693,2.970245,-28.96785,3.9935,0.6539020999999999,0.4991561,1.0,-0.2095489999999999,-0.0413208,0.9769135,30.66487,3.221695,-26.43202,4.203186,0.5901349,0.4596808,0.01695347,1.334567,-0.2327221,-0.04632741,0.6832465,0.03781442,5.124302,0.0946064,32.95
1,-0.1881714,-0.07965088,0.9788971,1.0,-0.2599791999999999,-0.1728668,0.9499969,-34.67184,2.972137,-28.87991,3.150696,0.6476510999999999,0.5167236,1.0,-0.1562957999999999,-0.03903198,0.9869232,30.70721,3.237808,-26.39137,4.00856,0.5828118,0.4580412,0.01765275,1.3338139999999998,-0.2333291,-0.04327354,0.6856477,0.03557088,5.124302,0.0946064,32.95
1,-0.1881714,-0.07965088,0.9788971,1.0,-0.2599791999999999,-0.1728668,0.9499969,-34.67184,2.972137,-28.87991,3.150696,0.6476510999999999,0.5167236,1.0,-0.1562957999999999,-0.03903198,0.9869232,30.70721,3.237808,-26.39137,4.00856,0.5828118,0.4580412,0.01765275,1.3338139999999998,-0.2333291,-0.04327354,0.6856477,0.03557088,5.124302,0.0946064,32.95
1,-0.1881714,-0.07965088,0.9788971,1.0,-0.2599791999999999,-0.1728668,0.9499969,-34.67184,2.972137,-28.87991,3.150696,0.6476510999999999,0.5167236,1.0,-0.1562957999999999,-0.03903198,0.9869232,30.70721,3.237808,-26.39137,4.00856,0.5828118,0.4580412,0.01765275,1.3338139999999998,-0.2333291,-0.04327354,0.6856477,0.03557088,5.124302,0.0946064,32.95
1,-0.1885529,-0.07469177,0.9792023,1.0,-0.2563018999999999,-0.1570587,0.9537354,-34.67184,2.972137,-28.884120000000003,3.222458,0.6471974,0.5147728,1.0,-0.1616211,-0.04246521,0.9859314,30.71628,3.237808,-26.39401,4.016586,0.5831143,0.4585012,0.01882434,1.332537,-0.2342817,-0.03963255,0.6884615,0.03106959,5.124302,0.0946064,32.95
1,-0.1885529,-0.07469177,0.9792023,1.0,-0.2563018999999999,-0.1570587,0.9537354,-34.67184,2.972137,-28.884120000000003,3.222458,0.6471974,0.5147728,1.0,-0.1616211,-0.04246521,0.9859314,30.71628,3.237808,-26.39401,4.016586,0.5831143,0.4585012,0.01882434,1.332537,-0.2342817,-0.03963255,0.6884615,0.03106959,5.124302,0.0946064,32.95
1,-0.1885529,-0.07469177,0.9792023,1.0,-0.2563018999999999,-0.1570587,0.9537354,-34.67184,2.972137,-28.884120000000003,3.222458,0.6471974,0.5147728,1.0,-0.1616211,-0.04246521,0.9859314,30.71628,3.237808,-26.39401,4.016586,0.5831143,0.4585012,0.01882434,1.332537,-0.2342817,-0.03963255,0.6884615,0.03106959,5.124302,0.0946064,32.95
1,-0.1625671,-0.04301453,0.9857483,1.0,-0.1775665,-0.07029724,0.9815826,-34.64403,2.981003,-28.85042,3.422974,0.6364148000000001,0.5031260000000001,1.0,-0.1573029,-0.03349304,0.986969,30.72266,3.259369,-26.39612,4.021927,0.5824064999999999,0.4567362,0.02034307,1.330966,-0.2351575,-0.03509092,0.6913335,0.02536479,5.124302,0.0946064,32.95
1,-0.1625671,-0.04301453,0.9857483,1.0,-0.1775665,-0.07029724,0.9815826,-34.64403,2.981003,-28.85042,3.422974,0.6364148000000001,0.5031260000000001,1.0,-0.1573029,-0.03349304,0.986969,30.72266,3.259369,-26.39612,4.021927,0.5824064999999999,0.4567362,0.02034307,1.330966,-0.2351575,-0.03509092,0.6913335,0.02536479,5.124302,0.0946064,32.95
1,-0.1625671,-0.04301453,0.9857483,1.0,-0.1775665,-0.07029724,0.9815826,-34.64403,2.981003,-28.85042,3.422974,0.6364148000000001,0.5031260000000001,1.0,-0.1573029,-0.03349304,0.986969,30.72266,3.259369,-26.39612,4.021927,0.5824064999999999,0.4567362,0.02034307,1.330966,-0.2351575,-0.03509092,0.6913335,0.02536479,5.124302,0.0946064,32.95
1,-0.2158966,-0.02954102,0.9759521,1.0,-0.3228912,-0.1080474999999999,0.9402313,-34.34901,3.085907,-28.86166,3.445084,0.6443684000000001,0.5051766,1.0,-0.1654052999999999,0.00668335,0.9861908,30.83604,3.532166,-26.37552,4.176208,0.5794409,0.4430231,0.02375579,1.328409,-0.2364609,-0.02794131,0.6960668999999999,0.0154519,5.124302,0.0946064,32.95
1,-0.2158966,-0.02954102,0.9759521,1.0,-0.3228912,-0.1080474999999999,0.9402313,-34.34901,3.085907,-28.86166,3.445084,0.6443684000000001,0.5051766,1.0,-0.1654052999999999,0.00668335,0.9861908,30.83604,3.532166,-26.37552,4.176208,0.5794409,0.4430231,0.02375579,1.328409,-0.2364609,-0.02794131,0.6960668999999999,0.0154519,5.124302,0.0946064,32.95
1,-0.2158966,-0.02954102,0.9759521,1.0,-0.3228912,-0.1080474999999999,0.9402313,-34.34901,3.085907,-28.86166,3.445084,0.6443684000000001,0.5051766,1.0,-0.1654052999999999,0.00668335,0.9861908,30.83604,3.532166,-26.37552,4.176208,0.5794409,0.4430231,0.02375579,1.328409,-0.2364609,-0.02794131,0.6960668999999999,0.0154519,5.124302,0.0946064,32.95
1,-0.2090453999999999,-0.03211975,0.9773712,1.0,-0.3045197,-0.1065521,0.9465179,-34.34543,3.107727,-28.8551,3.441879,0.641911,0.504034,1.0,-0.1636352999999999,0.002593994,0.9865112,30.83072,3.5494230000000004,-26.37552,4.174042,0.5794161,0.4429077999999999,0.02577305,1.326952,-0.2372056,-0.02394944,0.6986053000000001,0.01004543,5.124302,0.0946064,32.95
1,-0.2090453999999999,-0.03211975,0.9773712,1.0,-0.3045197,-0.1065521,0.9465179,-34.34543,3.107727,-28.8551,3.441879,0.641911,0.504034,1.0,-0.1636352999999999,0.002593994,0.9865112,30.83072,3.5494230000000004,-26.37552,4.174042,0.5794161,0.4429077999999999,0.02577305,1.326952,-0.2372056,-0.02394944,0.6986053000000001,0.01004543,5.124302,0.0946064,32.95
1,-0.2090453999999999,-0.03211975,0.9773712,1.0,-0.3045197,-0.1065521,0.9465179,-34.34543,3.107727,-28.8551,3.441879,0.641911,0.504034,1.0,-0.1636352999999999,0.002593994,0.9865112,30.83072,3.5494230000000004,-26.37552,4.174042,0.5794161,0.4429077999999999,0.02577305,1.326952,-0.2372056,-0.02394944,0.6986053000000001,0.01004543,5.124302,0.0946064,32.95
1,-0.3280487,-0.17659,0.9279938,1.0,-0.3714905,-0.1836395,0.91008,-34.51155,2.581802,-28.98538,3.533173,0.6565616999999999,0.5335896,1.0,-0.2819366,-0.1688079999999999,0.944458,30.24902,2.8840790000000003,-26.57977,4.032547,0.6127041999999999,0.4879552,0.03055501,1.323602,-0.2389154,-0.01523264,0.7038675,-0.001820854,5.124302,0.0946064,32.95
1,-0.3280487,-0.17659,0.9279938,1.0,-0.3714905,-0.1836395,0.91008,-34.51155,2.581802,-28.98538,3.533173,0.6565616999999999,0.5335896,1.0,-0.2819366,-0.1688079999999999,0.944458,30.24902,2.8840790000000003,-26.57977,4.032547,0.6127041999999999,0.4879552,0.03055501,1.323602,-0.2389154,-0.01523264,0.7038675,-0.001820854,5.124302,0.0946064,32.95
1,-0.3280487,-0.17659,0.9279938,1.0,-0.3714905,-0.1836395,0.91008,-34.51155,2.581802,-28.98538,3.533173,0.6565616999999999,0.5335896,1.0,-0.2819366,-0.1688079999999999,0.944458,30.24902,2.8840790000000003,-26.57977,4.032547,0.6127041999999999,0.4879552,0.03055501,1.323602,-0.2389154,-0.01523264,0.7038675,-0.001820854,5.124302,0.0946064,32.95
1,-0.3656616,-0.2161712999999999,0.9052886999999998,1.0,-0.4449920999999999,-0.2401428,0.8627166999999999,-34.57628,2.554718,-29.06003,3.246674,0.6687529999999999,0.5434359999999999,1.0,-0.2867737,-0.1914825,0.9386597,30.2415,2.851746,-26.58638,4.007874,0.6135713,0.4918965,0.03315377,1.3218219999999998,-0.2397955,-0.01061591,0.7066691999999999,-0.00788937,5.124302,0.0946064,32.95
1,-0.3656616,-0.2161712999999999,0.9052886999999998,1.0,-0.4449920999999999,-0.2401428,0.8627166999999999,-34.57628,2.554718,-29.06003,3.246674,0.6687529999999999,0.5434359999999999,1.0,-0.2867737,-0.1914825,0.9386597,30.2415,2.851746,-26.58638,4.007874,0.6135713,0.4918965,0.03315377,1.3218219999999998,-0.2397955,-0.01061591,0.7066691999999999,-0.00788937,5.124302,0.0946064,32.95
1,-0.3656616,-0.2161712999999999,0.9052886999999998,1.0,-0.4449920999999999,-0.2401428,0.8627166999999999,-34.57628,2.554718,-29.06003,3.246674,0.6687529999999999,0.5434359999999999,1.0,-0.2867737,-0.1914825,0.9386597,30.2415,2.851746,-26.58638,4.007874,0.6135713,0.4918965,0.03315377,1.3218219999999998,-0.2397955,-0.01061591,0.7066691999999999,-0.00788937,5.124302,0.0946064,32.95
1,-0.3656616,-0.2161712999999999,0.9052886999999998,1.0,-0.4449920999999999,-0.2401428,0.8627166999999999,-34.57628,2.554718,-29.06003,3.246674,0.6687529999999999,0.5434359999999999,1.0,-0.2867737,-0.1914825,0.9386597,30.2415,2.851746,-26.58638,4.007874,0.6135713,0.4918965,0.0371231999999999,1.319181,-0.2411533,-0.003608825,0.7109143,-0.01671249,5.124302,0.2848105,32.95
1,-0.3656616,-0.2161712999999999,0.9052886999999998,1.0,-0.4449920999999999,-0.2401428,0.8627166999999999,-34.57628,2.554718,-29.06003,3.246674,0.6687529999999999,0.5434359999999999,1.0,-0.2867737,-0.1914825,0.9386597,30.2415,2.851746,-26.58638,4.007874,0.6135713,0.4918965,0.0371231999999999,1.319181,-0.2411533,-0.003608825,0.7109143,-0.01671249,5.124302,0.2848105,32.95
1,-0.3656616,-0.2161712999999999,0.9052886999999998,1.0,-0.4449920999999999,-0.2401428,0.8627166999999999,-34.57628,2.554718,-29.06003,3.246674,0.6687529999999999,0.5434359999999999,1.0,-0.2867737,-0.1914825,0.9386597,30.2415,2.851746,-26.58638,4.007874,0.6135713,0.4918965,0.0371231999999999,1.319181,-0.2411533,-0.003608825,0.7109143,-0.01671249,5.124302,0.2848105,32.95
1,-0.292984,-0.157608,0.9430237,1.0,-0.3549347,-0.1968079,0.9139252,-34.72168,2.818909,-28.89577,3.252823,0.661615,0.5260585,1.0,-0.2618713,-0.1379852,0.9551697,30.42128,3.075531,-26.49788,3.97023,0.6046541,0.4769234999999999,0.04157996,1.316353,-0.2428775,0.003508327,0.7159383,-0.02591516,5.124302,0.2848105,32.95
1,-0.292984,-0.157608,0.9430237,1.0,-0.3549347,-0.1968079,0.9139252,-34.72168,2.818909,-28.89577,3.252823,0.661615,0.5260585,1.0,-0.2618713,-0.1379852,0.9551697,30.42128,3.075531,-26.49788,3.97023,0.6046541,0.4769234999999999,0.04157996,1.316353,-0.2428775,0.003508327,0.7159383,-0.02591516,5.124302,0.2848105,32.95
1,-0.292984,-0.157608,0.9430237,1.0,-0.3549347,-0.1968079,0.9139252,-34.72168,2.818909,-28.89577,3.252823,0.661615,0.5260585,1.0,-0.2618713,-0.1379852,0.9551697,30.42128,3.075531,-26.49788,3.97023,0.6046541,0.4769234999999999,0.04157996,1.316353,-0.2428775,0.003508327,0.7159383,-0.02591516,5.124302,0.2848105,32.95
1,-0.2645264,-0.06967163,0.961853,1.0,-0.3744507,-0.1092377,0.9207764,-34.47246,2.845367,-28.93626,3.635681,0.6553766,0.5148399,1.0,-0.2147217,-0.05187988,0.9752808,30.44492,3.293854,-26.4575,4.065475,0.5982751000000001,0.4587282999999999,0.05167842,1.308496,-0.248522,0.02123795,0.7305899,-0.05082532,5.124302,0.2848105,32.95
1,-0.2645264,-0.06967163,0.961853,1.0,-0.3744507,-0.1092377,0.9207764,-34.47246,2.845367,-28.93626,3.635681,0.6553766,0.5148399,1.0,-0.2147217,-0.05187988,0.9752808,30.44492,3.293854,-26.4575,4.065475,0.5982751000000001,0.4587282999999999,0.05167842,1.308496,-0.248522,0.02123795,0.7305899,-0.05082532,5.124302,0.2848105,32.95
1,-0.2645264,-0.06967163,0.961853,1.0,-0.3744507,-0.1092377,0.9207764,-34.47246,2.845367,-28.93626,3.635681,0.6553766,0.5148399,1.0,-0.2147217,-0.05187988,0.9752808,30.44492,3.293854,-26.4575,4.065475,0.5982751000000001,0.4587282999999999,0.05167842,1.308496,-0.248522,0.02123795,0.7305899,-0.05082532,5.124302,0.2848105,32.95
1,-0.1846007999999999,-0.03173828,0.9822845,1.0,-0.1319733,-0.01464844,0.9911346,-35.04495,3.029602,-28.89111,3.932205,0.6452286,0.4953503999999999,1.0,-0.1966552999999999,-0.03567505,0.9798126,30.44656,3.346115,-26.45457,4.066315,0.5961396999999999,0.4549417,0.05707669,1.302508,-0.2525944,0.03514417,0.7397210999999999,-0.06723969,5.124302,0.5233059,32.95
1,-0.1846007999999999,-0.03173828,0.9822845,1.0,-0.1319733,-0.01464844,0.9911346,-35.04495,3.029602,-28.89111,3.932205,0.6452286,0.4953503999999999,1.0,-0.1966552999999999,-0.03567505,0.9798126,30.44656,3.346115,-26.45457,4.066315,0.5961396999999999,0.4549417,0.05707669,1.302508,-0.2525944,0.03514417,0.7397210999999999,-0.06723969,5.124302,0.5233059,32.95
1,-0.1846007999999999,-0.03173828,0.9822845,1.0,-0.1319733,-0.01464844,0.9911346,-35.04495,3.029602,-28.89111,3.932205,0.6452286,0.4953503999999999,1.0,-0.1966552999999999,-0.03567505,0.9798126,30.44656,3.346115,-26.45457,4.066315,0.5961396999999999,0.4549417,0.05707669,1.302508,-0.2525944,0.03514417,0.7397210999999999,-0.06723969,5.124302,0.5233059,32.95
1,-0.210907,-0.02778625,0.9770966,1.0,-0.2831116,0.008285522,0.9590454,-34.42699,2.938202,-28.90048,4.09552,0.6423288,0.4966387,1.0,-0.1902313,-0.03796387,0.9810028,30.45108,3.3555300000000003,-26.45248,4.06308,0.595248,0.4548348,0.06311774,1.2954450000000002,-0.2565562,0.05064271,0.7481799,-0.08818471,5.124302,0.5233059,32.95
1,-0.210907,-0.02778625,0.9770966,1.0,-0.2831116,0.008285522,0.9590454,-34.42699,2.938202,-28.90048,4.09552,0.6423288,0.4966387,1.0,-0.1902313,-0.03796387,0.9810028,30.45108,3.3555300000000003,-26.45248,4.06308,0.595248,0.4548348,0.06311774,1.2954450000000002,-0.2565562,0.05064271,0.7481799,-0.08818471,5.124302,0.5233059,32.95
1,-0.210907,-0.02778625,0.9770966,1.0,-0.2831116,0.008285522,0.9590454,-34.42699,2.938202,-28.90048,4.09552,0.6423288,0.4966387,1.0,-0.1902313,-0.03796387,0.9810028,30.45108,3.3555300000000003,-26.45248,4.06308,0.595248,0.4548348,0.06311774,1.2954450000000002,-0.2565562,0.05064271,0.7481799,-0.08818471,5.124302,0.5233059,32.95
1,-0.3798523,-0.3310394,0.8637695,1.0,-0.438324,-0.3383789,0.8326720999999999,-34.18465,1.980072,-29.10172,3.2204900000000003,0.6547198000000001,0.5766547,1.0,-0.2807922,-0.3159027,0.9062805,30.16896,2.3512880000000003,-26.74168,3.876205,0.6156871,0.5254135,0.06882215,1.287994,-0.2611131,0.0650866,0.7570246,-0.1077969,5.124302,0.5233059,32.95
1,-0.3798523,-0.3310394,0.8637695,1.0,-0.438324,-0.3383789,0.8326720999999999,-34.18465,1.980072,-29.10172,3.2204900000000003,0.6547198000000001,0.5766547,1.0,-0.2807922,-0.3159027,0.9062805,30.16896,2.3512880000000003,-26.74168,3.876205,0.6156871,0.5254135,0.06882215,1.287994,-0.2611131,0.0650866,0.7570246,-0.1077969,5.124302,0.5233059,32.95
1,-0.3798523,-0.3310394,0.8637695,1.0,-0.438324,-0.3383789,0.8326720999999999,-34.18465,1.980072,-29.10172,3.2204900000000003,0.6547198000000001,0.5766547,1.0,-0.2807922,-0.3159027,0.9062805,30.16896,2.3512880000000003,-26.74168,3.876205,0.6156871,0.5254135,0.06882215,1.287994,-0.2611131,0.0650866,0.7570246,-0.1077969,5.124302,0.5233059,32.95
1,-0.2310791,-0.3204498,0.9186401,1.0,-0.3668823,-0.3306427,0.8695068000000001,-34.154720000000005,2.003372,-29.01797,3.2822720000000003,0.6440686999999999,0.572864,1.0,-0.204422,-0.3177185,0.9258728,30.2598,2.356659,-26.66856,3.64476,0.6039469,0.5239435,0.07512617,1.279444,-0.2658467,0.08117773,0.763382,-0.1287685,5.124302,0.5233059,32.95
1,-0.2310791,-0.3204498,0.9186401,1.0,-0.3668823,-0.3306427,0.8695068000000001,-34.154720000000005,2.003372,-29.01797,3.2822720000000003,0.6440686999999999,0.572864,1.0,-0.204422,-0.3177185,0.9258728,30.2598,2.356659,-26.66856,3.64476,0.6039469,0.5239435,0.07512617,1.279444,-0.2658467,0.08117773,0.763382,-0.1287685,5.124302,0.5233059,32.95
1,-0.2310791,-0.3204498,0.9186401,1.0,-0.3668823,-0.3306427,0.8695068000000001,-34.154720000000005,2.003372,-29.01797,3.2822720000000003,0.6440686999999999,0.572864,1.0,-0.204422,-0.3177185,0.9258728,30.2598,2.356659,-26.66856,3.64476,0.6039469,0.5239435,0.07512617,1.279444,-0.2658467,0.08117773,0.763382,-0.1287685,5.124302,0.5233059,32.95
1,-0.2278137,-0.3135834,0.921814,1.0,-0.354538,-0.3407593,0.8707275,-34.14267,2.030609,-28.99522,3.219467,0.6420446999999999,0.5729122,1.0,-0.1971892999999999,-0.3062592,0.9312897,30.28664,2.3741,-26.65706,3.666336,0.6021512,0.5217151,0.08133173,1.269183,-0.2703297,0.09966673,0.7669029,-0.1531247999999999,5.124302,1.646665,32.95
1,-0.2278137,-0.3135834,0.921814,1.0,-0.354538,-0.3407593,0.8707275,-34.14267,2.030609,-28.99522,3.219467,0.6420446999999999,0.5729122,1.0,-0.1971892999999999,-0.3062592,0.9312897,30.28664,2.3741,-26.65706,3.666336,0.6021512,0.5217151,0.08133173,1.269183,-0.2703297,0.09966673,0.7669029,-0.1531247999999999,5.124302,1.646665,32.95
1,-0.2278137,-0.3135834,0.921814,1.0,-0.354538,-0.3407593,0.8707275,-34.14267,2.030609,-28.99522,3.219467,0.6420446999999999,0.5729122,1.0,-0.1971892999999999,-0.3062592,0.9312897,30.28664,2.3741,-26.65706,3.666336,0.6021512,0.5217151,0.08133173,1.269183,-0.2703297,0.09966673,0.7669029,-0.1531247999999999,5.124302,1.646665,32.95
2,-0.2278137,-0.3135834,0.921814,1.0,-0.354538,-0.3407593,0.8707275,-34.14267,2.030609,-28.99522,3.219467,0.6420446999999999,0.5729122,1.0,-0.1971892999999999,-0.3062592,0.9312897,30.28664,2.3741,-26.65706,3.666336,0.6021512,0.5217151,0.08742309,1.25833,-0.2744003,0.1196002999999999,0.7679140999999999,-0.1772687999999999,5.124302,1.646665,32.95
2,-0.2278137,-0.3135834,0.921814,1.0,-0.354538,-0.3407593,0.8707275,-34.14267,2.030609,-28.99522,3.219467,0.6420446999999999,0.5729122,1.0,-0.1971892999999999,-0.3062592,0.9312897,30.28664,2.3741,-26.65706,3.666336,0.6021512,0.5217151,0.08742309,1.25833,-0.2744003,0.1196002999999999,0.7679140999999999,-0.1772687999999999,5.124302,1.646665,32.95
2,-0.2278137,-0.3135834,0.921814,1.0,-0.354538,-0.3407593,0.8707275,-34.14267,2.030609,-28.99522,3.219467,0.6420446999999999,0.5729122,1.0,-0.1971892999999999,-0.3062592,0.9312897,30.28664,2.3741,-26.65706,3.666336,0.6021512,0.5217151,0.08742309,1.25833,-0.2744003,0.1196002999999999,0.7679140999999999,-0.1772687999999999,5.124302,1.646665,32.95
2,-0.09254456,-0.2224884,0.97052,1.0,-0.2122192,-0.2297058,0.9498291,-33.73735,2.328949,-28.75826,3.4802699999999995,0.6094145000000001,0.5444974,1.0,-0.06474304,-0.2203674,0.9732513,30.53711,2.649597,-26.49857,3.567657,0.5783303000000001,0.4993863,0.09348798,1.246682,-0.2788565,0.1386576,0.7659695,-0.2009317,5.124302,1.646665,32.95
2,-0.09254456,-0.2224884,0.97052,1.0,-0.2122192,-0.2297058,0.9498291,-33.73735,2.328949,-28.75826,3.4802699999999995,0.6094145000000001,0.5444974,1.0,-0.06474304,-0.2203674,0.9732513,30.53711,2.649597,-26.49857,3.567657,0.5783303000000001,0.4993863,0.09348798,1.246682,-0.2788565,0.1386576,0.7659695,-0.2009317,5.124302,1.646665,32.95
2,-0.09254456,-0.2224884,0.97052,1.0,-0.2122192,-0.2297058,0.9498291,-33.73735,2.328949,-28.75826,3.4802699999999995,0.6094145000000001,0.5444974,1.0,-0.06474304,-0.2203674,0.9732513,30.53711,2.649597,-26.49857,3.567657,0.5783303000000001,0.4993863,0.09348798,1.246682,-0.2788565,0.1386576,0.7659695,-0.2009317,5.124302,1.646665,32.95
2,-0.1163177,-0.2329102,0.9654999,1.0,-0.2092438,-0.2652435,0.9411926,-33.61111,2.149597,-28.78171,3.52356,0.6048005999999999,0.5553554,1.0,-0.09535217,-0.2253417999999999,0.9695892,30.77808,2.52211,-26.49171,3.705154,0.573693,0.5043044,0.100235,1.234704,-0.2818266,0.1573037999999999,0.7623451,-0.2269529,5.124302,1.646665,32.95
2,-0.1163177,-0.2329102,0.9654999,1.0,-0.2092438,-0.2652435,0.9411926,-33.61111,2.149597,-28.78171,3.52356,0.6048005999999999,0.5553554,1.0,-0.09535217,-0.2253417999999999,0.9695892,30.77808,2.52211,-26.49171,3.705154,0.573693,0.5043044,0.100235,1.234704,-0.2818266,0.1573037999999999,0.7623451,-0.2269529,5.124302,1.646665,32.95
2,-0.1163177,-0.2329102,0.9654999,1.0,-0.2092438,-0.2652435,0.9411926,-33.61111,2.149597,-28.78171,3.52356,0.6048005999999999,0.5553554,1.0,-0.09535217,-0.2253417999999999,0.9695892,30.77808,2.52211,-26.49171,3.705154,0.573693,0.5043044,0.100235,1.234704,-0.2818266,0.1573037999999999,0.7623451,-0.2269529,5.124302,1.646665,32.95
2,-0.1163177,-0.2329102,0.9654999,1.0,-0.2092438,-0.2652435,0.9411926,-33.61111,2.149597,-28.78171,3.52356,0.6048005999999999,0.5553554,1.0,-0.09535217,-0.2253417999999999,0.9695892,30.77808,2.52211,-26.49171,3.705154,0.573693,0.5043044,0.1064811,1.223841,-0.2843211,0.1740987,0.7568104999999999,-0.2494002,5.124302,1.646665,32.95
2,-0.1163177,-0.2329102,0.9654999,1.0,-0.2092438,-0.2652435,0.9411926,-33.61111,2.149597,-28.78171,3.52356,0.6048005999999999,0.5553554,1.0,-0.09535217,-0.2253417999999999,0.9695892,30.77808,2.52211,-26.49171,3.705154,0.573693,0.5043044,0.1064811,1.223841,-0.2843211,0.1740987,0.7568104999999999,-0.2494002,5.124302,1.646665,32.95
2,-0.1163177,-0.2329102,0.9654999,1.0,-0.2092438,-0.2652435,0.9411926,-33.61111,2.149597,-28.78171,3.52356,0.6048005999999999,0.5553554,1.0,-0.09535217,-0.2253417999999999,0.9695892,30.77808,2.52211,-26.49171,3.705154,0.573693,0.5043044,0.1064811,1.223841,-0.2843211,0.1740987,0.7568104999999999,-0.2494002,5.124302,1.646665,32.95
2,-0.07080078,-0.3127289,0.9471893,1.0,-0.1575317,-0.3174438,0.9350891,-33.2652,2.022186,-28.77409,3.362366,0.5864834,0.5660708000000001,1.0,-0.004043579,-0.3074799,0.9515381,31.04678,2.493515,-26.42038,3.561478,0.5542303000000001,0.5143353,0.1141653,1.214094,-0.2865213,0.1863046,0.751542,-0.2653285999999999,5.124302,4.210815,32.95
2,-0.07080078,-0.3127289,0.9471893,1.0,-0.1575317,-0.3174438,0.9350891,-33.2652,2.022186,-28.77409,3.362366,0.5864834,0.5660708000000001,1.0,-0.004043579,-0.3074799,0.9515381,31.04678,2.493515,-26.42038,3.561478,0.5542303000000001,0.5143353,0.1141653,1.214094,-0.2865213,0.1863046,0.751542,-0.2653285999999999,5.124302,4.210815,32.95
2,-0.07080078,-0.3127289,0.9471893,1.0,-0.1575317,-0.3174438,0.9350891,-33.2652,2.022186,-28.77409,3.362366,0.5864834,0.5660708000000001,1.0,-0.004043579,-0.3074799,0.9515381,31.04678,2.493515,-26.42038,3.561478,0.5542303000000001,0.5143353,0.1141653,1.214094,-0.2865213,0.1863046,0.751542,-0.2653285999999999,5.124302,4.210815,32.95
2,-0.06103516,-0.275589,0.9593201,1.0,-0.1739349,-0.2879486,0.9417114,-33.31105,2.09816,-28.76331,3.320999,0.5900137,0.559612,1.0,-0.0022888179999999,-0.2677612,0.9634705,31.07602,2.523239,-26.40898,3.775513,0.5528635999999999,0.5082743,0.1212893,1.203699,-0.2884880999999999,0.1997013,0.7450134,-0.2827064,5.124302,4.210815,32.95
2,-0.06103516,-0.275589,0.9593201,1.0,-0.1739349,-0.2879486,0.9417114,-33.31105,2.09816,-28.76331,3.320999,0.5900137,0.559612,1.0,-0.0022888179999999,-0.2677612,0.9634705,31.07602,2.523239,-26.40898,3.775513,0.5528635999999999,0.5082743,0.1212893,1.203699,-0.2884880999999999,0.1997013,0.7450134,-0.2827064,5.124302,4.210815,32.95
2,-0.06103516,-0.275589,0.9593201,1.0,-0.1739349,-0.2879486,0.9417114,-33.31105,2.09816,-28.76331,3.320999,0.5900137,0.559612,1.0,-0.0022888179999999,-0.2677612,0.9634705,31.07602,2.523239,-26.40898,3.775513,0.5528635999999999,0.5082743,0.1212893,1.203699,-0.2884880999999999,0.1997013,0.7450134,-0.2827064,5.124302,4.210815,32.95
2,-0.07772827,-0.20578,0.9754944,1.0,-0.1661987,-0.2344055,0.9578094,-33.342220000000005,2.104019,-28.75569,3.2910000000000004,0.5900295,0.5524018,1.0,-0.03199768,-0.1903687,0.9811859,31.18219,2.559662,-26.40253,3.8508,0.5527083,0.4976491,0.1274416,1.193818,-0.2891083,0.2158938,0.7349372,-0.3011893,5.124302,4.210815,32.95
2,-0.07772827,-0.20578,0.9754944,1.0,-0.1661987,-0.2344055,0.9578094,-33.342220000000005,2.104019,-28.75569,3.2910000000000004,0.5900295,0.5524018,1.0,-0.03199768,-0.1903687,0.9811859,31.18219,2.559662,-26.40253,3.8508,0.5527083,0.4976491,0.1274416,1.193818,-0.2891083,0.2158938,0.7349372,-0.3011893,5.124302,4.210815,32.95
2,-0.07772827,-0.20578,0.9754944,1.0,-0.1661987,-0.2344055,0.9578094,-33.342220000000005,2.104019,-28.75569,3.2910000000000004,0.5900295,0.5524018,1.0,-0.03199768,-0.1903687,0.9811859,31.18219,2.559662,-26.40253,3.8508,0.5527083,0.4976491,0.1274416,1.193818,-0.2891083,0.2158938,0.7349372,-0.3011893,5.124302,4.210815,32.95
2,-0.04792786,-0.2644958,0.9631805,1.0,-0.139328,-0.2761993,0.950943,-33.259840000000004,2.016922,-28.76878,3.246628,0.5839291,0.5607383,1.0,0.02481079,-0.2536011,0.96698,31.10931,2.492859,-26.420820000000003,3.684601,0.5486835,0.5075288,0.1339481,1.183974,-0.2894366,0.227622,0.725799,-0.3180799,5.124302,4.210815,32.95
2,-0.04792786,-0.2644958,0.9631805,1.0,-0.139328,-0.2761993,0.950943,-33.259840000000004,2.016922,-28.76878,3.246628,0.5839291,0.5607383,1.0,0.02481079,-0.2536011,0.96698,31.10931,2.492859,-26.420820000000003,3.684601,0.5486835,0.5075288,0.1339481,1.183974,-0.2894366,0.227622,0.725799,-0.3180799,5.124302,4.210815,32.95
2,-0.04792786,-0.2644958,0.9631805,1.0,-0.139328,-0.2761993,0.950943,-33.259840000000004,2.016922,-28.76878,3.246628,0.5839291,0.5607383,1.0,0.02481079,-0.2536011,0.96698,31.10931,2.492859,-26.420820000000003,3.684601,0.5486835,0.5075288,0.1339481,1.183974,-0.2894366,0.227622,0.725799,-0.3180799,5.124302,4.210815,32.95
2,-0.07330322,-0.3327942,0.9401398,1.0,-0.1505127,-0.3703156,0.916626,-33.04765,1.333755,-28.96629,3.320496,0.5783477,0.5985033000000001,1.0,-0.01425171,-0.3025208,0.9530182,31.26547,1.7191470000000002,-26.71448,3.713287,0.5479477,0.5419728,0.1395271,1.1739959999999998,-0.288878,0.2418017,0.7145060999999999,-0.3362999,5.124302,4.210815,32.95
2,-0.07330322,-0.3327942,0.9401398,1.0,-0.1505127,-0.3703156,0.916626,-33.04765,1.333755,-28.96629,3.320496,0.5783477,0.5985033000000001,1.0,-0.01425171,-0.3025208,0.9530182,31.26547,1.7191470000000002,-26.71448,3.713287,0.5479477,0.5419728,0.1395271,1.1739959999999998,-0.288878,0.2418017,0.7145060999999999,-0.3362999,5.124302,4.210815,32.95
2,-0.07330322,-0.3327942,0.9401398,1.0,-0.1505127,-0.3703156,0.916626,-33.04765,1.333755,-28.96629,3.320496,0.5783477,0.5985033000000001,1.0,-0.01425171,-0.3025208,0.9530182,31.26547,1.7191470000000002,-26.71448,3.713287,0.5479477,0.5419728,0.1395271,1.1739959999999998,-0.288878,0.2418017,0.7145060999999999,-0.3362999,5.124302,4.210815,32.95
2,-0.08758545,-0.3999329,0.9123383,1.0,-0.1252594,-0.4139099,0.9016418,-33.01395,1.19696,-29.02922,3.320557,0.5741894000000001,0.609615,1.0,-0.006134033,-0.367569,0.9299622,31.30159,1.551117,-26.72676,3.842316,0.5456302,0.5559089,0.1442266,1.164736,-0.2872598,0.256617,0.700259,-0.3538947,5.124302,4.210815,32.95
2,-0.08758545,-0.3999329,0.9123383,1.0,-0.1252594,-0.4139099,0.9016418,-33.01395,1.19696,-29.02922,3.320557,0.5741894000000001,0.609615,1.0,-0.006134033,-0.367569,0.9299622,31.30159,1.551117,-26.72676,3.842316,0.5456302,0.5559089,0.1442266,1.164736,-0.2872598,0.256617,0.700259,-0.3538947,5.124302,4.210815,32.95
2,-0.08758545,-0.3999329,0.9123383,1.0,-0.1252594,-0.4139099,0.9016418,-33.01395,1.19696,-29.02922,3.320557,0.5741894000000001,0.609615,1.0,-0.006134033,-0.367569,0.9299622,31.30159,1.551117,-26.72676,3.842316,0.5456302,0.5559089,0.1442266,1.164736,-0.2872598,0.256617,0.700259,-0.3538947,5.124302,4.210815,32.95
2,-0.06637573,-0.3166962,0.9461975,1.0,-0.1601257,-0.3328094,0.9292908,-33.23531,1.408295,-28.96291,3.3792720000000003,0.5859985,0.5909857,1.0,0.001861572,-0.3031920999999999,0.9529114,31.21346,1.89151,-26.60632,3.694427,0.5478184,0.5353243000000001,0.1493843,1.156554,-0.2858587,0.2668306,0.6881176,-0.3689959,5.124302,7.596456,32.95
2,-0.06637573,-0.3166962,0.9461975,1.0,-0.1601257,-0.3328094,0.9292908,-33.23531,1.408295,-28.96291,3.3792720000000003,0.5859985,0.5909857,1.0,0.001861572,-0.3031920999999999,0.9529114,31.21346,1.89151,-26.60632,3.694427,0.5478184,0.5353243000000001,0.1493843,1.156554,-0.2858587,0.2668306,0.6881176,-0.3689959,5.124302,7.596456,32.95
2,-0.06637573,-0.3166962,0.9461975,1.0,-0.1601257,-0.3328094,0.9292908,-33.23531,1.408295,-28.96291,3.3792720000000003,0.5859985,0.5909857,1.0,0.001861572,-0.3031920999999999,0.9529114,31.21346,1.89151,-26.60632,3.694427,0.5478184,0.5353243000000001,0.1493843,1.156554,-0.2858587,0.2668306,0.6881176,-0.3689959,5.124302,7.596456,32.95
2,-0.06637573,-0.3166962,0.9461975,1.0,-0.1601257,-0.3328094,0.9292908,-33.23531,1.408295,-28.96291,3.3792720000000003,0.5859985,0.5909857,1.0,0.001861572,-0.3031920999999999,0.9529114,31.21346,1.89151,-26.60632,3.694427,0.5478184,0.5353243000000001,0.1546919,1.1488969999999998,-0.2847903,0.2756350999999999,0.6796993,-0.3786052,5.124302,7.596456,32.95
2,-0.06637573,-0.3166962,0.9461975,1.0,-0.1601257,-0.3328094,0.9292908,-33.23531,1.408295,-28.96291,3.3792720000000003,0.5859985,0.5909857,1.0,0.001861572,-0.3031920999999999,0.9529114,31.21346,1.89151,-26.60632,3.694427,0.5478184,0.5353243000000001,0.1546919,1.1488969999999998,-0.2847903,0.2756350999999999,0.6796993,-0.3786052,5.124302,7.596456,32.95
2,-0.06637573,-0.3166962,0.9461975,1.0,-0.1601257,-0.3328094,0.9292908,-33.23531,1.408295,-28.96291,3.3792720000000003,0.5859985,0.5909857,1.0,0.001861572,-0.3031920999999999,0.9529114,31.21346,1.89151,-26.60632,3.694427,0.5478184,0.5353243000000001,0.1546919,1.1488969999999998,-0.2847903,0.2756350999999999,0.6796993,-0.3786052,5.124302,7.596456,32.95
2,-0.06637573,-0.3166962,0.9461975,1.0,-0.1601257,-0.3328094,0.9292908,-33.23531,1.408295,-28.96291,3.3792720000000003,0.5859985,0.5909857,1.0,0.001861572,-0.3031920999999999,0.9529114,31.21346,1.89151,-26.60632,3.694427,0.5478184,0.5353243000000001,0.1588538,1.141397,-0.2833219,0.2861547,0.6704437,-0.3895508,5.124302,7.596456,32.99
2,-0.06637573,-0.3166962,0.9461975,1.0,-0.1601257,-0.3328094,0.9292908,-33.23531,1.408295,-28.96291,3.3792720000000003,0.5859985,0.5909857,1.0,0.001861572,-0.3031920999999999,0.9529114,31.21346,1.89151,-26.60632,3.694427,0.5478184,0.5353243000000001,0.1588538,1.141397,-0.2833219,0.2861547,0.6704437,-0.3895508,5.124302,7.596456,32.99
2,-0.06637573,-0.3166962,0.9461975,1.0,-0.1601257,-0.3328094,0.9292908,-33.23531,1.408295,-28.96291,3.3792720000000003,0.5859985,0.5909857,1.0,0.001861572,-0.3031920999999999,0.9529114,31.21346,1.89151,-26.60632,3.694427,0.5478184,0.5353243000000001,0.1588538,1.141397,-0.2833219,0.2861547,0.6704437,-0.3895508,5.124302,7.596456,32.99
2,-0.09474182,-0.2708893,0.9579315,1.0,-0.1588287,-0.2973785,0.9414368,-33.34358,1.471985,-28.94432,3.332474,0.5894814,0.5839624,1.0,-0.03846741,-0.2466583,0.9683228000000002,31.18269,1.836533,-26.707690000000003,3.792664,0.5534787,0.5311533,0.1619265,1.134126,-0.2812752,0.2987169,0.6601206999999999,-0.401221,5.124302,7.596456,32.99
2,-0.09474182,-0.2708893,0.9579315,1.0,-0.1588287,-0.2973785,0.9414368,-33.34358,1.471985,-28.94432,3.332474,0.5894814,0.5839624,1.0,-0.03846741,-0.2466583,0.9683228000000002,31.18269,1.836533,-26.707690000000003,3.792664,0.5534787,0.5311533,0.1619265,1.134126,-0.2812752,0.2987169,0.6601206999999999,-0.401221,5.124302,7.596456,32.99
2,-0.09474182,-0.2708893,0.9579315,1.0,-0.1588287,-0.2973785,0.9414368,-33.34358,1.471985,-28.94432,3.332474,0.5894814,0.5839624,1.0,-0.03846741,-0.2466583,0.9683228000000002,31.18269,1.836533,-26.707690000000003,3.792664,0.5534787,0.5311533,0.1619265,1.134126,-0.2812752,0.2987169,0.6601206999999999,-0.401221,5.124302,7.596456,32.99
2,-0.09474182,-0.2708893,0.9579315,1.0,-0.1588287,-0.2973785,0.9414368,-33.34358,1.471985,-28.94432,3.332474,0.5894814,0.5839624,1.0,-0.03846741,-0.2466583,0.9683228000000002,31.18269,1.836533,-26.707690000000003,3.792664,0.5534787,0.5311533,0.1650419,1.1275,-0.2793330999999999,0.3085383,0.6512532,-0.412101,5.124302,7.596456,32.99
2,-0.09474182,-0.2708893,0.9579315,1.0,-0.1588287,-0.2973785,0.9414368,-33.34358,1.471985,-28.94432,3.332474,0.5894814,0.5839624,1.0,-0.03846741,-0.2466583,0.9683228000000002,31.18269,1.836533,-26.707690000000003,3.792664,0.5534787,0.5311533,0.1650419,1.1275,-0.2793330999999999,0.3085383,0.6512532,-0.412101,5.124302,7.596456,32.99
2,-0.09474182,-0.2708893,0.9579315,1.0,-0.1588287,-0.2973785,0.9414368,-33.34358,1.471985,-28.94432,3.332474,0.5894814,0.5839624,1.0,-0.03846741,-0.2466583,0.9683228000000002,31.18269,1.836533,-26.707690000000003,3.792664,0.5534787,0.5311533,0.1650419,1.1275,-0.2793330999999999,0.3085383,0.6512532,-0.412101,5.124302,7.596456,32.99
2,-0.07125854,-0.3914185,0.9174347,1.0,-0.1252441,-0.4089355,0.9039154,-33.17644,0.6684265,-29.24547,3.440353,0.5801151,0.6293890000000001,1.0,-0.03190613,-0.3778687,0.925293,31.29102,1.085144,-26.93701,3.970963,0.5488466999999999,0.5748038000000001,0.1688216,1.121333,-0.277576,0.3143568,0.6447409000000001,-0.4194444,5.124302,-22.80035,32.99
2,-0.07125854,-0.3914185,0.9174347,1.0,-0.1252441,-0.4089355,0.9039154,-33.17644,0.6684265,-29.24547,3.440353,0.5801151,0.6293890000000001,1.0,-0.03190613,-0.3778687,0.925293,31.29102,1.085144,-26.93701,3.970963,0.5488466999999999,0.5748038000000001,0.1688216,1.121333,-0.277576,0.3143568,0.6447409000000001,-0.4194444,5.124302,-22.80035,32.99
2,-0.07125854,-0.3914185,0.9174347,1.0,-0.1252441,-0.4089355,0.9039154,-33.17644,0.6684265,-29.24547,3.440353,0.5801151,0.6293890000000001,1.0,-0.03190613,-0.3778687,0.925293,31.29102,1.085144,-26.93701,3.970963,0.5488466999999999,0.5748038000000001,0.1688216,1.121333,-0.277576,0.3143568,0.6447409000000001,-0.4194444,5.124302,-22.80035,32.99
2,-0.06793213,-0.3332672,0.9403687,1.0,-0.1200866999999999,-0.3517609,0.9283447,-33.27702,0.5953369000000001,-29.26231,3.393967,0.5828536999999999,0.6243583,1.0,-0.01721191,-0.3143462999999999,0.9491425,31.23293,0.9242554,-27.01125,3.992645,0.5490662,0.5726836999999999,0.1722534,1.115146,-0.2755502,0.3213985,0.6375202,-0.4257255,5.124302,-22.80035,32.99
2,-0.06793213,-0.3332672,0.9403687,1.0,-0.1200866999999999,-0.3517609,0.9283447,-33.27702,0.5953369000000001,-29.26231,3.393967,0.5828536999999999,0.6243583,1.0,-0.01721191,-0.3143462999999999,0.9491425,31.23293,0.9242554,-27.01125,3.992645,0.5490662,0.5726836999999999,0.1722534,1.115146,-0.2755502,0.3213985,0.6375202,-0.4257255,5.124302,-22.80035,32.99
2,-0.06793213,-0.3332672,0.9403687,1.0,-0.1200866999999999,-0.3517609,0.9283447,-33.27702,0.5953369000000001,-29.26231,3.393967,0.5828536999999999,0.6243583,1.0,-0.01721191,-0.3143462999999999,0.9491425,31.23293,0.9242554,-27.01125,3.992645,0.5490662,0.5726836999999999,0.1722534,1.115146,-0.2755502,0.3213985,0.6375202,-0.4257255,5.124302,-22.80035,32.99
2,-0.07041931,-0.3164672999999999,0.9459686,1.0,-0.1145781999999999,-0.3334198,0.9357758,-33.30757,0.5410156,-29.27675,3.4081269999999995,0.5832354000000001,0.6239175,1.0,-0.03321838,-0.3016663,0.9528198,31.25739,0.8995666999999999,-27.00905,4.023254,0.5500807,0.5719669,0.1749798,1.109395,-0.2733857999999999,0.3295451,0.6294019000000001,-0.4322952999999999,5.124302,-22.80035,32.99
2,-0.07041931,-0.3164672999999999,0.9459686,1.0,-0.1145781999999999,-0.3334198,0.9357758,-33.30757,0.5410156,-29.27675,3.4081269999999995,0.5832354000000001,0.6239175,1.0,-0.03321838,-0.3016663,0.9528198,31.25739,0.8995666999999999,-27.00905,4.023254,0.5500807,0.5719669,0.1749798,1.109395,-0.2733857999999999,0.3295451,0.6294019000000001,-0.4322952999999999,5.124302,-22.80035,32.99
2,-0.07041931,-0.3164672999999999,0.9459686,1.0,-0.1145781999999999,-0.3334198,0.9357758,-33.30757,0.5410156,-29.27675,3.4081269999999995,0.5832354000000001,0.6239175,1.0,-0.03321838,-0.3016663,0.9528198,31.25739,0.8995666999999999,-27.00905,4.023254,0.5500807,0.5719669,0.1749798,1.109395,-0.2733857999999999,0.3295451,0.6294019000000001,-0.4322952999999999,5.124302,-22.80035,32.99
2,-0.07470703,-0.3083801,0.9483185,1.0,-0.1308289,-0.3162231,0.9396057,-33.3317,0.4781189,-29.2975,3.4076230000000005,0.5860894,0.6240838000000001,1.0,-0.03187561,-0.3017425999999999,0.9528503,31.25842,0.8855438,-27.012940000000004,3.995804,0.5499158000000001,0.5724673000000001,0.1768,1.103634,-0.2709137,0.337483,0.6218762,-0.4391395999999999,5.124302,-22.80035,32.99
2,-0.07470703,-0.3083801,0.9483185,1.0,-0.1308289,-0.3162231,0.9396057,-33.3317,0.4781189,-29.2975,3.4076230000000005,0.5860894,0.6240838000000001,1.0,-0.03187561,-0.3017425999999999,0.9528503,31.25842,0.8855438,-27.012940000000004,3.995804,0.5499158000000001,0.5724673000000001,0.1768,1.103634,-0.2709137,0.337483,0.6218762,-0.4391395999999999,5.124302,-22.80035,32.99
2,-0.07470703,-0.3083801,0.9483185,1.0,-0.1308289,-0.3162231,0.9396057,-33.3317,0.4781189,-29.2975,3.4076230000000005,0.5860894,0.6240838000000001,1.0,-0.03187561,-0.3017425999999999,0.9528503,31.25842,0.8855438,-27.012940000000004,3.995804,0.5499158000000001,0.5724673000000001,0.1768,1.103634,-0.2709137,0.337483,0.6218762,-0.4391395999999999,5.124302,-22.80035,32.99
2,-0.07470703,-0.3083801,0.9483185,1.0,-0.1308289,-0.3162231,0.9396057,-33.3317,0.4781189,-29.2975,3.4076230000000005,0.5860894,0.6240838000000001,1.0,-0.03187561,-0.3017425999999999,0.9528503,31.25842,0.8855438,-27.012940000000004,3.995804,0.5499158000000001,0.5724673000000001,0.1795227999999999,1.09888,-0.2680203,0.3432683,0.615634,-0.44264,5.124302,-22.80035,32.99
2,-0.07470703,-0.3083801,0.9483185,1.0,-0.1308289,-0.3162231,0.9396057,-33.3317,0.4781189,-29.2975,3.4076230000000005,0.5860894,0.6240838000000001,1.0,-0.03187561,-0.3017425999999999,0.9528503,31.25842,0.8855438,-27.012940000000004,3.995804,0.5499158000000001,0.5724673000000001,0.1795227999999999,1.09888,-0.2680203,0.3432683,0.615634,-0.44264,5.124302,-22.80035,32.99
2,-0.07470703,-0.3083801,0.9483185,1.0,-0.1308289,-0.3162231,0.9396057,-33.3317,0.4781189,-29.2975,3.4076230000000005,0.5860894,0.6240838000000001,1.0,-0.03187561,-0.3017425999999999,0.9528503,31.25842,0.8855438,-27.012940000000004,3.995804,0.5499158000000001,0.5724673000000001,0.1795227999999999,1.09888,-0.2680203,0.3432683,0.615634,-0.44264,5.124302,-22.80035,32.99
2,-0.05882263,-0.2943878,0.9538574,1.0,-0.1428375,-0.3515167,0.9252167,-33.34039,0.4566956,-29.319000000000003,3.201004,0.5878241999999999,0.6298345999999999,1.0,-0.01626587,-0.2643738,0.9642792,31.23067,0.7709961,-27.04733,3.9991,0.5490272,0.5718635,0.1826347,1.094923,-0.2645887,0.3480248,0.6088508,-0.4448818,5.124302,-12.79427,32.99
2,-0.05882263,-0.2943878,0.9538574,1.0,-0.1428375,-0.3515167,0.9252167,-33.34039,0.4566956,-29.319000000000003,3.201004,0.5878241999999999,0.6298345999999999,1.0,-0.01626587,-0.2643738,0.9642792,31.23067,0.7709961,-27.04733,3.9991,0.5490272,0.5718635,0.1826347,1.094923,-0.2645887,0.3480248,0.6088508,-0.4448818,5.124302,-12.79427,32.99
2,-0.05882263,-0.2943878,0.9538574,1.0,-0.1428375,-0.3515167,0.9252167,-33.34039,0.4566956,-29.319000000000003,3.201004,0.5878241999999999,0.6298345999999999,1.0,-0.01626587,-0.2643738,0.9642792,31.23067,0.7709961,-27.04733,3.9991,0.5490272,0.5718635,0.1826347,1.094923,-0.2645887,0.3480248,0.6088508,-0.4448818,5.124302,-12.79427,32.99
2,-0.05882263,-0.2943878,0.9538574,1.0,-0.1428375,-0.3515167,0.9252167,-33.34039,0.4566956,-29.319000000000003,3.201004,0.5878241999999999,0.6298345999999999,1.0,-0.01626587,-0.2643738,0.9642792,31.23067,0.7709961,-27.04733,3.9991,0.5490272,0.5718635,0.1849604,1.091494,-0.2610447,0.3528127,0.6013341999999999,-0.4462556,5.124302,-12.79427,32.99
2,-0.05882263,-0.2943878,0.9538574,1.0,-0.1428375,-0.3515167,0.9252167,-33.34039,0.4566956,-29.319000000000003,3.201004,0.5878241999999999,0.6298345999999999,1.0,-0.01626587,-0.2643738,0.9642792,31.23067,0.7709961,-27.04733,3.9991,0.5490272,0.5718635,0.1849604,1.091494,-0.2610447,0.3528127,0.6013341999999999,-0.4462556,5.124302,-12.79427,32.99
2,-0.05882263,-0.2943878,0.9538574,1.0,-0.1428375,-0.3515167,0.9252167,-33.34039,0.4566956,-29.319000000000003,3.201004,0.5878241999999999,0.6298345999999999,1.0,-0.01626587,-0.2643738,0.9642792,31.23067,0.7709961,-27.04733,3.9991,0.5490272,0.5718635,0.1849604,1.091494,-0.2610447,0.3528127,0.6013341999999999,-0.4462556,5.124302,-12.79427,32.99
2,-0.05575562,-0.2170105,0.9745636,1.0,-0.1623993,-0.256073,0.9529114,-33.33443,0.4423827999999999,-29.30188,3.464874,0.5900401,0.6176203,1.0,-0.001525879,-0.1961517,0.9805603,31.31728,0.6812286,-27.06348,4.111664,0.5442888000000001,0.5665667,0.1867522,1.089067,-0.257397,0.3562985,0.5944644,-0.446593,5.124302,-12.79427,32.99
2,-0.05575562,-0.2170105,0.9745636,1.0,-0.1623993,-0.256073,0.9529114,-33.33443,0.4423827999999999,-29.30188,3.464874,0.5900401,0.6176203,1.0,-0.001525879,-0.1961517,0.9805603,31.31728,0.6812286,-27.06348,4.111664,0.5442888000000001,0.5665667,0.1867522,1.089067,-0.257397,0.3562985,0.5944644,-0.446593,5.124302,-12.79427,32.99
2,-0.05575562,-0.2170105,0.9745636,1.0,-0.1623993,-0.256073,0.9529114,-33.33443,0.4423827999999999,-29.30188,3.464874,0.5900401,0.6176203,1.0,-0.001525879,-0.1961517,0.9805603,31.31728,0.6812286,-27.06348,4.111664,0.5442888000000001,0.5665667,0.1867522,1.089067,-0.257397,0.3562985,0.5944644,-0.446593,5.124302,-12.79427,32.99
2,0.2446288999999999,-0.2214661,0.9439697,1.0,0.134613,-0.2475127999999999,0.9594726999999998,-32.01416,0.1930084,-29.45332,3.542206,0.5081796,0.6263226,1.0,0.2818297999999999,-0.2118072999999999,0.9357758,32.51328,0.5280151,-27.13496,3.890594,0.4708742,0.5740772,0.1879865,1.087486,-0.253555,0.3589633,0.587078,-0.4470371,5.124302,-12.79427,32.99
2,0.2446288999999999,-0.2214661,0.9439697,1.0,0.134613,-0.2475127999999999,0.9594726999999998,-32.01416,0.1930084,-29.45332,3.542206,0.5081796,0.6263226,1.0,0.2818297999999999,-0.2118072999999999,0.9357758,32.51328,0.5280151,-27.13496,3.890594,0.4708742,0.5740772,0.1879865,1.087486,-0.253555,0.3589633,0.587078,-0.4470371,5.124302,-12.79427,32.99
2,0.2446288999999999,-0.2214661,0.9439697,1.0,0.134613,-0.2475127999999999,0.9594726999999998,-32.01416,0.1930084,-29.45332,3.542206,0.5081796,0.6263226,1.0,0.2818297999999999,-0.2118072999999999,0.9357758,32.51328,0.5280151,-27.13496,3.890594,0.4708742,0.5740772,0.1879865,1.087486,-0.253555,0.3589633,0.587078,-0.4470371,5.124302,-12.79427,32.99
2,0.213623,-0.2194518999999999,0.9519348,1.0,0.1076508,-0.250351,0.9621429,-32.14029,0.2115936,-29.43591,3.425797,0.5156702,0.6257427,1.0,0.2649689,-0.2032013,0.9425964,32.50079,0.5489807,-27.11935,3.768021,0.4733806,0.5720367,0.1892783999999999,1.086689,-0.2496522,0.3595158,0.5808355,-0.446565,5.115332,-12.79427,32.99
2,0.213623,-0.2194518999999999,0.9519348,1.0,0.1076508,-0.250351,0.9621429,-32.14029,0.2115936,-29.43591,3.425797,0.5156702,0.6257427,1.0,0.2649689,-0.2032013,0.9425964,32.50079,0.5489807,-27.11935,3.768021,0.4733806,0.5720367,0.1892783999999999,1.086689,-0.2496522,0.3595158,0.5808355,-0.446565,5.115332,-12.79427,32.99
2,0.213623,-0.2194518999999999,0.9519348,1.0,0.1076508,-0.250351,0.9621429,-32.14029,0.2115936,-29.43591,3.425797,0.5156702,0.6257427,1.0,0.2649689,-0.2032013,0.9425964,32.50079,0.5489807,-27.11935,3.768021,0.4733806,0.5720367,0.1892783999999999,1.086689,-0.2496522,0.3595158,0.5808355,-0.446565,5.115332,-12.79427,32.99
2,0.1812134,-0.2357482999999999,0.9547577,1.0,0.07302856,-0.2669829999999999,0.9609222,-32.262190000000004,0.179306,-29.4344,3.458374,0.5241355999999999,0.6289371,1.0,0.2427826,-0.2163086,0.9456482,32.45514,0.529007,-27.112790000000004,3.799057,0.4775534999999999,0.5741925999999999,0.1903285,1.086498,-0.2459212,0.359036,0.5762176999999999,-0.4448386,5.115332,18.80575,32.99
2,0.1812134,-0.2357482999999999,0.9547577,1.0,0.07302856,-0.2669829999999999,0.9609222,-32.262190000000004,0.179306,-29.4344,3.458374,0.5241355999999999,0.6289371,1.0,0.2427826,-0.2163086,0.9456482,32.45514,0.529007,-27.112790000000004,3.799057,0.4775534999999999,0.5741925999999999,0.1903285,1.086498,-0.2459212,0.359036,0.5762176999999999,-0.4448386,5.115332,18.80575,32.99
2,0.1812134,-0.2357482999999999,0.9547577,1.0,0.07302856,-0.2669829999999999,0.9609222,-32.262190000000004,0.179306,-29.4344,3.458374,0.5241355999999999,0.6289371,1.0,0.2427826,-0.2163086,0.9456482,32.45514,0.529007,-27.112790000000004,3.799057,0.4775534999999999,0.5741925999999999,0.1903285,1.086498,-0.2459212,0.359036,0.5762176999999999,-0.4448386,5.115332,18.80575,32.99
2,0.1696167,-0.2213287,0.9603271,1.0,0.06814575,-0.2621155,0.962616,-32.34544,0.1155243,-29.444370000000003,3.5059660000000004,0.5276781,0.6306304,1.0,0.224762,-0.1976776,0.9541473,32.41978,0.4371795999999999,-27.13051,3.912598000000001,0.4808691,0.5751227,0.1908026,1.08669,-0.242344,0.3587952,0.5715544,-0.4426542,5.115332,18.80575,32.99
2,0.1696167,-0.2213287,0.9603271,1.0,0.06814575,-0.2621155,0.962616,-32.34544,0.1155243,-29.444370000000003,3.5059660000000004,0.5276781,0.6306304,1.0,0.224762,-0.1976776,0.9541473,32.41978,0.4371795999999999,-27.13051,3.912598000000001,0.4808691,0.5751227,0.1908026,1.08669,-0.242344,0.3587952,0.5715544,-0.4426542,5.115332,18.80575,32.99
2,0.1696167,-0.2213287,0.9603271,1.0,0.06814575,-0.2621155,0.962616,-32.34544,0.1155243,-29.444370000000003,3.5059660000000004,0.5276781,0.6306304,1.0,0.224762,-0.1976776,0.9541473,32.41978,0.4371795999999999,-27.13051,3.912598000000001,0.4808691,0.5751227,0.1908026,1.08669,-0.242344,0.3587952,0.5715544,-0.4426542,5.115332,18.80575,32.99
2,0.1471252,-0.2106323,0.9664154,1.0,0.05334473,-0.2651062,0.962738,-32.39819,0.04464722,-29.4635,3.487656,0.5312887,0.6336483,1.0,0.2077942,-0.1734924,0.9626465,32.39342,0.3227997,-27.14481,3.996567,0.4837505999999999,0.5761238000000001,0.1903491,1.087921,-0.2390407,0.3594329,0.5665423,-0.4409529,5.115332,18.80575,32.99
2,0.1471252,-0.2106323,0.9664154,1.0,0.05334473,-0.2651062,0.962738,-32.39819,0.04464722,-29.4635,3.487656,0.5312887,0.6336483,1.0,0.2077942,-0.1734924,0.9626465,32.39342,0.3227997,-27.14481,3.996567,0.4837505999999999,0.5761238000000001,0.1903491,1.087921,-0.2390407,0.3594329,0.5665423,-0.4409529,5.115332,18.80575,32.99
2,0.1471252,-0.2106323,0.9664154,1.0,0.05334473,-0.2651062,0.962738,-32.39819,0.04464722,-29.4635,3.487656,0.5312887,0.6336483,1.0,0.2077942,-0.1734924,0.9626465,32.39342,0.3227997,-27.14481,3.996567,0.4837505999999999,0.5761238000000001,0.1903491,1.087921,-0.2390407,0.3594329,0.5665423,-0.4409529,5.115332,18.80575,32.99
2,0.1446991,-0.2051239,0.9679718,1.0,0.06091309,-0.2265167,0.9720917,-32.46652,-0.0004730225,-29.472520000000003,3.659409,0.5329713,0.6303972,1.0,0.1976928999999999,-0.1906433,0.9615326,32.33278,0.3303223,-27.14278,3.898041000000001,0.4870029,0.5778946999999999,0.1900507,1.089767,-0.2361392,0.3591858,0.5631204000000001,-0.4379188,5.115332,18.80575,32.99
2,0.1446991,-0.2051239,0.9679718,1.0,0.06091309,-0.2265167,0.9720917,-32.46652,-0.0004730225,-29.472520000000003,3.659409,0.5329713,0.6303972,1.0,0.1976928999999999,-0.1906433,0.9615326,32.33278,0.3303223,-27.14278,3.898041000000001,0.4870029,0.5778946999999999,0.1900507,1.089767,-0.2361392,0.3591858,0.5631204000000001,-0.4379188,5.115332,18.80575,32.99
2,0.1446991,-0.2051239,0.9679718,1.0,0.06091309,-0.2265167,0.9720917,-32.46652,-0.0004730225,-29.472520000000003,3.659409,0.5329713,0.6303972,1.0,0.1976928999999999,-0.1906433,0.9615326,32.33278,0.3303223,-27.14278,3.898041000000001,0.4870029,0.5778946999999999,0.1900507,1.089767,-0.2361392,0.3591858,0.5631204000000001,-0.4379188,5.115332,18.80575,32.99
2,0.1446991,-0.2051239,0.9679718,1.0,0.06091309,-0.2265167,0.9720917,-32.46652,-0.0004730225,-29.472520000000003,3.659409,0.5329713,0.6303972,1.0,0.1976928999999999,-0.1906433,0.9615326,32.33278,0.3303223,-27.14278,3.898041000000001,0.4870029,0.5778946999999999,0.1901085,1.091535,-0.2337659999999999,0.3562796,0.562869,-0.4331407999999999,5.115332,18.80575,32.99
2,0.1446991,-0.2051239,0.9679718,1.0,0.06091309,-0.2265167,0.9720917,-32.46652,-0.0004730225,-29.472520000000003,3.659409,0.5329713,0.6303972,1.0,0.1976928999999999,-0.1906433,0.9615326,32.33278,0.3303223,-27.14278,3.898041000000001,0.4870029,0.5778946999999999,0.1901085,1.091535,-0.2337659999999999,0.3562796,0.562869,-0.4331407999999999,5.115332,18.80575,32.99
2,0.1446991,-0.2051239,0.9679718,1.0,0.06091309,-0.2265167,0.9720917,-32.46652,-0.0004730225,-29.472520000000003,3.659409,0.5329713,0.6303972,1.0,0.1976928999999999,-0.1906433,0.9615326,32.33278,0.3303223,-27.14278,3.898041000000001,0.4870029,0.5778946999999999,0.1901085,1.091535,-0.2337659999999999,0.3562796,0.562869,-0.4331407999999999,5.115332,18.80575,32.99
2,0.03051758,-0.0566864,0.9979248,1.0,0.0,0.0,0.0,-33.36766,0.60495,-29.73331,-1.0,0.592087,0.5970802,1.0,0.03051758,-0.0566864,0.9979248,31.17502,1.594833,-30.26018,4.017119999999999,0.5462602,0.5476721999999999,0.1897461,1.093323,-0.2317453,0.3548847,0.5632096,-0.4282574999999999,5.115332,4.96554,32.99
2,0.03051758,-0.0566864,0.9979248,1.0,0.0,0.0,0.0,-33.36766,0.60495,-29.73331,-1.0,0.592087,0.5970802,1.0,0.03051758,-0.0566864,0.9979248,31.17502,1.594833,-30.26018,4.017119999999999,0.5462602,0.5476721999999999,0.1897461,1.093323,-0.2317453,0.3548847,0.5632096,-0.4282574999999999,5.115332,4.96554,32.99
2,0.03051758,-0.0566864,0.9979248,1.0,0.0,0.0,0.0,-33.36766,0.60495,-29.73331,-1.0,0.592087,0.5970802,1.0,0.03051758,-0.0566864,0.9979248,31.17502,1.594833,-30.26018,4.017119999999999,0.5462602,0.5476721999999999,0.1897461,1.093323,-0.2317453,0.3548847,0.5632096,-0.4282574999999999,5.115332,4.96554,32.99
3,-0.2497558999999999,-0.1507568,0.9564972,1.0,-0.2497558999999999,-0.1507568,0.9564972,-33.78709,0.5545349,-29.40312,3.415817,0.6165772,0.6019047,1.0,-0.1378937,-0.00440979,0.9904327,30.86467,1.004837,-28.33856,4.302307,0.575717,0.5451862,0.1891309,1.09482,-0.2300552,0.3544158,0.5633170999999999,-0.4239405,5.115332,4.96554,32.99
3,-0.2497558999999999,-0.1507568,0.9564972,1.0,-0.2497558999999999,-0.1507568,0.9564972,-33.78709,0.5545349,-29.40312,3.415817,0.6165772,0.6019047,1.0,-0.1378937,-0.00440979,0.9904327,30.86467,1.004837,-28.33856,4.302307,0.575717,0.5451862,0.1891309,1.09482,-0.2300552,0.3544158,0.5633170999999999,-0.4239405,5.115332,4.96554,32.99
3,-0.2497558999999999,-0.1507568,0.9564972,1.0,-0.2497558999999999,-0.1507568,0.9564972,-33.78709,0.5545349,-29.40312,3.415817,0.6165772,0.6019047,1.0,-0.1378937,-0.00440979,0.9904327,30.86467,1.004837,-28.33856,4.302307,0.575717,0.5451862,0.1891309,1.09482,-0.2300552,0.3544158,0.5633170999999999,-0.4239405,5.115332,4.96554,32.99
3,-0.2316284,-0.1274719,0.9644011999999998,1.0,-0.2565155,-0.1441345,0.955719,-33.81767,0.5458984,-29.41379,3.3795620000000004,0.6184848000000001,0.6015135,1.0,-0.1322479,-0.061203,0.9893188,30.85477,0.9578247,-28.06924,4.106491,0.5754716,0.5508819,0.1876487,1.098626,-0.2270957,0.3527029,0.5646691,-0.4142225,5.115332,4.96554,32.99
3,-0.2316284,-0.1274719,0.9644011999999998,1.0,-0.2565155,-0.1441345,0.955719,-33.81767,0.5458984,-29.41379,3.3795620000000004,0.6184848000000001,0.6015135,1.0,-0.1322479,-0.061203,0.9893188,30.85477,0.9578247,-28.06924,4.106491,0.5754716,0.5508819,0.1876487,1.098626,-0.2270957,0.3527029,0.5646691,-0.4142225,5.115332,4.96554,32.99
3,-0.2316284,-0.1274719,0.9644011999999998,1.0,-0.2565155,-0.1441345,0.955719,-33.81767,0.5458984,-29.41379,3.3795620000000004,0.6184848000000001,0.6015135,1.0,-0.1322479,-0.061203,0.9893188,30.85477,0.9578247,-28.06924,4.106491,0.5754716,0.5508819,0.1876487,1.098626,-0.2270957,0.3527029,0.5646691,-0.4142225,5.115332,4.96554,32.99
3,-0.2302551,-0.1230469,0.9653168,1.0,-0.2605286,-0.1454468,0.9544373,-33.82489,0.5518036000000001,-29.41379,3.397385,0.6192489999999999,0.6015135,1.0,-0.1415253,-0.05778503,0.9882355,30.88704,0.9362183,-28.10628,4.109436,0.5754814,0.5515954000000001,0.1876487,1.098626,-0.2270957,0.3527029,0.5646691,-0.4142225,5.115332,4.96554,32.99
3,-0.2302551,-0.1230469,0.9653168,1.0,-0.2605286,-0.1454468,0.9544373,-33.82489,0.5518036000000001,-29.41379,3.397385,0.6192489999999999,0.6015135,1.0,-0.1415253,-0.05778503,0.9882355,30.88704,0.9362183,-28.10628,4.109436,0.5754814,0.5515954000000001,0.1876487,1.098626,-0.2270957,0.3527029,0.5646691,-0.4142225,5.115332,4.96554,32.99
3,-0.2302551,-0.1230469,0.9653168,1.0,-0.2605286,-0.1454468,0.9544373,-33.82489,0.5518036000000001,-29.41379,3.397385,0.6192489999999999,0.6015135,1.0,-0.1415253,-0.05778503,0.9882355,30.88704,0.9362183,-28.10628,4.109436,0.5754814,0.5515954000000001,0.1876487,1.098626,-0.2270957,0.3527029,0.5646691,-0.4142225,5.115332,4.96554,32.99
3,-0.2370757999999999,-0.1586609,0.9584351,1.0,-0.2629395,-0.1816254,0.9475555,-33.62236,0.7298279000000001,-29.33878,3.206284,0.6123875,0.5990951999999999,1.0,-0.1542053,-0.08555603,0.984314,31.13068,1.023544,-28.46936,3.995987,0.5690191,0.555191,0.1878836,1.10599,-0.2221299,0.3421118,0.5626978,-0.3974762,5.115332,-10.4201,32.99
3,-0.2370757999999999,-0.1586609,0.9584351,1.0,-0.2629395,-0.1816254,0.9475555,-33.62236,0.7298279000000001,-29.33878,3.206284,0.6123875,0.5990951999999999,1.0,-0.1542053,-0.08555603,0.984314,31.13068,1.023544,-28.46936,3.995987,0.5690191,0.555191,0.1878836,1.10599,-0.2221299,0.3421118,0.5626978,-0.3974762,5.115332,-10.4201,32.99
3,-0.2370757999999999,-0.1586609,0.9584351,1.0,-0.2629395,-0.1816254,0.9475555,-33.62236,0.7298279000000001,-29.33878,3.206284,0.6123875,0.5990951999999999,1.0,-0.1542053,-0.08555603,0.984314,31.13068,1.023544,-28.46936,3.995987,0.5690191,0.555191,0.1878836,1.10599,-0.2221299,0.3421118,0.5626978,-0.3974762,5.115332,-10.4201,32.99
3,-0.3028412,-0.2365265,0.9232178,1.0,-0.3055267,-0.23909,0.9216614,-33.5088,0.7354736,-29.31956,3.190994,0.6139488000000001,0.6065387,1.0,-0.1620789,-0.1028748,0.9813843,31.19846,0.9797363,-28.36926,3.995773,0.5676021,0.5578981,0.18894,1.112757,-0.2174129,0.3302539,0.5585661999999999,-0.3876159,5.115332,-10.4201,32.99
3,-0.3028412,-0.2365265,0.9232178,1.0,-0.3055267,-0.23909,0.9216614,-33.5088,0.7354736,-29.31956,3.190994,0.6139488000000001,0.6065387,1.0,-0.1620789,-0.1028748,0.9813843,31.19846,0.9797363,-28.36926,3.995773,0.5676021,0.5578981,0.18894,1.112757,-0.2174129,0.3302539,0.5585661999999999,-0.3876159,5.115332,-10.4201,32.99
3,-0.3028412,-0.2365265,0.9232178,1.0,-0.3055267,-0.23909,0.9216614,-33.5088,0.7354736,-29.31956,3.190994,0.6139488000000001,0.6065387,1.0,-0.1620789,-0.1028748,0.9813843,31.19846,0.9797363,-28.36926,3.995773,0.5676021,0.5578981,0.18894,1.112757,-0.2174129,0.3302539,0.5585661999999999,-0.3876159,5.115332,-10.4201,32.99
3,-0.2465362999999999,-0.2111206,0.9458466,1.0,-0.2465362999999999,-0.2111206,0.9458466,-33.14473,0.7405701,-29.29944,3.223114,0.5937408000000001,0.6018897,1.0,-0.0071105959999999,-0.136734,0.9905701,31.45323,1.953064,-32.17889,3.815155,0.5417221999999999,0.5627316,0.1904658,1.129104,-0.2049446,0.3034159999999999,0.5408413000000001,-0.3627909,5.115332,-10.4201,32.99
3,-0.2465362999999999,-0.2111206,0.9458466,1.0,-0.2465362999999999,-0.2111206,0.9458466,-33.14473,0.7405701,-29.29944,3.223114,0.5937408000000001,0.6018897,1.0,-0.0071105959999999,-0.136734,0.9905701,31.45323,1.953064,-32.17889,3.815155,0.5417221999999999,0.5627316,0.1904658,1.129104,-0.2049446,0.3034159999999999,0.5408413000000001,-0.3627909,5.115332,-10.4201,32.99
3,-0.2465362999999999,-0.2111206,0.9458466,1.0,-0.2465362999999999,-0.2111206,0.9458466,-33.14473,0.7405701,-29.29944,3.223114,0.5937408000000001,0.6018897,1.0,-0.0071105959999999,-0.136734,0.9905701,31.45323,1.953064,-32.17889,3.815155,0.5417221999999999,0.5627316,0.1904658,1.129104,-0.2049446,0.3034159999999999,0.5408413000000001,-0.3627909,5.115332,-10.4201,32.99
3,0.2188721,-0.1273956,0.967392,1.0,0.05238342,-0.1806487999999999,0.9821472,-31.72397,1.4994809999999998,-31.8627,3.363953,0.5090573,0.5953957,1.0,0.2193909,-0.1272278,0.9673004,32.97063,1.112869,-28.83302,3.619247,0.4626108,0.5588996,0.1907369,1.138533,-0.1969253,0.2899923,0.5267894000000001,-0.3501544,5.115332,-10.4201,32.99
3,0.2188721,-0.1273956,0.967392,1.0,0.05238342,-0.1806487999999999,0.9821472,-31.72397,1.4994809999999998,-31.8627,3.363953,0.5090573,0.5953957,1.0,0.2193909,-0.1272278,0.9673004,32.97063,1.112869,-28.83302,3.619247,0.4626108,0.5588996,0.1907369,1.138533,-0.1969253,0.2899923,0.5267894000000001,-0.3501544,5.115332,-10.4201,32.99
3,0.2188721,-0.1273956,0.967392,1.0,0.05238342,-0.1806487999999999,0.9821472,-31.72397,1.4994809999999998,-31.8627,3.363953,0.5090573,0.5953957,1.0,0.2193909,-0.1272278,0.9673004,32.97063,1.112869,-28.83302,3.619247,0.4626108,0.5588996,0.1907369,1.138533,-0.1969253,0.2899923,0.5267894000000001,-0.3501544,5.115332,-10.4201,32.99
3,0.386734,-0.1997527999999999,0.9002838,1.0,0.240509,-0.2527618,0.937149,-31.06436,0.656189,-29.893890000000003,3.399307,0.4622009,0.6157855,1.0,0.3969879,-0.195694,0.896698,33.51398,0.8291626,-28.53726,3.504745,0.4220752,0.5752276999999999,0.1894697,1.147393,-0.1890057,0.2761252999999999,0.5124002999999999,-0.3411815,5.115332,-10.4201,32.99
3,0.386734,-0.1997527999999999,0.9002838,1.0,0.240509,-0.2527618,0.937149,-31.06436,0.656189,-29.893890000000003,3.399307,0.4622009,0.6157855,1.0,0.3969879,-0.195694,0.896698,33.51398,0.8291626,-28.53726,3.504745,0.4220752,0.5752276999999999,0.1894697,1.147393,-0.1890057,0.2761252999999999,0.5124002999999999,-0.3411815,5.115332,-10.4201,32.99
3,0.386734,-0.1997527999999999,0.9002838,1.0,0.240509,-0.2527618,0.937149,-31.06436,0.656189,-29.893890000000003,3.399307,0.4622009,0.6157855,1.0,0.3969879,-0.195694,0.896698,33.51398,0.8291626,-28.53726,3.504745,0.4220752,0.5752276999999999,0.1894697,1.147393,-0.1890057,0.2761252999999999,0.5124002999999999,-0.3411815,5.115332,-10.4201,32.99
3,0.4134979,-0.2763672,0.8675385,1.0,0.2559813999999999,-0.3079834,0.9162903,-31.05278,0.4744568,-29.94438,3.475159,0.45982,0.6301278,1.0,0.4134979,-0.2763672,0.8675385,33.55211,0.5965729000000001,-28.58322,3.620529,0.4183173,0.5941224,0.1855678999999999,1.154674,-0.1816925,0.2671135,0.4940715,-0.3328899,5.115332,-12.98075,32.99
3,0.4134979,-0.2763672,0.8675385,1.0,0.2559813999999999,-0.3079834,0.9162903,-31.05278,0.4744568,-29.94438,3.475159,0.45982,0.6301278,1.0,0.4134979,-0.2763672,0.8675385,33.55211,0.5965729000000001,-28.58322,3.620529,0.4183173,0.5941224,0.1855678999999999,1.154674,-0.1816925,0.2671135,0.4940715,-0.3328899,5.115332,-12.98075,32.99
3,0.4134979,-0.2763672,0.8675385,1.0,0.2559813999999999,-0.3079834,0.9162903,-31.05278,0.4744568,-29.94438,3.475159,0.45982,0.6301278,1.0,0.4134979,-0.2763672,0.8675385,33.55211,0.5965729000000001,-28.58322,3.620529,0.4183173,0.5941224,0.1855678999999999,1.154674,-0.1816925,0.2671135,0.4940715,-0.3328899,5.115332,-12.98075,32.99
3,0.2856293,-0.3393097,0.8962402,1.0,0.1785126,-0.3569794,0.9168854,-31.2755,0.4821014,-29.859540000000003,3.341125,0.4768482,0.6350088,1.0,0.3400420999999999,-0.328476,0.8811646000000001,33.38313,0.5579529000000001,-28.50859,3.698059,0.4332718,0.600853,0.1840826,1.163843,-0.1712621,0.2592137,0.4752519,-0.3264581,5.115332,-12.98075,32.99
3,0.2856293,-0.3393097,0.8962402,1.0,0.1785126,-0.3569794,0.9168854,-31.2755,0.4821014,-29.859540000000003,3.341125,0.4768482,0.6350088,1.0,0.3400420999999999,-0.328476,0.8811646000000001,33.38313,0.5579529000000001,-28.50859,3.698059,0.4332718,0.600853,0.1840826,1.163843,-0.1712621,0.2592137,0.4752519,-0.3264581,5.115332,-12.98075,32.99
3,0.2856293,-0.3393097,0.8962402,1.0,0.1785126,-0.3569794,0.9168854,-31.2755,0.4821014,-29.859540000000003,3.341125,0.4768482,0.6350088,1.0,0.3400420999999999,-0.328476,0.8811646000000001,33.38313,0.5579529000000001,-28.50859,3.698059,0.4332718,0.600853,0.1840826,1.163843,-0.1712621,0.2592137,0.4752519,-0.3264581,5.115332,-12.98075,32.99
3,0.2389526,-0.330368,0.9130859,1.0,0.1406097,-0.346344,0.9275055,-31.48265,0.41922,-29.85204,3.296219,0.4886755,0.6354709,1.0,0.2995453,-0.3186188,0.899292,33.28117,0.5777893,-28.461640000000003,3.72934,0.4418609999999999,0.5981413000000001,0.1782942,1.16994,-0.1636472,0.2543215,0.4535674,-0.3173364,5.115332,-12.98075,32.99
3,0.2389526,-0.330368,0.9130859,1.0,0.1406097,-0.346344,0.9275055,-31.48265,0.41922,-29.85204,3.296219,0.4886755,0.6354709,1.0,0.2995453,-0.3186188,0.899292,33.28117,0.5777893,-28.461640000000003,3.72934,0.4418609999999999,0.5981413000000001,0.1782942,1.16994,-0.1636472,0.2543215,0.4535674,-0.3173364,5.115332,-12.98075,32.99
3,0.2389526,-0.330368,0.9130859,1.0,0.1406097,-0.346344,0.9275055,-31.48265,0.41922,-29.85204,3.296219,0.4886755,0.6354709,1.0,0.2995453,-0.3186188,0.899292,33.28117,0.5777893,-28.461640000000003,3.72934,0.4418609999999999,0.5981413000000001,0.1782942,1.16994,-0.1636472,0.2543215,0.4535674,-0.3173364,5.115332,-12.98075,32.99
3,0.2185516,-0.3358002,0.916214,1.0,0.0811615,-0.3448639,0.9351349,-31.562990000000003,0.5085602,-29.78949,3.316696,0.4988342,0.6312565,1.0,0.2901305999999999,-0.3283081,0.8988953000000002,33.207640000000005,0.6244812,-28.4422,3.546005,0.4455555999999999,0.5975913,0.171874,1.1758,-0.1556239,0.250344,0.4285242999999999,-0.3076799,5.115332,-12.98075,32.99
3,0.2185516,-0.3358002,0.916214,1.0,0.0811615,-0.3448639,0.9351349,-31.562990000000003,0.5085602,-29.78949,3.316696,0.4988342,0.6312565,1.0,0.2901305999999999,-0.3283081,0.8988953000000002,33.207640000000005,0.6244812,-28.4422,3.546005,0.4455555999999999,0.5975913,0.171874,1.1758,-0.1556239,0.250344,0.4285242999999999,-0.3076799,5.115332,-12.98075,32.99
3,0.2185516,-0.3358002,0.916214,1.0,0.0811615,-0.3448639,0.9351349,-31.562990000000003,0.5085602,-29.78949,3.316696,0.4988342,0.6312565,1.0,0.2901305999999999,-0.3283081,0.8988953000000002,33.207640000000005,0.6244812,-28.4422,3.546005,0.4455555999999999,0.5975913,0.171874,1.1758,-0.1556239,0.250344,0.4285242999999999,-0.3076799,5.115332,-12.98075,32.99
3,0.2140045,-0.3491974,0.9122772,1.0,0.111618,-0.3881835999999999,0.9147797,-31.41541,0.5231475999999999,-29.821720000000003,3.172836,0.4897246,0.6371334,1.0,0.2559813999999999,-0.3316803,0.9079895,33.327290000000005,0.592041,-28.435440000000003,3.836395,0.445633,0.5988315,0.1634227999999999,1.181908,-0.1473206,0.2491953999999999,0.3988192,-0.2968535999999999,5.115332,-12.98075,32.99
3,0.2140045,-0.3491974,0.9122772,1.0,0.111618,-0.3881835999999999,0.9147797,-31.41541,0.5231475999999999,-29.821720000000003,3.172836,0.4897246,0.6371334,1.0,0.2559813999999999,-0.3316803,0.9079895,33.327290000000005,0.592041,-28.435440000000003,3.836395,0.445633,0.5988315,0.1634227999999999,1.181908,-0.1473206,0.2491953999999999,0.3988192,-0.2968535999999999,5.115332,-12.98075,32.99
3,0.2140045,-0.3491974,0.9122772,1.0,0.111618,-0.3881835999999999,0.9147797,-31.41541,0.5231475999999999,-29.821720000000003,3.172836,0.4897246,0.6371334,1.0,0.2559813999999999,-0.3316803,0.9079895,33.327290000000005,0.592041,-28.435440000000003,3.836395,0.445633,0.5988315,0.1634227999999999,1.181908,-0.1473206,0.2491953999999999,0.3988192,-0.2968535999999999,5.115332,-12.98075,32.99
3,0.350235,-0.4597472999999999,0.8160553,1.0,0.2094878999999999,-0.4769897,0.8535613999999999,-30.63211,0.6942444000000001,-29.95377,3.338364,0.4503268,0.6455895,1.0,0.3860779,-0.4535522,0.8032531999999999,33.68419,0.4244232,-28.65341,3.753159,0.4164456,0.6241723000000001,0.1545938999999999,1.187843,-0.1383227,0.2471826,0.3635870999999999,-0.2821349999999999,5.115332,-19.55567,32.99
3,0.350235,-0.4597472999999999,0.8160553,1.0,0.2094878999999999,-0.4769897,0.8535613999999999,-30.63211,0.6942444000000001,-29.95377,3.338364,0.4503268,0.6455895,1.0,0.3860779,-0.4535522,0.8032531999999999,33.68419,0.4244232,-28.65341,3.753159,0.4164456,0.6241723000000001,0.1545938999999999,1.187843,-0.1383227,0.2471826,0.3635870999999999,-0.2821349999999999,5.115332,-19.55567,32.99
3,0.350235,-0.4597472999999999,0.8160553,1.0,0.2094878999999999,-0.4769897,0.8535613999999999,-30.63211,0.6942444000000001,-29.95377,3.338364,0.4503268,0.6455895,1.0,0.3860779,-0.4535522,0.8032531999999999,33.68419,0.4244232,-28.65341,3.753159,0.4164456,0.6241723000000001,0.1545938999999999,1.187843,-0.1383227,0.2471826,0.3635870999999999,-0.2821349999999999,5.115332,-19.55567,32.99
3,0.241745,-0.5106963999999999,0.825058,1.0,0.241745,-0.5106963999999999,0.825058,-30.709090000000003,0.5449829,-30.03697,3.317581,0.4487241,0.6570535,1.0,0.0,0.0,0.0,33.64738,0.4596863,-28.67313,-1.0,0.4163971999999999,0.6321415,0.1447119999999999,1.19223,-0.1296741,0.2457136,0.3331732,-0.2759137,5.115332,-19.55567,32.99
3,0.241745,-0.5106963999999999,0.825058,1.0,0.241745,-0.5106963999999999,0.825058,-30.709090000000003,0.5449829,-30.03697,3.317581,0.4487241,0.6570535,1.0,0.0,0.0,0.0,33.64738,0.4596863,-28.67313,-1.0,0.4163971999999999,0.6321415,0.1447119999999999,1.19223,-0.1296741,0.2457136,0.3331732,-0.2759137,5.115332,-19.55567,32.99
3,0.241745,-0.5106963999999999,0.825058,1.0,0.241745,-0.5106963999999999,0.825058,-30.709090000000003,0.5449829,-30.03697,3.317581,0.4487241,0.6570535,1.0,0.0,0.0,0.0,33.64738,0.4596863,-28.67313,-1.0,0.4163971999999999,0.6321415,0.1447119999999999,1.19223,-0.1296741,0.2457136,0.3331732,-0.2759137,5.115332,-19.55567,32.99
3,0.3180695,-0.5010986,0.8047943000000001,1.0,0.1948852999999999,-0.5157470999999999,0.8342743,-31.0251,0.4785460999999999,-29.98364,3.3125150000000003,0.4656524999999999,0.6591004,1.0,0.3796844,-0.4903564,0.7844543,33.3468,0.4763031,-28.56258,3.693604,0.4286797,0.6267560000000001,0.134129,1.194761,-0.1214171,0.2502995,0.3042958,-0.269651,5.115332,-19.55567,32.99
3,0.3180695,-0.5010986,0.8047943000000001,1.0,0.1948852999999999,-0.5157470999999999,0.8342743,-31.0251,0.4785460999999999,-29.98364,3.3125150000000003,0.4656524999999999,0.6591004,1.0,0.3796844,-0.4903564,0.7844543,33.3468,0.4763031,-28.56258,3.693604,0.4286797,0.6267560000000001,0.134129,1.194761,-0.1214171,0.2502995,0.3042958,-0.269651,5.115332,-19.55567,32.99
3,0.3180695,-0.5010986,0.8047943000000001,1.0,0.1948852999999999,-0.5157470999999999,0.8342743,-31.0251,0.4785460999999999,-29.98364,3.3125150000000003,0.4656524999999999,0.6591004,1.0,0.3796844,-0.4903564,0.7844543,33.3468,0.4763031,-28.56258,3.693604,0.4286797,0.6267560000000001,0.134129,1.194761,-0.1214171,0.2502995,0.3042958,-0.269651,5.115332,-19.55567,32.99
3,0.2492065,-0.5065917999999999,0.8253784,1.0,0.1401977999999999,-0.5292816,0.8367614999999999,-31.18314,0.6174010999999999,-29.86395,3.4145510000000003,0.4781845999999999,0.654433,1.0,0.3033752,-0.49263,0.8156281,33.32788,0.5286102,-28.50356,3.649506,0.439155,0.623855,0.1233401,1.195725,-0.1131703,0.2589578999999999,0.2742589,-0.2606541,5.115332,-19.55567,32.99
3,0.2492065,-0.5065917999999999,0.8253784,1.0,0.1401977999999999,-0.5292816,0.8367614999999999,-31.18314,0.6174010999999999,-29.86395,3.4145510000000003,0.4781845999999999,0.654433,1.0,0.3033752,-0.49263,0.8156281,33.32788,0.5286102,-28.50356,3.649506,0.439155,0.623855,0.1233401,1.195725,-0.1131703,0.2589578999999999,0.2742589,-0.2606541,5.115332,-19.55567,32.99
3,0.2492065,-0.5065917999999999,0.8253784,1.0,0.1401977999999999,-0.5292816,0.8367614999999999,-31.18314,0.6174010999999999,-29.86395,3.4145510000000003,0.4781845999999999,0.654433,1.0,0.3033752,-0.49263,0.8156281,33.32788,0.5286102,-28.50356,3.649506,0.439155,0.623855,0.1233401,1.195725,-0.1131703,0.2589578999999999,0.2742589,-0.2606541,5.115332,-19.55567,32.99
3,0.2277527,-0.4872589,0.8430175999999999,1.0,0.1347197999999999,-0.4707794,0.8718872,-31.40138,0.6862183000000001,-29.79675,3.227798,0.4863483,0.6429461999999999,1.0,0.2675323,-0.4929351999999999,0.8278960999999999,33.19379,0.7445984,-28.37125,3.619492,0.4483973,0.6149908000000001,0.1127117,1.195394,-0.1046239,0.270751,0.2437416999999999,-0.2466395,5.115332,-19.55567,32.99
3,0.2277527,-0.4872589,0.8430175999999999,1.0,0.1347197999999999,-0.4707794,0.8718872,-31.40138,0.6862183000000001,-29.79675,3.227798,0.4863483,0.6429461999999999,1.0,0.2675323,-0.4929351999999999,0.8278960999999999,33.19379,0.7445984,-28.37125,3.619492,0.4483973,0.6149908000000001,0.1127117,1.195394,-0.1046239,0.270751,0.2437416999999999,-0.2466395,5.115332,-19.55567,32.99
3,0.2277527,-0.4872589,0.8430175999999999,1.0,0.1347197999999999,-0.4707794,0.8718872,-31.40138,0.6862183000000001,-29.79675,3.227798,0.4863483,0.6429461999999999,1.0,0.2675323,-0.4929351999999999,0.8278960999999999,33.19379,0.7445984,-28.37125,3.619492,0.4483973,0.6149908000000001,0.1127117,1.195394,-0.1046239,0.270751,0.2437416999999999,-0.2466395,5.115332,-19.55567,32.99
3,0.189682,-0.4725189,0.8606566999999999,1.0,0.1114807,-0.4907074,0.864151,-31.47137,0.8596649,-29.72267,3.229843,0.4916753,0.6388595,1.0,0.2690582,-0.4505615,0.8512268,33.04633,0.9578552,-28.244020000000003,3.659973,0.4535072,0.6006669,0.1017389,1.194231,-0.09625643,0.2820331,0.2135348,-0.2347864,5.115332,-2.560719,32.99
3,0.189682,-0.4725189,0.8606566999999999,1.0,0.1114807,-0.4907074,0.864151,-31.47137,0.8596649,-29.72267,3.229843,0.4916753,0.6388595,1.0,0.2690582,-0.4505615,0.8512268,33.04633,0.9578552,-28.244020000000003,3.659973,0.4535072,0.6006669,0.1017389,1.194231,-0.09625643,0.2820331,0.2135348,-0.2347864,5.115332,-2.560719,32.99
3,0.189682,-0.4725189,0.8606566999999999,1.0,0.1114807,-0.4907074,0.864151,-31.47137,0.8596649,-29.72267,3.229843,0.4916753,0.6388595,1.0,0.2690582,-0.4505615,0.8512268,33.04633,0.9578552,-28.244020000000003,3.659973,0.4535072,0.6006669,0.1017389,1.194231,-0.09625643,0.2820331,0.2135348,-0.2347864,5.115332,-2.560719,32.99
3,0.141098,-0.4256287,0.8938141,1.0,0.07290649,-0.4525299,0.8887482,-31.63908,0.9679718,-29.6496,3.139084,0.5022404,0.6287872,1.0,0.2061005,-0.3975372,0.8941344999999999,32.96893,1.153198,-28.14372,3.573242,0.4641661,0.5856394,0.09035134,1.192711,-0.08827382,0.2944567999999999,0.1842987,-0.2241137,5.115332,-2.560719,32.99
3,0.141098,-0.4256287,0.8938141,1.0,0.07290649,-0.4525299,0.8887482,-31.63908,0.9679718,-29.6496,3.139084,0.5022404,0.6287872,1.0,0.2061005,-0.3975372,0.8941344999999999,32.96893,1.153198,-28.14372,3.573242,0.4641661,0.5856394,0.09035134,1.192711,-0.08827382,0.2944567999999999,0.1842987,-0.2241137,5.115332,-2.560719,32.99
3,0.141098,-0.4256287,0.8938141,1.0,0.07290649,-0.4525299,0.8887482,-31.63908,0.9679718,-29.6496,3.139084,0.5022404,0.6287872,1.0,0.2061005,-0.3975372,0.8941344999999999,32.96893,1.153198,-28.14372,3.573242,0.4641661,0.5856394,0.09035134,1.192711,-0.08827382,0.2944567999999999,0.1842987,-0.2241137,5.115332,-2.560719,32.99
3,0.2082061999999999,-0.4860077,0.8487700999999999,1.0,0.1229401,-0.5020752,0.8560333000000001,-31.1954,0.852951,-29.7771,3.280853,0.4806952,0.6412733,1.0,0.259613,-0.47435,0.8411713,33.05556,0.894516,-28.29942,3.666367,0.4542366,0.6065566,0.07880974,1.191561,-0.08062798,0.3028119999999999,0.1539272,-0.2114282999999999,5.115332,-2.560719,32.99
3,0.2082061999999999,-0.4860077,0.8487700999999999,1.0,0.1229401,-0.5020752,0.8560333000000001,-31.1954,0.852951,-29.7771,3.280853,0.4806952,0.6412733,1.0,0.259613,-0.47435,0.8411713,33.05556,0.894516,-28.29942,3.666367,0.4542366,0.6065566,0.07880974,1.191561,-0.08062798,0.3028119999999999,0.1539272,-0.2114282999999999,5.115332,-2.560719,32.99
3,0.2082061999999999,-0.4860077,0.8487700999999999,1.0,0.1229401,-0.5020752,0.8560333000000001,-31.1954,0.852951,-29.7771,3.280853,0.4806952,0.6412733,1.0,0.259613,-0.47435,0.8411713,33.05556,0.894516,-28.29942,3.666367,0.4542366,0.6065566,0.07880974,1.191561,-0.08062798,0.3028119999999999,0.1539272,-0.2114282999999999,5.115332,-2.560719,32.99
3,0.2082061999999999,-0.4860077,0.8487700999999999,1.0,0.1229401,-0.5020752,0.8560333000000001,-31.1954,0.852951,-29.7771,3.280853,0.4806952,0.6412733,1.0,0.259613,-0.47435,0.8411713,33.05556,0.894516,-28.29942,3.666367,0.4542366,0.6065566,0.06719208,1.190989,-0.07362711,0.3098927,0.1245309,-0.2017071,5.115332,-2.560719,32.99
3,0.2082061999999999,-0.4860077,0.8487700999999999,1.0,0.1229401,-0.5020752,0.8560333000000001,-31.1954,0.852951,-29.7771,3.280853,0.4806952,0.6412733,1.0,0.259613,-0.47435,0.8411713,33.05556,0.894516,-28.29942,3.666367,0.4542366,0.6065566,0.06719208,1.190989,-0.07362711,0.3098927,0.1245309,-0.2017071,5.115332,-2.560719,32.99
3,0.2082061999999999,-0.4860077,0.8487700999999999,1.0,0.1229401,-0.5020752,0.8560333000000001,-31.1954,0.852951,-29.7771,3.280853,0.4806952,0.6412733,1.0,0.259613,-0.47435,0.8411713,33.05556,0.894516,-28.29942,3.666367,0.4542366,0.6065566,0.06719208,1.190989,-0.07362711,0.3098927,0.1245309,-0.2017071,5.115332,-2.560719,32.99
3,0.2082061999999999,-0.4860077,0.8487700999999999,1.0,0.1229401,-0.5020752,0.8560333000000001,-31.1954,0.852951,-29.7771,3.280853,0.4806952,0.6412733,1.0,0.259613,-0.47435,0.8411713,33.05556,0.894516,-28.29942,3.666367,0.4542366,0.6065566,0.0555594,1.191006,-0.06680703,0.3149892,0.09694074,-0.1892584,5.115332,-2.560719,32.99
3,0.2082061999999999,-0.4860077,0.8487700999999999,1.0,0.1229401,-0.5020752,0.8560333000000001,-31.1954,0.852951,-29.7771,3.280853,0.4806952,0.6412733,1.0,0.259613,-0.47435,0.8411713,33.05556,0.894516,-28.29942,3.666367,0.4542366,0.6065566,0.0555594,1.191006,-0.06680703,0.3149892,0.09694074,-0.1892584,5.115332,-2.560719,32.99
3,0.2082061999999999,-0.4860077,0.8487700999999999,1.0,0.1229401,-0.5020752,0.8560333000000001,-31.1954,0.852951,-29.7771,3.280853,0.4806952,0.6412733,1.0,0.259613,-0.47435,0.8411713,33.05556,0.894516,-28.29942,3.666367,0.4542366,0.6065566,0.0555594,1.191006,-0.06680703,0.3149892,0.09694074,-0.1892584,5.115332,-2.560719,32.99
3,0.1367645,-0.4990082,0.8557280999999999,1.0,0.05691528,-0.5264281999999999,0.8482970999999999,-31.53195,1.029648,-29.66708,2.802979,0.5000489,0.6377018,1.0,0.1982573999999999,-0.475174,0.8572540000000001,32.95168,1.138718,-28.15582,3.647186,0.4654805,0.5967121,0.04386687,1.191511,-0.06035209,0.3190789,0.06939211,-0.1742072999999999,5.115332,-0.6813011,32.99
3,0.1367645,-0.4990082,0.8557280999999999,1.0,0.05691528,-0.5264281999999999,0.8482970999999999,-31.53195,1.029648,-29.66708,2.802979,0.5000489,0.6377018,1.0,0.1982573999999999,-0.475174,0.8572540000000001,32.95168,1.138718,-28.15582,3.647186,0.4654805,0.5967121,0.04386687,1.191511,-0.06035209,0.3190789,0.06939211,-0.1742072999999999,5.115332,-0.6813011,32.99
3,0.1367645,-0.4990082,0.8557280999999999,1.0,0.05691528,-0.5264281999999999,0.8482970999999999,-31.53195,1.029648,-29.66708,2.802979,0.5000489,0.6377018,1.0,0.1982573999999999,-0.475174,0.8572540000000001,32.95168,1.138718,-28.15582,3.647186,0.4654805,0.5967121,0.04386687,1.191511,-0.06035209,0.3190789,0.06939211,-0.1742072999999999,5.115332,-0.6813011,32.99
3,0.1180267,-0.4225464,0.8986052999999999,1.0,0.03370667,-0.4463805999999999,0.8941956,-31.667240000000003,1.096054,-29.5921,3.20192,0.508162,0.6227267,1.0,0.1630402,-0.4083862,0.8981171,32.87495,1.256836,-28.07494,3.657791000000001,0.4725758,0.5828127,0.03174019,1.192832,-0.05475771,0.3221231,0.04323409,-0.157313,5.115332,-0.6813011,32.99
3,0.1180267,-0.4225464,0.8986052999999999,1.0,0.03370667,-0.4463805999999999,0.8941956,-31.667240000000003,1.096054,-29.5921,3.20192,0.508162,0.6227267,1.0,0.1630402,-0.4083862,0.8981171,32.87495,1.256836,-28.07494,3.657791000000001,0.4725758,0.5828127,0.03174019,1.192832,-0.05475771,0.3221231,0.04323409,-0.157313,5.115332,-0.6813011,32.99
3,0.1180267,-0.4225464,0.8986052999999999,1.0,0.03370667,-0.4463805999999999,0.8941956,-31.667240000000003,1.096054,-29.5921,3.20192,0.508162,0.6227267,1.0,0.1630402,-0.4083862,0.8981171,32.87495,1.256836,-28.07494,3.657791000000001,0.4725758,0.5828127,0.03174019,1.192832,-0.05475771,0.3221231,0.04323409,-0.157313,5.115332,-0.6813011,32.99
3,0.01960754,-0.4334106,0.9009705,1.0,-0.01237488,-0.4250183,0.9050903,-31.74734,1.234283,-29.52107,3.114822,0.5165579,0.6142316,1.0,0.2076873999999999,-0.4729766999999999,0.8562316999999999,32.52237,1.799652,-27.78535,3.686234,0.4791739,0.5707720000000001,0.02035236,1.194778,-0.04934829,0.3222073,0.01621882,-0.1398719,5.115332,-0.6813011,32.99
3,0.01960754,-0.4334106,0.9009705,1.0,-0.01237488,-0.4250183,0.9050903,-31.74734,1.234283,-29.52107,3.114822,0.5165579,0.6142316,1.0,0.2076873999999999,-0.4729766999999999,0.8562316999999999,32.52237,1.799652,-27.78535,3.686234,0.4791739,0.5707720000000001,0.02035236,1.194778,-0.04934829,0.3222073,0.01621882,-0.1398719,5.115332,-0.6813011,32.99
3,0.01960754,-0.4334106,0.9009705,1.0,-0.01237488,-0.4250183,0.9050903,-31.74734,1.234283,-29.52107,3.114822,0.5165579,0.6142316,1.0,0.2076873999999999,-0.4729766999999999,0.8562316999999999,32.52237,1.799652,-27.78535,3.686234,0.4791739,0.5707720000000001,0.02035236,1.194778,-0.04934829,0.3222073,0.01621882,-0.1398719,5.115332,-0.6813011,32.99
3,0.06169128,-0.3932647999999999,0.9173431,1.0,0.03266907,-0.3786163,0.9249573,-31.62292,1.331345,-29.50253,3.19043,0.5067814,0.604324,1.0,0.2004395,-0.4575805999999999,0.8662719999999999,32.64935,1.858871,-27.74977,3.536499,0.4758912999999999,0.566358,0.009170294,1.197125,-0.04440218,0.3192965,-0.006219599,-0.1280156,5.115332,-0.6813011,32.99
3,0.06169128,-0.3932647999999999,0.9173431,1.0,0.03266907,-0.3786163,0.9249573,-31.62292,1.331345,-29.50253,3.19043,0.5067814,0.604324,1.0,0.2004395,-0.4575805999999999,0.8662719999999999,32.64935,1.858871,-27.74977,3.536499,0.4758912999999999,0.566358,0.009170294,1.197125,-0.04440218,0.3192965,-0.006219599,-0.1280156,5.115332,-0.6813011,32.99
3,0.06169128,-0.3932647999999999,0.9173431,1.0,0.03266907,-0.3786163,0.9249573,-31.62292,1.331345,-29.50253,3.19043,0.5067814,0.604324,1.0,0.2004395,-0.4575805999999999,0.8662719999999999,32.64935,1.858871,-27.74977,3.536499,0.4758912999999999,0.566358,0.009170294,1.197125,-0.04440218,0.3192965,-0.006219599,-0.1280156,5.115332,-0.6813011,32.99
3,0.3127747,-0.3443756,0.8851929000000001,1.0,0.2897339,-0.331955,0.8976898000000001,-30.5592,1.5632629999999998,-29.69858,3.422775,0.4387157999999999,0.5933515,1.0,0.4138335999999999,-0.3969420999999999,0.8192444,33.58606,1.781738,-28.12601,3.534653,0.4174407,0.5657063,-0.001720428,1.200165,-0.03998166,0.3150612,-0.03123617,-0.1144089,5.115332,-0.6813011,32.99
3,0.3127747,-0.3443756,0.8851929000000001,1.0,0.2897339,-0.331955,0.8976898000000001,-30.5592,1.5632629999999998,-29.69858,3.422775,0.4387157999999999,0.5933515,1.0,0.4138335999999999,-0.3969420999999999,0.8192444,33.58606,1.781738,-28.12601,3.534653,0.4174407,0.5657063,-0.001720428,1.200165,-0.03998166,0.3150612,-0.03123617,-0.1144089,5.115332,-0.6813011,32.99
3,0.3127747,-0.3443756,0.8851929000000001,1.0,0.2897339,-0.331955,0.8976898000000001,-30.5592,1.5632629999999998,-29.69858,3.422775,0.4387157999999999,0.5933515,1.0,0.4138335999999999,-0.3969420999999999,0.8192444,33.58606,1.781738,-28.12601,3.534653,0.4174407,0.5657063,-0.001720428,1.200165,-0.03998166,0.3150612,-0.03123617,-0.1144089,5.115332,-0.6813011,32.99
4,0.3127747,-0.3443756,0.8851929000000001,1.0,0.2897339,-0.331955,0.8976898000000001,-30.5592,1.5632629999999998,-29.69858,3.422775,0.4387157999999999,0.5933515,1.0,0.4138335999999999,-0.3969420999999999,0.8192444,33.58606,1.781738,-28.12601,3.534653,0.4174407,0.5657063,-0.01185012,1.202981,-0.03621674,0.310007,-0.05194031,-0.1074058,5.115332,16.19524,32.99
4,0.3127747,-0.3443756,0.8851929000000001,1.0,0.2897339,-0.331955,0.8976898000000001,-30.5592,1.5632629999999998,-29.69858,3.422775,0.4387157999999999,0.5933515,1.0,0.4138335999999999,-0.3969420999999999,0.8192444,33.58606,1.781738,-28.12601,3.534653,0.4174407,0.5657063,-0.01185012,1.202981,-0.03621674,0.310007,-0.05194031,-0.1074058,5.115332,16.19524,32.99
4,0.3127747,-0.3443756,0.8851929000000001,1.0,0.2897339,-0.331955,0.8976898000000001,-30.5592,1.5632629999999998,-29.69858,3.422775,0.4387157999999999,0.5933515,1.0,0.4138335999999999,-0.3969420999999999,0.8192444,33.58606,1.781738,-28.12601,3.534653,0.4174407,0.5657063,-0.01185012,1.202981,-0.03621674,0.310007,-0.05194031,-0.1074058,5.115332,16.19524,32.99
4,0.3127747,-0.3443756,0.8851929000000001,1.0,0.2897339,-0.331955,0.8976898000000001,-30.5592,1.5632629999999998,-29.69858,3.422775,0.4387157999999999,0.5933515,1.0,0.4138335999999999,-0.3969420999999999,0.8192444,33.58606,1.781738,-28.12601,3.534653,0.4174407,0.5657063,-0.0205009,1.205558,-0.03344923,0.3054529,-0.07046175,-0.1002243,5.115332,16.19524,32.99
4,0.3127747,-0.3443756,0.8851929000000001,1.0,0.2897339,-0.331955,0.8976898000000001,-30.5592,1.5632629999999998,-29.69858,3.422775,0.4387157999999999,0.5933515,1.0,0.4138335999999999,-0.3969420999999999,0.8192444,33.58606,1.781738,-28.12601,3.534653,0.4174407,0.5657063,-0.0205009,1.205558,-0.03344923,0.3054529,-0.07046175,-0.1002243,5.115332,16.19524,32.99
4,0.3127747,-0.3443756,0.8851929000000001,1.0,0.2897339,-0.331955,0.8976898000000001,-30.5592,1.5632629999999998,-29.69858,3.422775,0.4387157999999999,0.5933515,1.0,0.4138335999999999,-0.3969420999999999,0.8192444,33.58606,1.781738,-28.12601,3.534653,0.4174407,0.5657063,-0.0205009,1.205558,-0.03344923,0.3054529,-0.07046175,-0.1002243,5.115332,16.19524,32.99
4,0.3578644,-0.3453217,0.8675537,1.0,0.280365,-0.3192139,0.9052429,-30.78339,1.471725,-29.68221,3.227188,0.4473202,0.5946139,1.0,0.4158173,-0.3636017,0.8335876,33.59921,1.830856,-28.09251,3.593262,0.4169573,0.5592632,-0.02842355,1.207564,-0.03133243,0.3019519,-0.08518287,-0.09303696,5.115332,16.19524,32.99
4,0.3578644,-0.3453217,0.8675537,1.0,0.280365,-0.3192139,0.9052429,-30.78339,1.471725,-29.68221,3.227188,0.4473202,0.5946139,1.0,0.4158173,-0.3636017,0.8335876,33.59921,1.830856,-28.09251,3.593262,0.4169573,0.5592632,-0.02842355,1.207564,-0.03133243,0.3019519,-0.08518287,-0.09303696,5.115332,16.19524,32.99
4,0.3578644,-0.3453217,0.8675537,1.0,0.280365,-0.3192139,0.9052429,-30.78339,1.471725,-29.68221,3.227188,0.4473202,0.5946139,1.0,0.4158173,-0.3636017,0.8335876,33.59921,1.830856,-28.09251,3.593262,0.4169573,0.5592632,-0.02842355,1.207564,-0.03133243,0.3019519,-0.08518287,-0.09303696,5.115332,16.19524,32.99
4,0.3443145999999999,-0.3431854,0.8738708000000001,1.0,0.2696991,-0.3299712999999999,0.9046326,-30.88068,1.45842,-29.66719,3.273514,0.4520687,0.5962812,1.0,0.3995055999999999,-0.3516998,0.8465729,33.56786,1.838928,-28.07079,3.594757,0.4201845999999999,0.5570301999999999,-0.03528833,1.209471,-0.02992594,0.2994283,-0.09664501,-0.08327504,5.115332,16.19524,32.99
4,0.3443145999999999,-0.3431854,0.8738708000000001,1.0,0.2696991,-0.3299712999999999,0.9046326,-30.88068,1.45842,-29.66719,3.273514,0.4520687,0.5962812,1.0,0.3995055999999999,-0.3516998,0.8465729,33.56786,1.838928,-28.07079,3.594757,0.4201845999999999,0.5570301999999999,-0.03528833,1.209471,-0.02992594,0.2994283,-0.09664501,-0.08327504,5.115332,16.19524,32.99
4,0.3443145999999999,-0.3431854,0.8738708000000001,1.0,0.2696991,-0.3299712999999999,0.9046326,-30.88068,1.45842,-29.66719,3.273514,0.4520687,0.5962812,1.0,0.3995055999999999,-0.3516998,0.8465729,33.56786,1.838928,-28.07079,3.594757,0.4201845999999999,0.5570301999999999,-0.03528833,1.209471,-0.02992594,0.2994283,-0.09664501,-0.08327504,5.115332,16.19524,32.99
4,0.3443145999999999,-0.3431854,0.8738708000000001,1.0,0.2696991,-0.3299712999999999,0.9046326,-30.88068,1.45842,-29.66719,3.273514,0.4520687,0.5962812,1.0,0.3995055999999999,-0.3516998,0.8465729,33.56786,1.838928,-28.07079,3.594757,0.4201845999999999,0.5570301999999999,-0.04168296,1.211418,-0.02933717,0.2968693,-0.1075686,-0.07315353,5.115332,16.19524,32.99
4,0.3443145999999999,-0.3431854,0.8738708000000001,1.0,0.2696991,-0.3299712999999999,0.9046326,-30.88068,1.45842,-29.66719,3.273514,0.4520687,0.5962812,1.0,0.3995055999999999,-0.3516998,0.8465729,33.56786,1.838928,-28.07079,3.594757,0.4201845999999999,0.5570301999999999,-0.04168296,1.211418,-0.02933717,0.2968693,-0.1075686,-0.07315353,5.115332,16.19524,32.99
4,0.3443145999999999,-0.3431854,0.8738708000000001,1.0,0.2696991,-0.3299712999999999,0.9046326,-30.88068,1.45842,-29.66719,3.273514,0.4520687,0.5962812,1.0,0.3995055999999999,-0.3516998,0.8465729,33.56786,1.838928,-28.07079,3.594757,0.4201845999999999,0.5570301999999999,-0.04168296,1.211418,-0.02933717,0.2968693,-0.1075686,-0.07315353,5.115332,16.19524,32.99
4,0.3154755,-0.350174,0.8819427,1.0,0.2119751,-0.3519897,0.9116669,-31.13597,1.623611,-29.56107,3.169525,0.4678942,0.5920347,1.0,0.3573303,-0.3482361,0.8666229,33.51006,1.998215,-27.97986,3.606125,0.4276299,0.5499432,-0.04790115,1.214102,-0.0292666,0.2918009,-0.1179936,-0.0631756,5.115332,18.14799,32.99
4,0.3154755,-0.350174,0.8819427,1.0,0.2119751,-0.3519897,0.9116669,-31.13597,1.623611,-29.56107,3.169525,0.4678942,0.5920347,1.0,0.3573303,-0.3482361,0.8666229,33.51006,1.998215,-27.97986,3.606125,0.4276299,0.5499432,-0.04790115,1.214102,-0.0292666,0.2918009,-0.1179936,-0.0631756,5.115332,18.14799,32.99
4,0.3154755,-0.350174,0.8819427,1.0,0.2119751,-0.3519897,0.9116669,-31.13597,1.623611,-29.56107,3.169525,0.4678942,0.5920347,1.0,0.3573303,-0.3482361,0.8666229,33.51006,1.998215,-27.97986,3.606125,0.4276299,0.5499432,-0.04790115,1.214102,-0.0292666,0.2918009,-0.1179936,-0.0631756,5.115332,18.14799,32.99
4,0.3055267,-0.3279724,0.8939056000000001,1.0,0.2188416,-0.3256073,0.9198151,-31.13918,1.641113,-29.55388,3.259888,0.4673614,0.5878426,1.0,0.344696,-0.3281555,0.8794708000000001,33.52519,2.053497,-27.94965,3.581253,0.4288119999999999,0.5450682,-0.05450773,1.2178129999999998,-0.02940935,0.2830500999999999,-0.1279201,-0.05765778,5.115332,18.14799,32.99
4,0.3055267,-0.3279724,0.8939056000000001,1.0,0.2188416,-0.3256073,0.9198151,-31.13918,1.641113,-29.55388,3.259888,0.4673614,0.5878426,1.0,0.344696,-0.3281555,0.8794708000000001,33.52519,2.053497,-27.94965,3.581253,0.4288119999999999,0.5450682,-0.05450773,1.2178129999999998,-0.02940935,0.2830500999999999,-0.1279201,-0.05765778,5.115332,18.14799,32.99
4,0.3055267,-0.3279724,0.8939056000000001,1.0,0.2188416,-0.3256073,0.9198151,-31.13918,1.641113,-29.55388,3.259888,0.4673614,0.5878426,1.0,0.344696,-0.3281555,0.8794708000000001,33.52519,2.053497,-27.94965,3.581253,0.4288119999999999,0.5450682,-0.05450773,1.2178129999999998,-0.02940935,0.2830500999999999,-0.1279201,-0.05765778,5.115332,18.14799,32.99
4,0.3055267,-0.3279724,0.8939056000000001,1.0,0.2188416,-0.3256073,0.9198151,-31.13918,1.641113,-29.55388,3.259888,0.4673614,0.5878426,1.0,0.344696,-0.3281555,0.8794708000000001,33.52519,2.053497,-27.94965,3.581253,0.4288119999999999,0.5450682,-0.06178474,1.221981,-0.02990478,0.2710761,-0.1439172999999999,-0.05053386,5.106362,18.14799,32.99
4,0.3055267,-0.3279724,0.8939056000000001,1.0,0.2188416,-0.3256073,0.9198151,-31.13918,1.641113,-29.55388,3.259888,0.4673614,0.5878426,1.0,0.344696,-0.3281555,0.8794708000000001,33.52519,2.053497,-27.94965,3.581253,0.4288119999999999,0.5450682,-0.06178474,1.221981,-0.02990478,0.2710761,-0.1439172999999999,-0.05053386,5.106362,18.14799,32.99
4,0.3055267,-0.3279724,0.8939056000000001,1.0,0.2188416,-0.3256073,0.9198151,-31.13918,1.641113,-29.55388,3.259888,0.4673614,0.5878426,1.0,0.344696,-0.3281555,0.8794708000000001,33.52519,2.053497,-27.94965,3.581253,0.4288119999999999,0.5450682,-0.06178474,1.221981,-0.02990478,0.2710761,-0.1439172999999999,-0.05053386,5.106362,18.14799,32.99
4,0.5293274,-0.1432037,0.8362274,1.0,0.4222412,-0.1730957,0.8897858000000001,-30.07852,2.5345150000000003,-29.70406,3.461731,0.4063623,0.5405976,1.0,0.567688,-0.1313477,0.8126831,34.32568,2.811905,-28.19843,3.807999,0.3736012,0.4992614,-0.07005978,1.227003,-0.03094953,0.2555385,-0.1629156,-0.04407804,5.106362,18.14799,32.99
4,0.5293274,-0.1432037,0.8362274,1.0,0.4222412,-0.1730957,0.8897858000000001,-30.07852,2.5345150000000003,-29.70406,3.461731,0.4063623,0.5405976,1.0,0.567688,-0.1313477,0.8126831,34.32568,2.811905,-28.19843,3.807999,0.3736012,0.4992614,-0.07005978,1.227003,-0.03094953,0.2555385,-0.1629156,-0.04407804,5.106362,18.14799,32.99
4,0.5293274,-0.1432037,0.8362274,1.0,0.4222412,-0.1730957,0.8897858000000001,-30.07852,2.5345150000000003,-29.70406,3.461731,0.4063623,0.5405976,1.0,0.567688,-0.1313477,0.8126831,34.32568,2.811905,-28.19843,3.807999,0.3736012,0.4992614,-0.07005978,1.227003,-0.03094953,0.2555385,-0.1629156,-0.04407804,5.106362,18.14799,32.99
4,0.5312958000000001,-0.07157898,0.8441466999999999,1.0,0.5184784,-0.08587646,0.8507538,-29.86383,2.544449,-29.91808,3.417557,0.3865559,0.5325638,0.6220642,0.5835724,-0.01020813,0.8119812,34.86029,2.800186,-28.50102,3.981934,0.3530819,0.4875219,-0.0787468,1.2321799999999998,-0.03261071,0.2414871,-0.1815642,-0.04078884,5.106362,18.14799,32.99
4,0.5312958000000001,-0.07157898,0.8441466999999999,1.0,0.5184784,-0.08587646,0.8507538,-29.86383,2.544449,-29.91808,3.417557,0.3865559,0.5325638,0.6220642,0.5835724,-0.01020813,0.8119812,34.86029,2.800186,-28.50102,3.981934,0.3530819,0.4875219,-0.0787468,1.2321799999999998,-0.03261071,0.2414871,-0.1815642,-0.04078884,5.106362,18.14799,32.99
4,0.5312958000000001,-0.07157898,0.8441466999999999,1.0,0.5184784,-0.08587646,0.8507538,-29.86383,2.544449,-29.91808,3.417557,0.3865559,0.5325638,0.6220642,0.5835724,-0.01020813,0.8119812,34.86029,2.800186,-28.50102,3.981934,0.3530819,0.4875219,-0.0787468,1.2321799999999998,-0.03261071,0.2414871,-0.1815642,-0.04078884,5.106362,18.14799,32.99
4,0.4931793,-0.03475952,0.8692169,1.0,0.4862061,-0.03071594,0.873291,-30.11024,2.3081970000000003,-29.84787,3.573929,0.399676,0.5327373000000001,1.0,0.5359802,-0.06007385,0.8420715,34.76469,2.598343,-28.39851,3.654388,0.3626809,0.4986738,-0.08789825,1.2369709999999998,-0.03529221,0.2294904,-0.2003209,-0.0364005,5.106362,18.14799,32.99
4,0.4931793,-0.03475952,0.8692169,1.0,0.4862061,-0.03071594,0.873291,-30.11024,2.3081970000000003,-29.84787,3.573929,0.399676,0.5327373000000001,1.0,0.5359802,-0.06007385,0.8420715,34.76469,2.598343,-28.39851,3.654388,0.3626809,0.4986738,-0.08789825,1.2369709999999998,-0.03529221,0.2294904,-0.2003209,-0.0364005,5.106362,18.14799,32.99
4,0.4931793,-0.03475952,0.8692169,1.0,0.4862061,-0.03071594,0.873291,-30.11024,2.3081970000000003,-29.84787,3.573929,0.399676,0.5327373000000001,1.0,0.5359802,-0.06007385,0.8420715,34.76469,2.598343,-28.39851,3.654388,0.3626809,0.4986738,-0.08789825,1.2369709999999998,-0.03529221,0.2294904,-0.2003209,-0.0364005,5.106362,18.14799,32.99
4,0.3768158,-0.1040955,0.9204101999999998,1.0,0.3681793,-0.1045226999999999,0.9238586,-30.43175,2.212006,-29.61765,3.393784,0.4253281,0.5415508000000001,1.0,0.4767456,-0.0983429,0.8735199,34.58215,2.503235,-28.26273,3.79451,0.3767964,0.5048139,-0.09719539,1.242099,-0.03829706,0.215765,-0.2201630999999999,-0.03000597,5.106362,5.923973,33.01
4,0.3768158,-0.1040955,0.9204101999999998,1.0,0.3681793,-0.1045226999999999,0.9238586,-30.43175,2.212006,-29.61765,3.393784,0.4253281,0.5415508000000001,1.0,0.4767456,-0.0983429,0.8735199,34.58215,2.503235,-28.26273,3.79451,0.3767964,0.5048139,-0.09719539,1.242099,-0.03829706,0.215765,-0.2201630999999999,-0.03000597,5.106362,5.923973,33.01
4,0.3768158,-0.1040955,0.9204101999999998,1.0,0.3681793,-0.1045226999999999,0.9238586,-30.43175,2.212006,-29.61765,3.393784,0.4253281,0.5415508000000001,1.0,0.4767456,-0.0983429,0.8735199,34.58215,2.503235,-28.26273,3.79451,0.3767964,0.5048139,-0.09719539,1.242099,-0.03829706,0.215765,-0.2201630999999999,-0.03000597,5.106362,5.923973,33.01
4,0.3827514999999999,-0.1616211,0.9095917,1.0,0.3268127,-0.1679077,0.9300385,-30.54138,2.213913,-29.53787,3.3929440000000004,0.4341484,0.5483161999999999,1.0,0.4988707999999999,-0.1460571,0.8542633,34.27553,2.593414,-28.135590000000004,3.794907,0.3843896,0.5069299,-0.1064913,1.247765,-0.04130679,0.1989397,-0.2411208,-0.02455435,5.106362,5.923973,33.01
4,0.3827514999999999,-0.1616211,0.9095917,1.0,0.3268127,-0.1679077,0.9300385,-30.54138,2.213913,-29.53787,3.3929440000000004,0.4341484,0.5483161999999999,1.0,0.4988707999999999,-0.1460571,0.8542633,34.27553,2.593414,-28.135590000000004,3.794907,0.3843896,0.5069299,-0.1064913,1.247765,-0.04130679,0.1989397,-0.2411208,-0.02455435,5.106362,5.923973,33.01
4,0.3827514999999999,-0.1616211,0.9095917,1.0,0.3268127,-0.1679077,0.9300385,-30.54138,2.213913,-29.53787,3.3929440000000004,0.4341484,0.5483161999999999,1.0,0.4988707999999999,-0.1460571,0.8542633,34.27553,2.593414,-28.135590000000004,3.794907,0.3843896,0.5069299,-0.1064913,1.247765,-0.04130679,0.1989397,-0.2411208,-0.02455435,5.106362,5.923973,33.01
4,0.3819275,-0.1544342,0.9111938,1.0,0.3258514,-0.1557922,0.9324799,-30.680390000000003,2.201538,-29.51897,3.3350980000000003,0.4389858,0.5470257,1.0,0.4828795999999999,-0.1504059,0.8626709000000001,34.12859,2.737457,-28.03656,3.728134,0.3915782,0.5015842,-0.1153355,1.253736,-0.0444450999999999,0.1805531,-0.2598101,-0.02392858,5.106362,5.923973,33.01
4,0.3819275,-0.1544342,0.9111938,1.0,0.3258514,-0.1557922,0.9324799,-30.680390000000003,2.201538,-29.51897,3.3350980000000003,0.4389858,0.5470257,1.0,0.4828795999999999,-0.1504059,0.8626709000000001,34.12859,2.737457,-28.03656,3.728134,0.3915782,0.5015842,-0.1153355,1.253736,-0.0444450999999999,0.1805531,-0.2598101,-0.02392858,5.106362,5.923973,33.01
4,0.3819275,-0.1544342,0.9111938,1.0,0.3258514,-0.1557922,0.9324799,-30.680390000000003,2.201538,-29.51897,3.3350980000000003,0.4389858,0.5470257,1.0,0.4828795999999999,-0.1504059,0.8626709000000001,34.12859,2.737457,-28.03656,3.728134,0.3915782,0.5015842,-0.1153355,1.253736,-0.0444450999999999,0.1805531,-0.2598101,-0.02392858,5.106362,5.923973,33.01
4,0.561615,-0.05206299,0.8257445999999999,1.0,0.4697113,-0.08422852,0.8787841999999999,-29.96645,2.672974,-29.81136,3.419617,0.3965546,0.5261573,1.0,0.6348267,-0.02401733,0.7722778,34.67468,3.113373,-28.40253,3.940582,0.3525417999999999,0.4786497,-0.1243204999999999,1.260684,-0.04791474,0.1578209,-0.2838295,-0.01762257,5.106362,5.923973,33.01
4,0.561615,-0.05206299,0.8257445999999999,1.0,0.4697113,-0.08422852,0.8787841999999999,-29.96645,2.672974,-29.81136,3.419617,0.3965546,0.5261573,1.0,0.6348267,-0.02401733,0.7722778,34.67468,3.113373,-28.40253,3.940582,0.3525417999999999,0.4786497,-0.1243204999999999,1.260684,-0.04791474,0.1578209,-0.2838295,-0.01762257,5.106362,5.923973,33.01
4,0.561615,-0.05206299,0.8257445999999999,1.0,0.4697113,-0.08422852,0.8787841999999999,-29.96645,2.672974,-29.81136,3.419617,0.3965546,0.5261573,1.0,0.6348267,-0.02401733,0.7722778,34.67468,3.113373,-28.40253,3.940582,0.3525417999999999,0.4786497,-0.1243204999999999,1.260684,-0.04791474,0.1578209,-0.2838295,-0.01762257,5.106362,5.923973,33.01
4,0.5031433,-0.056427,0.8623504999999999,1.0,0.5031433,-0.056427,0.8623504999999999,-29.94791,2.593491,-29.88605,3.344315,0.3914145999999999,0.5265776,1.0,0.0,0.0,0.0,34.77882,3.2069400000000003,-28.50346,-1.0,0.3443589,0.4723592,-0.1330849999999999,1.26811,-0.05197126,0.1340356,-0.3055612,-0.01522017,5.106362,5.923973,33.01
4,0.5031433,-0.056427,0.8623504999999999,1.0,0.5031433,-0.056427,0.8623504999999999,-29.94791,2.593491,-29.88605,3.344315,0.3914145999999999,0.5265776,1.0,0.0,0.0,0.0,34.77882,3.2069400000000003,-28.50346,-1.0,0.3443589,0.4723592,-0.1330849999999999,1.26811,-0.05197126,0.1340356,-0.3055612,-0.01522017,5.106362,5.923973,33.01
4,0.5031433,-0.056427,0.8623504999999999,1.0,0.5031433,-0.056427,0.8623504999999999,-29.94791,2.593491,-29.88605,3.344315,0.3914145999999999,0.5265776,1.0,0.0,0.0,0.0,34.77882,3.2069400000000003,-28.50346,-1.0,0.3443589,0.4723592,-0.1330849999999999,1.26811,-0.05197126,0.1340356,-0.3055612,-0.01522017,5.106362,5.923973,33.01
4,0.5634766,-0.009033203,0.8260803,1.0,0.4673004,-0.06066895,0.8820038,-30.48004,2.210693,-29.7135,3.418671,0.41458,0.538339,1.0,0.5929413,0.007781982,0.805191,34.43764,2.765732,-28.33299,3.903702,0.3663872,0.4853154,-0.140506,1.275539,-0.05554068,0.1125746,-0.3237875999999999,-0.01076851,5.106362,11.31222,33.01
4,0.5634766,-0.009033203,0.8260803,1.0,0.4673004,-0.06066895,0.8820038,-30.48004,2.210693,-29.7135,3.418671,0.41458,0.538339,1.0,0.5929413,0.007781982,0.805191,34.43764,2.765732,-28.33299,3.903702,0.3663872,0.4853154,-0.140506,1.275539,-0.05554068,0.1125746,-0.3237875999999999,-0.01076851,5.106362,11.31222,33.01
4,0.5634766,-0.009033203,0.8260803,1.0,0.4673004,-0.06066895,0.8820038,-30.48004,2.210693,-29.7135,3.418671,0.41458,0.538339,1.0,0.5929413,0.007781982,0.805191,34.43764,2.765732,-28.33299,3.903702,0.3663872,0.4853154,-0.140506,1.275539,-0.05554068,0.1125746,-0.3237875999999999,-0.01076851,5.106362,11.31222,33.01
4,0.5184021,-0.0713501,0.8521423,1.0,0.414566,-0.08540344,0.9059906,-31.03575,1.754028,-29.58206,3.281601,0.4400449,0.5552600999999999,1.0,0.5516357,-0.06642151,0.8314209000000001,33.91212,2.400009,-28.14967,3.808609,0.3898022,0.5046036,-0.146405,1.28272,-0.05777615,0.08704563,-0.3309393,-0.004979511,5.106362,11.31222,33.01
4,0.5184021,-0.0713501,0.8521423,1.0,0.414566,-0.08540344,0.9059906,-31.03575,1.754028,-29.58206,3.281601,0.4400449,0.5552600999999999,1.0,0.5516357,-0.06642151,0.8314209000000001,33.91212,2.400009,-28.14967,3.808609,0.3898022,0.5046036,-0.146405,1.28272,-0.05777615,0.08704563,-0.3309393,-0.004979511,5.106362,11.31222,33.01
4,0.5184021,-0.0713501,0.8521423,1.0,0.414566,-0.08540344,0.9059906,-31.03575,1.754028,-29.58206,3.281601,0.4400449,0.5552600999999999,1.0,0.5516357,-0.06642151,0.8314209000000001,33.91212,2.400009,-28.14967,3.808609,0.3898022,0.5046036,-0.146405,1.28272,-0.05777615,0.08704563,-0.3309393,-0.004979511,5.106362,11.31222,33.01
4,0.5011749,-0.07411194,0.8621521000000001,1.0,0.3865662,-0.1173553,0.9147491,-31.01013,1.495895,-29.60245,3.294479,0.4425603,0.5680050999999999,1.0,0.5425262,-0.05728149,0.8380736999999999,33.89374,2.17366,-28.17599,3.701782,0.3914884,0.5111340999999999,-0.1521102999999999,1.288062,-0.0614062,0.07033846,-0.341093,0.00532512,5.106362,11.31222,33.01
4,0.5011749,-0.07411194,0.8621521000000001,1.0,0.3865662,-0.1173553,0.9147491,-31.01013,1.495895,-29.60245,3.294479,0.4425603,0.5680050999999999,1.0,0.5425262,-0.05728149,0.8380736999999999,33.89374,2.17366,-28.17599,3.701782,0.3914884,0.5111340999999999,-0.1521102999999999,1.288062,-0.0614062,0.07033846,-0.341093,0.00532512,5.106362,11.31222,33.01
4,0.5011749,-0.07411194,0.8621521000000001,1.0,0.3865662,-0.1173553,0.9147491,-31.01013,1.495895,-29.60245,3.294479,0.4425603,0.5680050999999999,1.0,0.5425262,-0.05728149,0.8380736999999999,33.89374,2.17366,-28.17599,3.701782,0.3914884,0.5111340999999999,-0.1521102999999999,1.288062,-0.0614062,0.07033846,-0.341093,0.00532512,5.106362,11.31222,33.01
4,0.5011749,-0.07411194,0.8621521000000001,1.0,0.3865662,-0.1173553,0.9147491,-31.01013,1.495895,-29.60245,3.294479,0.4425603,0.5680050999999999,1.0,0.5425262,-0.05728149,0.8380736999999999,33.89374,2.17366,-28.17599,3.701782,0.3914884,0.5111340999999999,-0.1632878999999999,1.292195,-0.07213229,0.06130738,-0.3822515999999999,0.02321295,5.106362,1.118103,33.01
4,0.5011749,-0.07411194,0.8621521000000001,1.0,0.3865662,-0.1173553,0.9147491,-31.01013,1.495895,-29.60245,3.294479,0.4425603,0.5680050999999999,1.0,0.5425262,-0.05728149,0.8380736999999999,33.89374,2.17366,-28.17599,3.701782,0.3914884,0.5111340999999999,-0.1632878999999999,1.292195,-0.07213229,0.06130738,-0.3822515999999999,0.02321295,5.106362,1.118103,33.01
4,0.5011749,-0.07411194,0.8621521000000001,1.0,0.3865662,-0.1173553,0.9147491,-31.01013,1.495895,-29.60245,3.294479,0.4425603,0.5680050999999999,1.0,0.5425262,-0.05728149,0.8380736999999999,33.89374,2.17366,-28.17599,3.701782,0.3914884,0.5111340999999999,-0.1632878999999999,1.292195,-0.07213229,0.06130738,-0.3822515999999999,0.02321295,5.106362,1.118103,33.01
4,0.3840332,-0.1327057,0.9137268,1.0,0.3199614999999999,-0.1387939,0.9371948,-31.12355,1.24881,-29.56,3.2826690000000003,0.454655,0.5780852,1.0,0.435791,-0.127182,0.8910065,33.77342,1.994492,-28.04265,3.636002,0.4093884,0.5232787999999999,-0.1680195,1.292799,-0.0765416,0.05902337,-0.4012647,0.0227205,5.106362,1.118103,33.01
4,0.3840332,-0.1327057,0.9137268,1.0,0.3199614999999999,-0.1387939,0.9371948,-31.12355,1.24881,-29.56,3.2826690000000003,0.454655,0.5780852,1.0,0.435791,-0.127182,0.8910065,33.77342,1.994492,-28.04265,3.636002,0.4093884,0.5232787999999999,-0.1680195,1.292799,-0.0765416,0.05902337,-0.4012647,0.0227205,5.106362,1.118103,33.01
4,0.3840332,-0.1327057,0.9137268,1.0,0.3199614999999999,-0.1387939,0.9371948,-31.12355,1.24881,-29.56,3.2826690000000003,0.454655,0.5780852,1.0,0.435791,-0.127182,0.8910065,33.77342,1.994492,-28.04265,3.636002,0.4093884,0.5232787999999999,-0.1680195,1.292799,-0.0765416,0.05902337,-0.4012647,0.0227205,5.106362,1.118103,33.01
4,0.3144989,-0.1434631,0.9383392,1.0,0.2504272,-0.1599121,0.9548187,-31.34163,1.323502,-29.454190000000004,3.206223,0.4706247999999999,0.5765353,1.0,0.4137878,-0.115799,0.9029694,33.517,2.11261,-27.9467,3.616089,0.4209791,0.516921,-0.1713991,1.29248,-0.07965058,0.05929791,-0.4159139,0.02426192,5.106362,1.118103,33.01
4,0.3144989,-0.1434631,0.9383392,1.0,0.2504272,-0.1599121,0.9548187,-31.34163,1.323502,-29.454190000000004,3.206223,0.4706247999999999,0.5765353,1.0,0.4137878,-0.115799,0.9029694,33.517,2.11261,-27.9467,3.616089,0.4209791,0.516921,-0.1713991,1.29248,-0.07965058,0.05929791,-0.4159139,0.02426192,5.106362,1.118103,33.01
4,0.3144989,-0.1434631,0.9383392,1.0,0.2504272,-0.1599121,0.9548187,-31.34163,1.323502,-29.454190000000004,3.206223,0.4706247999999999,0.5765353,1.0,0.4137878,-0.115799,0.9029694,33.517,2.11261,-27.9467,3.616089,0.4209791,0.516921,-0.1713991,1.29248,-0.07965058,0.05929791,-0.4159139,0.02426192,5.106362,1.118103,33.01
4,0.3119659,-0.1414032,0.9394989,1.0,0.2489623999999999,-0.1613158999999999,0.9549713,-31.62534,1.324402,-29.41588,3.221191,0.4806112,0.5763633,1.0,0.3820038,-0.1179351999999999,0.9165955,33.20465,2.188705,-27.84348,3.657593,0.4356024999999999,0.5135795,-0.1742289,1.292125,-0.08206528,0.05585207,-0.4290742999999999,0.02955085,5.106362,1.118103,33.01
4,0.3119659,-0.1414032,0.9394989,1.0,0.2489623999999999,-0.1613158999999999,0.9549713,-31.62534,1.324402,-29.41588,3.221191,0.4806112,0.5763633,1.0,0.3820038,-0.1179351999999999,0.9165955,33.20465,2.188705,-27.84348,3.657593,0.4356024999999999,0.5135795,-0.1742289,1.292125,-0.08206528,0.05585207,-0.4290742999999999,0.02955085,5.106362,1.118103,33.01
4,0.3119659,-0.1414032,0.9394989,1.0,0.2489623999999999,-0.1613158999999999,0.9549713,-31.62534,1.324402,-29.41588,3.221191,0.4806112,0.5763633,1.0,0.3820038,-0.1179351999999999,0.9165955,33.20465,2.188705,-27.84348,3.657593,0.4356024999999999,0.5135795,-0.1742289,1.292125,-0.08206528,0.05585207,-0.4290742999999999,0.02955085,5.106362,1.118103,33.01
4,0.3119659,-0.1414032,0.9394989,1.0,0.2489623999999999,-0.1613158999999999,0.9549713,-31.62534,1.324402,-29.41588,3.221191,0.4806112,0.5763633,1.0,0.3820038,-0.1179351999999999,0.9165955,33.20465,2.188705,-27.84348,3.657593,0.4356024999999999,0.5135795,-0.1761684,1.291938,-0.08356792,0.05679445,-0.4383805,0.02623376,5.106362,1.118103,33.01
4,0.3119659,-0.1414032,0.9394989,1.0,0.2489623999999999,-0.1613158999999999,0.9549713,-31.62534,1.324402,-29.41588,3.221191,0.4806112,0.5763633,1.0,0.3820038,-0.1179351999999999,0.9165955,33.20465,2.188705,-27.84348,3.657593,0.4356024999999999,0.5135795,-0.1761684,1.291938,-0.08356792,0.05679445,-0.4383805,0.02623376,5.106362,1.118103,33.01
4,0.3119659,-0.1414032,0.9394989,1.0,0.2489623999999999,-0.1613158999999999,0.9549713,-31.62534,1.324402,-29.41588,3.221191,0.4806112,0.5763633,1.0,0.3820038,-0.1179351999999999,0.9165955,33.20465,2.188705,-27.84348,3.657593,0.4356024999999999,0.5135795,-0.1761684,1.291938,-0.08356792,0.05679445,-0.4383805,0.02623376,5.106362,1.118103,33.01
4,0.2811737,-0.135025,0.9501038,1.0,0.2123717999999999,-0.1482849,0.9658661,-31.72868,1.391602,-29.37497,3.222275,0.4886914,0.5717705,1.0,0.3579102,-0.1190491,0.9261322,33.06927,2.195206,-27.794040000000003,3.669769,0.4431923,0.5129357,-0.1776476,1.292174,-0.08517861,0.05754356,-0.4482237,0.02649488,5.106362,1.118103,33.01
4,0.2811737,-0.135025,0.9501038,1.0,0.2123717999999999,-0.1482849,0.9658661,-31.72868,1.391602,-29.37497,3.222275,0.4886914,0.5717705,1.0,0.3579102,-0.1190491,0.9261322,33.06927,2.195206,-27.794040000000003,3.669769,0.4431923,0.5129357,-0.1776476,1.292174,-0.08517861,0.05754356,-0.4482237,0.02649488,5.106362,1.118103,33.01
4,0.2811737,-0.135025,0.9501038,1.0,0.2123717999999999,-0.1482849,0.9658661,-31.72868,1.391602,-29.37497,3.222275,0.4886914,0.5717705,1.0,0.3579102,-0.1190491,0.9261322,33.06927,2.195206,-27.794040000000003,3.669769,0.4431923,0.5129357,-0.1776476,1.292174,-0.08517861,0.05754356,-0.4482237,0.02649488,5.106362,1.118103,33.01
4,0.2811737,-0.135025,0.9501038,1.0,0.2123717999999999,-0.1482849,0.9658661,-31.72868,1.391602,-29.37497,3.222275,0.4886914,0.5717705,1.0,0.3579102,-0.1190491,0.9261322,33.06927,2.195206,-27.794040000000003,3.669769,0.4431923,0.5129357,-0.1785042,1.292363,-0.08637232,0.05999616,-0.4545729,0.02273295,5.106362,1.118103,33.01
4,0.2811737,-0.135025,0.9501038,1.0,0.2123717999999999,-0.1482849,0.9658661,-31.72868,1.391602,-29.37497,3.222275,0.4886914,0.5717705,1.0,0.3579102,-0.1190491,0.9261322,33.06927,2.195206,-27.794040000000003,3.669769,0.4431923,0.5129357,-0.1785042,1.292363,-0.08637232,0.05999616,-0.4545729,0.02273295,5.106362,1.118103,33.01
4,0.2811737,-0.135025,0.9501038,1.0,0.2123717999999999,-0.1482849,0.9658661,-31.72868,1.391602,-29.37497,3.222275,0.4886914,0.5717705,1.0,0.3579102,-0.1190491,0.9261322,33.06927,2.195206,-27.794040000000003,3.669769,0.4431923,0.5129357,-0.1785042,1.292363,-0.08637232,0.05999616,-0.4545729,0.02273295,5.106362,1.118103,33.01
4,0.2704163,-0.1406555,0.9524078,1.0,0.1980896,-0.1663361,0.9659576,-31.77161,1.417435,-29.34494,3.100891,0.4916991,0.5727372,1.0,0.3394928,-0.1147461,0.9335785,33.09335,2.2031560000000003,-27.80237,3.692307,0.4446632,0.5120998,-0.1791687,1.292209,-0.08665782,0.06305082,-0.4570095999999999,0.0275606,5.106362,-24.10966,33.01
4,0.2704163,-0.1406555,0.9524078,1.0,0.1980896,-0.1663361,0.9659576,-31.77161,1.417435,-29.34494,3.100891,0.4916991,0.5727372,1.0,0.3394928,-0.1147461,0.9335785,33.09335,2.2031560000000003,-27.80237,3.692307,0.4446632,0.5120998,-0.1791687,1.292209,-0.08665782,0.06305082,-0.4570095999999999,0.0275606,5.106362,-24.10966,33.01
4,0.2704163,-0.1406555,0.9524078,1.0,0.1980896,-0.1663361,0.9659576,-31.77161,1.417435,-29.34494,3.100891,0.4916991,0.5727372,1.0,0.3394928,-0.1147461,0.9335785,33.09335,2.2031560000000003,-27.80237,3.692307,0.4446632,0.5120998,-0.1791687,1.292209,-0.08665782,0.06305082,-0.4570095999999999,0.0275606,5.106362,-24.10966,33.01
4,0.2704163,-0.1406555,0.9524078,1.0,0.1980896,-0.1663361,0.9659576,-31.77161,1.417435,-29.34494,3.100891,0.4916991,0.5727372,1.0,0.3394928,-0.1147461,0.9335785,33.09335,2.2031560000000003,-27.80237,3.692307,0.4446632,0.5120998,-0.1783254,1.290426,-0.08664089,0.06495918,-0.4522699,0.0324902,5.106362,-24.10966,33.01
4,0.2704163,-0.1406555,0.9524078,1.0,0.1980896,-0.1663361,0.9659576,-31.77161,1.417435,-29.34494,3.100891,0.4916991,0.5727372,1.0,0.3394928,-0.1147461,0.9335785,33.09335,2.2031560000000003,-27.80237,3.692307,0.4446632,0.5120998,-0.1783254,1.290426,-0.08664089,0.06495918,-0.4522699,0.0324902,5.106362,-24.10966,33.01
4,0.2704163,-0.1406555,0.9524078,1.0,0.1980896,-0.1663361,0.9659576,-31.77161,1.417435,-29.34494,3.100891,0.4916991,0.5727372,1.0,0.3394928,-0.1147461,0.9335785,33.09335,2.2031560000000003,-27.80237,3.692307,0.4446632,0.5120998,-0.1783254,1.290426,-0.08664089,0.06495918,-0.4522699,0.0324902,5.106362,-24.10966,33.01
4,0.4603424,-0.0476532,0.8864594000000001,1.0,0.3978729,-0.06887817,0.9148407,-31.21104,1.7606509999999995,-29.5535,3.2510220000000003,0.4481687,0.5524876,1.0,0.5475616,-0.01611328,0.8365935999999999,33.68253,2.615616,-28.09618,3.864151,0.3983198,0.4908398,-0.1780114,1.28971,-0.08752757,0.0656592,-0.4558662,0.04050914,5.106362,-24.10966,33.01
4,0.4603424,-0.0476532,0.8864594000000001,1.0,0.3978729,-0.06887817,0.9148407,-31.21104,1.7606509999999995,-29.5535,3.2510220000000003,0.4481687,0.5524876,1.0,0.5475616,-0.01611328,0.8365935999999999,33.68253,2.615616,-28.09618,3.864151,0.3983198,0.4908398,-0.1780114,1.28971,-0.08752757,0.0656592,-0.4558662,0.04050914,5.106362,-24.10966,33.01
4,0.4603424,-0.0476532,0.8864594000000001,1.0,0.3978729,-0.06887817,0.9148407,-31.21104,1.7606509999999995,-29.5535,3.2510220000000003,0.4481687,0.5524876,1.0,0.5475616,-0.01611328,0.8365935999999999,33.68253,2.615616,-28.09618,3.864151,0.3983198,0.4908398,-0.1780114,1.28971,-0.08752757,0.0656592,-0.4558662,0.04050914,5.106362,-24.10966,33.01
5,0.4603424,-0.0476532,0.8864594000000001,1.0,0.3978729,-0.06887817,0.9148407,-31.21104,1.7606509999999995,-29.5535,3.2510220000000003,0.4481687,0.5524876,1.0,0.5475616,-0.01611328,0.8365935999999999,33.68253,2.615616,-28.09618,3.864151,0.3983198,0.4908398,-0.1774224999999999,1.287972,-0.08861727,0.0716041,-0.4553897,0.03670705,5.106362,-24.10966,33.01
5,0.4603424,-0.0476532,0.8864594000000001,1.0,0.3978729,-0.06887817,0.9148407,-31.21104,1.7606509999999995,-29.5535,3.2510220000000003,0.4481687,0.5524876,1.0,0.5475616,-0.01611328,0.8365935999999999,33.68253,2.615616,-28.09618,3.864151,0.3983198,0.4908398,-0.1774224999999999,1.287972,-0.08861727,0.0716041,-0.4553897,0.03670705,5.106362,-24.10966,33.01
5,0.4603424,-0.0476532,0.8864594000000001,1.0,0.3978729,-0.06887817,0.9148407,-31.21104,1.7606509999999995,-29.5535,3.2510220000000003,0.4481687,0.5524876,1.0,0.5475616,-0.01611328,0.8365935999999999,33.68253,2.615616,-28.09618,3.864151,0.3983198,0.4908398,-0.1774224999999999,1.287972,-0.08861727,0.0716041,-0.4553897,0.03670705,5.106362,-24.10966,33.01
5,0.4285278,-0.01290894,0.9034271,1.0,0.3754272,-0.01982117,0.9266205,-30.9678,1.990753,-29.581570000000003,3.362289,0.4429356,0.538493,1.0,0.5434723000000001,0.002914429,0.8394165000000001,33.94713,2.840912,-28.1601,3.768524,0.3898884,0.4813009,-0.1771704999999999,1.286781,-0.09036011,0.07729085,-0.4617799,0.0398054,5.106362,-24.10966,33.01
5,0.4285278,-0.01290894,0.9034271,1.0,0.3754272,-0.01982117,0.9266205,-30.9678,1.990753,-29.581570000000003,3.362289,0.4429356,0.538493,1.0,0.5434723000000001,0.002914429,0.8394165000000001,33.94713,2.840912,-28.1601,3.768524,0.3898884,0.4813009,-0.1771704999999999,1.286781,-0.09036011,0.07729085,-0.4617799,0.0398054,5.106362,-24.10966,33.01
5,0.4285278,-0.01290894,0.9034271,1.0,0.3754272,-0.01982117,0.9266205,-30.9678,1.990753,-29.581570000000003,3.362289,0.4429356,0.538493,1.0,0.5434723000000001,0.002914429,0.8394165000000001,33.94713,2.840912,-28.1601,3.768524,0.3898884,0.4813009,-0.1771704999999999,1.286781,-0.09036011,0.07729085,-0.4617799,0.0398054,5.106362,-24.10966,33.01
5,0.4285278,-0.01290894,0.9034271,1.0,0.3754272,-0.01982117,0.9266205,-30.9678,1.990753,-29.581570000000003,3.362289,0.4429356,0.538493,1.0,0.5434723000000001,0.002914429,0.8394165000000001,33.94713,2.840912,-28.1601,3.768524,0.3898884,0.4813009,-0.1772008,1.2846879999999998,-0.09235865,0.08437752,-0.4662402,0.04058466,5.106362,-3.977875,33.01
5,0.4285278,-0.01290894,0.9034271,1.0,0.3754272,-0.01982117,0.9266205,-30.9678,1.990753,-29.581570000000003,3.362289,0.4429356,0.538493,1.0,0.5434723000000001,0.002914429,0.8394165000000001,33.94713,2.840912,-28.1601,3.768524,0.3898884,0.4813009,-0.1772008,1.2846879999999998,-0.09235865,0.08437752,-0.4662402,0.04058466,5.106362,-3.977875,33.01
5,0.4285278,-0.01290894,0.9034271,1.0,0.3754272,-0.01982117,0.9266205,-30.9678,1.990753,-29.581570000000003,3.362289,0.4429356,0.538493,1.0,0.5434723000000001,0.002914429,0.8394165000000001,33.94713,2.840912,-28.1601,3.768524,0.3898884,0.4813009,-0.1772008,1.2846879999999998,-0.09235865,0.08437752,-0.4662402,0.04058466,5.106362,-3.977875,33.01
5,0.4285278,-0.01290894,0.9034271,1.0,0.3754272,-0.01982117,0.9266205,-30.9678,1.990753,-29.581570000000003,3.362289,0.4429356,0.538493,1.0,0.5434723000000001,0.002914429,0.8394165000000001,33.94713,2.840912,-28.1601,3.768524,0.3898884,0.4813009,-0.1786511,1.2830780000000002,-0.09469318,0.09230009,-0.473333,0.04800127,5.106362,-3.977875,33.01
5,0.4285278,-0.01290894,0.9034271,1.0,0.3754272,-0.01982117,0.9266205,-30.9678,1.990753,-29.581570000000003,3.362289,0.4429356,0.538493,1.0,0.5434723000000001,0.002914429,0.8394165000000001,33.94713,2.840912,-28.1601,3.768524,0.3898884,0.4813009,-0.1786511,1.2830780000000002,-0.09469318,0.09230009,-0.473333,0.04800127,5.106362,-3.977875,33.01
5,0.4285278,-0.01290894,0.9034271,1.0,0.3754272,-0.01982117,0.9266205,-30.9678,1.990753,-29.581570000000003,3.362289,0.4429356,0.538493,1.0,0.5434723000000001,0.002914429,0.8394165000000001,33.94713,2.840912,-28.1601,3.768524,0.3898884,0.4813009,-0.1786511,1.2830780000000002,-0.09469318,0.09230009,-0.473333,0.04800127,5.106362,-3.977875,33.01
5,0.4994049,-0.1963654,0.8438110000000001,1.0,0.4994049,-0.1963654,0.8438110000000001,-30.42493,1.421509,-29.91321,3.39566,0.4077375,0.5855116,1.0,0.0,0.0,0.0,34.13297,2.335449,-28.33658,-1.0,0.3712392,0.5219713,-0.1807137,1.279902,-0.09700423,0.1069561,-0.4762267,0.05474292,5.106362,-3.977875,33.01
5,0.4994049,-0.1963654,0.8438110000000001,1.0,0.4994049,-0.1963654,0.8438110000000001,-30.42493,1.421509,-29.91321,3.39566,0.4077375,0.5855116,1.0,0.0,0.0,0.0,34.13297,2.335449,-28.33658,-1.0,0.3712392,0.5219713,-0.1807137,1.279902,-0.09700423,0.1069561,-0.4762267,0.05474292,5.106362,-3.977875,33.01
5,0.4994049,-0.1963654,0.8438110000000001,1.0,0.4994049,-0.1963654,0.8438110000000001,-30.42493,1.421509,-29.91321,3.39566,0.4077375,0.5855116,1.0,0.0,0.0,0.0,34.13297,2.335449,-28.33658,-1.0,0.3712392,0.5219713,-0.1807137,1.279902,-0.09700423,0.1069561,-0.4762267,0.05474292,5.106362,-3.977875,33.01
5,0.4938354,-0.2150726,0.842514,1.0,0.4938354,-0.2150726,0.842514,-30.42967,1.545959,-29.86954,3.480438,0.4088171,0.5831381,1.0,0.0,0.0,0.0,34.1662,2.471451,-28.31091,-1.0,0.3691001,0.5227228,-0.1838763,1.277606,-0.09952277,0.1176888,-0.4820405,0.06509119,5.106362,-3.977875,33.01
5,0.4938354,-0.2150726,0.842514,1.0,0.4938354,-0.2150726,0.842514,-30.42967,1.545959,-29.86954,3.480438,0.4088171,0.5831381,1.0,0.0,0.0,0.0,34.1662,2.471451,-28.31091,-1.0,0.3691001,0.5227228,-0.1838763,1.277606,-0.09952277,0.1176888,-0.4820405,0.06509119,5.106362,-3.977875,33.01
5,0.4938354,-0.2150726,0.842514,1.0,0.4938354,-0.2150726,0.842514,-30.42967,1.545959,-29.86954,3.480438,0.4088171,0.5831381,1.0,0.0,0.0,0.0,34.1662,2.471451,-28.31091,-1.0,0.3691001,0.5227228,-0.1838763,1.277606,-0.09952277,0.1176888,-0.4820405,0.06509119,5.106362,-3.977875,33.01
5,0.5799561,-0.1691437,0.796875,1.0,0.5015869000000001,-0.1963196,0.842514,-30.5553,1.5263520000000002,-29.8432,3.537628,0.4123767,0.5812752,1.0,0.6121215999999999,-0.1569672,0.7750092,34.09129,2.517014,-28.26422,4.01886,0.3753297,0.5139445,-0.1864152,1.274626,-0.1017748,0.1299114,-0.4844143,0.0704499,5.106362,45.44598,33.01
5,0.5799561,-0.1691437,0.796875,1.0,0.5015869000000001,-0.1963196,0.842514,-30.5553,1.5263520000000002,-29.8432,3.537628,0.4123767,0.5812752,1.0,0.6121215999999999,-0.1569672,0.7750092,34.09129,2.517014,-28.26422,4.01886,0.3753297,0.5139445,-0.1864152,1.274626,-0.1017748,0.1299114,-0.4844143,0.0704499,5.106362,45.44598,33.01
5,0.5799561,-0.1691437,0.796875,1.0,0.5015869000000001,-0.1963196,0.842514,-30.5553,1.5263520000000002,-29.8432,3.537628,0.4123767,0.5812752,1.0,0.6121215999999999,-0.1569672,0.7750092,34.09129,2.517014,-28.26422,4.01886,0.3753297,0.5139445,-0.1864152,1.274626,-0.1017748,0.1299114,-0.4844143,0.0704499,5.106362,45.44598,33.01
5,0.5448761,-0.1508636,0.8248290999999999,1.0,0.4762420999999999,-0.1577148,0.865036,-30.56741,1.740387,-29.77533,3.368561,0.4159389,0.5676709,1.0,0.5934295999999999,-0.1451569,0.7916718,34.09944,2.713425,-28.19974,3.967972,0.3777874,0.5049019,-0.1892924,1.272525,-0.1040408,0.1365429,-0.4900521,0.07572424,5.106362,45.44598,33.01
5,0.5448761,-0.1508636,0.8248290999999999,1.0,0.4762420999999999,-0.1577148,0.865036,-30.56741,1.740387,-29.77533,3.368561,0.4159389,0.5676709,1.0,0.5934295999999999,-0.1451569,0.7916718,34.09944,2.713425,-28.19974,3.967972,0.3777874,0.5049019,-0.1892924,1.272525,-0.1040408,0.1365429,-0.4900521,0.07572424,5.106362,45.44598,33.01
5,0.5448761,-0.1508636,0.8248290999999999,1.0,0.4762420999999999,-0.1577148,0.865036,-30.56741,1.740387,-29.77533,3.368561,0.4159389,0.5676709,1.0,0.5934295999999999,-0.1451569,0.7916718,34.09944,2.713425,-28.19974,3.967972,0.3777874,0.5049019,-0.1892924,1.272525,-0.1040408,0.1365429,-0.4900521,0.07572424,5.106362,45.44598,33.01
5,0.5611267,-0.129425,0.8175354,1.0,0.4642487,-0.174057,0.8684235,-30.61931,1.861084,-29.7178,3.388077,0.4193436,0.5648787,1.0,0.5964355,-0.1117096,0.7948303000000001,34.07457,2.800705,-28.20663,4.1026,0.3783977,0.4979835,-0.1922647999999999,1.270463,-0.1063071,0.1410023,-0.4974372999999999,0.07980435,5.106362,45.44598,33.01
5,0.5611267,-0.129425,0.8175354,1.0,0.4642487,-0.174057,0.8684235,-30.61931,1.861084,-29.7178,3.388077,0.4193436,0.5648787,1.0,0.5964355,-0.1117096,0.7948303000000001,34.07457,2.800705,-28.20663,4.1026,0.3783977,0.4979835,-0.1922647999999999,1.270463,-0.1063071,0.1410023,-0.4974372999999999,0.07980435,5.106362,45.44598,33.01
5,0.5611267,-0.129425,0.8175354,1.0,0.4642487,-0.174057,0.8684235,-30.61931,1.861084,-29.7178,3.388077,0.4193436,0.5648787,1.0,0.5964355,-0.1117096,0.7948303000000001,34.07457,2.800705,-28.20663,4.1026,0.3783977,0.4979835,-0.1922647999999999,1.270463,-0.1063071,0.1410023,-0.4974372999999999,0.07980435,5.106362,45.44598,33.01
5,0.5583344,-0.1177216,0.8212128000000001,1.0,0.4597168,-0.1681061,0.871994,-30.61842,1.8943330000000005,-29.70325,3.4598690000000003,0.4200802999999999,0.5627704000000001,1.0,0.5939789000000001,-0.09793091,0.7984924,34.07286,2.850693,-28.207290000000004,4.105133,0.3788393,0.4945587,-0.1946477999999999,1.268413,-0.1084668,0.1479005,-0.5054388,0.0817106,5.106362,45.44598,33.01
5,0.5583344,-0.1177216,0.8212128000000001,1.0,0.4597168,-0.1681061,0.871994,-30.61842,1.8943330000000005,-29.70325,3.4598690000000003,0.4200802999999999,0.5627704000000001,1.0,0.5939789000000001,-0.09793091,0.7984924,34.07286,2.850693,-28.207290000000004,4.105133,0.3788393,0.4945587,-0.1946477999999999,1.268413,-0.1084668,0.1479005,-0.5054388,0.0817106,5.106362,45.44598,33.01
5,0.5583344,-0.1177216,0.8212128000000001,1.0,0.4597168,-0.1681061,0.871994,-30.61842,1.8943330000000005,-29.70325,3.4598690000000003,0.4200802999999999,0.5627704000000001,1.0,0.5939789000000001,-0.09793091,0.7984924,34.07286,2.850693,-28.207290000000004,4.105133,0.3788393,0.4945587,-0.1946477999999999,1.268413,-0.1084668,0.1479005,-0.5054388,0.0817106,5.106362,45.44598,33.01
5,0.5164185,-0.1239166,0.8473206,1.0,0.4398041,-0.1188964999999999,0.8901671999999998,-30.802,1.962601,-29.62564,3.555969,0.4293387999999999,0.5531335000000001,1.0,0.5539093,-0.1260986,0.8229675,33.9306,2.907074,-28.09206,3.573578,0.3889000999999999,0.494301,-0.1967185,1.266392,-0.10995,0.1532567,-0.5122616,0.08374855,5.106362,45.44598,33.01
5,0.5164185,-0.1239166,0.8473206,1.0,0.4398041,-0.1188964999999999,0.8901671999999998,-30.802,1.962601,-29.62564,3.555969,0.4293387999999999,0.5531335000000001,1.0,0.5539093,-0.1260986,0.8229675,33.9306,2.907074,-28.09206,3.573578,0.3889000999999999,0.494301,-0.1967185,1.266392,-0.10995,0.1532567,-0.5122616,0.08374855,5.106362,45.44598,33.01
5,0.5164185,-0.1239166,0.8473206,1.0,0.4398041,-0.1188964999999999,0.8901671999999998,-30.802,1.962601,-29.62564,3.555969,0.4293387999999999,0.5531335000000001,1.0,0.5539093,-0.1260986,0.8229675,33.9306,2.907074,-28.09206,3.573578,0.3889000999999999,0.494301,-0.1967185,1.266392,-0.10995,0.1532567,-0.5122616,0.08374855,5.106362,45.44598,33.01
5,0.5020142,-0.09072876,0.8600769,1.0,0.4364624,-0.09605408,0.8945618000000001,-30.86024,1.997177,-29.60892,3.509827,0.4317428,0.5488466999999999,1.0,0.5460052,-0.0867156999999999,0.8332671999999999,33.90163,2.941162,-28.08195,3.936874,0.3912067,0.4883081,-0.19788,1.264703,-0.1102464,0.1593162999999999,-0.5143409000000001,0.08396907,5.106362,45.44598,33.01
5,0.5020142,-0.09072876,0.8600769,1.0,0.4364624,-0.09605408,0.8945618000000001,-30.86024,1.997177,-29.60892,3.509827,0.4317428,0.5488466999999999,1.0,0.5460052,-0.0867156999999999,0.8332671999999999,33.90163,2.941162,-28.08195,3.936874,0.3912067,0.4883081,-0.19788,1.264703,-0.1102464,0.1593162999999999,-0.5143409000000001,0.08396907,5.106362,-45.3925,33.01
5,0.5020142,-0.09072876,0.8600769,1.0,0.4364624,-0.09605408,0.8945618000000001,-30.86024,1.997177,-29.60892,3.509827,0.4317428,0.5488466999999999,1.0,0.5460052,-0.0867156999999999,0.8332671999999999,33.90163,2.941162,-28.08195,3.936874,0.3912067,0.4883081,-0.19788,1.264703,-0.1102464,0.1593162999999999,-0.5143409000000001,0.08396907,5.106362,-45.3925,33.01
5,0.5020142,-0.09072876,0.8600769,1.0,0.4364624,-0.09605408,0.8945618000000001,-30.86024,1.997177,-29.60892,3.509827,0.4317428,0.5488466999999999,1.0,0.5460052,-0.0867156999999999,0.8332671999999999,33.90163,2.941162,-28.08195,3.936874,0.3912067,0.4883081,-0.1984766,1.263838,-0.1093841,0.1619221,-0.5122439000000001,0.08414214,5.106362,-45.3925,33.01
5,0.5020142,-0.09072876,0.8600769,1.0,0.4364624,-0.09605408,0.8945618000000001,-30.86024,1.997177,-29.60892,3.509827,0.4317428,0.5488466999999999,1.0,0.5460052,-0.0867156999999999,0.8332671999999999,33.90163,2.941162,-28.08195,3.936874,0.3912067,0.4883081,-0.1984766,1.263838,-0.1093841,0.1619221,-0.5122439000000001,0.08414214,5.106362,-45.3925,33.01
5,0.5020142,-0.09072876,0.8600769,1.0,0.4364624,-0.09605408,0.8945618000000001,-30.86024,1.997177,-29.60892,3.509827,0.4317428,0.5488466999999999,1.0,0.5460052,-0.0867156999999999,0.8332671999999999,33.90163,2.941162,-28.08195,3.936874,0.3912067,0.4883081,-0.1984766,1.263838,-0.1093841,0.1619221,-0.5122439000000001,0.08414214,5.106362,-45.3925,33.01
5,0.4997710999999999,-0.08296204,0.8621521000000001,1.0,0.4336242999999999,-0.1015778,0.8953399999999999,-30.90176,2.013321,-29.58884,3.528595,0.4335757,0.5487818,1.0,0.5571441999999999,-0.06570435,0.8278046,33.8282,3.00354,-28.05844,4.129776000000001,0.3923699,0.4837585,-0.1990025,1.263186,-0.1080021999999999,0.1634556,-0.5106823,0.087849,5.106362,-45.3925,33.01
5,0.4997710999999999,-0.08296204,0.8621521000000001,1.0,0.4336242999999999,-0.1015778,0.8953399999999999,-30.90176,2.013321,-29.58884,3.528595,0.4335757,0.5487818,1.0,0.5571441999999999,-0.06570435,0.8278046,33.8282,3.00354,-28.05844,4.129776000000001,0.3923699,0.4837585,-0.1990025,1.263186,-0.1080021999999999,0.1634556,-0.5106823,0.087849,5.106362,-45.3925,33.01
5,0.4997710999999999,-0.08296204,0.8621521000000001,1.0,0.4336242999999999,-0.1015778,0.8953399999999999,-30.90176,2.013321,-29.58884,3.528595,0.4335757,0.5487818,1.0,0.5571441999999999,-0.06570435,0.8278046,33.8282,3.00354,-28.05844,4.129776000000001,0.3923699,0.4837585,-0.1990025,1.263186,-0.1080021999999999,0.1634556,-0.5106823,0.087849,5.106362,-45.3925,33.01
5,0.4997710999999999,-0.08296204,0.8621521000000001,1.0,0.4336242999999999,-0.1015778,0.8953399999999999,-30.90176,2.013321,-29.58884,3.528595,0.4335757,0.5487818,1.0,0.5571441999999999,-0.06570435,0.8278046,33.8282,3.00354,-28.05844,4.129776000000001,0.3923699,0.4837585,-0.1994934,1.261794,-0.1065466999999999,0.1687567,-0.5077153,0.08836821,5.106362,-45.3925,33.01
5,0.4997710999999999,-0.08296204,0.8621521000000001,1.0,0.4336242999999999,-0.1015778,0.8953399999999999,-30.90176,2.013321,-29.58884,3.528595,0.4335757,0.5487818,1.0,0.5571441999999999,-0.06570435,0.8278046,33.8282,3.00354,-28.05844,4.129776000000001,0.3923699,0.4837585,-0.1994934,1.261794,-0.1065466999999999,0.1687567,-0.5077153,0.08836821,5.106362,-45.3925,33.01
5,0.4997710999999999,-0.08296204,0.8621521000000001,1.0,0.4336242999999999,-0.1015778,0.8953399999999999,-30.90176,2.013321,-29.58884,3.528595,0.4335757,0.5487818,1.0,0.5571441999999999,-0.06570435,0.8278046,33.8282,3.00354,-28.05844,4.129776000000001,0.3923699,0.4837585,-0.1994934,1.261794,-0.1065466999999999,0.1687567,-0.5077153,0.08836821,5.106362,-45.3925,33.01
5,0.4916992,-0.0663146999999999,0.8682251,1.0,0.3925934,-0.07980347,0.9162292,-31.08488,2.082764,-29.48701,3.666016,0.4453994,0.5422911,1.0,0.5466766,-0.05805969,0.8353119000000001,33.73058,3.132446,-28.00764,4.1622010000000005,0.397178,0.4779764,-0.199753,1.259633,-0.1049775,0.1769552999999999,-0.5080317,0.09370393,5.106362,-45.3925,33.01
5,0.4916992,-0.0663146999999999,0.8682251,1.0,0.3925934,-0.07980347,0.9162292,-31.08488,2.082764,-29.48701,3.666016,0.4453994,0.5422911,1.0,0.5466766,-0.05805969,0.8353119000000001,33.73058,3.132446,-28.00764,4.1622010000000005,0.397178,0.4779764,-0.199753,1.259633,-0.1049775,0.1769552999999999,-0.5080317,0.09370393,5.106362,-45.3925,33.01
5,0.4916992,-0.0663146999999999,0.8682251,1.0,0.3925934,-0.07980347,0.9162292,-31.08488,2.082764,-29.48701,3.666016,0.4453994,0.5422911,1.0,0.5466766,-0.05805969,0.8353119000000001,33.73058,3.132446,-28.00764,4.1622010000000005,0.397178,0.4779764,-0.199753,1.259633,-0.1049775,0.1769552999999999,-0.5080317,0.09370393,5.106362,-45.3925,33.01
5,0.4923401,-0.03623962,0.8696289,1.0,0.3866882,-0.04438782,0.9211273,-31.04535,2.081985,-29.51456,3.78096,0.4450342,0.5381791,1.0,0.5470885999999999,-0.03158569,0.8364716,33.75406,3.125626,-28.03203,4.101257,0.3962986,0.4751718,-0.1999319,1.256602,-0.1027371,0.1884931,-0.5043761999999999,0.09433836,5.106362,-45.3925,33.01
5,0.4923401,-0.03623962,0.8696289,1.0,0.3866882,-0.04438782,0.9211273,-31.04535,2.081985,-29.51456,3.78096,0.4450342,0.5381791,1.0,0.5470885999999999,-0.03158569,0.8364716,33.75406,3.125626,-28.03203,4.101257,0.3962986,0.4751718,-0.1999319,1.256602,-0.1027371,0.1884931,-0.5043761999999999,0.09433836,5.106362,-45.3925,33.01
5,0.4923401,-0.03623962,0.8696289,1.0,0.3866882,-0.04438782,0.9211273,-31.04535,2.081985,-29.51456,3.78096,0.4450342,0.5381791,1.0,0.5470885999999999,-0.03158569,0.8364716,33.75406,3.125626,-28.03203,4.101257,0.3962986,0.4751718,-0.1999319,1.256602,-0.1027371,0.1884931,-0.5043761999999999,0.09433836,5.106362,-45.3925,33.01
5,0.4746857,-0.02323914,0.8798370000000001,1.0,0.3917999,-0.02423096,0.9197235,-31.0853,2.205902,-29.493440000000003,3.91658,0.4461007999999999,0.5314258000000001,1.0,0.527771,-0.02246094,0.8490753000000001,33.77838,3.220551,-28.03403,4.144958,0.3980692999999999,0.4706914000000001,-0.2001317,1.253844,-0.0997748999999999,0.198674,-0.5001978,0.09541562,5.106362,-91.30548,33.01
5,0.4746857,-0.02323914,0.8798370000000001,1.0,0.3917999,-0.02423096,0.9197235,-31.0853,2.205902,-29.493440000000003,3.91658,0.4461007999999999,0.5314258000000001,1.0,0.527771,-0.02246094,0.8490753000000001,33.77838,3.220551,-28.03403,4.144958,0.3980692999999999,0.4706914000000001,-0.2001317,1.253844,-0.0997748999999999,0.198674,-0.5001978,0.09541562,5.106362,-91.30548,33.01
5,0.4746857,-0.02323914,0.8798370000000001,1.0,0.3917999,-0.02423096,0.9197235,-31.0853,2.205902,-29.493440000000003,3.91658,0.4461007999999999,0.5314258000000001,1.0,0.527771,-0.02246094,0.8490753000000001,33.77838,3.220551,-28.03403,4.144958,0.3980692999999999,0.4706914000000001,-0.2001317,1.253844,-0.0997748999999999,0.198674,-0.5001978,0.09541562,5.106362,-91.30548,33.01
5,0.4767760999999999,0.0018463129999999,0.8790131,1.0,0.4118194999999999,0.004882813,0.9112396,-31.08403,2.221741,-29.52475,3.991898,0.4437380999999999,0.5279035,1.0,0.5194854999999999,-0.000213623,0.8544769,33.7838,3.237396,-28.03629,4.064835,0.3989511,0.4673244000000001,-0.2000256,1.2502799999999998,-0.09625751,0.2107302,-0.4921394,0.0953341,5.106362,-91.30548,33.01
5,0.4767760999999999,0.0018463129999999,0.8790131,1.0,0.4118194999999999,0.004882813,0.9112396,-31.08403,2.221741,-29.52475,3.991898,0.4437380999999999,0.5279035,1.0,0.5194854999999999,-0.000213623,0.8544769,33.7838,3.237396,-28.03629,4.064835,0.3989511,0.4673244000000001,-0.2000256,1.2502799999999998,-0.09625751,0.2107302,-0.4921394,0.0953341,5.106362,-91.30548,33.01
5,0.4767760999999999,0.0018463129999999,0.8790131,1.0,0.4118194999999999,0.004882813,0.9112396,-31.08403,2.221741,-29.52475,3.991898,0.4437380999999999,0.5279035,1.0,0.5194854999999999,-0.000213623,0.8544769,33.7838,3.237396,-28.03629,4.064835,0.3989511,0.4673244000000001,-0.2000256,1.2502799999999998,-0.09625751,0.2107302,-0.4921394,0.0953341,5.106362,-91.30548,33.01
5,0.4042664,-0.03059387,0.9141235,1.0,0.3067474,-0.03839111,0.951004,-31.34673,2.228973,-29.34692,3.781708,0.4653127,0.5301508,1.0,0.4664917,-0.02523804,0.8841553,33.43439,3.2117,-27.87148,4.256546,0.4177534,0.4695145,-0.2001889,1.247242,-0.09234822,0.219659,-0.4853981,0.09615027,5.106362,-91.30548,33.01
5,0.4042664,-0.03059387,0.9141235,1.0,0.3067474,-0.03839111,0.951004,-31.34673,2.228973,-29.34692,3.781708,0.4653127,0.5301508,1.0,0.4664917,-0.02523804,0.8841553,33.43439,3.2117,-27.87148,4.256546,0.4177534,0.4695145,-0.2001889,1.247242,-0.09234822,0.219659,-0.4853981,0.09615027,5.106362,-91.30548,33.01
5,0.4042664,-0.03059387,0.9141235,1.0,0.3067474,-0.03839111,0.951004,-31.34673,2.228973,-29.34692,3.781708,0.4653127,0.5301508,1.0,0.4664917,-0.02523804,0.8841553,33.43439,3.2117,-27.87148,4.256546,0.4177534,0.4695145,-0.2001889,1.247242,-0.09234822,0.219659,-0.4853981,0.09615027,5.106362,-91.30548,33.01
5,0.07073975,-0.2444458,0.9670715,1.0,0.04559326,-0.251236,0.9668427,-32.19061,1.493866,-29.20056,3.618637,0.5252371,0.5791512,1.0,0.2007293999999999,-0.2064209,0.9576416,32.16264,2.492676,-27.55156,4.169739,0.4926162999999999,0.5112576,-0.1994925,1.242952,-0.08844548,0.2340054999999999,-0.4768154999999999,0.09737393,5.106362,-91.30548,33.01
5,0.07073975,-0.2444458,0.9670715,1.0,0.04559326,-0.251236,0.9668427,-32.19061,1.493866,-29.20056,3.618637,0.5252371,0.5791512,1.0,0.2007293999999999,-0.2064209,0.9576416,32.16264,2.492676,-27.55156,4.169739,0.4926162999999999,0.5112576,-0.1994925,1.242952,-0.08844548,0.2340054999999999,-0.4768154999999999,0.09737393,5.106362,-91.30548,33.01
5,0.07073975,-0.2444458,0.9670715,1.0,0.04559326,-0.251236,0.9668427,-32.19061,1.493866,-29.20056,3.618637,0.5252371,0.5791512,1.0,0.2007293999999999,-0.2064209,0.9576416,32.16264,2.492676,-27.55156,4.169739,0.4926162999999999,0.5112576,-0.1994925,1.242952,-0.08844548,0.2340054999999999,-0.4768154999999999,0.09737393,5.106362,-91.30548,33.01
5,0.1795349,-0.2088013,0.9613342,1.0,0.02601624,-0.194458,0.9805603,-32.18898,1.8799740000000005,-29.86014,3.840195,0.5281951,0.5649390000000001,1.0,0.1887512,-0.2095183999999999,0.9594116,32.24536,2.510056,-27.5562,4.249832,0.4912199,0.5110648,-0.199322,1.238601,-0.08441043,0.248301,-0.4681997999999999,0.09811325,5.106362,-91.30548,33.01
5,0.1795349,-0.2088013,0.9613342,1.0,0.02601624,-0.194458,0.9805603,-32.18898,1.8799740000000005,-29.86014,3.840195,0.5281951,0.5649390000000001,1.0,0.1887512,-0.2095183999999999,0.9594116,32.24536,2.510056,-27.5562,4.249832,0.4912199,0.5110648,-0.199322,1.238601,-0.08441043,0.248301,-0.4681997999999999,0.09811325,5.106362,-91.30548,33.01
5,0.1795349,-0.2088013,0.9613342,1.0,0.02601624,-0.194458,0.9805603,-32.18898,1.8799740000000005,-29.86014,3.840195,0.5281951,0.5649390000000001,1.0,0.1887512,-0.2095183999999999,0.9594116,32.24536,2.510056,-27.5562,4.249832,0.4912199,0.5110648,-0.199322,1.238601,-0.08441043,0.248301,-0.4681997999999999,0.09811325,5.106362,-91.30548,33.01
5,0.1931152,-0.2002563,0.9605103000000002,1.0,0.03468323,-0.2247162,0.9738007,-32.180040000000005,1.866714,-29.55798,3.744827,0.5265701999999999,0.5663352,1.0,0.1937561,-0.2001494999999999,0.9604034,32.316390000000006,2.58075,-27.58144,4.159561,0.4883047,0.5077469,-0.1993952,1.233915,-0.0800299,0.2630401,-0.4592976,0.097087,5.051262,76.60144,33.01
5,0.1931152,-0.2002563,0.9605103000000002,1.0,0.03468323,-0.2247162,0.9738007,-32.180040000000005,1.866714,-29.55798,3.744827,0.5265701999999999,0.5663352,1.0,0.1937561,-0.2001494999999999,0.9604034,32.316390000000006,2.58075,-27.58144,4.159561,0.4883047,0.5077469,-0.1993952,1.233915,-0.0800299,0.2630401,-0.4592976,0.097087,5.051262,76.60144,33.01
5,0.1931152,-0.2002563,0.9605103000000002,1.0,0.03468323,-0.2247162,0.9738007,-32.180040000000005,1.866714,-29.55798,3.744827,0.5265701999999999,0.5663352,1.0,0.1937561,-0.2001494999999999,0.9604034,32.316390000000006,2.58075,-27.58144,4.159561,0.4883047,0.5077469,-0.1993952,1.233915,-0.0800299,0.2630401,-0.4592976,0.097087,5.051262,76.60144,33.01
5,0.1912231,-0.1668242999999999,0.9672546,1.0,0.0403595,-0.2177582,0.9751587,-32.17842,1.881577,-29.57706,3.781219,0.5258885,0.565142,1.0,0.191803,-0.1666107,0.9671783000000002,32.33914,2.628098,-27.62593,4.277328,0.4877693,0.5025377000000001,-0.1996694,1.224419,-0.0722146,0.2927622,-0.4402447,0.09719833,5.051262,76.60144,33.01
5,0.1912231,-0.1668242999999999,0.9672546,1.0,0.0403595,-0.2177582,0.9751587,-32.17842,1.881577,-29.57706,3.781219,0.5258885,0.565142,1.0,0.191803,-0.1666107,0.9671783000000002,32.33914,2.628098,-27.62593,4.277328,0.4877693,0.5025377000000001,-0.1996694,1.224419,-0.0722146,0.2927622,-0.4402447,0.09719833,5.051262,76.60144,33.01
5,0.1912231,-0.1668242999999999,0.9672546,1.0,0.0403595,-0.2177582,0.9751587,-32.17842,1.881577,-29.57706,3.781219,0.5258885,0.565142,1.0,0.191803,-0.1666107,0.9671783000000002,32.33914,2.628098,-27.62593,4.277328,0.4877693,0.5025377000000001,-0.1996694,1.224419,-0.0722146,0.2927622,-0.4402447,0.09719833,5.051262,76.60144,33.01
5,0.2342377,-0.1219329999999999,0.9644928,1.0,0.07398987,-0.1361388999999999,0.987915,-31.87926,3.049103,-31.2569,3.611832,0.5121973,0.5300691999999999,1.0,0.2342377,-0.1219329999999999,0.9644928,32.65953,3.0990450000000003,-27.62779,4.150024,0.4722147,0.4814401,-0.2004812,1.220827,-0.06814748,0.3021994,-0.4315443,0.09565278,5.051262,76.60144,33.01
5,0.2342377,-0.1219329999999999,0.9644928,1.0,0.07398987,-0.1361388999999999,0.987915,-31.87926,3.049103,-31.2569,3.611832,0.5121973,0.5300691999999999,1.0,0.2342377,-0.1219329999999999,0.9644928,32.65953,3.0990450000000003,-27.62779,4.150024,0.4722147,0.4814401,-0.2004812,1.220827,-0.06814748,0.3021994,-0.4315443,0.09565278,5.051262,76.60144,33.01
5,0.2342377,-0.1219329999999999,0.9644928,1.0,0.07398987,-0.1361388999999999,0.987915,-31.87926,3.049103,-31.2569,3.611832,0.5121973,0.5300691999999999,1.0,0.2342377,-0.1219329999999999,0.9644928,32.65953,3.0990450000000003,-27.62779,4.150024,0.4722147,0.4814401,-0.2004812,1.220827,-0.06814748,0.3021994,-0.4315443,0.09565278,5.051262,76.60144,33.01
5,0.2519531,-0.1259003,0.9595032,1.0,0.08746338,-0.1038513,0.9907226999999998,-31.77438,3.025604,-31.35558,3.737,0.5071093,0.5278571999999999,1.0,0.2519684,-0.1259003,0.9595032,32.740390000000005,3.090088,-27.566540000000003,4.085831,0.467429,0.4817015999999999,-0.2011209,1.217792,-0.06479704,0.3111771,-0.4239013,0.09537247,5.051262,76.60144,33.01
5,0.2519531,-0.1259003,0.9595032,1.0,0.08746338,-0.1038513,0.9907226999999998,-31.77438,3.025604,-31.35558,3.737,0.5071093,0.5278571999999999,1.0,0.2519684,-0.1259003,0.9595032,32.740390000000005,3.090088,-27.566540000000003,4.085831,0.467429,0.4817015999999999,-0.2011209,1.217792,-0.06479704,0.3111771,-0.4239013,0.09537247,5.051262,76.60144,33.01
5,0.2519531,-0.1259003,0.9595032,1.0,0.08746338,-0.1038513,0.9907226999999998,-31.77438,3.025604,-31.35558,3.737,0.5071093,0.5278571999999999,1.0,0.2519684,-0.1259003,0.9595032,32.740390000000005,3.090088,-27.566540000000003,4.085831,0.467429,0.4817015999999999,-0.2011209,1.217792,-0.06479704,0.3111771,-0.4239013,0.09537247,5.051262,76.60144,33.01
5,0.2510681,-0.1087036,0.9618378,1.0,0.08786011,-0.0941925,0.9916687,-31.77438,3.007446,-31.2822,3.77002,0.5070816,0.5266449000000001,1.0,0.2511292,-0.1087188999999999,0.9618225,32.74602,3.062378,-27.56586,4.101608000000001,0.4673505,0.480583,-0.2014023999999999,1.214846,-0.06227964,0.3199879,-0.4167804,0.09628803,5.051262,76.60144,33.01
5,0.2510681,-0.1087036,0.9618378,1.0,0.08786011,-0.0941925,0.9916687,-31.77438,3.007446,-31.2822,3.77002,0.5070816,0.5266449000000001,1.0,0.2511292,-0.1087188999999999,0.9618225,32.74602,3.062378,-27.56586,4.101608000000001,0.4673505,0.480583,-0.2014023999999999,1.214846,-0.06227964,0.3199879,-0.4167804,0.09628803,5.051262,76.60144,33.01
5,0.2510681,-0.1087036,0.9618378,1.0,0.08786011,-0.0941925,0.9916687,-31.77438,3.007446,-31.2822,3.77002,0.5070816,0.5266449000000001,1.0,0.2511292,-0.1087188999999999,0.9618225,32.74602,3.062378,-27.56586,4.101608000000001,0.4673505,0.480583,-0.2014023999999999,1.214846,-0.06227964,0.3199879,-0.4167804,0.09628803,5.051262,76.60144,33.01
5,0.2510681,-0.1087036,0.9618378,1.0,0.08786011,-0.0941925,0.9916687,-31.77438,3.007446,-31.2822,3.77002,0.5070816,0.5266449000000001,1.0,0.2511292,-0.1087188999999999,0.9618225,32.74602,3.062378,-27.56586,4.101608000000001,0.4673505,0.480583,-0.2018731,1.212869,-0.05996603,0.3264843,-0.4120127999999999,0.09805681,5.051262,15.28688,33.01
5,0.2510681,-0.1087036,0.9618378,1.0,0.08786011,-0.0941925,0.9916687,-31.77438,3.007446,-31.2822,3.77002,0.5070816,0.5266449000000001,1.0,0.2511292,-0.1087188999999999,0.9618225,32.74602,3.062378,-27.56586,4.101608000000001,0.4673505,0.480583,-0.2018731,1.212869,-0.05996603,0.3264843,-0.4120127999999999,0.09805681,5.051262,15.28688,33.01
5,0.2510681,-0.1087036,0.9618378,1.0,0.08786011,-0.0941925,0.9916687,-31.77438,3.007446,-31.2822,3.77002,0.5070816,0.5266449000000001,1.0,0.2511292,-0.1087188999999999,0.9618225,32.74602,3.062378,-27.56586,4.101608000000001,0.4673505,0.480583,-0.2018731,1.212869,-0.05996603,0.3264843,-0.4120127999999999,0.09805681,5.051262,15.28688,33.01
5,0.2476501,-0.08018494,0.9655151,1.0,0.08757019,-0.1029968,0.9908142,-31.77438,2.989288,-31.208820000000003,3.746872,0.507054,0.5276728,1.0,0.2484283,-0.08006287,0.965332,32.7652,3.0645290000000003,-27.593870000000003,4.053558,0.4670635999999999,0.4772947,-0.2018273,1.210505,-0.05781692,0.3337198,-0.4050574999999999,0.09777688,5.051262,15.28688,33.01
5,0.2476501,-0.08018494,0.9655151,1.0,0.08757019,-0.1029968,0.9908142,-31.77438,2.989288,-31.208820000000003,3.746872,0.507054,0.5276728,1.0,0.2484283,-0.08006287,0.965332,32.7652,3.0645290000000003,-27.593870000000003,4.053558,0.4670635999999999,0.4772947,-0.2018273,1.210505,-0.05781692,0.3337198,-0.4050574999999999,0.09777688,5.051262,15.28688,33.01
5,0.2476501,-0.08018494,0.9655151,1.0,0.08757019,-0.1029968,0.9908142,-31.77438,2.989288,-31.208820000000003,3.746872,0.507054,0.5276728,1.0,0.2484283,-0.08006287,0.965332,32.7652,3.0645290000000003,-27.593870000000003,4.053558,0.4670635999999999,0.4772947,-0.2018273,1.210505,-0.05781692,0.3337198,-0.4050574999999999,0.09777688,5.051262,15.28688,33.01
6,0.2476501,-0.08018494,0.9655151,1.0,0.08757019,-0.1029968,0.9908142,-31.77438,2.989288,-31.208820000000003,3.746872,0.507054,0.5276728,1.0,0.2484283,-0.08006287,0.965332,32.7652,3.0645290000000003,-27.593870000000003,4.053558,0.4670635999999999,0.4772947,-0.2018042,1.208846,-0.0559203,0.3373355,-0.400244,0.09865914,5.051262,15.28688,33.01
6,0.2476501,-0.08018494,0.9655151,1.0,0.08757019,-0.1029968,0.9908142,-31.77438,2.989288,-31.208820000000003,3.746872,0.507054,0.5276728,1.0,0.2484283,-0.08006287,0.965332,32.7652,3.0645290000000003,-27.593870000000003,4.053558,0.4670635999999999,0.4772947,-0.2018042,1.208846,-0.0559203,0.3373355,-0.400244,0.09865914,5.051262,15.28688,33.01
6,0.2476501,-0.08018494,0.9655151,1.0,0.08757019,-0.1029968,0.9908142,-31.77438,2.989288,-31.208820000000003,3.746872,0.507054,0.5276728,1.0,0.2484283,-0.08006287,0.965332,32.7652,3.0645290000000003,-27.593870000000003,4.053558,0.4670635999999999,0.4772947,-0.2018042,1.208846,-0.0559203,0.3373355,-0.400244,0.09865914,5.051262,15.28688,33.01
6,-0.01368713,-0.2218322999999999,0.9749756,1.0,-0.141861,-0.2941284,0.9451599,-32.9077,2.091812,-30.14388,3.653564,0.5736258000000001,0.5733752,1.0,-0.01368713,-0.2218322999999999,0.9749756,31.50589,2.269669,-27.694440000000004,4.383148,0.5394574000000001,0.5221960999999999,-0.2004907,1.206813,-0.05464286,0.3450964,-0.3924680999999999,0.09742733,5.051262,15.28688,33.01
6,-0.01368713,-0.2218322999999999,0.9749756,1.0,-0.141861,-0.2941284,0.9451599,-32.9077,2.091812,-30.14388,3.653564,0.5736258000000001,0.5733752,1.0,-0.01368713,-0.2218322999999999,0.9749756,31.50589,2.269669,-27.694440000000004,4.383148,0.5394574000000001,0.5221960999999999,-0.2004907,1.206813,-0.05464286,0.3450964,-0.3924680999999999,0.09742733,5.051262,15.28688,33.01
6,-0.01368713,-0.2218322999999999,0.9749756,1.0,-0.141861,-0.2941284,0.9451599,-32.9077,2.091812,-30.14388,3.653564,0.5736258000000001,0.5733752,1.0,-0.01368713,-0.2218322999999999,0.9749756,31.50589,2.269669,-27.694440000000004,4.383148,0.5394574000000001,0.5221960999999999,-0.2004907,1.206813,-0.05464286,0.3450964,-0.3924680999999999,0.09742733,5.051262,15.28688,33.01
6,-0.05593872,-0.2340393,0.9706116,1.0,-0.1420135,-0.2737274,0.9512482,-32.87531,2.175812,-30.13211,3.692261,0.5725071,0.5676975999999999,1.0,-0.003585815,-0.2089538999999999,0.9779053,31.57426,2.307999,-27.72258,4.30545,0.536072,0.5195165,-0.1990104,1.204841,-0.05334383,0.3507705,-0.3857497,0.09824056,5.051262,-50.00563,33.01
6,-0.05593872,-0.2340393,0.9706116,1.0,-0.1420135,-0.2737274,0.9512482,-32.87531,2.175812,-30.13211,3.692261,0.5725071,0.5676975999999999,1.0,-0.003585815,-0.2089538999999999,0.9779053,31.57426,2.307999,-27.72258,4.30545,0.536072,0.5195165,-0.1990104,1.204841,-0.05334383,0.3507705,-0.3857497,0.09824056,5.051262,-50.00563,33.01
6,-0.05593872,-0.2340393,0.9706116,1.0,-0.1420135,-0.2737274,0.9512482,-32.87531,2.175812,-30.13211,3.692261,0.5725071,0.5676975999999999,1.0,-0.003585815,-0.2089538999999999,0.9779053,31.57426,2.307999,-27.72258,4.30545,0.536072,0.5195165,-0.1990104,1.204841,-0.05334383,0.3507705,-0.3857497,0.09824056,5.051262,-50.00563,33.01
6,-0.07669067,-0.2195892,0.9725647,1.0,-0.1191406,-0.2304077,0.9657593,-32.85265,2.173859,-30.14172,3.677582,0.5688565999999999,0.5621915,1.0,0.02484131,-0.1921234,0.9810486,31.65874,2.465897,-27.99533,4.343124,0.5299541,0.5144733,-0.1971697999999999,1.203356,-0.05227375,0.3556728,-0.3797493,0.09623221,5.051262,-50.00563,33.01
6,-0.07669067,-0.2195892,0.9725647,1.0,-0.1191406,-0.2304077,0.9657593,-32.85265,2.173859,-30.14172,3.677582,0.5688565999999999,0.5621915,1.0,0.02484131,-0.1921234,0.9810486,31.65874,2.465897,-27.99533,4.343124,0.5299541,0.5144733,-0.1971697999999999,1.203356,-0.05227375,0.3556728,-0.3797493,0.09623221,5.051262,-50.00563,33.01
6,-0.07669067,-0.2195892,0.9725647,1.0,-0.1191406,-0.2304077,0.9657593,-32.85265,2.173859,-30.14172,3.677582,0.5688565999999999,0.5621915,1.0,0.02484131,-0.1921234,0.9810486,31.65874,2.465897,-27.99533,4.343124,0.5299541,0.5144733,-0.1971697999999999,1.203356,-0.05227375,0.3556728,-0.3797493,0.09623221,5.051262,-50.00563,33.01
6,-0.1081848,-0.2151794,0.9705505,1.0,-0.1183472,-0.2173614999999999,0.9688873,-32.84578,2.173874,-30.13489,3.720886,0.5685304,0.5604806,1.0,0.01992798,-0.1858521,0.9823608,31.67018,2.499405,-28.05962,4.39119,0.5301099,0.5131768,-0.1947773,1.201978,-0.05156082,0.3597139,-0.3728558,0.09384461,5.051262,-50.00563,33.01
6,-0.1081848,-0.2151794,0.9705505,1.0,-0.1183472,-0.2173614999999999,0.9688873,-32.84578,2.173874,-30.13489,3.720886,0.5685304,0.5604806,1.0,0.01992798,-0.1858521,0.9823608,31.67018,2.499405,-28.05962,4.39119,0.5301099,0.5131768,-0.1947773,1.201978,-0.05156082,0.3597139,-0.3728558,0.09384461,5.051262,-50.00563,33.01
6,-0.1081848,-0.2151794,0.9705505,1.0,-0.1183472,-0.2173614999999999,0.9688873,-32.84578,2.173874,-30.13489,3.720886,0.5685304,0.5604806,1.0,0.01992798,-0.1858521,0.9823608,31.67018,2.499405,-28.05962,4.39119,0.5301099,0.5131768,-0.1947773,1.201978,-0.05156082,0.3597139,-0.3728558,0.09384461,5.051262,-50.00563,33.01
6,-0.1204529,-0.2251587,0.9668427,1.0,-0.1211395,-0.2253571,0.9667053,-32.7382,2.246902,-29.828000000000003,3.761353,0.5649171,0.5560994,1.0,0.04797363,-0.1720734,0.983902,31.83519,2.6784060000000003,-28.66827,4.2413940000000006,0.5214614000000001,0.5106077,-0.1902868999999999,1.201396,-0.05144322,0.3623042999999999,-0.3658717,0.09174386,5.051262,-50.00563,33.01
6,-0.1204529,-0.2251587,0.9668427,1.0,-0.1211395,-0.2253571,0.9667053,-32.7382,2.246902,-29.828000000000003,3.761353,0.5649171,0.5560994,1.0,0.04797363,-0.1720734,0.983902,31.83519,2.6784060000000003,-28.66827,4.2413940000000006,0.5214614000000001,0.5106077,-0.1902868999999999,1.201396,-0.05144322,0.3623042999999999,-0.3658717,0.09174386,5.051262,-50.00563,33.01
6,-0.1204529,-0.2251587,0.9668427,1.0,-0.1211395,-0.2253571,0.9667053,-32.7382,2.246902,-29.828000000000003,3.761353,0.5649171,0.5560994,1.0,0.04797363,-0.1720734,0.983902,31.83519,2.6784060000000003,-28.66827,4.2413940000000006,0.5214614000000001,0.5106077,-0.1902868999999999,1.201396,-0.05144322,0.3623042999999999,-0.3658717,0.09174386,5.051262,-50.00563,33.01
6,-0.03512573,-0.1885529,0.9814301,1.0,-0.1164551,-0.219101,0.9687195,-32.69682,2.272964,-29.68971,3.856293,0.5628602,0.5531262,1.0,0.05023193,-0.1550598,0.986618,31.90875,2.628128,-28.41388,4.245773000000001,0.5187108,0.5080247999999999,-0.1886043999999999,1.202112,-0.05194217,0.3599553,-0.3661670999999999,0.09148272,5.051262,-182.7244,33.01
6,-0.03512573,-0.1885529,0.9814301,1.0,-0.1164551,-0.219101,0.9687195,-32.69682,2.272964,-29.68971,3.856293,0.5628602,0.5531262,1.0,0.05023193,-0.1550598,0.986618,31.90875,2.628128,-28.41388,4.245773000000001,0.5187108,0.5080247999999999,-0.1886043999999999,1.202112,-0.05194217,0.3599553,-0.3661670999999999,0.09148272,5.051262,-182.7244,33.01
6,-0.03512573,-0.1885529,0.9814301,1.0,-0.1164551,-0.219101,0.9687195,-32.69682,2.272964,-29.68971,3.856293,0.5628602,0.5531262,1.0,0.05023193,-0.1550598,0.986618,31.90875,2.628128,-28.41388,4.245773000000001,0.5187108,0.5080247999999999,-0.1886043999999999,1.202112,-0.05194217,0.3599553,-0.3661670999999999,0.09148272,5.051262,-182.7244,33.01
6,-0.09216309,-0.1912079,0.9772034,1.0,-0.1177826,-0.1972655999999999,0.9732361,-32.64476,2.2618560000000003,-29.71394,3.928513,0.561271,0.5510273,1.0,0.04528809,-0.1566467,0.9866028,32.00247,2.578201,-28.35327,4.19487,0.5161529,0.5093214,-0.1872289,1.203416,-0.05303174,0.3577259,-0.3673373,0.08786968,5.051262,-182.7244,33.01
6,-0.09216309,-0.1912079,0.9772034,1.0,-0.1177826,-0.1972655999999999,0.9732361,-32.64476,2.2618560000000003,-29.71394,3.928513,0.561271,0.5510273,1.0,0.04528809,-0.1566467,0.9866028,32.00247,2.578201,-28.35327,4.19487,0.5161529,0.5093214,-0.1872289,1.203416,-0.05303174,0.3577259,-0.3673373,0.08786968,5.051262,-182.7244,33.01
6,-0.09216309,-0.1912079,0.9772034,1.0,-0.1177826,-0.1972655999999999,0.9732361,-32.64476,2.2618560000000003,-29.71394,3.928513,0.561271,0.5510273,1.0,0.04528809,-0.1566467,0.9866028,32.00247,2.578201,-28.35327,4.19487,0.5161529,0.5093214,-0.1872289,1.203416,-0.05303174,0.3577259,-0.3673373,0.08786968,5.051262,-182.7244,33.01
6,-0.08921814,-0.1786652,0.9798431,1.0,-0.1130676,-0.1806335,0.9770203000000002,-32.64201,2.256363,-29.74568,3.912109,0.5606104000000001,0.5494252,1.0,0.04756165,-0.1655121,0.9850464,32.00058,2.6577610000000003,-28.61395,4.163681,0.5159756,0.5099528,-0.1870923,1.20592,-0.05454564,0.3514131,-0.3726625,0.08412199,5.051262,-182.7244,33.01
6,-0.08921814,-0.1786652,0.9798431,1.0,-0.1130676,-0.1806335,0.9770203000000002,-32.64201,2.256363,-29.74568,3.912109,0.5606104000000001,0.5494252,1.0,0.04756165,-0.1655121,0.9850464,32.00058,2.6577610000000003,-28.61395,4.163681,0.5159756,0.5099528,-0.1870923,1.20592,-0.05454564,0.3514131,-0.3726625,0.08412199,5.051262,-182.7244,33.01
6,-0.08921814,-0.1786652,0.9798431,1.0,-0.1130676,-0.1806335,0.9770203000000002,-32.64201,2.256363,-29.74568,3.912109,0.5606104000000001,0.5494252,1.0,0.04756165,-0.1655121,0.9850464,32.00058,2.6577610000000003,-28.61395,4.163681,0.5159756,0.5099528,-0.1870923,1.20592,-0.05454564,0.3514131,-0.3726625,0.08412199,5.051262,-182.7244,33.01
6,-0.08921814,-0.1786652,0.9798431,1.0,-0.1130676,-0.1806335,0.9770203000000002,-32.64201,2.256363,-29.74568,3.912109,0.5606104000000001,0.5494252,1.0,0.04756165,-0.1655121,0.9850464,32.00058,2.6577610000000003,-28.61395,4.163681,0.5159756,0.5099528,-0.1876907,1.208932,-0.05694121,0.3422644,-0.3820196,0.08041303,5.051262,-182.7244,33.01
6,-0.08921814,-0.1786652,0.9798431,1.0,-0.1130676,-0.1806335,0.9770203000000002,-32.64201,2.256363,-29.74568,3.912109,0.5606104000000001,0.5494252,1.0,0.04756165,-0.1655121,0.9850464,32.00058,2.6577610000000003,-28.61395,4.163681,0.5159756,0.5099528,-0.1876907,1.208932,-0.05694121,0.3422644,-0.3820196,0.08041303,5.051262,-182.7244,33.01
6,-0.08921814,-0.1786652,0.9798431,1.0,-0.1130676,-0.1806335,0.9770203000000002,-32.64201,2.256363,-29.74568,3.912109,0.5606104000000001,0.5494252,1.0,0.04756165,-0.1655121,0.9850464,32.00058,2.6577610000000003,-28.61395,4.163681,0.5159756,0.5099528,-0.1876907,1.208932,-0.05694121,0.3422644,-0.3820196,0.08041303,5.051262,-182.7244,33.01
6,-0.08992004,-0.1996307,0.9757233,1.0,-0.116745,-0.2058105,0.9715881,-32.62296,2.284088,-29.68062,3.807159,0.5602921999999999,0.5509705,1.0,0.05247498,-0.1644592,0.9849701,32.00717,2.661301,-28.61729,4.121506,0.5152116,0.5097147,-0.1894674,1.213174,-0.05996376,0.3294998,-0.3968507,0.07805683,5.051262,-182.7244,33.01
6,-0.08992004,-0.1996307,0.9757233,1.0,-0.116745,-0.2058105,0.9715881,-32.62296,2.284088,-29.68062,3.807159,0.5602921999999999,0.5509705,1.0,0.05247498,-0.1644592,0.9849701,32.00717,2.661301,-28.61729,4.121506,0.5152116,0.5097147,-0.1894674,1.213174,-0.05996376,0.3294998,-0.3968507,0.07805683,5.051262,-182.7244,33.01
6,-0.08992004,-0.1996307,0.9757233,1.0,-0.116745,-0.2058105,0.9715881,-32.62296,2.284088,-29.68062,3.807159,0.5602921999999999,0.5509705,1.0,0.05247498,-0.1644592,0.9849701,32.00717,2.661301,-28.61729,4.121506,0.5152116,0.5097147,-0.1894674,1.213174,-0.05996376,0.3294998,-0.3968507,0.07805683,5.051262,-182.7244,33.01
6,-0.08992004,-0.1996307,0.9757233,1.0,-0.116745,-0.2058105,0.9715881,-32.62296,2.284088,-29.68062,3.807159,0.5602921999999999,0.5509705,1.0,0.05247498,-0.1644592,0.9849701,32.00717,2.661301,-28.61729,4.121506,0.5152116,0.5097147,-0.1920795,1.217597,-0.06356895,0.3159341,-0.4116657,0.07179271,5.051262,-97.52524,33.03
6,-0.08992004,-0.1996307,0.9757233,1.0,-0.116745,-0.2058105,0.9715881,-32.62296,2.284088,-29.68062,3.807159,0.5602921999999999,0.5509705,1.0,0.05247498,-0.1644592,0.9849701,32.00717,2.661301,-28.61729,4.121506,0.5152116,0.5097147,-0.1920795,1.217597,-0.06356895,0.3159341,-0.4116657,0.07179271,5.051262,-97.52524,33.03
6,-0.08992004,-0.1996307,0.9757233,1.0,-0.116745,-0.2058105,0.9715881,-32.62296,2.284088,-29.68062,3.807159,0.5602921999999999,0.5509705,1.0,0.05247498,-0.1644592,0.9849701,32.00717,2.661301,-28.61729,4.121506,0.5152116,0.5097147,-0.1920795,1.217597,-0.06356895,0.3159341,-0.4116657,0.07179271,5.051262,-97.52524,33.03
6,0.396698,-0.07795715,0.9146118,0.9800642,0.2750092,-0.07479858,0.9585114,-30.80521,2.702408,-30.09308,3.927383,0.4507693,0.5247963999999999,0.6035172,0.4232329999999999,-0.07849121,0.9026031,33.851409999999994,3.058762,-28.58243,4.243759,0.4083865,0.4864205,-0.1955287,1.222603,-0.06817186,0.3015691,-0.4316766999999999,0.06375121,5.051262,-97.52524,33.03
6,0.396698,-0.07795715,0.9146118,0.9800642,0.2750092,-0.07479858,0.9585114,-30.80521,2.702408,-30.09308,3.927383,0.4507693,0.5247963999999999,0.6035172,0.4232329999999999,-0.07849121,0.9026031,33.851409999999994,3.058762,-28.58243,4.243759,0.4083865,0.4864205,-0.1955287,1.222603,-0.06817186,0.3015691,-0.4316766999999999,0.06375121,5.051262,-97.52524,33.03
6,0.396698,-0.07795715,0.9146118,0.9800642,0.2750092,-0.07479858,0.9585114,-30.80521,2.702408,-30.09308,3.927383,0.4507693,0.5247963999999999,0.6035172,0.4232329999999999,-0.07849121,0.9026031,33.851409999999994,3.058762,-28.58243,4.243759,0.4083865,0.4864205,-0.1955287,1.222603,-0.06817186,0.3015691,-0.4316766999999999,0.06375121,5.051262,-97.52524,33.03
6,0.3515472,-0.08961487,0.9318542,1.0,0.2203978999999999,-0.1231537,0.9675903,-30.85875,2.397583,-30.09647,3.73381,0.4588055,0.5407991999999999,1.0,0.3592987,-0.08752441,0.9291077,33.83466,2.914444,-28.55121,4.199417,0.4168905,0.491588,-0.1997259,1.227771,-0.07365417,0.2895382999999999,-0.4548087,0.04514597,5.051262,-97.52524,33.03
6,0.3515472,-0.08961487,0.9318542,1.0,0.2203978999999999,-0.1231537,0.9675903,-30.85875,2.397583,-30.09647,3.73381,0.4588055,0.5407991999999999,1.0,0.3592987,-0.08752441,0.9291077,33.83466,2.914444,-28.55121,4.199417,0.4168905,0.491588,-0.1997259,1.227771,-0.07365417,0.2895382999999999,-0.4548087,0.04514597,5.051262,-97.52524,33.03
6,0.3515472,-0.08961487,0.9318542,1.0,0.2203978999999999,-0.1231537,0.9675903,-30.85875,2.397583,-30.09647,3.73381,0.4588055,0.5407991999999999,1.0,0.3592987,-0.08752441,0.9291077,33.83466,2.914444,-28.55121,4.199417,0.4168905,0.491588,-0.1997259,1.227771,-0.07365417,0.2895382999999999,-0.4548087,0.04514597,5.051262,-97.52524,33.03
6,0.2509766,-0.1340332,0.9586639,1.0,0.1408539,-0.1953582999999999,0.9705505,-31.09891,2.2780150000000003,-30.02922,3.5537410000000005,0.4763775999999999,0.5528738000000001,1.0,0.2922821,-0.1098633,0.9499969,33.63348,2.757004,-28.48936,4.112198,0.4318827,0.4986655,-0.2029982,1.233244,-0.07892126,0.276944,-0.4745149,0.03452648,5.051262,-97.52524,33.03
6,0.2509766,-0.1340332,0.9586639,1.0,0.1408539,-0.1953582999999999,0.9705505,-31.09891,2.2780150000000003,-30.02922,3.5537410000000005,0.4763775999999999,0.5528738000000001,1.0,0.2922821,-0.1098633,0.9499969,33.63348,2.757004,-28.48936,4.112198,0.4318827,0.4986655,-0.2029982,1.233244,-0.07892126,0.276944,-0.4745149,0.03452648,5.051262,-97.52524,33.03
6,0.2509766,-0.1340332,0.9586639,1.0,0.1408539,-0.1953582999999999,0.9705505,-31.09891,2.2780150000000003,-30.02922,3.5537410000000005,0.4763775999999999,0.5528738000000001,1.0,0.2922821,-0.1098633,0.9499969,33.63348,2.757004,-28.48936,4.112198,0.4318827,0.4986655,-0.2029982,1.233244,-0.07892126,0.276944,-0.4745149,0.03452648,5.051262,-97.52524,33.03
6,0.2509766,-0.1340332,0.9586639,1.0,0.1408539,-0.1953582999999999,0.9705505,-31.09891,2.2780150000000003,-30.02922,3.5537410000000005,0.4763775999999999,0.5528738000000001,1.0,0.2922821,-0.1098633,0.9499969,33.63348,2.757004,-28.48936,4.112198,0.4318827,0.4986655,-0.2045691,1.241667,-0.0841276,0.251273,-0.4819459,0.03648494,5.051262,-97.52524,33.03
6,0.2509766,-0.1340332,0.9586639,1.0,0.1408539,-0.1953582999999999,0.9705505,-31.09891,2.2780150000000003,-30.02922,3.5537410000000005,0.4763775999999999,0.5528738000000001,1.0,0.2922821,-0.1098633,0.9499969,33.63348,2.757004,-28.48936,4.112198,0.4318827,0.4986655,-0.2045691,1.241667,-0.0841276,0.251273,-0.4819459,0.03648494,5.051262,-97.52524,33.03
6,0.2509766,-0.1340332,0.9586639,1.0,0.1408539,-0.1953582999999999,0.9705505,-31.09891,2.2780150000000003,-30.02922,3.5537410000000005,0.4763775999999999,0.5528738000000001,1.0,0.2922821,-0.1098633,0.9499969,33.63348,2.757004,-28.48936,4.112198,0.4318827,0.4986655,-0.2045691,1.241667,-0.0841276,0.251273,-0.4819459,0.03648494,5.051262,-97.52524,33.03
6,0.5508423000000001,-0.01014709,0.8345336999999999,1.0,0.4753113,-0.00328064,0.8798065,-30.72475,2.353195,-30.35927,4.070145,0.4232513,0.5327611,0.1411724999999999,0.5719147,-0.01211548,0.8202056999999999,33.875840000000004,3.163544,-28.76645,4.228714,0.3881335999999999,0.4781032999999999,-0.2033312,1.243392,-0.08566314,0.2450969,-0.4776718,0.04817279,5.051262,-36.56439,33.03
6,0.5508423000000001,-0.01014709,0.8345336999999999,1.0,0.4753113,-0.00328064,0.8798065,-30.72475,2.353195,-30.35927,4.070145,0.4232513,0.5327611,0.1411724999999999,0.5719147,-0.01211548,0.8202056999999999,33.875840000000004,3.163544,-28.76645,4.228714,0.3881335999999999,0.4781032999999999,-0.2033312,1.243392,-0.08566314,0.2450969,-0.4776718,0.04817279,5.051262,-36.56439,33.03
6,0.5508423000000001,-0.01014709,0.8345336999999999,1.0,0.4753113,-0.00328064,0.8798065,-30.72475,2.353195,-30.35927,4.070145,0.4232513,0.5327611,0.1411724999999999,0.5719147,-0.01211548,0.8202056999999999,33.875840000000004,3.163544,-28.76645,4.228714,0.3881335999999999,0.4781032999999999,-0.2033312,1.243392,-0.08566314,0.2450969,-0.4776718,0.04817279,5.051262,-36.56439,33.03
6,0.5508423000000001,-0.01014709,0.8345336999999999,1.0,0.4753113,-0.00328064,0.8798065,-30.72475,2.353195,-30.35927,4.070145,0.4232513,0.5327611,0.1411724999999999,0.5719147,-0.01211548,0.8202056999999999,33.875840000000004,3.163544,-28.76645,4.228714,0.3881335999999999,0.4781032999999999,-0.2024128,1.244157,-0.08709019,0.2414468,-0.4731528,0.05121624,5.051262,218.972,33.03
6,0.5508423000000001,-0.01014709,0.8345336999999999,1.0,0.4753113,-0.00328064,0.8798065,-30.72475,2.353195,-30.35927,4.070145,0.4232513,0.5327611,0.1411724999999999,0.5719147,-0.01211548,0.8202056999999999,33.875840000000004,3.163544,-28.76645,4.228714,0.3881335999999999,0.4781032999999999,-0.2024128,1.244157,-0.08709019,0.2414468,-0.4731528,0.05121624,5.051262,218.972,33.03
6,0.5508423000000001,-0.01014709,0.8345336999999999,1.0,0.4753113,-0.00328064,0.8798065,-30.72475,2.353195,-30.35927,4.070145,0.4232513,0.5327611,0.1411724999999999,0.5719147,-0.01211548,0.8202056999999999,33.875840000000004,3.163544,-28.76645,4.228714,0.3881335999999999,0.4781032999999999,-0.2024128,1.244157,-0.08709019,0.2414468,-0.4731528,0.05121624,5.051262,218.972,33.03
6,0.5423584,-0.05491638,0.8383484,1.0,0.4423218,-0.1171265,0.8891601999999998,-30.71196,2.143845,-30.31456,3.826096,0.4262884,0.553178,0.404417,0.5771941999999999,-0.03160095,0.815979,34.13275,2.899124,-28.86308,4.362076,0.3785002,0.4903063,-0.2022245,1.2446780000000002,-0.0888688,0.2409927,-0.4736202,0.05719811,5.051262,218.972,33.03
6,0.5423584,-0.05491638,0.8383484,1.0,0.4423218,-0.1171265,0.8891601999999998,-30.71196,2.143845,-30.31456,3.826096,0.4262884,0.553178,0.404417,0.5771941999999999,-0.03160095,0.815979,34.13275,2.899124,-28.86308,4.362076,0.3785002,0.4903063,-0.2022245,1.2446780000000002,-0.0888688,0.2409927,-0.4736202,0.05719811,5.051262,218.972,33.03
6,0.5423584,-0.05491638,0.8383484,1.0,0.4423218,-0.1171265,0.8891601999999998,-30.71196,2.143845,-30.31456,3.826096,0.4262884,0.553178,0.404417,0.5771941999999999,-0.03160095,0.815979,34.13275,2.899124,-28.86308,4.362076,0.3785002,0.4903063,-0.2022245,1.2446780000000002,-0.0888688,0.2409927,-0.4736202,0.05719811,5.051262,218.972,33.03
6,0.5131683,-0.06242371,0.8560028000000001,1.0,0.4477692,-0.1009827,0.8884125,-30.52946,2.205475,-30.36157,3.77829,0.419185,0.5494609,0.5260441,0.5839996000000001,-0.01757813,0.811554,34.31088,2.897171,-28.94012,4.405441000000001,0.3714105,0.4893979,-0.2023444,1.245119,-0.09077412,0.2379107999999999,-0.4754342,0.05907036,5.051262,218.972,33.03
6,0.5131683,-0.06242371,0.8560028000000001,1.0,0.4477692,-0.1009827,0.8884125,-30.52946,2.205475,-30.36157,3.77829,0.419185,0.5494609,0.5260441,0.5839996000000001,-0.01757813,0.811554,34.31088,2.897171,-28.94012,4.405441000000001,0.3714105,0.4893979,-0.2023444,1.245119,-0.09077412,0.2379107999999999,-0.4754342,0.05907036,5.051262,218.972,33.03
6,0.5131683,-0.06242371,0.8560028000000001,1.0,0.4477692,-0.1009827,0.8884125,-30.52946,2.205475,-30.36157,3.77829,0.419185,0.5494609,0.5260441,0.5839996000000001,-0.01757813,0.811554,34.31088,2.897171,-28.94012,4.405441000000001,0.3714105,0.4893979,-0.2023444,1.245119,-0.09077412,0.2379107999999999,-0.4754342,0.05907036,5.051262,218.972,33.03
6,0.5131683,-0.06242371,0.8560028000000001,1.0,0.4477692,-0.1009827,0.8884125,-30.52946,2.205475,-30.36157,3.77829,0.419185,0.5494609,0.5260441,0.5839996000000001,-0.01757813,0.811554,34.31088,2.897171,-28.94012,4.405441000000001,0.3714105,0.4893979,-0.2027822,1.246038,-0.09205097,0.236183,-0.4790524999999999,0.05983513,5.051262,218.972,33.03
6,0.5131683,-0.06242371,0.8560028000000001,1.0,0.4477692,-0.1009827,0.8884125,-30.52946,2.205475,-30.36157,3.77829,0.419185,0.5494609,0.5260441,0.5839996000000001,-0.01757813,0.811554,34.31088,2.897171,-28.94012,4.405441000000001,0.3714105,0.4893979,-0.2027822,1.246038,-0.09205097,0.236183,-0.4790524999999999,0.05983513,5.051262,218.972,33.03
6,0.5131683,-0.06242371,0.8560028000000001,1.0,0.4477692,-0.1009827,0.8884125,-30.52946,2.205475,-30.36157,3.77829,0.419185,0.5494609,0.5260441,0.5839996000000001,-0.01757813,0.811554,34.31088,2.897171,-28.94012,4.405441000000001,0.3714105,0.4893979,-0.2027822,1.246038,-0.09205097,0.236183,-0.4790524999999999,0.05983513,5.051262,218.972,33.03
6,0.5313263,-0.06307983,0.8448029,1.0,0.4559174,-0.08686829,0.8857574,-30.41455,2.2621,-30.39397,3.952789,0.4145293,0.5461872,0.5260441,0.6169128,-0.03361511,0.7863007,34.41031,3.066116,-28.97661,4.427673,0.3634961,0.4864024,-0.2026761,1.24636,-0.0931105,0.2358692,-0.4784844,0.0570696,5.051262,218.972,33.03
6,0.5313263,-0.06307983,0.8448029,1.0,0.4559174,-0.08686829,0.8857574,-30.41455,2.2621,-30.39397,3.952789,0.4145293,0.5461872,0.5260441,0.6169128,-0.03361511,0.7863007,34.41031,3.066116,-28.97661,4.427673,0.3634961,0.4864024,-0.2026761,1.24636,-0.0931105,0.2358692,-0.4784844,0.0570696,5.051262,218.972,33.03
6,0.5313263,-0.06307983,0.8448029,1.0,0.4559174,-0.08686829,0.8857574,-30.41455,2.2621,-30.39397,3.952789,0.4145293,0.5461872,0.5260441,0.6169128,-0.03361511,0.7863007,34.41031,3.066116,-28.97661,4.427673,0.3634961,0.4864024,-0.2026761,1.24636,-0.0931105,0.2358692,-0.4784844,0.0570696,5.051262,218.972,33.03
6,0.5313263,-0.06307983,0.8448029,1.0,0.4559174,-0.08686829,0.8857574,-30.41455,2.2621,-30.39397,3.952789,0.4145293,0.5461872,0.4306877,0.6169128,-0.03361511,0.7863007,34.41031,3.066116,-28.97661,4.427673,0.3634961,0.4864024,-0.2025514,1.24725,-0.09343034,0.2327155,-0.4790359999999999,0.06176456,5.051262,204.8654,33.03
6,0.5313263,-0.06307983,0.8448029,1.0,0.4559174,-0.08686829,0.8857574,-30.41455,2.2621,-30.39397,3.952789,0.4145293,0.5461872,0.4306877,0.6169128,-0.03361511,0.7863007,34.41031,3.066116,-28.97661,4.427673,0.3634961,0.4864024,-0.2025514,1.24725,-0.09343034,0.2327155,-0.4790359999999999,0.06176456,5.051262,204.8654,33.03
6,0.5313263,-0.06307983,0.8448029,1.0,0.4559174,-0.08686829,0.8857574,-30.41455,2.2621,-30.39397,3.952789,0.4145293,0.5461872,0.4306877,0.6169128,-0.03361511,0.7863007,34.41031,3.066116,-28.97661,4.427673,0.3634961,0.4864024,-0.2025514,1.24725,-0.09343034,0.2327155,-0.4790359999999999,0.06176456,5.051262,204.8654,33.03
6,0.537384,-0.04696655,0.8420257999999999,1.0,0.4481505999999999,-0.08729553,0.8896790000000001,-30.47566,2.1572720000000003,-30.38506,3.838837,0.4173821,0.5496466999999999,0.4864382,0.5938720999999999,-0.01950073,0.8043060000000001,34.37494,2.979004,-28.963390000000004,4.415436,0.3678721,0.4871764,-0.2020419,1.247195,-0.09347767,0.2332638,-0.4746764,0.06079518,5.051262,204.8654,33.03
6,0.537384,-0.04696655,0.8420257999999999,1.0,0.4481505999999999,-0.08729553,0.8896790000000001,-30.47566,2.1572720000000003,-30.38506,3.838837,0.4173821,0.5496466999999999,0.4864382,0.5938720999999999,-0.01950073,0.8043060000000001,34.37494,2.979004,-28.963390000000004,4.415436,0.3678721,0.4871764,-0.2020419,1.247195,-0.09347767,0.2332638,-0.4746764,0.06079518,5.051262,204.8654,33.03
6,0.537384,-0.04696655,0.8420257999999999,1.0,0.4481505999999999,-0.08729553,0.8896790000000001,-30.47566,2.1572720000000003,-30.38506,3.838837,0.4173821,0.5496466999999999,0.4864382,0.5938720999999999,-0.01950073,0.8043060000000001,34.37494,2.979004,-28.963390000000004,4.415436,0.3678721,0.4871764,-0.2020419,1.247195,-0.09347767,0.2332638,-0.4746764,0.06079518,5.051262,204.8654,33.03
6,0.5631409,-0.05020142,0.8248138,1.0,0.4613952999999999,-0.0778656,0.8837584999999999,-30.42905,2.24205,-30.40465,3.911545,0.4142564999999999,0.5459259,0.3845418,0.6225739,-0.032547,0.7818604,34.365590000000005,3.021179,-28.97827,4.367264,0.3641999,0.4878854,-0.2016513,1.24736,-0.09330124,0.2313297,-0.4731690999999999,0.06477053,5.051262,204.8654,33.03
6,0.5631409,-0.05020142,0.8248138,1.0,0.4613952999999999,-0.0778656,0.8837584999999999,-30.42905,2.24205,-30.40465,3.911545,0.4142564999999999,0.5459259,0.3845418,0.6225739,-0.032547,0.7818604,34.365590000000005,3.021179,-28.97827,4.367264,0.3641999,0.4878854,-0.2016513,1.24736,-0.09330124,0.2313297,-0.4731690999999999,0.06477053,5.051262,204.8654,33.03
6,0.5631409,-0.05020142,0.8248138,1.0,0.4613952999999999,-0.0778656,0.8837584999999999,-30.42905,2.24205,-30.40465,3.911545,0.4142564999999999,0.5459259,0.3845418,0.6225739,-0.032547,0.7818604,34.365590000000005,3.021179,-28.97827,4.367264,0.3641999,0.4878854,-0.2016513,1.24736,-0.09330124,0.2313297,-0.4731690999999999,0.06477053,5.051262,204.8654,33.03
6,0.5631104,-0.06190491,0.8240509,1.0,0.4559630999999999,-0.1068573,0.8835449000000001,-30.42075,2.219971,-30.39731,3.748184,0.4142691,0.5501176,0.3845418,0.6283112,-0.03178406,0.7772979999999999,34.399440000000006,3.022949,-28.98866,4.433594,0.3622525,0.4879552,-0.201247,1.247395,-0.09308797,0.2311647,-0.4699056,0.06328448,5.051262,204.8654,33.03
6,0.5631104,-0.06190491,0.8240509,1.0,0.4559630999999999,-0.1068573,0.8835449000000001,-30.42075,2.219971,-30.39731,3.748184,0.4142691,0.5501176,0.3845418,0.6283112,-0.03178406,0.7772979999999999,34.399440000000006,3.022949,-28.98866,4.433594,0.3622525,0.4879552,-0.201247,1.247395,-0.09308797,0.2311647,-0.4699056,0.06328448,5.051262,204.8654,33.03
6,0.5631104,-0.06190491,0.8240509,1.0,0.4559630999999999,-0.1068573,0.8835449000000001,-30.42075,2.219971,-30.39731,3.748184,0.4142691,0.5501176,0.3845418,0.6283112,-0.03178406,0.7772979999999999,34.399440000000006,3.022949,-28.98866,4.433594,0.3622525,0.4879552,-0.201247,1.247395,-0.09308797,0.2311647,-0.4699056,0.06328448,5.051262,204.8654,33.03
6,0.5631104,-0.06190491,0.8240509,1.0,0.4559630999999999,-0.1068573,0.8835449000000001,-30.42075,2.219971,-30.39731,3.748184,0.4142691,0.5501176,0.3563869,0.6283112,-0.03178406,0.7772979999999999,34.399440000000006,3.022949,-28.98866,4.433594,0.3622525,0.4879552,-0.2009977999999999,1.247297,-0.09317809,0.2310127,-0.4693016,0.06600336,5.051262,204.8654,33.03
6,0.5631104,-0.06190491,0.8240509,1.0,0.4559630999999999,-0.1068573,0.8835449000000001,-30.42075,2.219971,-30.39731,3.748184,0.4142691,0.5501176,0.3563869,0.6283112,-0.03178406,0.7772979999999999,34.399440000000006,3.022949,-28.98866,4.433594,0.3622525,0.4879552,-0.2009977999999999,1.247297,-0.09317809,0.2310127,-0.4693016,0.06600336,5.051262,204.8654,33.03
6,0.5631104,-0.06190491,0.8240509,1.0,0.4559630999999999,-0.1068573,0.8835449000000001,-30.42075,2.219971,-30.39731,3.748184,0.4142691,0.5501176,0.3563869,0.6283112,-0.03178406,0.7772979999999999,34.399440000000006,3.022949,-28.98866,4.433594,0.3622525,0.4879552,-0.2009977999999999,1.247297,-0.09317809,0.2310127,-0.4693016,0.06600336,5.051262,204.8654,33.03
6,0.5631104,-0.06190491,0.8240509,1.0,0.4559630999999999,-0.1068573,0.8835449000000001,-30.42075,2.219971,-30.39731,3.748184,0.4142691,0.5501176,0.3563869,0.6283112,-0.03178406,0.7772979999999999,34.399440000000006,3.022949,-28.98866,4.433594,0.3622525,0.4879552,-0.2005765,1.247118,-0.09309703,0.2312813,-0.4671479,0.06550276,5.051262,101.3938,33.03
6,0.5631104,-0.06190491,0.8240509,1.0,0.4559630999999999,-0.1068573,0.8835449000000001,-30.42075,2.219971,-30.39731,3.748184,0.4142691,0.5501176,0.3563869,0.6283112,-0.03178406,0.7772979999999999,34.399440000000006,3.022949,-28.98866,4.433594,0.3622525,0.4879552,-0.2005765,1.247118,-0.09309703,0.2312813,-0.4671479,0.06550276,5.051262,101.3938,33.03
6,0.5631104,-0.06190491,0.8240509,1.0,0.4559630999999999,-0.1068573,0.8835449000000001,-30.42075,2.219971,-30.39731,3.748184,0.4142691,0.5501176,0.3563869,0.6283112,-0.03178406,0.7772979999999999,34.399440000000006,3.022949,-28.98866,4.433594,0.3622525,0.4879552,-0.2005765,1.247118,-0.09309703,0.2312813,-0.4671479,0.06550276,5.051262,101.3938,33.03
7,0.3435515999999999,0.08648682,0.9351349,1.0,0.0,0.0,0.0,-31.3287,2.91745,-29.90817,-1.0,0.4847201,0.5043753,0.3782229,0.3435515999999999,0.08648682,0.9351349,33.356,3.571426,-28.43239,4.280730999999999,0.4353859999999999,0.4481572,-0.2002614,1.247545,-0.09285599,0.2299284,-0.4669293,0.06652709,5.051262,101.3938,33.03
7,0.3435515999999999,0.08648682,0.9351349,1.0,0.0,0.0,0.0,-31.3287,2.91745,-29.90817,-1.0,0.4847201,0.5043753,0.3782229,0.3435515999999999,0.08648682,0.9351349,33.356,3.571426,-28.43239,4.280730999999999,0.4353859999999999,0.4481572,-0.2002614,1.247545,-0.09285599,0.2299284,-0.4669293,0.06652709,5.051262,101.3938,33.03
7,0.3435515999999999,0.08648682,0.9351349,1.0,0.0,0.0,0.0,-31.3287,2.91745,-29.90817,-1.0,0.4847201,0.5043753,0.3782229,0.3435515999999999,0.08648682,0.9351349,33.356,3.571426,-28.43239,4.280730999999999,0.4353859999999999,0.4481572,-0.2002614,1.247545,-0.09285599,0.2299284,-0.4669293,0.06652709,5.051262,101.3938,33.03
7,0.1389312999999999,0.06634521,0.9880676,0.8300700000000001,0.1074219,0.05575562,0.9926453000000002,-31.599290000000003,3.005875,-29.94786,3.947968,0.4985697,0.4967864999999999,0.5617703000000001,0.2566833,0.1057280999999999,0.9606781,33.103120000000004,3.637817,-28.35019,4.334351,0.4544960999999999,0.4428654999999999,-0.1997659,1.247962,-0.09232551,0.2287893999999999,-0.4634377,0.06696083,5.051262,101.3938,33.03
7,0.1389312999999999,0.06634521,0.9880676,0.8300700000000001,0.1074219,0.05575562,0.9926453000000002,-31.599290000000003,3.005875,-29.94786,3.947968,0.4985697,0.4967864999999999,0.5617703000000001,0.2566833,0.1057280999999999,0.9606781,33.103120000000004,3.637817,-28.35019,4.334351,0.4544960999999999,0.4428654999999999,-0.1997659,1.247962,-0.09232551,0.2287893999999999,-0.4634377,0.06696083,5.051262,101.3938,33.03
7,0.1389312999999999,0.06634521,0.9880676,0.8300700000000001,0.1074219,0.05575562,0.9926453000000002,-31.599290000000003,3.005875,-29.94786,3.947968,0.4985697,0.4967864999999999,0.5617703000000001,0.2566833,0.1057280999999999,0.9606781,33.103120000000004,3.637817,-28.35019,4.334351,0.4544960999999999,0.4428654999999999,-0.1997659,1.247962,-0.09232551,0.2287893999999999,-0.4634377,0.06696083,5.051262,101.3938,33.03
7,0.2237091,0.09880066,0.9696198,0.8580883,0.1145476999999999,0.04310608,0.9924774,-31.5974,2.8675080000000004,-30.09105,3.648956,0.4972745,0.504016,0.5173733,0.2683258,0.1216278,0.9556122,33.16644,3.47081,-28.384190000000004,4.317535,0.4509043,0.4469048,-0.1991212,1.248393,-0.09204334,0.2270114,-0.4611875,0.07080625,5.051262,101.3938,33.03
7,0.2237091,0.09880066,0.9696198,0.8580883,0.1145476999999999,0.04310608,0.9924774,-31.5974,2.8675080000000004,-30.09105,3.648956,0.4972745,0.504016,0.5173733,0.2683258,0.1216278,0.9556122,33.16644,3.47081,-28.384190000000004,4.317535,0.4509043,0.4469048,-0.1991212,1.248393,-0.09204334,0.2270114,-0.4611875,0.07080625,5.051262,101.3938,33.03
7,0.2237091,0.09880066,0.9696198,0.8580883,0.1145476999999999,0.04310608,0.9924774,-31.5974,2.8675080000000004,-30.09105,3.648956,0.4972745,0.504016,0.5173733,0.2683258,0.1216278,0.9556122,33.16644,3.47081,-28.384190000000004,4.317535,0.4509043,0.4469048,-0.1991212,1.248393,-0.09204334,0.2270114,-0.4611875,0.07080625,5.051262,101.3938,33.03
7,0.2669373,0.09950256,0.9585571,0.8519174999999999,0.1159668,0.05696106,0.9916077,-31.55469,2.801514,-30.13878,3.801605,0.495831,0.5052181,0.5336839,0.2924042,0.1066132,0.9503174,33.23155,3.376526,-28.39435,4.389876999999999,0.4457603,0.4520247999999999,-0.1985857,1.248514,-0.09137082,0.2257024,-0.4590913,0.07159084,5.051262,-68.02911,33.03
7,0.2669373,0.09950256,0.9585571,0.8519174999999999,0.1159668,0.05696106,0.9916077,-31.55469,2.801514,-30.13878,3.801605,0.495831,0.5052181,0.5336839,0.2924042,0.1066132,0.9503174,33.23155,3.376526,-28.39435,4.389876999999999,0.4457603,0.4520247999999999,-0.1985857,1.248514,-0.09137082,0.2257024,-0.4590913,0.07159084,5.051262,-68.02911,33.03
7,0.2669373,0.09950256,0.9585571,0.8519174999999999,0.1159668,0.05696106,0.9916077,-31.55469,2.801514,-30.13878,3.801605,0.495831,0.5052181,0.5336839,0.2924042,0.1066132,0.9503174,33.23155,3.376526,-28.39435,4.389876999999999,0.4457603,0.4520247999999999,-0.1985857,1.248514,-0.09137082,0.2257024,-0.4590913,0.07159084,5.051262,-68.02911,33.03
7,0.2555237,0.1182708999999999,0.9595337,0.8919958,0.1234741,0.0426178,0.9914246,-31.54231,2.741302,-30.317840000000004,3.667068,0.4943480999999999,0.5104834,0.4821516999999999,0.2969970999999999,0.1421813999999999,0.9442139,33.26559,3.3143010000000004,-28.43707,4.484421,0.4439741,0.4504771999999999,-0.1977427,1.248241,-0.09027666,0.2245014,-0.456542,0.07243276,5.051262,-68.02911,33.03
7,0.2555237,0.1182708999999999,0.9595337,0.8919958,0.1234741,0.0426178,0.9914246,-31.54231,2.741302,-30.317840000000004,3.667068,0.4943480999999999,0.5104834,0.4821516999999999,0.2969970999999999,0.1421813999999999,0.9442139,33.26559,3.3143010000000004,-28.43707,4.484421,0.4439741,0.4504771999999999,-0.1977427,1.248241,-0.09027666,0.2245014,-0.456542,0.07243276,5.051262,-68.02911,33.03
7,0.2555237,0.1182708999999999,0.9595337,0.8919958,0.1234741,0.0426178,0.9914246,-31.54231,2.741302,-30.317840000000004,3.667068,0.4943480999999999,0.5104834,0.4821516999999999,0.2969970999999999,0.1421813999999999,0.9442139,33.26559,3.3143010000000004,-28.43707,4.484421,0.4439741,0.4504771999999999,-0.1977427,1.248241,-0.09027666,0.2245014,-0.456542,0.07243276,5.051262,-68.02911,33.03
7,0.2873688,0.1228943,0.9498901,0.8880673000000001,0.1198883,0.05627441,0.9911804,-31.5257,2.748718,-30.42284,3.75264,0.4943480999999999,0.5096111,0.5101354,0.3057250999999999,0.130188,0.943161,33.29655,3.2862400000000003,-28.440140000000003,4.512619,0.4418632,0.4528754,-0.1964381,1.247959,-0.08846718,0.2226779,-0.4525875,0.07167014,5.051262,-68.02911,33.03
7,0.2873688,0.1228943,0.9498901,0.8880673000000001,0.1198883,0.05627441,0.9911804,-31.5257,2.748718,-30.42284,3.75264,0.4943480999999999,0.5096111,0.5101354,0.3057250999999999,0.130188,0.943161,33.29655,3.2862400000000003,-28.440140000000003,4.512619,0.4418632,0.4528754,-0.1964381,1.247959,-0.08846718,0.2226779,-0.4525875,0.07167014,5.051262,-68.02911,33.03
7,0.2873688,0.1228943,0.9498901,0.8880673000000001,0.1198883,0.05627441,0.9911804,-31.5257,2.748718,-30.42284,3.75264,0.4943480999999999,0.5096111,0.5101354,0.3057250999999999,0.130188,0.943161,33.29655,3.2862400000000003,-28.440140000000003,4.512619,0.4418632,0.4528754,-0.1964381,1.247959,-0.08846718,0.2226779,-0.4525875,0.07167014,5.051262,-68.02911,33.03
7,0.3076324,0.1295012999999999,0.9426422,0.901446,0.130249,0.02990723,0.9910278,-31.495990000000003,2.737961,-30.83618,3.894348,0.4923314,0.5170281,0.5311921,0.3094177,0.1305084,0.9419098,33.31877,3.206802,-28.45081,4.438751,0.440652,0.4555157999999999,-0.1941648,1.248,-0.08676296,0.2206908,-0.4490833999999999,0.06871963,5.051262,-68.02911,33.03
7,0.3076324,0.1295012999999999,0.9426422,0.901446,0.130249,0.02990723,0.9910278,-31.495990000000003,2.737961,-30.83618,3.894348,0.4923314,0.5170281,0.5311921,0.3094177,0.1305084,0.9419098,33.31877,3.206802,-28.45081,4.438751,0.440652,0.4555157999999999,-0.1941648,1.248,-0.08676296,0.2206908,-0.4490833999999999,0.06871963,5.051262,-68.02911,33.03
7,0.3076324,0.1295012999999999,0.9426422,0.901446,0.130249,0.02990723,0.9910278,-31.495990000000003,2.737961,-30.83618,3.894348,0.4923314,0.5170281,0.5311921,0.3094177,0.1305084,0.9419098,33.31877,3.206802,-28.45081,4.438751,0.440652,0.4555157999999999,-0.1941648,1.248,-0.08676296,0.2206908,-0.4490833999999999,0.06871963,5.051262,-68.02911,33.03
7,0.319458,0.1502686,0.9356079,0.901446,0.1368407999999999,0.03787231,0.9898529,-31.45712,2.672012,-30.6817,4.014404,0.4903047,0.5171008,0.5311921,0.3197632,0.1504669,0.9354706,33.3602,3.15387,-28.48534,4.411072,0.4379477,0.4552693,-0.1915019,1.248097,-0.08419847,0.2193322,-0.4439777,0.06542525,5.051262,-68.02911,33.03
7,0.319458,0.1502686,0.9356079,0.901446,0.1368407999999999,0.03787231,0.9898529,-31.45712,2.672012,-30.6817,4.014404,0.4903047,0.5171008,0.5311921,0.3197632,0.1504669,0.9354706,33.3602,3.15387,-28.48534,4.411072,0.4379477,0.4552693,-0.1915019,1.248097,-0.08419847,0.2193322,-0.4439777,0.06542525,5.051262,-68.02911,33.03
7,0.319458,0.1502686,0.9356079,0.901446,0.1368407999999999,0.03787231,0.9898529,-31.45712,2.672012,-30.6817,4.014404,0.4903047,0.5171008,0.5311921,0.3197632,0.1504669,0.9354706,33.3602,3.15387,-28.48534,4.411072,0.4379477,0.4552693,-0.1915019,1.248097,-0.08419847,0.2193322,-0.4439777,0.06542525,5.051262,-68.02911,33.03
7,0.3374785999999999,0.1001587,0.9359741,0.9320483,0.1569061,0.07542419,0.984726,-31.46957,2.330429,-30.67773,3.938126,0.4881622999999999,0.5243849,0.4769723,0.3469849,0.1014099,0.9323578,33.37027,2.899384,-28.476840000000003,4.580551,0.4342269,0.4697199999999999,-0.188514,1.247871,-0.0816496,0.2182681,-0.4372938,0.06150891,5.078171,-94.65308,33.03
7,0.3374785999999999,0.1001587,0.9359741,0.9320483,0.1569061,0.07542419,0.984726,-31.46957,2.330429,-30.67773,3.938126,0.4881622999999999,0.5243849,0.4769723,0.3469849,0.1014099,0.9323578,33.37027,2.899384,-28.476840000000003,4.580551,0.4342269,0.4697199999999999,-0.188514,1.247871,-0.0816496,0.2182681,-0.4372938,0.06150891,5.078171,-94.65308,33.03
7,0.3374785999999999,0.1001587,0.9359741,0.9320483,0.1569061,0.07542419,0.984726,-31.46957,2.330429,-30.67773,3.938126,0.4881622999999999,0.5243849,0.4769723,0.3469849,0.1014099,0.9323578,33.37027,2.899384,-28.476840000000003,4.580551,0.4342269,0.4697199999999999,-0.188514,1.247871,-0.0816496,0.2182681,-0.4372938,0.06150891,5.078171,-94.65308,33.03
7,0.3217620999999999,0.1166992,0.9395905,0.9538995,0.1559142999999999,0.07460022,0.9849396,-31.36165,2.291519,-30.56377,3.881516,0.4844314,0.5247009,0.3943202,0.3531952,0.1245422,0.9272156,33.49081,2.819107,-28.5285,4.584946,0.4293074,0.4701782999999999,-0.1857414,1.247822,-0.07966352,0.2201525999999999,-0.4343145,0.06003775,5.078171,-94.65308,33.03
7,0.3217620999999999,0.1166992,0.9395905,0.9538995,0.1559142999999999,0.07460022,0.9849396,-31.36165,2.291519,-30.56377,3.881516,0.4844314,0.5247009,0.3943202,0.3531952,0.1245422,0.9272156,33.49081,2.819107,-28.5285,4.584946,0.4293074,0.4701782999999999,-0.1857414,1.247822,-0.07966352,0.2201525999999999,-0.4343145,0.06003775,5.078171,-94.65308,33.03
7,0.3217620999999999,0.1166992,0.9395905,0.9538995,0.1559142999999999,0.07460022,0.9849396,-31.36165,2.291519,-30.56377,3.881516,0.4844314,0.5247009,0.3943202,0.3531952,0.1245422,0.9272156,33.49081,2.819107,-28.5285,4.584946,0.4293074,0.4701782999999999,-0.1857414,1.247822,-0.07966352,0.2201525999999999,-0.4343145,0.06003775,5.078171,-94.65308,33.03
7,0.2819824,0.110199,0.953064,0.9401423,0.08374023,0.04626465,0.9954071,-31.6449,2.6081540000000003,-31.61154,3.743423,0.5031438,0.5263808000000001,0.4342549,0.2832031,0.1105956999999999,0.952652,33.2132,2.839783,-28.44942,4.526581,0.4472772,0.4701795999999999,-0.1857414,1.247822,-0.07966352,0.2201525999999999,-0.4343145,0.06003775,5.078171,-94.65308,33.03
7,0.2819824,0.110199,0.953064,0.9401423,0.08374023,0.04626465,0.9954071,-31.6449,2.6081540000000003,-31.61154,3.743423,0.5031438,0.5263808000000001,0.4342549,0.2832031,0.1105956999999999,0.952652,33.2132,2.839783,-28.44942,4.526581,0.4472772,0.4701795999999999,-0.1857414,1.247822,-0.07966352,0.2201525999999999,-0.4343145,0.06003775,5.078171,-94.65308,33.03
7,0.2819824,0.110199,0.953064,0.9401423,0.08374023,0.04626465,0.9954071,-31.6449,2.6081540000000003,-31.61154,3.743423,0.5031438,0.5263808000000001,0.4342549,0.2832031,0.1105956999999999,0.952652,33.2132,2.839783,-28.44942,4.526581,0.4472772,0.4701795999999999,-0.1857414,1.247822,-0.07966352,0.2201525999999999,-0.4343145,0.06003775,5.078171,-94.65308,33.03
7,0.0267334,0.03903198,0.9988708,0.8680674999999999,0.0267334,0.03903198,0.9988708,-32.12277,2.472198,-30.84468,3.737381,0.5263682,0.524977,0.51613,0.1595154,0.1424561,0.9768524,32.73299,3.003784,-28.90652,4.545853,0.4780483,0.464779,-0.1814291,1.248147,-0.07713985,0.2190982999999999,-0.4295049,0.05915928,5.078171,-94.65308,33.03
7,0.0267334,0.03903198,0.9988708,0.8680674999999999,0.0267334,0.03903198,0.9988708,-32.12277,2.472198,-30.84468,3.737381,0.5263682,0.524977,0.51613,0.1595154,0.1424561,0.9768524,32.73299,3.003784,-28.90652,4.545853,0.4780483,0.464779,-0.1814291,1.248147,-0.07713985,0.2190982999999999,-0.4295049,0.05915928,5.078171,-94.65308,33.03
7,0.0267334,0.03903198,0.9988708,0.8680674999999999,0.0267334,0.03903198,0.9988708,-32.12277,2.472198,-30.84468,3.737381,0.5263682,0.524977,0.51613,0.1595154,0.1424561,0.9768524,32.73299,3.003784,-28.90652,4.545853,0.4780483,0.464779,-0.1814291,1.248147,-0.07713985,0.2190982999999999,-0.4295049,0.05915928,5.078171,-94.65308,33.03
7,0.01341248,0.05369568,0.9984589,0.8747459000000001,0.01341248,0.05369568,0.9984589,-32.10483,2.4515990000000003,-31.00719,3.793427,0.5274943,0.5254686,0.5242357,0.1508789,0.1030121,0.9831543,32.84056,3.436752,-30.68361,4.415176,0.4749108,0.4693600999999999,-0.1773956,1.248633,-0.07537347,0.2198509,-0.4232767,0.05775912,5.078171,-94.65308,33.03
7,0.01341248,0.05369568,0.9984589,0.8747459000000001,0.01341248,0.05369568,0.9984589,-32.10483,2.4515990000000003,-31.00719,3.793427,0.5274943,0.5254686,0.5242357,0.1508789,0.1030121,0.9831543,32.84056,3.436752,-30.68361,4.415176,0.4749108,0.4693600999999999,-0.1773956,1.248633,-0.07537347,0.2198509,-0.4232767,0.05775912,5.078171,-94.65308,33.03
7,0.01341248,0.05369568,0.9984589,0.8747459000000001,0.01341248,0.05369568,0.9984589,-32.10483,2.4515990000000003,-31.00719,3.793427,0.5274943,0.5254686,0.5242357,0.1508789,0.1030121,0.9831543,32.84056,3.436752,-30.68361,4.415176,0.4749108,0.4693600999999999,-0.1773956,1.248633,-0.07537347,0.2198509,-0.4232767,0.05775912,5.078171,-94.65308,33.03
7,0.03117371,0.03973389,0.9987183,0.8961619000000001,0.03115845,0.03971863,0.9987183,-32.08533,2.499527,-31.091,3.719391,0.5246329000000001,0.526177,0.4871728,0.1455078,0.1028137,0.9839935,32.88142,3.472778,-30.84889,4.476257,0.4740557999999999,0.4696043,-0.1731074,1.24958,-0.07326704,0.2144722,-0.4163702,0.05626237,5.078171,-94.65308,33.03
7,0.03117371,0.03973389,0.9987183,0.8961619000000001,0.03115845,0.03971863,0.9987183,-32.08533,2.499527,-31.091,3.719391,0.5246329000000001,0.526177,0.4871728,0.1455078,0.1028137,0.9839935,32.88142,3.472778,-30.84889,4.476257,0.4740557999999999,0.4696043,-0.1731074,1.24958,-0.07326704,0.2144722,-0.4163702,0.05626237,5.078171,-122.6084,33.03
7,0.03117371,0.03973389,0.9987183,0.8961619000000001,0.03115845,0.03971863,0.9987183,-32.08533,2.499527,-31.091,3.719391,0.5246329000000001,0.526177,0.4871728,0.1455078,0.1028137,0.9839935,32.88142,3.472778,-30.84889,4.476257,0.4740557999999999,0.4696043,-0.1731074,1.24958,-0.07326704,0.2144722,-0.4163702,0.05626237,5.078171,-122.6084,33.03
7,0.05044556,0.06755066,0.9964294,0.8898379999999999,0.0456543,0.06661987,0.9967194,-31.95323,2.404312,-31.17558,3.853973,0.5184632,0.527169,0.434588,0.1817169,0.09248352,0.9789886,33.01068,3.179489,-30.3257,4.481491,0.4654354,0.4763814,-0.1686543999999999,1.250651,-0.07089704,0.2083744,-0.4119765,0.05227561,5.078171,-122.6084,33.03
7,0.05044556,0.06755066,0.9964294,0.8898379999999999,0.0456543,0.06661987,0.9967194,-31.95323,2.404312,-31.17558,3.853973,0.5184632,0.527169,0.434588,0.1817169,0.09248352,0.9789886,33.01068,3.179489,-30.3257,4.481491,0.4654354,0.4763814,-0.1686543999999999,1.250651,-0.07089704,0.2083744,-0.4119765,0.05227561,5.078171,-122.6084,33.03
7,0.05044556,0.06755066,0.9964294,0.8898379999999999,0.0456543,0.06661987,0.9967194,-31.95323,2.404312,-31.17558,3.853973,0.5184632,0.527169,0.434588,0.1817169,0.09248352,0.9789886,33.01068,3.179489,-30.3257,4.481491,0.4654354,0.4763814,-0.1686543999999999,1.250651,-0.07089704,0.2083744,-0.4119765,0.05227561,5.078171,-122.6084,33.03
7,0.05979919,0.05992126,0.9963989,0.8862735999999999,0.05940247,0.05987549,0.9964294,-31.93549,2.283203,-31.16205,3.979797,0.5163007000000001,0.5322104999999999,0.3483065,0.1975402999999999,0.07476807,0.9774323,33.0126,2.925766,-29.82883,4.376114,0.4636904,0.4827448,-0.1632302,1.251058,-0.06799918,0.203515,-0.4068739,0.04737084,5.078171,-122.6084,33.03
7,0.05979919,0.05992126,0.9963989,0.8862735999999999,0.05940247,0.05987549,0.9964294,-31.93549,2.283203,-31.16205,3.979797,0.5163007000000001,0.5322104999999999,0.3483065,0.1975402999999999,0.07476807,0.9774323,33.0126,2.925766,-29.82883,4.376114,0.4636904,0.4827448,-0.1632302,1.251058,-0.06799918,0.203515,-0.4068739,0.04737084,5.078171,-122.6084,33.03
7,0.05979919,0.05992126,0.9963989,0.8862735999999999,0.05940247,0.05987549,0.9964294,-31.93549,2.283203,-31.16205,3.979797,0.5163007000000001,0.5322104999999999,0.3483065,0.1975402999999999,0.07476807,0.9774323,33.0126,2.925766,-29.82883,4.376114,0.4636904,0.4827448,-0.1632302,1.251058,-0.06799918,0.203515,-0.4068739,0.04737084,5.078171,-122.6084,33.03
7,0.1052551,0.04588318,0.9933777,0.9371234,0.07452393,0.04318237,0.9962769,-31.88033,2.313324,-31.58406,3.949554,0.5126809,0.5370427,0.2584998,0.2011108,0.05406189,0.9780731,33.05219,2.846268,-29.88756,4.299683,0.461888,0.4882763,-0.1571872,1.250827,-0.06518292,0.2040617,-0.3982612,0.04298973,5.078171,-122.6084,33.03
7,0.1052551,0.04588318,0.9933777,0.9371234,0.07452393,0.04318237,0.9962769,-31.88033,2.313324,-31.58406,3.949554,0.5126809,0.5370427,0.2584998,0.2011108,0.05406189,0.9780731,33.05219,2.846268,-29.88756,4.299683,0.461888,0.4882763,-0.1571872,1.250827,-0.06518292,0.2040617,-0.3982612,0.04298973,5.078171,-122.6084,33.03
7,0.1052551,0.04588318,0.9933777,0.9371234,0.07452393,0.04318237,0.9962769,-31.88033,2.313324,-31.58406,3.949554,0.5126809,0.5370427,0.2584998,0.2011108,0.05406189,0.9780731,33.05219,2.846268,-29.88756,4.299683,0.461888,0.4882763,-0.1571872,1.250827,-0.06518292,0.2040617,-0.3982612,0.04298973,5.078171,-122.6084,33.03
7,0.07911682,0.02700806,0.9964905,0.8885601000000001,0.07620239,0.02624512,0.9967346,-31.80064,2.365234,-31.55859,3.900482,0.5096225999999999,0.5369624,0.2452352,0.2163086,0.06298828,0.9742737,33.1402,3.049347,-30.59875,4.397659,0.4566912,0.486527,-0.1508002,1.250804,-0.06208062,0.204778,-0.3888892,0.0415545,5.078171,-122.6084,33.03
7,0.07911682,0.02700806,0.9964905,0.8885601000000001,0.07620239,0.02624512,0.9967346,-31.80064,2.365234,-31.55859,3.900482,0.5096225999999999,0.5369624,0.2452352,0.2163086,0.06298828,0.9742737,33.1402,3.049347,-30.59875,4.397659,0.4566912,0.486527,-0.1508002,1.250804,-0.06208062,0.204778,-0.3888892,0.0415545,5.078171,-122.6084,33.03
7,0.07911682,0.02700806,0.9964905,0.8885601000000001,0.07620239,0.02624512,0.9967346,-31.80064,2.365234,-31.55859,3.900482,0.5096225999999999,0.5369624,0.2452352,0.2163086,0.06298828,0.9742737,33.1402,3.049347,-30.59875,4.397659,0.4566912,0.486527,-0.1508002,1.250804,-0.06208062,0.204778,-0.3888892,0.0415545,5.078171,-122.6084,33.03
7,0.1228943,-0.0071716309999999,0.9923859,0.8845825999999999,0.1070862,-0.01390076,0.9941406,-31.65414,2.436783,-31.85524,3.827652,0.5007425999999999,0.5420668000000001,0.2057696,0.2723999,0.05731201,0.9604645,33.21054,2.907593,-30.10388,4.502228,0.4476922,0.4880069999999999,-0.1435878,1.25064,-0.05888861,0.2065112,-0.3765775,0.03982749,5.078171,-122.6084,33.03
7,0.1228943,-0.0071716309999999,0.9923859,0.8845825999999999,0.1070862,-0.01390076,0.9941406,-31.65414,2.436783,-31.85524,3.827652,0.5007425999999999,0.5420668000000001,0.2057696,0.2723999,0.05731201,0.9604645,33.21054,2.907593,-30.10388,4.502228,0.4476922,0.4880069999999999,-0.1435878,1.25064,-0.05888861,0.2065112,-0.3765775,0.03982749,5.078171,-122.6084,33.03
7,0.1228943,-0.0071716309999999,0.9923859,0.8845825999999999,0.1070862,-0.01390076,0.9941406,-31.65414,2.436783,-31.85524,3.827652,0.5007425999999999,0.5420668000000001,0.2057696,0.2723999,0.05731201,0.9604645,33.21054,2.907593,-30.10388,4.502228,0.4476922,0.4880069999999999,-0.1435878,1.25064,-0.05888861,0.2065112,-0.3765775,0.03982749,5.078171,-122.6084,33.03
7,0.1228943,-0.0071716309999999,0.9923859,0.8845825999999999,0.1070862,-0.01390076,0.9941406,-31.65414,2.436783,-31.85524,3.827652,0.5007425999999999,0.5420668000000001,0.2057696,0.2723999,0.05731201,0.9604645,33.21054,2.907593,-30.10388,4.502228,0.4476922,0.4880069999999999,-0.1370428,1.2513379999999998,-0.05557066,0.2047443,-0.3638585,0.03727404,5.078171,-122.6084,33.03
7,0.1228943,-0.0071716309999999,0.9923859,0.8845825999999999,0.1070862,-0.01390076,0.9941406,-31.65414,2.436783,-31.85524,3.827652,0.5007425999999999,0.5420668000000001,0.2057696,0.2723999,0.05731201,0.9604645,33.21054,2.907593,-30.10388,4.502228,0.4476922,0.4880069999999999,-0.1370428,1.2513379999999998,-0.05557066,0.2047443,-0.3638585,0.03727404,5.078171,-122.6084,33.03
7,0.1228943,-0.0071716309999999,0.9923859,0.8845825999999999,0.1070862,-0.01390076,0.9941406,-31.65414,2.436783,-31.85524,3.827652,0.5007425999999999,0.5420668000000001,0.2057696,0.2723999,0.05731201,0.9604645,33.21054,2.907593,-30.10388,4.502228,0.4476922,0.4880069999999999,-0.1370428,1.2513379999999998,-0.05557066,0.2047443,-0.3638585,0.03727404,5.078171,-122.6084,33.03
7,0.1228943,-0.0071716309999999,0.9923859,0.8845825999999999,0.1070862,-0.01390076,0.9941406,-31.65414,2.436783,-31.85524,3.827652,0.5007425999999999,0.5420668000000001,0.2057696,0.2723999,0.05731201,0.9604645,33.21054,2.907593,-30.10388,4.502228,0.4476922,0.4880069999999999,-0.1304402,1.251251,-0.05261081,0.2020737999999999,-0.3538467999999999,0.03373538,5.078171,-103.5583,33.03
7,0.1228943,-0.0071716309999999,0.9923859,0.8845825999999999,0.1070862,-0.01390076,0.9941406,-31.65414,2.436783,-31.85524,3.827652,0.5007425999999999,0.5420668000000001,0.2057696,0.2723999,0.05731201,0.9604645,33.21054,2.907593,-30.10388,4.502228,0.4476922,0.4880069999999999,-0.1304402,1.251251,-0.05261081,0.2020737999999999,-0.3538467999999999,0.03373538,5.078171,-103.5583,33.03
7,0.1228943,-0.0071716309999999,0.9923859,0.8845825999999999,0.1070862,-0.01390076,0.9941406,-31.65414,2.436783,-31.85524,3.827652,0.5007425999999999,0.5420668000000001,0.2057696,0.2723999,0.05731201,0.9604645,33.21054,2.907593,-30.10388,4.502228,0.4476922,0.4880069999999999,-0.1304402,1.251251,-0.05261081,0.2020737999999999,-0.3538467999999999,0.03373538,5.078171,-103.5583,33.03
7,0.3290252999999999,0.04800415,0.9430847,0.8273463,0.1628417999999999,0.04730225,0.9855042,-31.22563,2.181229,-31.52287,3.975494,0.4790667999999999,0.5407221999999999,0.25267,0.3305054,0.04800415,0.9425659,33.62813,2.587601,-30.06091,4.47377,0.4262014,0.4997021,-0.1236773,1.249973,-0.0498848,0.2044475,-0.3477163,0.02925539,5.078171,-103.5583,33.03
7,0.3290252999999999,0.04800415,0.9430847,0.8273463,0.1628417999999999,0.04730225,0.9855042,-31.22563,2.181229,-31.52287,3.975494,0.4790667999999999,0.5407221999999999,0.25267,0.3305054,0.04800415,0.9425659,33.62813,2.587601,-30.06091,4.47377,0.4262014,0.4997021,-0.1236773,1.249973,-0.0498848,0.2044475,-0.3477163,0.02925539,5.078171,-103.5583,33.03
7,0.3290252999999999,0.04800415,0.9430847,0.8273463,0.1628417999999999,0.04730225,0.9855042,-31.22563,2.181229,-31.52287,3.975494,0.4790667999999999,0.5407221999999999,0.25267,0.3305054,0.04800415,0.9425659,33.62813,2.587601,-30.06091,4.47377,0.4262014,0.4997021,-0.1236773,1.249973,-0.0498848,0.2044475,-0.3477163,0.02925539,5.078171,-103.5583,33.03
7,0.317337,0.02386475,0.947998,0.8235450000000001,0.2332001,0.1160278,0.9654694,-31.43654,2.1779330000000003,-31.53255,4.542557,0.4787479,0.5337232,0.0,0.3185883,0.02244568,0.9476166,33.35783,2.72197,-29.95265,4.529282,0.437042,0.497289,-0.116493,1.24764,-0.04676729,0.2119016,-0.3390369,0.0190675999999999,5.078171,-103.5583,33.03
7,0.317337,0.02386475,0.947998,0.8235450000000001,0.2332001,0.1160278,0.9654694,-31.43654,2.1779330000000003,-31.53255,4.542557,0.4787479,0.5337232,0.0,0.3185883,0.02244568,0.9476166,33.35783,2.72197,-29.95265,4.529282,0.437042,0.497289,-0.116493,1.24764,-0.04676729,0.2119016,-0.3390369,0.0190675999999999,5.078171,-103.5583,33.03
7,0.317337,0.02386475,0.947998,0.8235450000000001,0.2332001,0.1160278,0.9654694,-31.43654,2.1779330000000003,-31.53255,4.542557,0.4787479,0.5337232,0.0,0.3185883,0.02244568,0.9476166,33.35783,2.72197,-29.95265,4.529282,0.437042,0.497289,-0.116493,1.24764,-0.04676729,0.2119016,-0.3390369,0.0190675999999999,5.078171,-103.5583,33.03
7,0.0559082,-0.04127502,0.9975739,0.7241138,-0.02702332,-0.0582428,0.9979248,-32.70708,1.372162,-29.852840000000004,4.48114,0.5530816,0.5663216999999999,0.0,0.07545471,-0.03721619,0.9964447,31.95973,2.479996,-30.91141,4.552032,0.5137309,0.5210576,-0.1084723,1.244287,-0.04319328,0.2226607,-0.3282982,0.01023572,5.078171,-103.5583,33.03
7,0.0559082,-0.04127502,0.9975739,0.7241138,-0.02702332,-0.0582428,0.9979248,-32.70708,1.372162,-29.852840000000004,4.48114,0.5530816,0.5663216999999999,0.0,0.07545471,-0.03721619,0.9964447,31.95973,2.479996,-30.91141,4.552032,0.5137309,0.5210576,-0.1084723,1.244287,-0.04319328,0.2226607,-0.3282982,0.01023572,5.078171,-103.5583,33.03
7,0.0559082,-0.04127502,0.9975739,0.7241138,-0.02702332,-0.0582428,0.9979248,-32.70708,1.372162,-29.852840000000004,4.48114,0.5530816,0.5663216999999999,0.0,0.07545471,-0.03721619,0.9964447,31.95973,2.479996,-30.91141,4.552032,0.5137309,0.5210576,-0.1084723,1.244287,-0.04319328,0.2226607,-0.3282982,0.01023572,5.078171,-103.5583,33.03
7,-0.139267,-0.2919769,0.9462128,0.6786975000000001,-0.1392517,-0.29216,0.946167,-33.33212,1.207016,-31.25726,3.696487,0.5893345,0.6149439999999999,0.0,-0.1424713,-0.1232605,0.9820862,31.43515,2.0667880000000003,-30.16753,4.861343,0.5568719,0.5400015,-0.08941412,1.235619,-0.03424007,0.2490442999999999,-0.2897114,-0.004966027,5.078171,222.7758,33.03
7,-0.139267,-0.2919769,0.9462128,0.6786975000000001,-0.1392517,-0.29216,0.946167,-33.33212,1.207016,-31.25726,3.696487,0.5893345,0.6149439999999999,0.0,-0.1424713,-0.1232605,0.9820862,31.43515,2.0667880000000003,-30.16753,4.861343,0.5568719,0.5400015,-0.08941412,1.235619,-0.03424007,0.2490442999999999,-0.2897114,-0.004966027,5.078171,222.7758,33.03
7,-0.139267,-0.2919769,0.9462128,0.6786975000000001,-0.1392517,-0.29216,0.946167,-33.33212,1.207016,-31.25726,3.696487,0.5893345,0.6149439999999999,0.0,-0.1424713,-0.1232605,0.9820862,31.43515,2.0667880000000003,-30.16753,4.861343,0.5568719,0.5400015,-0.08941412,1.235619,-0.03424007,0.2490442999999999,-0.2897114,-0.004966027,5.078171,222.7758,33.03
7,-0.2390289,-0.2177429,0.9462738000000002,0.7103854000000001,-0.2395477,-0.2170868,0.9462891,-33.47583,0.7805786,-31.43819,4.395004,0.6075417,0.6229680000000001,0.0,-0.1477051,-0.3251953,0.9340363000000002,30.93938,1.423889,-30.04584,4.403671,0.5750659,0.5862353,-0.08941412,1.235619,-0.03424007,0.2490442999999999,-0.2897114,-0.004966027,5.078171,222.7758,33.03
7,-0.2390289,-0.2177429,0.9462738000000002,0.7103854000000001,-0.2395477,-0.2170868,0.9462891,-33.47583,0.7805786,-31.43819,4.395004,0.6075417,0.6229680000000001,0.0,-0.1477051,-0.3251953,0.9340363000000002,30.93938,1.423889,-30.04584,4.403671,0.5750659,0.5862353,-0.08941412,1.235619,-0.03424007,0.2490442999999999,-0.2897114,-0.004966027,5.078171,222.7758,33.03
7,-0.2390289,-0.2177429,0.9462738000000002,0.7103854000000001,-0.2395477,-0.2170868,0.9462891,-33.47583,0.7805786,-31.43819,4.395004,0.6075417,0.6229680000000001,0.0,-0.1477051,-0.3251953,0.9340363000000002,30.93938,1.423889,-30.04584,4.403671,0.5750659,0.5862353,-0.08941412,1.235619,-0.03424007,0.2490442999999999,-0.2897114,-0.004966027,5.078171,222.7758,33.03
7,-0.1939392,-0.3368988,0.9213409,0.8063134,-0.2047882,-0.3079680999999999,0.9290771,-33.74393,0.4178314,-31.52907,4.095473999999999,0.6130161999999999,0.6484326,0.0,-0.1765442,-0.3815613,0.9073181,30.77515,1.005676,-30.20998,4.531982,0.5841464,0.6100051999999999,-0.07800794,1.230706,-0.02954453,0.2613935,-0.2624859,-0.01166075,5.078171,222.7758,33.03
7,-0.1939392,-0.3368988,0.9213409,0.8063134,-0.2047882,-0.3079680999999999,0.9290771,-33.74393,0.4178314,-31.52907,4.095473999999999,0.6130161999999999,0.6484326,0.0,-0.1765442,-0.3815613,0.9073181,30.77515,1.005676,-30.20998,4.531982,0.5841464,0.6100051999999999,-0.07800794,1.230706,-0.02954453,0.2613935,-0.2624859,-0.01166075,5.078171,222.7758,33.03
7,-0.1939392,-0.3368988,0.9213409,0.8063134,-0.2047882,-0.3079680999999999,0.9290771,-33.74393,0.4178314,-31.52907,4.095473999999999,0.6130161999999999,0.6484326,0.0,-0.1765442,-0.3815613,0.9073181,30.77515,1.005676,-30.20998,4.531982,0.5841464,0.6100051999999999,-0.07800794,1.230706,-0.02954453,0.2613935,-0.2624859,-0.01166075,5.078171,222.7758,33.03
7,-0.2042236,-0.3734741,0.9048767,0.8379393,-0.2949370999999999,-0.3214417,0.8998108,-33.260090000000005,0.3565825999999999,-31.56348,3.722275,0.6071998000000001,0.6534422,0.1,-0.1515808,-0.4012604,0.9033203000000002,31.06158,1.046417,-30.11185,4.513016,0.5712430000000001,0.609919,-0.06631947,1.22567,-0.02493477,0.2710681,-0.2333956,-0.01516328,5.078171,222.7758,33.03
7,-0.2042236,-0.3734741,0.9048767,0.8379393,-0.2949370999999999,-0.3214417,0.8998108,-33.260090000000005,0.3565825999999999,-31.56348,3.722275,0.6071998000000001,0.6534422,0.1,-0.1515808,-0.4012604,0.9033203000000002,31.06158,1.046417,-30.11185,4.513016,0.5712430000000001,0.609919,-0.06631947,1.22567,-0.02493477,0.2710681,-0.2333956,-0.01516328,5.078171,222.7758,33.03
7,-0.2042236,-0.3734741,0.9048767,0.8379393,-0.2949370999999999,-0.3214417,0.8998108,-33.260090000000005,0.3565825999999999,-31.56348,3.722275,0.6071998000000001,0.6534422,0.1,-0.1515808,-0.4012604,0.9033203000000002,31.06158,1.046417,-30.11185,4.513016,0.5712430000000001,0.609919,-0.06631947,1.22567,-0.02493477,0.2710681,-0.2333956,-0.01516328,5.078171,222.7758,33.03
7,-0.1763458,-0.382843,0.9068146,0.8746968,-0.2438202,-0.383194,0.8908844000000001,-33.00888,0.4604492,-31.46948,3.70488,0.5916954000000001,0.6566274000000001,0.1,-0.0977478,-0.3801575,0.9197235,31.364320000000003,1.131668,-29.98682,4.351089,0.5545196,0.6024142,-0.05440688,1.221598,-0.02036327,0.2811772,-0.2008329,-0.02252586,5.078171,222.7758,33.03
7,-0.1763458,-0.382843,0.9068146,0.8746968,-0.2438202,-0.383194,0.8908844000000001,-33.00888,0.4604492,-31.46948,3.70488,0.5916954000000001,0.6566274000000001,0.1,-0.0977478,-0.3801575,0.9197235,31.364320000000003,1.131668,-29.98682,4.351089,0.5545196,0.6024142,-0.05440688,1.221598,-0.02036327,0.2811772,-0.2008329,-0.02252586,5.078171,222.7758,33.03
7,-0.1763458,-0.382843,0.9068146,0.8746968,-0.2438202,-0.383194,0.8908844000000001,-33.00888,0.4604492,-31.46948,3.70488,0.5916954000000001,0.6566274000000001,0.1,-0.0977478,-0.3801575,0.9197235,31.364320000000003,1.131668,-29.98682,4.351089,0.5545196,0.6024142,-0.05440688,1.221598,-0.02036327,0.2811772,-0.2008329,-0.02252586,5.078171,222.7758,33.03
7,-0.1763458,-0.382843,0.9068146,0.8746968,-0.2438202,-0.383194,0.8908844000000001,-33.00888,0.4604492,-31.46948,3.70488,0.5916954000000001,0.6566274000000001,0.1,-0.0977478,-0.3801575,0.9197235,31.364320000000003,1.131668,-29.98682,4.351089,0.5545196,0.6024142,-0.04206538,1.218005,-0.01577371,0.2875316,-0.1655962,-0.02614842,5.078171,207.6452,33.03
7,-0.1763458,-0.382843,0.9068146,0.8746968,-0.2438202,-0.383194,0.8908844000000001,-33.00888,0.4604492,-31.46948,3.70488,0.5916954000000001,0.6566274000000001,0.1,-0.0977478,-0.3801575,0.9197235,31.364320000000003,1.131668,-29.98682,4.351089,0.5545196,0.6024142,-0.04206538,1.218005,-0.01577371,0.2875316,-0.1655962,-0.02614842,5.078171,207.6452,33.03
7,-0.1763458,-0.382843,0.9068146,0.8746968,-0.2438202,-0.383194,0.8908844000000001,-33.00888,0.4604492,-31.46948,3.70488,0.5916954000000001,0.6566274000000001,0.1,-0.0977478,-0.3801575,0.9197235,31.364320000000003,1.131668,-29.98682,4.351089,0.5545196,0.6024142,-0.04206538,1.218005,-0.01577371,0.2875316,-0.1655962,-0.02614842,5.078171,207.6452,33.03
8,-0.1763458,-0.382843,0.9068146,0.8746968,-0.2438202,-0.383194,0.8908844000000001,-33.00888,0.4604492,-31.46948,3.70488,0.5916954000000001,0.6566274000000001,0.1,-0.0977478,-0.3801575,0.9197235,31.364320000000003,1.131668,-29.98682,4.351089,0.5545196,0.6024142,-0.03026891,1.214606,-0.01243144,0.2934103,-0.1338526,-0.02562692,5.078171,207.6452,33.03
8,-0.1763458,-0.382843,0.9068146,0.8746968,-0.2438202,-0.383194,0.8908844000000001,-33.00888,0.4604492,-31.46948,3.70488,0.5916954000000001,0.6566274000000001,0.1,-0.0977478,-0.3801575,0.9197235,31.364320000000003,1.131668,-29.98682,4.351089,0.5545196,0.6024142,-0.03026891,1.214606,-0.01243144,0.2934103,-0.1338526,-0.02562692,5.078171,207.6452,33.03
8,-0.1763458,-0.382843,0.9068146,0.8746968,-0.2438202,-0.383194,0.8908844000000001,-33.00888,0.4604492,-31.46948,3.70488,0.5916954000000001,0.6566274000000001,0.1,-0.0977478,-0.3801575,0.9197235,31.364320000000003,1.131668,-29.98682,4.351089,0.5545196,0.6024142,-0.03026891,1.214606,-0.01243144,0.2934103,-0.1338526,-0.02562692,5.078171,207.6452,33.03
8,-0.09533691,-0.365799,0.9257813,0.8746968,-0.1624756,-0.3526611,0.921524,-32.918009999999995,0.4681244,-31.43608,3.268738,0.5777356,0.6510986,0.1,-0.04994202,-0.3736572,0.9262085,31.42995,1.097321,-29.97198,4.29306,0.5466270000000001,0.6022515,-0.0174489,1.209757,-0.01081747,0.3071395,-0.09752218,-0.03150455,5.078171,207.6452,33.03
8,-0.09533691,-0.365799,0.9257813,0.8746968,-0.1624756,-0.3526611,0.921524,-32.918009999999995,0.4681244,-31.43608,3.268738,0.5777356,0.6510986,0.1,-0.04994202,-0.3736572,0.9262085,31.42995,1.097321,-29.97198,4.29306,0.5466270000000001,0.6022515,-0.0174489,1.209757,-0.01081747,0.3071395,-0.09752218,-0.03150455,5.078171,207.6452,33.03
8,-0.09533691,-0.365799,0.9257813,0.8746968,-0.1624756,-0.3526611,0.921524,-32.918009999999995,0.4681244,-31.43608,3.268738,0.5777356,0.6510986,0.1,-0.04994202,-0.3736572,0.9262085,31.42995,1.097321,-29.97198,4.29306,0.5466270000000001,0.6022515,-0.0174489,1.209757,-0.01081747,0.3071395,-0.09752218,-0.03150455,5.078171,207.6452,33.03
8,-0.09533691,-0.365799,0.9257813,0.8746968,-0.1624756,-0.3526611,0.921524,-32.918009999999995,0.4681244,-31.43608,3.268738,0.5777356,0.6510986,0.1,-0.04994202,-0.3736572,0.9262085,31.42995,1.097321,-29.97198,4.29306,0.5466270000000001,0.6022515,-0.0002868175999999,1.203244,-0.01038975,0.3255111,-0.04764809,-0.04629089,5.078171,207.6452,33.03
8,-0.09533691,-0.365799,0.9257813,0.8746968,-0.1624756,-0.3526611,0.921524,-32.918009999999995,0.4681244,-31.43608,3.268738,0.5777356,0.6510986,0.1,-0.04994202,-0.3736572,0.9262085,31.42995,1.097321,-29.97198,4.29306,0.5466270000000001,0.6022515,-0.0002868175999999,1.203244,-0.01038975,0.3255111,-0.04764809,-0.04629089,5.078171,207.6452,33.03
8,-0.09533691,-0.365799,0.9257813,0.8746968,-0.1624756,-0.3526611,0.921524,-32.918009999999995,0.4681244,-31.43608,3.268738,0.5777356,0.6510986,0.1,-0.04994202,-0.3736572,0.9262085,31.42995,1.097321,-29.97198,4.29306,0.5466270000000001,0.6022515,-0.0002868175999999,1.203244,-0.01038975,0.3255111,-0.04764809,-0.04629089,5.078171,207.6452,33.03
8,0.02815247,-0.3488159,0.9367523,0.8997334000000001,-0.05899048,-0.3394775,0.9387512,-32.538059999999994,0.4176483,-31.3761,3.603638,0.5514361999999999,0.649913,0.1,0.06990051,-0.352356,0.9332428,31.9238,0.9222565,-29.93399,4.408493,0.5152677,0.6044991999999999,0.01211929,1.197992,-0.01136392,0.3398042,-0.00820327,-0.05649997,5.078171,207.6452,33.03
8,0.02815247,-0.3488159,0.9367523,0.8997334000000001,-0.05899048,-0.3394775,0.9387512,-32.538059999999994,0.4176483,-31.3761,3.603638,0.5514361999999999,0.649913,0.1,0.06990051,-0.352356,0.9332428,31.9238,0.9222565,-29.93399,4.408493,0.5152677,0.6044991999999999,0.01211929,1.197992,-0.01136392,0.3398042,-0.00820327,-0.05649997,5.078171,207.6452,33.03
8,0.02815247,-0.3488159,0.9367523,0.8997334000000001,-0.05899048,-0.3394775,0.9387512,-32.538059999999994,0.4176483,-31.3761,3.603638,0.5514361999999999,0.649913,0.1,0.06990051,-0.352356,0.9332428,31.9238,0.9222565,-29.93399,4.408493,0.5152677,0.6044991999999999,0.01211929,1.197992,-0.01136392,0.3398042,-0.00820327,-0.05649997,5.078171,207.6452,33.03
8,0.02815247,-0.3488159,0.9367523,0.8997334000000001,-0.05899048,-0.3394775,0.9387512,-32.538059999999994,0.4176483,-31.3761,3.603638,0.5514361999999999,0.649913,0.1,0.06990051,-0.352356,0.9332428,31.9238,0.9222565,-29.93399,4.408493,0.5152677,0.6044991999999999,0.02462077,1.192551,-0.01296204,0.3500845999999999,0.02987308,-0.06720523,5.078171,5.64032,33.03
8,0.02815247,-0.3488159,0.9367523,0.8997334000000001,-0.05899048,-0.3394775,0.9387512,-32.538059999999994,0.4176483,-31.3761,3.603638,0.5514361999999999,0.649913,0.1,0.06990051,-0.352356,0.9332428,31.9238,0.9222565,-29.93399,4.408493,0.5152677,0.6044991999999999,0.02462077,1.192551,-0.01296204,0.3500845999999999,0.02987308,-0.06720523,5.078171,5.64032,33.03
8,0.02815247,-0.3488159,0.9367523,0.8997334000000001,-0.05899048,-0.3394775,0.9387512,-32.538059999999994,0.4176483,-31.3761,3.603638,0.5514361999999999,0.649913,0.1,0.06990051,-0.352356,0.9332428,31.9238,0.9222565,-29.93399,4.408493,0.5152677,0.6044991999999999,0.02462077,1.192551,-0.01296204,0.3500845999999999,0.02987308,-0.06720523,5.078171,5.64032,33.03
8,0.006317139,-0.3692017,0.9293213,0.8997334000000001,-0.04496765,-0.4048615,0.9132538,-32.487590000000004,0.3777160999999999,-31.39093,3.483246,0.5478734000000001,0.6604816,0.1,0.03013611,-0.3521118,0.9354553,32.1133,0.8589783000000001,-29.958540000000003,4.177855999999999,0.5136462,0.6069323,0.03556061,1.188314,-0.0151906,0.3586768,0.05896565,-0.07593107,5.078171,5.64032,33.03
8,0.006317139,-0.3692017,0.9293213,0.8997334000000001,-0.04496765,-0.4048615,0.9132538,-32.487590000000004,0.3777160999999999,-31.39093,3.483246,0.5478734000000001,0.6604816,0.1,0.03013611,-0.3521118,0.9354553,32.1133,0.8589783000000001,-29.958540000000003,4.177855999999999,0.5136462,0.6069323,0.03556061,1.188314,-0.0151906,0.3586768,0.05896565,-0.07593107,5.078171,5.64032,33.03
8,0.006317139,-0.3692017,0.9293213,0.8997334000000001,-0.04496765,-0.4048615,0.9132538,-32.487590000000004,0.3777160999999999,-31.39093,3.483246,0.5478734000000001,0.6604816,0.1,0.03013611,-0.3521118,0.9354553,32.1133,0.8589783000000001,-29.958540000000003,4.177855999999999,0.5136462,0.6069323,0.03556061,1.188314,-0.0151906,0.3586768,0.05896565,-0.07593107,5.078171,5.64032,33.03
8,-0.1365204,-0.3930664,0.909317,0.8488125,-0.1978454999999999,-0.3821410999999999,0.9026642,-32.57584,-0.0874176,-31.60068,3.616547,0.5705800999999999,0.6768975,0.1,-0.07217407,-0.402771,0.9124451,31.63426,0.4510956,-30.18796,4.379974,0.5421111999999999,0.6306396,0.04644823,1.184806,-0.01775783,0.3641689,0.09118333,-0.0847866,5.078171,5.64032,33.03
8,-0.1365204,-0.3930664,0.909317,0.8488125,-0.1978454999999999,-0.3821410999999999,0.9026642,-32.57584,-0.0874176,-31.60068,3.616547,0.5705800999999999,0.6768975,0.1,-0.07217407,-0.402771,0.9124451,31.63426,0.4510956,-30.18796,4.379974,0.5421111999999999,0.6306396,0.04644823,1.184806,-0.01775783,0.3641689,0.09118333,-0.0847866,5.078171,5.64032,33.03
8,-0.1365204,-0.3930664,0.909317,0.8488125,-0.1978454999999999,-0.3821410999999999,0.9026642,-32.57584,-0.0874176,-31.60068,3.616547,0.5705800999999999,0.6768975,0.1,-0.07217407,-0.402771,0.9124451,31.63426,0.4510956,-30.18796,4.379974,0.5421111999999999,0.6306396,0.04644823,1.184806,-0.01775783,0.3641689,0.09118333,-0.0847866,5.078171,5.64032,33.03
8,-0.06541443,-0.3807067999999999,0.9223633,0.8700699000000001,-0.09469604,-0.3716583,0.9235077,-32.45578,0.05198669,-31.52007,3.390381,0.5529736,0.6689398,0.1,-0.03381348,-0.3900452,0.920166,31.85246,0.6123962,-30.09718,4.286133,0.5301033,0.6221533,0.05679321,1.182935,-0.02003676,0.3672585,0.1197107,-0.09568405,5.078171,5.64032,33.03
8,-0.06541443,-0.3807067999999999,0.9223633,0.8700699000000001,-0.09469604,-0.3716583,0.9235077,-32.45578,0.05198669,-31.52007,3.390381,0.5529736,0.6689398,0.1,-0.03381348,-0.3900452,0.920166,31.85246,0.6123962,-30.09718,4.286133,0.5301033,0.6221533,0.05679321,1.182935,-0.02003676,0.3672585,0.1197107,-0.09568405,5.078171,5.64032,33.03
8,-0.06541443,-0.3807067999999999,0.9223633,0.8700699000000001,-0.09469604,-0.3716583,0.9235077,-32.45578,0.05198669,-31.52007,3.390381,0.5529736,0.6689398,0.1,-0.03381348,-0.3900452,0.920166,31.85246,0.6123962,-30.09718,4.286133,0.5301033,0.6221533,0.05679321,1.182935,-0.02003676,0.3672585,0.1197107,-0.09568405,5.078171,5.64032,33.03
8,-0.02235413,-0.3330688,0.942627,0.8942495,-0.1035918999999999,-0.3193359,0.9419556,-32.32895,-0.1145325,-31.55255,3.583359,0.5497270000000001,0.6680272,0.1,0.03652954,-0.3416137999999999,0.9391174,31.98068,0.3237152,-30.15208,4.257751,0.5172886999999999,0.6259403,0.06634879,1.180676,-0.02469426,0.3725149,0.1458845,-0.1099829,5.078171,5.64032,33.03
8,-0.02235413,-0.3330688,0.942627,0.8942495,-0.1035918999999999,-0.3193359,0.9419556,-32.32895,-0.1145325,-31.55255,3.583359,0.5497270000000001,0.6680272,0.1,0.03652954,-0.3416137999999999,0.9391174,31.98068,0.3237152,-30.15208,4.257751,0.5172886999999999,0.6259403,0.06634879,1.180676,-0.02469426,0.3725149,0.1458845,-0.1099829,5.078171,5.64032,33.03
8,-0.02235413,-0.3330688,0.942627,0.8942495,-0.1035918999999999,-0.3193359,0.9419556,-32.32895,-0.1145325,-31.55255,3.583359,0.5497270000000001,0.6680272,0.1,0.03652954,-0.3416137999999999,0.9391174,31.98068,0.3237152,-30.15208,4.257751,0.5172886999999999,0.6259403,0.06634879,1.180676,-0.02469426,0.3725149,0.1458845,-0.1099829,5.078171,5.64032,33.03
8,0.03742981,-0.345459,0.9376831,0.9233504,-0.03672791,-0.3145905,0.9485016,-32.20924,-0.06370544,-31.53693,3.373077,0.5369073000000001,0.6651699999999999,0.1,0.0945281999999999,-0.3677368,0.9250946,32.112109999999994,0.3294829999999999,-30.1259,4.1599580000000005,0.5058803,0.6287784000000001,0.07575846,1.178655,-0.03059739,0.3773474,0.1735066,-0.1258697,5.078171,3.819702,33.03
8,0.03742981,-0.345459,0.9376831,0.9233504,-0.03672791,-0.3145905,0.9485016,-32.20924,-0.06370544,-31.53693,3.373077,0.5369073000000001,0.6651699999999999,0.1,0.0945281999999999,-0.3677368,0.9250946,32.112109999999994,0.3294829999999999,-30.1259,4.1599580000000005,0.5058803,0.6287784000000001,0.07575846,1.178655,-0.03059739,0.3773474,0.1735066,-0.1258697,5.078171,3.819702,33.03
8,0.03742981,-0.345459,0.9376831,0.9233504,-0.03672791,-0.3145905,0.9485016,-32.20924,-0.06370544,-31.53693,3.373077,0.5369073000000001,0.6651699999999999,0.1,0.0945281999999999,-0.3677368,0.9250946,32.112109999999994,0.3294829999999999,-30.1259,4.1599580000000005,0.5058803,0.6287784000000001,0.07575846,1.178655,-0.03059739,0.3773474,0.1735066,-0.1258697,5.078171,3.819702,33.03
8,0.06082153,-0.3493958,0.9349823,0.9423896,-0.02441406,-0.3106537,0.9501953000000002,-32.14464,0.02941895,-31.52481,3.657333,0.5333502,0.6612137,0.1,0.1148987,-0.372467,0.9208984,32.14212,0.3510895,-30.10756,4.12709,0.5024189,0.6284721999999999,0.09432292,1.17431,-0.04311734,0.3793669,0.2303112,-0.158142,5.078171,3.819702,33.03
8,0.06082153,-0.3493958,0.9349823,0.9423896,-0.02441406,-0.3106537,0.9501953000000002,-32.14464,0.02941895,-31.52481,3.657333,0.5333502,0.6612137,0.1,0.1148987,-0.372467,0.9208984,32.14212,0.3510895,-30.10756,4.12709,0.5024189,0.6284721999999999,0.09432292,1.17431,-0.04311734,0.3793669,0.2303112,-0.158142,5.078171,3.819702,33.03
8,0.06082153,-0.3493958,0.9349823,0.9423896,-0.02441406,-0.3106537,0.9501953000000002,-32.14464,0.02941895,-31.52481,3.657333,0.5333502,0.6612137,0.1,0.1148987,-0.372467,0.9208984,32.14212,0.3510895,-30.10756,4.12709,0.5024189,0.6284721999999999,0.09432292,1.17431,-0.04311734,0.3793669,0.2303112,-0.158142,5.078171,3.819702,33.03
8,0.07844543,-0.3772583,0.92276,0.9293888,-0.005874634,-0.3118285999999999,0.9501038,-32.13988,0.01513672,-31.53215,3.776901,0.5310001999999999,0.6619716999999999,0.1,0.1246643,-0.4114685,0.9028473,32.17152,0.3809814,-30.103040000000004,4.091721,0.5002094,0.6326288,0.09432292,1.17431,-0.04311734,0.3793669,0.2303112,-0.158142,5.078171,3.819702,33.05
8,0.07844543,-0.3772583,0.92276,0.9293888,-0.005874634,-0.3118285999999999,0.9501038,-32.13988,0.01513672,-31.53215,3.776901,0.5310001999999999,0.6619716999999999,0.1,0.1246643,-0.4114685,0.9028473,32.17152,0.3809814,-30.103040000000004,4.091721,0.5002094,0.6326288,0.09432292,1.17431,-0.04311734,0.3793669,0.2303112,-0.158142,5.078171,3.819702,33.05
8,0.07844543,-0.3772583,0.92276,0.9293888,-0.005874634,-0.3118285999999999,0.9501038,-32.13988,0.01513672,-31.53215,3.776901,0.5310001999999999,0.6619716999999999,0.1,0.1246643,-0.4114685,0.9028473,32.17152,0.3809814,-30.103040000000004,4.091721,0.5002094,0.6326288,0.09432292,1.17431,-0.04311734,0.3793669,0.2303112,-0.158142,5.078171,3.819702,33.05
8,0.08033752,-0.3451538,0.9350891,0.9293888,-0.0004425048999999,-0.2807617,0.9597626,-32.122240000000005,0.006896973,-31.5376,3.637756,0.5295741,0.6581169,0.1,0.1215057,-0.3767242,0.9183044,32.19388,0.3388519,-30.10214,4.140105999999999,0.4998217,0.6294014,0.1099204999999999,1.169166,-0.06045139,0.3847603,0.2869936999999999,-0.1904517,5.078171,3.819702,33.05
8,0.08033752,-0.3451538,0.9350891,0.9293888,-0.0004425048999999,-0.2807617,0.9597626,-32.122240000000005,0.006896973,-31.5376,3.637756,0.5295741,0.6581169,0.1,0.1215057,-0.3767242,0.9183044,32.19388,0.3388519,-30.10214,4.140105999999999,0.4998217,0.6294014,0.1099204999999999,1.169166,-0.06045139,0.3847603,0.2869936999999999,-0.1904517,5.078171,3.819702,33.05
8,0.08033752,-0.3451538,0.9350891,0.9293888,-0.0004425048999999,-0.2807617,0.9597626,-32.122240000000005,0.006896973,-31.5376,3.637756,0.5295741,0.6581169,0.1,0.1215057,-0.3767242,0.9183044,32.19388,0.3388519,-30.10214,4.140105999999999,0.4998217,0.6294014,0.1099204999999999,1.169166,-0.06045139,0.3847603,0.2869936999999999,-0.1904517,5.078171,3.819702,33.05
8,-0.04389954,-0.3029327,0.9519958,0.9047574,-0.1069183,-0.3025208,0.947113,-32.32835,-0.02709961,-31.51717,3.4478150000000003,0.5499771999999999,0.6622311,0.1,0.04251099,-0.3015442,0.9524994,31.65642,0.5167084,-30.0403,4.155289,0.5278994,0.6130369999999999,0.1171067,1.1675209999999998,-0.06966096,0.3841189,0.3178834,-0.2115102,5.078171,37.22415,33.05
8,-0.04389954,-0.3029327,0.9519958,0.9047574,-0.1069183,-0.3025208,0.947113,-32.32835,-0.02709961,-31.51717,3.4478150000000003,0.5499771999999999,0.6622311,0.1,0.04251099,-0.3015442,0.9524994,31.65642,0.5167084,-30.0403,4.155289,0.5278994,0.6130369999999999,0.1171067,1.1675209999999998,-0.06966096,0.3841189,0.3178834,-0.2115102,5.078171,37.22415,33.05
8,-0.04389954,-0.3029327,0.9519958,0.9047574,-0.1069183,-0.3025208,0.947113,-32.32835,-0.02709961,-31.51717,3.4478150000000003,0.5499771999999999,0.6622311,0.1,0.04251099,-0.3015442,0.9524994,31.65642,0.5167084,-30.0403,4.155289,0.5278994,0.6130369999999999,0.1171067,1.1675209999999998,-0.06966096,0.3841189,0.3178834,-0.2115102,5.078171,37.22415,33.05
8,-0.1032714999999999,-0.3227386,0.9408264,0.9586731,-0.1715088,-0.3197174,0.9318542,-32.526340000000005,-0.2854462,-31.62225,3.457489,0.5653083000000001,0.6753121,0.1,-0.06170654,-0.323822,0.9440918,31.4409,0.2759705,-30.16348,4.196442,0.5477286,0.625984,0.1229490999999999,1.165685,-0.07921505,0.3847042999999999,0.3432416,-0.2276561,5.078171,37.22415,33.05
8,-0.1032714999999999,-0.3227386,0.9408264,0.9586731,-0.1715088,-0.3197174,0.9318542,-32.526340000000005,-0.2854462,-31.62225,3.457489,0.5653083000000001,0.6753121,0.1,-0.06170654,-0.323822,0.9440918,31.4409,0.2759705,-30.16348,4.196442,0.5477286,0.625984,0.1229490999999999,1.165685,-0.07921505,0.3847042999999999,0.3432416,-0.2276561,5.078171,37.22415,33.05
8,-0.1032714999999999,-0.3227386,0.9408264,0.9586731,-0.1715088,-0.3197174,0.9318542,-32.526340000000005,-0.2854462,-31.62225,3.457489,0.5653083000000001,0.6753121,0.1,-0.06170654,-0.323822,0.9440918,31.4409,0.2759705,-30.16348,4.196442,0.5477286,0.625984,0.1229490999999999,1.165685,-0.07921505,0.3847042999999999,0.3432416,-0.2276561,5.078171,37.22415,33.05
8,-0.08377075,-0.3411102,0.9362793,0.9536725,-0.1608887,-0.3670959,0.916153,-32.50751,-0.2744140999999999,-31.62247,3.412704,0.5633329,0.6814276,0.1,-0.03703308,-0.324295,0.9452209,31.53003,0.2196197999999999,-30.16501,4.191132,0.541704,0.6278434,0.1281343,1.163942,-0.08825201,0.383689,0.3655212,-0.2416085,5.078171,37.22415,33.05
8,-0.08377075,-0.3411102,0.9362793,0.9536725,-0.1608887,-0.3670959,0.916153,-32.50751,-0.2744140999999999,-31.62247,3.412704,0.5633329,0.6814276,0.1,-0.03703308,-0.324295,0.9452209,31.53003,0.2196197999999999,-30.16501,4.191132,0.541704,0.6278434,0.1281343,1.163942,-0.08825201,0.383689,0.3655212,-0.2416085,5.078171,37.22415,33.05
8,-0.08377075,-0.3411102,0.9362793,0.9536725,-0.1608887,-0.3670959,0.916153,-32.50751,-0.2744140999999999,-31.62247,3.412704,0.5633329,0.6814276,0.1,-0.03703308,-0.324295,0.9452209,31.53003,0.2196197999999999,-30.16501,4.191132,0.541704,0.6278434,0.1281343,1.163942,-0.08825201,0.383689,0.3655212,-0.2416085,5.078171,37.22415,33.05
8,-0.07975769,-0.343277,0.9358368,0.9536725,-0.1673888999999999,-0.3740997,0.9121399,-32.51686,-0.2561188,-31.61494,3.365829,0.5644734,0.6817261,0.1,-0.01879883,-0.3201294,0.9471741,31.61388,0.201004,-30.1553,4.202483999999999,0.5366153,0.6277274,0.1326714,1.162349,-0.09710544,0.3830726,0.385374,-0.2542244999999999,5.078171,37.22415,33.05
8,-0.07975769,-0.343277,0.9358368,0.9536725,-0.1673888999999999,-0.3740997,0.9121399,-32.51686,-0.2561188,-31.61494,3.365829,0.5644734,0.6817261,0.1,-0.01879883,-0.3201294,0.9471741,31.61388,0.201004,-30.1553,4.202483999999999,0.5366153,0.6277274,0.1326714,1.162349,-0.09710544,0.3830726,0.385374,-0.2542244999999999,5.078171,37.22415,33.05
8,-0.07975769,-0.343277,0.9358368,0.9536725,-0.1673888999999999,-0.3740997,0.9121399,-32.51686,-0.2561188,-31.61494,3.365829,0.5644734,0.6817261,0.1,-0.01879883,-0.3201294,0.9471741,31.61388,0.201004,-30.1553,4.202483999999999,0.5366153,0.6277274,0.1326714,1.162349,-0.09710544,0.3830726,0.385374,-0.2542244999999999,5.078171,37.22415,33.05
8,-0.07975769,-0.343277,0.9358368,0.9536725,-0.1673888999999999,-0.3740997,0.9121399,-32.51686,-0.2561188,-31.61494,3.365829,0.5644734,0.6817261,0.1,-0.01879883,-0.3201294,0.9471741,31.61388,0.201004,-30.1553,4.202483999999999,0.5366153,0.6277274,0.1373493999999999,1.161461,-0.1052487,0.3799285999999999,0.404384,-0.2644905,5.078171,37.22415,33.05
8,-0.07975769,-0.343277,0.9358368,0.9536725,-0.1673888999999999,-0.3740997,0.9121399,-32.51686,-0.2561188,-31.61494,3.365829,0.5644734,0.6817261,0.1,-0.01879883,-0.3201294,0.9471741,31.61388,0.201004,-30.1553,4.202483999999999,0.5366153,0.6277274,0.1373493999999999,1.161461,-0.1052487,0.3799285999999999,0.404384,-0.2644905,5.078171,37.22415,33.05
8,-0.07975769,-0.343277,0.9358368,0.9536725,-0.1673888999999999,-0.3740997,0.9121399,-32.51686,-0.2561188,-31.61494,3.365829,0.5644734,0.6817261,0.1,-0.01879883,-0.3201294,0.9471741,31.61388,0.201004,-30.1553,4.202483999999999,0.5366153,0.6277274,0.1373493999999999,1.161461,-0.1052487,0.3799285999999999,0.404384,-0.2644905,5.078171,37.22415,33.05
8,-0.0118866,-0.2853699,0.9583282,1.0,-0.09255981,-0.3011627,0.9490509,-32.33585,0.08232117,-31.48512,3.382584,0.5483610999999999,0.6577666,0.3882435999999999,0.05133057,-0.2716369999999999,0.9610138,32.03479,0.3452606,-30.0507,4.149780000000001,0.5138081,0.6150614000000001,0.1469877,1.163272,-0.119091,0.3658597,0.4378492999999999,-0.2702766,5.078171,37.22415,33.05
8,-0.0118866,-0.2853699,0.9583282,1.0,-0.09255981,-0.3011627,0.9490509,-32.33585,0.08232117,-31.48512,3.382584,0.5483610999999999,0.6577666,0.3882435999999999,0.05133057,-0.2716369999999999,0.9610138,32.03479,0.3452606,-30.0507,4.149780000000001,0.5138081,0.6150614000000001,0.1469877,1.163272,-0.119091,0.3658597,0.4378492999999999,-0.2702766,5.078171,37.22415,33.05
8,-0.0118866,-0.2853699,0.9583282,1.0,-0.09255981,-0.3011627,0.9490509,-32.33585,0.08232117,-31.48512,3.382584,0.5483610999999999,0.6577666,0.3882435999999999,0.05133057,-0.2716369999999999,0.9610138,32.03479,0.3452606,-30.0507,4.149780000000001,0.5138081,0.6150614000000001,0.1469877,1.163272,-0.119091,0.3658597,0.4378492999999999,-0.2702766,5.078171,37.22415,33.05
8,0.01487732,-0.28685,0.9578552,1.0,-0.06640625,-0.3182067999999999,0.9456787,-32.30101,0.1033783,-31.47951,3.3918,0.5438586999999999,0.6592021,0.4333377,0.06974792,-0.2644196,0.9618683,32.088440000000006,0.3113555999999999,-30.04645,4.050537,0.509831,0.6151898,0.152385,1.166364,-0.1249354,0.3545385,0.4547407999999999,-0.2686265999999999,5.078171,-72.07202,33.05
8,0.01487732,-0.28685,0.9578552,1.0,-0.06640625,-0.3182067999999999,0.9456787,-32.30101,0.1033783,-31.47951,3.3918,0.5438586999999999,0.6592021,0.4333377,0.06974792,-0.2644196,0.9618683,32.088440000000006,0.3113555999999999,-30.04645,4.050537,0.509831,0.6151898,0.152385,1.166364,-0.1249354,0.3545385,0.4547407999999999,-0.2686265999999999,5.078171,-72.07202,33.05
8,0.01487732,-0.28685,0.9578552,1.0,-0.06640625,-0.3182067999999999,0.9456787,-32.30101,0.1033783,-31.47951,3.3918,0.5438586999999999,0.6592021,0.4333377,0.06974792,-0.2644196,0.9618683,32.088440000000006,0.3113555999999999,-30.04645,4.050537,0.509831,0.6151898,0.152385,1.166364,-0.1249354,0.3545385,0.4547407999999999,-0.2686265999999999,5.078171,-72.07202,33.05
8,-0.2060242,-0.2617035,0.9428864,0.9323495,0.0,0.0,0.0,-33.2849,0.452713,-31.59683,-1.0,0.6203665,0.6369888000000001,0.3586237,-0.2060242,-0.2617035,0.9428864,31.04825,0.9356689,-30.02481,4.210968,0.5784529,0.5951571,0.1584332,1.171405,-0.1296915,0.3362339,0.47456,-0.2634571,5.078171,-72.07202,33.05
8,-0.2060242,-0.2617035,0.9428864,0.9323495,0.0,0.0,0.0,-33.2849,0.452713,-31.59683,-1.0,0.6203665,0.6369888000000001,0.3586237,-0.2060242,-0.2617035,0.9428864,31.04825,0.9356689,-30.02481,4.210968,0.5784529,0.5951571,0.1584332,1.171405,-0.1296915,0.3362339,0.47456,-0.2634571,5.078171,-72.07202,33.05
8,-0.2060242,-0.2617035,0.9428864,0.9323495,0.0,0.0,0.0,-33.2849,0.452713,-31.59683,-1.0,0.6203665,0.6369888000000001,0.3586237,-0.2060242,-0.2617035,0.9428864,31.04825,0.9356689,-30.02481,4.210968,0.5784529,0.5951571,0.1584332,1.171405,-0.1296915,0.3362339,0.47456,-0.2634571,5.078171,-72.07202,33.05
8,-0.2581024,-0.2747192,0.9262238000000002,0.9323495,-0.3491210999999999,-0.2696533,0.8974304,-33.52122,0.06199646,-31.72008,3.318939,0.6236929,0.6592194,0.3586237,-0.2389373999999999,-0.2754669,0.9311371,30.72205,0.5628357,-30.24023,4.183929,0.5938683000000001,0.6123838,0.1627817,1.176933,-0.1354153,0.3214017,0.4933327,-0.2602388,5.201187,-72.07202,33.05
8,-0.2581024,-0.2747192,0.9262238000000002,0.9323495,-0.3491210999999999,-0.2696533,0.8974304,-33.52122,0.06199646,-31.72008,3.318939,0.6236929,0.6592194,0.3586237,-0.2389373999999999,-0.2754669,0.9311371,30.72205,0.5628357,-30.24023,4.183929,0.5938683000000001,0.6123838,0.1627817,1.176933,-0.1354153,0.3214017,0.4933327,-0.2602388,5.201187,-72.07202,33.05
8,-0.2581024,-0.2747192,0.9262238000000002,0.9323495,-0.3491210999999999,-0.2696533,0.8974304,-33.52122,0.06199646,-31.72008,3.318939,0.6236929,0.6592194,0.3586237,-0.2389373999999999,-0.2754669,0.9311371,30.72205,0.5628357,-30.24023,4.183929,0.5938683000000001,0.6123838,0.1627817,1.176933,-0.1354153,0.3214017,0.4933327,-0.2602388,5.201187,-72.07202,33.05
8,-0.2670745999999999,-0.2839203,0.9208832,1.0,-0.3274535999999999,-0.2757416,0.9037323,-33.5155,0.01451111,-31.72923,3.468689,0.6207039000000001,0.661597,1.0,-0.1902466,-0.2925415,0.9371338,30.77615,0.4061127,-30.23677,4.101669,0.5862639000000001,0.619406,0.1663876,1.1823780000000002,-0.1419271,0.3111636,0.5093246,-0.2542779,5.201187,-72.07202,33.05
8,-0.2670745999999999,-0.2839203,0.9208832,1.0,-0.3274535999999999,-0.2757416,0.9037323,-33.5155,0.01451111,-31.72923,3.468689,0.6207039000000001,0.661597,1.0,-0.1902466,-0.2925415,0.9371338,30.77615,0.4061127,-30.23677,4.101669,0.5862639000000001,0.619406,0.1663876,1.1823780000000002,-0.1419271,0.3111636,0.5093246,-0.2542779,5.201187,-72.07202,33.05
8,-0.2670745999999999,-0.2839203,0.9208832,1.0,-0.3274535999999999,-0.2757416,0.9037323,-33.5155,0.01451111,-31.72923,3.468689,0.6207039000000001,0.661597,1.0,-0.1902466,-0.2925415,0.9371338,30.77615,0.4061127,-30.23677,4.101669,0.5862639000000001,0.619406,0.1663876,1.1823780000000002,-0.1419271,0.3111636,0.5093246,-0.2542779,5.201187,-72.07202,33.05
8,-0.2357941,-0.3051453,0.9226379,1.0,-0.3069,-0.3087769,0.9002533000000001,-33.52194,-0.009780884,-31.69913,3.526978,0.6183323000000001,0.666442,1.0,-0.1754608,-0.3008118,0.9373932,30.79308,0.401947,-30.22519,4.0909580000000005,0.5839134,0.6203654000000001,0.1703883,1.188321,-0.1488032,0.2972959,0.5285757,-0.2465139,5.201187,-106.0244,33.05
8,-0.2357941,-0.3051453,0.9226379,1.0,-0.3069,-0.3087769,0.9002533000000001,-33.52194,-0.009780884,-31.69913,3.526978,0.6183323000000001,0.666442,1.0,-0.1754608,-0.3008118,0.9373932,30.79308,0.401947,-30.22519,4.0909580000000005,0.5839134,0.6203654000000001,0.1703883,1.188321,-0.1488032,0.2972959,0.5285757,-0.2465139,5.201187,-106.0244,33.05
8,-0.2357941,-0.3051453,0.9226379,1.0,-0.3069,-0.3087769,0.9002533000000001,-33.52194,-0.009780884,-31.69913,3.526978,0.6183323000000001,0.666442,1.0,-0.1754608,-0.3008118,0.9373932,30.79308,0.401947,-30.22519,4.0909580000000005,0.5839134,0.6203654000000001,0.1703883,1.188321,-0.1488032,0.2972959,0.5285757,-0.2465139,5.201187,-106.0244,33.05
8,-0.1847076,-0.3323059,0.9248962,1.0,-0.2446899,-0.3468018,0.9054413,-33.5132,-0.1436005,-31.69847,3.248718,0.6099625,0.6757761999999999,0.6195885,-0.1603546,-0.3260803,0.9316254,30.865040000000004,0.4489594,-30.18748,4.128983,0.5795523,0.6215227,0.174896,1.195092,-0.1564233,0.2803146999999999,0.5522106,-0.2377857,5.201187,-106.0244,33.05
8,-0.1847076,-0.3323059,0.9248962,1.0,-0.2446899,-0.3468018,0.9054413,-33.5132,-0.1436005,-31.69847,3.248718,0.6099625,0.6757761999999999,0.6195885,-0.1603546,-0.3260803,0.9316254,30.865040000000004,0.4489594,-30.18748,4.128983,0.5795523,0.6215227,0.174896,1.195092,-0.1564233,0.2803146999999999,0.5522106,-0.2377857,5.201187,-106.0244,33.05
8,-0.1847076,-0.3323059,0.9248962,1.0,-0.2446899,-0.3468018,0.9054413,-33.5132,-0.1436005,-31.69847,3.248718,0.6099625,0.6757761999999999,0.6195885,-0.1603546,-0.3260803,0.9316254,30.865040000000004,0.4489594,-30.18748,4.128983,0.5795523,0.6215227,0.174896,1.195092,-0.1564233,0.2803146999999999,0.5522106,-0.2377857,5.201187,-106.0244,33.05
8,-0.1422729,-0.3548584,0.9240112,1.0,-0.2182007,-0.3553925,0.9088745,-33.510040000000004,-0.170166,-31.68777,2.947021,0.6062696999999999,0.6775569,0.6205687,-0.1093597,-0.3539886,0.9288177,30.86914,0.4553375,-30.14624,4.087814,0.5733356,0.6241350999999999,0.1805301,1.2029610000000002,-0.1652198,0.2583683,0.5804093000000001,-0.2261092,5.201187,-106.0244,33.05
8,-0.1422729,-0.3548584,0.9240112,1.0,-0.2182007,-0.3553925,0.9088745,-33.510040000000004,-0.170166,-31.68777,2.947021,0.6062696999999999,0.6775569,0.6205687,-0.1093597,-0.3539886,0.9288177,30.86914,0.4553375,-30.14624,4.087814,0.5733356,0.6241350999999999,0.1805301,1.2029610000000002,-0.1652198,0.2583683,0.5804093000000001,-0.2261092,5.201187,-106.0244,33.05
8,-0.1422729,-0.3548584,0.9240112,1.0,-0.2182007,-0.3553925,0.9088745,-33.510040000000004,-0.170166,-31.68777,2.947021,0.6062696999999999,0.6775569,0.6205687,-0.1093597,-0.3539886,0.9288177,30.86914,0.4553375,-30.14624,4.087814,0.5733356,0.6241350999999999,0.1805301,1.2029610000000002,-0.1652198,0.2583683,0.5804093000000001,-0.2261092,5.201187,-106.0244,33.05
8,-0.3184357,-0.1936797999999999,0.9279327,1.0,-0.4259186,-0.2618713,0.8660278,-33.98642,0.8021851,-31.67445,3.337372,0.6503363,0.6326404999999999,0.3315186,-0.2566986,-0.1545715,0.9540405,30.359040000000004,1.430878,-30.1122,4.074402,0.6085398,0.5660728,0.1858339,1.2116790000000002,-0.1748326,0.2334844,0.6105279,-0.2117261,5.201187,-106.0244,33.05
8,-0.3184357,-0.1936797999999999,0.9279327,1.0,-0.4259186,-0.2618713,0.8660278,-33.98642,0.8021851,-31.67445,3.337372,0.6503363,0.6326404999999999,0.3315186,-0.2566986,-0.1545715,0.9540405,30.359040000000004,1.430878,-30.1122,4.074402,0.6085398,0.5660728,0.1858339,1.2116790000000002,-0.1748326,0.2334844,0.6105279,-0.2117261,5.201187,-106.0244,33.05
8,-0.3184357,-0.1936797999999999,0.9279327,1.0,-0.4259186,-0.2618713,0.8660278,-33.98642,0.8021851,-31.67445,3.337372,0.6503363,0.6326404999999999,0.3315186,-0.2566986,-0.1545715,0.9540405,30.359040000000004,1.430878,-30.1122,4.074402,0.6085398,0.5660728,0.1858339,1.2116790000000002,-0.1748326,0.2334844,0.6105279,-0.2117261,5.201187,-106.0244,33.05
8,-1.0,-1.0,-1.0,1.0,0.0,0.0,0.0,-34.3181,1.104675,-31.8799,-1.0,0.6740159,0.5936814,0.0,0.0,0.0,0.0,30.0114,1.8088990000000005,-30.39038,-1.0,0.6367682,0.5243816,0.1893263999999999,1.219988,-0.1857552,0.2118512,0.6398469,-0.1993963,5.201187,-106.0244,33.05
8,-1.0,-1.0,-1.0,1.0,0.0,0.0,0.0,-34.3181,1.104675,-31.8799,-1.0,0.6740159,0.5936814,0.0,0.0,0.0,0.0,30.0114,1.8088990000000005,-30.39038,-1.0,0.6367682,0.5243816,0.1893263999999999,1.219988,-0.1857552,0.2118512,0.6398469,-0.1993963,5.201187,-106.0244,33.05
8,-1.0,-1.0,-1.0,1.0,0.0,0.0,0.0,-34.3181,1.104675,-31.8799,-1.0,0.6740159,0.5936814,0.0,0.0,0.0,0.0,30.0114,1.8088990000000005,-30.39038,-1.0,0.6367682,0.5243816,0.1893263999999999,1.219988,-0.1857552,0.2118512,0.6398469,-0.1993963,5.201187,-106.0244,33.05
9,-0.4782409999999999,0.09370422,0.8731995000000001,0.9032453,-0.5560608,0.05758667,0.8291321,-34.45418,1.334778,-31.98193,4.069641000000001,0.6848959,0.5781729,0.0,-0.4027252,0.1261749,0.9065704,29.90529,2.028366,-30.42395,4.406799,0.6422428000000001,0.5162569,0.1915377,1.228221,-0.1973512,0.1907583,0.666778,-0.187461,5.201187,-57.18164,33.05
9,-0.4782409999999999,0.09370422,0.8731995000000001,0.9032453,-0.5560608,0.05758667,0.8291321,-34.45418,1.334778,-31.98193,4.069641000000001,0.6848959,0.5781729,0.0,-0.4027252,0.1261749,0.9065704,29.90529,2.028366,-30.42395,4.406799,0.6422428000000001,0.5162569,0.1915377,1.228221,-0.1973512,0.1907583,0.666778,-0.187461,5.201187,-57.18164,33.05
9,-0.4782409999999999,0.09370422,0.8731995000000001,0.9032453,-0.5560608,0.05758667,0.8291321,-34.45418,1.334778,-31.98193,4.069641000000001,0.6848959,0.5781729,0.0,-0.4027252,0.1261749,0.9065704,29.90529,2.028366,-30.42395,4.406799,0.6422428000000001,0.5162569,0.1915377,1.228221,-0.1973512,0.1907583,0.666778,-0.187461,5.201187,-57.18164,33.05
9,-0.5016785,0.1709747,0.8479767,0.8828113999999999,-0.5678864,0.1660155999999999,0.8061676,-34.673770000000005,1.331268,-32.14798,3.98201,0.6952531,0.5665762,0.0,-0.4843444999999999,0.1720581,0.8577728000000001,29.71484,2.139801,-30.61017,4.604965,0.6593551999999999,0.5098853,0.1925252999999999,1.235088,-0.2095396,0.170191,0.6929541,-0.1837044,5.201187,-57.18164,33.05
9,-0.5016785,0.1709747,0.8479767,0.8828113999999999,-0.5678864,0.1660155999999999,0.8061676,-34.673770000000005,1.331268,-32.14798,3.98201,0.6952531,0.5665762,0.0,-0.4843444999999999,0.1720581,0.8577728000000001,29.71484,2.139801,-30.61017,4.604965,0.6593551999999999,0.5098853,0.1925252999999999,1.235088,-0.2095396,0.170191,0.6929541,-0.1837044,5.201187,-57.18164,33.05
9,-0.5016785,0.1709747,0.8479767,0.8828113999999999,-0.5678864,0.1660155999999999,0.8061676,-34.673770000000005,1.331268,-32.14798,3.98201,0.6952531,0.5665762,0.0,-0.4843444999999999,0.1720581,0.8577728000000001,29.71484,2.139801,-30.61017,4.604965,0.6593551999999999,0.5098853,0.1925252999999999,1.235088,-0.2095396,0.170191,0.6929541,-0.1837044,5.201187,-57.18164,33.05
9,-0.4169312,0.08337402,0.9050903,0.9319187,-0.4945831,0.06036377,0.8670197000000001,-34.26932,0.9580231,-31.91135,3.795593,0.6695663000000001,0.5891484,0.08799981,-0.3155975,0.1110686999999999,0.9423676,30.32784,1.661713,-30.25143,4.230164,0.6168528,0.5278377,0.1931976,1.240847,-0.2217529,0.1548909,0.7155055,-0.1788924,5.201187,-57.18164,33.05
9,-0.4169312,0.08337402,0.9050903,0.9319187,-0.4945831,0.06036377,0.8670197000000001,-34.26932,0.9580231,-31.91135,3.795593,0.6695663000000001,0.5891484,0.08799981,-0.3155975,0.1110686999999999,0.9423676,30.32784,1.661713,-30.25143,4.230164,0.6168528,0.5278377,0.1931976,1.240847,-0.2217529,0.1548909,0.7155055,-0.1788924,5.201187,-57.18164,33.05
9,-0.4169312,0.08337402,0.9050903,0.9319187,-0.4945831,0.06036377,0.8670197000000001,-34.26932,0.9580231,-31.91135,3.795593,0.6695663000000001,0.5891484,0.08799981,-0.3155975,0.1110686999999999,0.9423676,30.32784,1.661713,-30.25143,4.230164,0.6168528,0.5278377,0.1931976,1.240847,-0.2217529,0.1548909,0.7155055,-0.1788924,5.201187,-57.18164,33.05
9,-0.3973389,0.08207703,0.9139862,0.9605212,-0.4490356,0.09422302,0.8885193000000001,-34.21086,0.9499817,-31.8622,3.781433,0.6611358,0.5840631,0.09862854,-0.3073883,0.0610199,0.9496155,30.46341,1.738113,-30.142940000000003,4.22644,0.6109868,0.5301153000000001,0.1937916,1.246194,-0.2334936,0.1379982,0.7380466,-0.1738037999999999,5.201187,-57.18164,33.05
9,-0.3973389,0.08207703,0.9139862,0.9605212,-0.4490356,0.09422302,0.8885193000000001,-34.21086,0.9499817,-31.8622,3.781433,0.6611358,0.5840631,0.09862854,-0.3073883,0.0610199,0.9496155,30.46341,1.738113,-30.142940000000003,4.22644,0.6109868,0.5301153000000001,0.1937916,1.246194,-0.2334936,0.1379982,0.7380466,-0.1738037999999999,5.201187,-57.18164,33.05
9,-0.3973389,0.08207703,0.9139862,0.9605212,-0.4490356,0.09422302,0.8885193000000001,-34.21086,0.9499817,-31.8622,3.781433,0.6611358,0.5840631,0.09862854,-0.3073883,0.0610199,0.9496155,30.46341,1.738113,-30.142940000000003,4.22644,0.6109868,0.5301153000000001,0.1937916,1.246194,-0.2334936,0.1379982,0.7380466,-0.1738037999999999,5.201187,-57.18164,33.05
9,-0.2897949,0.1293335,0.9483032,1.0,-0.392395,0.03611755,0.9190674,-34.02345,1.288147,-31.68138,3.518677,0.6463538000000001,0.5764996,0.252066,-0.2727051,0.1441193,0.9512329,30.69954,1.960251,-30.13461,4.198471,0.5988406999999999,0.5121338,0.1945682,1.252238,-0.2444661,0.1195118999999999,0.759937,-0.1661572,5.201187,-57.18164,33.05
9,-0.2897949,0.1293335,0.9483032,1.0,-0.392395,0.03611755,0.9190674,-34.02345,1.288147,-31.68138,3.518677,0.6463538000000001,0.5764996,0.252066,-0.2727051,0.1441193,0.9512329,30.69954,1.960251,-30.13461,4.198471,0.5988406999999999,0.5121338,0.1945682,1.252238,-0.2444661,0.1195118999999999,0.759937,-0.1661572,5.201187,-57.18164,33.05
9,-0.2897949,0.1293335,0.9483032,1.0,-0.392395,0.03611755,0.9190674,-34.02345,1.288147,-31.68138,3.518677,0.6463538000000001,0.5764996,0.252066,-0.2727051,0.1441193,0.9512329,30.69954,1.960251,-30.13461,4.198471,0.5988406999999999,0.5121338,0.1945682,1.252238,-0.2444661,0.1195118999999999,0.759937,-0.1661572,5.201187,-57.18164,33.05
9,-1.0,-1.0,-1.0,1.0,0.0,0.0,0.0,-34.133379999999995,2.146591,-31.909440000000004,-1.0,0.6565189,0.5259514,0.2072784,0.0,0.0,0.0,30.40384,2.773438,-30.40596,-1.0,0.6182717,0.4705791,0.1955982,1.258692,-0.2537548,0.1016473,0.7786274000000001,-0.1529355,5.201187,-21.013,33.05
9,-1.0,-1.0,-1.0,1.0,0.0,0.0,0.0,-34.133379999999995,2.146591,-31.909440000000004,-1.0,0.6565189,0.5259514,0.2072784,0.0,0.0,0.0,30.40384,2.773438,-30.40596,-1.0,0.6182717,0.4705791,0.1955982,1.258692,-0.2537548,0.1016473,0.7786274000000001,-0.1529355,5.201187,-21.013,33.05
9,-1.0,-1.0,-1.0,1.0,0.0,0.0,0.0,-34.133379999999995,2.146591,-31.909440000000004,-1.0,0.6565189,0.5259514,0.2072784,0.0,0.0,0.0,30.40384,2.773438,-30.40596,-1.0,0.6182717,0.4705791,0.1955982,1.258692,-0.2537548,0.1016473,0.7786274000000001,-0.1529355,5.201187,-21.013,33.05
9,-1.0,-1.0,-1.0,0.8445530000000001,0.0,0.0,0.0,-34.00177,2.704025,-32.02045,-1.0,0.6471526999999999,0.4935042,0.0,0.0,0.0,0.0,30.54161,3.244995,-30.47443,-1.0,0.6030888000000001,0.4420668,0.1962503,1.265534,-0.2613835,0.08346776,0.7934223000000001,-0.1353713,5.201187,-21.013,33.05
9,-1.0,-1.0,-1.0,0.8445530000000001,0.0,0.0,0.0,-34.00177,2.704025,-32.02045,-1.0,0.6471526999999999,0.4935042,0.0,0.0,0.0,0.0,30.54161,3.244995,-30.47443,-1.0,0.6030888000000001,0.4420668,0.1962503,1.265534,-0.2613835,0.08346776,0.7934223000000001,-0.1353713,5.201187,-21.013,33.05
9,-1.0,-1.0,-1.0,0.8445530000000001,0.0,0.0,0.0,-34.00177,2.704025,-32.02045,-1.0,0.6471526999999999,0.4935042,0.0,0.0,0.0,0.0,30.54161,3.244995,-30.47443,-1.0,0.6030888000000001,0.4420668,0.1962503,1.265534,-0.2613835,0.08346776,0.7934223000000001,-0.1353713,5.201187,-21.013,33.05
9,-0.219635,0.3785248,0.8991394,0.8882945,-0.3479614,0.2392426,0.9064636,-33.71979,2.585617,-31.77237,3.632095,0.6300321,0.5068245,0.1143835,-0.1876372999999999,0.4099579,0.8925780999999999,30.89021,3.2572330000000003,-30.377240000000004,4.482712,0.5828274,0.4384325,0.19664,1.272894,-0.2671794,0.06745813,0.8050965999999999,-0.1180143,5.201187,-21.013,33.05
9,-0.219635,0.3785248,0.8991394,0.8882945,-0.3479614,0.2392426,0.9064636,-33.71979,2.585617,-31.77237,3.632095,0.6300321,0.5068245,0.1143835,-0.1876372999999999,0.4099579,0.8925780999999999,30.89021,3.2572330000000003,-30.377240000000004,4.482712,0.5828274,0.4384325,0.19664,1.272894,-0.2671794,0.06745813,0.8050965999999999,-0.1180143,5.201187,-21.013,33.05
9,-0.219635,0.3785248,0.8991394,0.8882945,-0.3479614,0.2392426,0.9064636,-33.71979,2.585617,-31.77237,3.632095,0.6300321,0.5068245,0.1143835,-0.1876372999999999,0.4099579,0.8925780999999999,30.89021,3.2572330000000003,-30.377240000000004,4.482712,0.5828274,0.4384325,0.19664,1.272894,-0.2671794,0.06745813,0.8050965999999999,-0.1180143,5.201187,-21.013,33.05
9,-0.191803,0.3464813,0.9182281,0.9757562,-0.3134155,0.2570038,0.9141693,-33.62999,2.377182,-31.73163,3.662888,0.6223470999999999,0.5114266,0.1185259999999999,-0.1557464999999999,0.3709412,0.9154968,31.09439,3.018417,-30.236590000000003,4.348587,0.5718181,0.4496587999999999,0.1954861,1.278706,-0.2709750999999999,0.05631253,0.8127416000000001,-0.1050827,5.201187,-21.013,33.05
9,-0.191803,0.3464813,0.9182281,0.9757562,-0.3134155,0.2570038,0.9141693,-33.62999,2.377182,-31.73163,3.662888,0.6223470999999999,0.5114266,0.1185259999999999,-0.1557464999999999,0.3709412,0.9154968,31.09439,3.018417,-30.236590000000003,4.348587,0.5718181,0.4496587999999999,0.1954861,1.278706,-0.2709750999999999,0.05631253,0.8127416000000001,-0.1050827,5.201187,-21.013,33.05
9,-0.191803,0.3464813,0.9182281,0.9757562,-0.3134155,0.2570038,0.9141693,-33.62999,2.377182,-31.73163,3.662888,0.6223470999999999,0.5114266,0.1185259999999999,-0.1557464999999999,0.3709412,0.9154968,31.09439,3.018417,-30.236590000000003,4.348587,0.5718181,0.4496587999999999,0.1954861,1.278706,-0.2709750999999999,0.05631253,0.8127416000000001,-0.1050827,5.201187,-21.013,33.05
9,-0.191803,0.3464813,0.9182281,0.9757562,-0.3134155,0.2570038,0.9141693,-33.62999,2.377182,-31.73163,3.662888,0.6223470999999999,0.5114266,0.1185259999999999,-0.1557464999999999,0.3709412,0.9154968,31.09439,3.018417,-30.236590000000003,4.348587,0.5718181,0.4496587999999999,0.1945782999999999,1.283947,-0.274251,0.04690043,0.8190892,-0.09326348,5.201187,-21.013,33.05
9,-0.191803,0.3464813,0.9182281,0.9757562,-0.3134155,0.2570038,0.9141693,-33.62999,2.377182,-31.73163,3.662888,0.6223470999999999,0.5114266,0.1185259999999999,-0.1557464999999999,0.3709412,0.9154968,31.09439,3.018417,-30.236590000000003,4.348587,0.5718181,0.4496587999999999,0.1945782999999999,1.283947,-0.274251,0.04690043,0.8190892,-0.09326348,5.201187,-21.013,33.05
9,-0.191803,0.3464813,0.9182281,0.9757562,-0.3134155,0.2570038,0.9141693,-33.62999,2.377182,-31.73163,3.662888,0.6223470999999999,0.5114266,0.1185259999999999,-0.1557464999999999,0.3709412,0.9154968,31.09439,3.018417,-30.236590000000003,4.348587,0.5718181,0.4496587999999999,0.1945782999999999,1.283947,-0.274251,0.04690043,0.8190892,-0.09326348,5.201187,-21.013,33.05
9,-0.1811676,0.1852875,0.9658356,1.0,-0.2207030999999999,0.1634673999999999,0.9615326,-33.32567,1.744781,-31.5233,3.5629730000000004,0.5992755999999999,0.5420917,0.596911,-0.06443787,0.2463684,0.9670258,31.59453,2.388275,-29.924670000000003,4.123596,0.5434568000000001,0.4822009,0.1933874,1.288455,-0.2763969,0.03790465,0.8239078000000001,-0.08332785,5.201187,-7.119263,33.05
9,-0.1811676,0.1852875,0.9658356,1.0,-0.2207030999999999,0.1634673999999999,0.9615326,-33.32567,1.744781,-31.5233,3.5629730000000004,0.5992755999999999,0.5420917,0.596911,-0.06443787,0.2463684,0.9670258,31.59453,2.388275,-29.924670000000003,4.123596,0.5434568000000001,0.4822009,0.1933874,1.288455,-0.2763969,0.03790465,0.8239078000000001,-0.08332785,5.201187,-7.119263,33.05
9,-0.1811676,0.1852875,0.9658356,1.0,-0.2207030999999999,0.1634673999999999,0.9615326,-33.32567,1.744781,-31.5233,3.5629730000000004,0.5992755999999999,0.5420917,0.596911,-0.06443787,0.2463684,0.9670258,31.59453,2.388275,-29.924670000000003,4.123596,0.5434568000000001,0.4822009,0.1933874,1.288455,-0.2763969,0.03790465,0.8239078000000001,-0.08332785,5.201187,-7.119263,33.05
9,-0.1137847999999999,0.1669617,0.9793701,1.0,-0.2026214999999999,0.1321716,0.9702911,-33.28374,1.577621,-31.50116,3.424011,0.5953938,0.5511848000000001,0.4894489000000001,-0.02828979,0.1986542,0.9796448,31.6507,2.27536,-29.812240000000003,4.124954,0.5371239999999999,0.4904984999999999,0.1919531,1.291873,-0.2781366,0.03069334,0.8288615,-0.07555137,5.201187,-7.119263,33.05
9,-0.1137847999999999,0.1669617,0.9793701,1.0,-0.2026214999999999,0.1321716,0.9702911,-33.28374,1.577621,-31.50116,3.424011,0.5953938,0.5511848000000001,0.4894489000000001,-0.02828979,0.1986542,0.9796448,31.6507,2.27536,-29.812240000000003,4.124954,0.5371239999999999,0.4904984999999999,0.1919531,1.291873,-0.2781366,0.03069334,0.8288615,-0.07555137,5.201187,-7.119263,33.05
9,-0.1137847999999999,0.1669617,0.9793701,1.0,-0.2026214999999999,0.1321716,0.9702911,-33.28374,1.577621,-31.50116,3.424011,0.5953938,0.5511848000000001,0.4894489000000001,-0.02828979,0.1986542,0.9796448,31.6507,2.27536,-29.812240000000003,4.124954,0.5371239999999999,0.4904984999999999,0.1919531,1.291873,-0.2781366,0.03069334,0.8288615,-0.07555137,5.201187,-7.119263,33.05
9,-0.1326904,0.124649,0.9832764,1.0,-0.1756743999999999,0.1042938,0.9788971,-33.24588,1.492874,-31.537340000000004,3.42157,0.590696,0.5577241999999999,0.5400243,-0.01782227,0.1769562,0.9840546,31.71054,2.114853,-29.62532,4.146484,0.5337424,0.4968534,0.1905444,1.294724,-0.2799684,0.02589761,0.8326631999999999,-0.06786945,5.201187,-7.119263,33.05
9,-0.1326904,0.124649,0.9832764,1.0,-0.1756743999999999,0.1042938,0.9788971,-33.24588,1.492874,-31.537340000000004,3.42157,0.590696,0.5577241999999999,0.5400243,-0.01782227,0.1769562,0.9840546,31.71054,2.114853,-29.62532,4.146484,0.5337424,0.4968534,0.1905444,1.294724,-0.2799684,0.02589761,0.8326631999999999,-0.06786945,5.201187,-7.119263,33.05
9,-0.1326904,0.124649,0.9832764,1.0,-0.1756743999999999,0.1042938,0.9788971,-33.24588,1.492874,-31.537340000000004,3.42157,0.590696,0.5577241999999999,0.5400243,-0.01782227,0.1769562,0.9840546,31.71054,2.114853,-29.62532,4.146484,0.5337424,0.4968534,0.1905444,1.294724,-0.2799684,0.02589761,0.8326631999999999,-0.06786945,5.201187,-7.119263,33.05
9,-0.1559142999999999,0.06854248,0.9853821,1.0,-0.1559142999999999,0.06852722,0.9853821,-33.207440000000005,1.567993,-32.022859999999994,3.442825,0.5873670999999999,0.5639917,0.5725288000000001,-0.008346558,0.1208038,0.99263,31.77921,1.611359,-27.8903,4.138596,0.5300090000000001,0.5053470999999999,0.1897935,1.2979,-0.2820808,0.01960208,0.8372245,-0.0582865,5.201187,-7.119263,33.05
9,-0.1559142999999999,0.06854248,0.9853821,1.0,-0.1559142999999999,0.06852722,0.9853821,-33.207440000000005,1.567993,-32.022859999999994,3.442825,0.5873670999999999,0.5639917,0.5725288000000001,-0.008346558,0.1208038,0.99263,31.77921,1.611359,-27.8903,4.138596,0.5300090000000001,0.5053470999999999,0.1897935,1.2979,-0.2820808,0.01960208,0.8372245,-0.0582865,5.201187,-7.119263,33.05
9,-0.1559142999999999,0.06854248,0.9853821,1.0,-0.1559142999999999,0.06852722,0.9853821,-33.207440000000005,1.567993,-32.022859999999994,3.442825,0.5873670999999999,0.5639917,0.5725288000000001,-0.008346558,0.1208038,0.99263,31.77921,1.611359,-27.8903,4.138596,0.5300090000000001,0.5053470999999999,0.1897935,1.2979,-0.2820808,0.01960208,0.8372245,-0.0582865,5.201187,-7.119263,33.05
9,-0.1063231999999999,0.2299652,0.9673615,1.0,0.0,0.0,0.0,-33.69658,1.903748,-31.771290000000004,-1.0,0.6248069,0.5390419,0.4743598,-0.1063231999999999,0.2299652,0.9673615,31.11111,2.437454,-29.556520000000003,4.195037999999999,0.564755,0.4796982,0.1893158999999999,1.301415,-0.284727,0.01112582,0.8437587999999999,-0.0460849,5.201187,-7.119263,33.05
9,-0.1063231999999999,0.2299652,0.9673615,1.0,0.0,0.0,0.0,-33.69658,1.903748,-31.771290000000004,-1.0,0.6248069,0.5390419,0.4743598,-0.1063231999999999,0.2299652,0.9673615,31.11111,2.437454,-29.556520000000003,4.195037999999999,0.564755,0.4796982,0.1893158999999999,1.301415,-0.284727,0.01112582,0.8437587999999999,-0.0460849,5.201187,-7.119263,33.05
9,-0.1063231999999999,0.2299652,0.9673615,1.0,0.0,0.0,0.0,-33.69658,1.903748,-31.771290000000004,-1.0,0.6248069,0.5390419,0.4743598,-0.1063231999999999,0.2299652,0.9673615,31.11111,2.437454,-29.556520000000003,4.195037999999999,0.564755,0.4796982,0.1893158999999999,1.301415,-0.284727,0.01112582,0.8437587999999999,-0.0460849,5.201187,-7.119263,33.05
9,-0.1875763,0.2437286,0.9515228,0.9021497,0.0,0.0,0.0,-34.235440000000004,2.2887880000000003,-32.093059999999994,-1.0,0.6503519,0.5133641,0.3768061,-0.1875763,0.2437286,0.9515228,30.47887,2.778534,-29.75761,4.193619,0.5962724,0.4687371,0.1886253,1.304937,-0.2882987,0.0024747479999999,0.851562,-0.03417947,5.201187,87.08189,33.05
9,-0.1875763,0.2437286,0.9515228,0.9021497,0.0,0.0,0.0,-34.235440000000004,2.2887880000000003,-32.093059999999994,-1.0,0.6503519,0.5133641,0.3768061,-0.1875763,0.2437286,0.9515228,30.47887,2.778534,-29.75761,4.193619,0.5962724,0.4687371,0.1886253,1.304937,-0.2882987,0.0024747479999999,0.851562,-0.03417947,5.201187,87.08189,33.05
9,-0.1875763,0.2437286,0.9515228,0.9021497,0.0,0.0,0.0,-34.235440000000004,2.2887880000000003,-32.093059999999994,-1.0,0.6503519,0.5133641,0.3768061,-0.1875763,0.2437286,0.9515228,30.47887,2.778534,-29.75761,4.193619,0.5962724,0.4687371,0.1886253,1.304937,-0.2882987,0.0024747479999999,0.851562,-0.03417947,5.201187,87.08189,33.05
9,-0.3606415,0.265686,0.894043,0.9451604,-0.4406890999999999,0.2605133,0.8590088,-34.65158,2.1567990000000004,-32.23079,3.881104,0.6768597,0.5246786,0.3386491,-0.2816467,0.2687377999999999,0.9211121,30.07025,2.735504,-29.96475,4.286865,0.6218471999999999,0.4698305,0.1877701,1.307643,-0.292854,-0.005373174,0.8620939000000001,-0.023906,5.201187,87.08189,33.05
9,-0.3606415,0.265686,0.894043,0.9451604,-0.4406890999999999,0.2605133,0.8590088,-34.65158,2.1567990000000004,-32.23079,3.881104,0.6768597,0.5246786,0.3386491,-0.2816467,0.2687377999999999,0.9211121,30.07025,2.735504,-29.96475,4.286865,0.6218471999999999,0.4698305,0.1877701,1.307643,-0.292854,-0.005373174,0.8620939000000001,-0.023906,5.201187,87.08189,33.05
9,-0.3606415,0.265686,0.894043,0.9451604,-0.4406890999999999,0.2605133,0.8590088,-34.65158,2.1567990000000004,-32.23079,3.881104,0.6768597,0.5246786,0.3386491,-0.2816467,0.2687377999999999,0.9211121,30.07025,2.735504,-29.96475,4.286865,0.6218471999999999,0.4698305,0.1877701,1.307643,-0.292854,-0.005373174,0.8620939000000001,-0.023906,5.201187,87.08189,33.05
9,-0.3660583,0.2412262,0.8987732,0.9629568,-0.4322051999999999,0.2359313999999999,0.8703460999999999,-34.576370000000004,1.931976,-32.16814,3.778442,0.6727446,0.5347994,0.3376457,-0.2545929,0.2471466,0.9349213,30.248,2.616211,-29.85258,4.290543,0.6122286,0.4752661,0.1868017,1.3094059999999998,-0.2980755,-0.009849947,0.8739703000000001,-0.01375933,5.201187,87.08189,33.05
9,-0.3660583,0.2412262,0.8987732,0.9629568,-0.4322051999999999,0.2359313999999999,0.8703460999999999,-34.576370000000004,1.931976,-32.16814,3.778442,0.6727446,0.5347994,0.3376457,-0.2545929,0.2471466,0.9349213,30.248,2.616211,-29.85258,4.290543,0.6122286,0.4752661,0.1868017,1.3094059999999998,-0.2980755,-0.009849947,0.8739703000000001,-0.01375933,5.201187,87.08189,33.05
9,-0.3660583,0.2412262,0.8987732,0.9629568,-0.4322051999999999,0.2359313999999999,0.8703460999999999,-34.576370000000004,1.931976,-32.16814,3.778442,0.6727446,0.5347994,0.3376457,-0.2545929,0.2471466,0.9349213,30.248,2.616211,-29.85258,4.290543,0.6122286,0.4752661,0.1868017,1.3094059999999998,-0.2980755,-0.009849947,0.8739703000000001,-0.01375933,5.201187,87.08189,33.05
9,-0.2302094,0.2108917,0.9499969,0.9807006,-0.3315582,0.1634216,0.9291534,-34.41287,1.703979,-31.95039,3.4517519999999995,0.6527391,0.548187,0.1580082,-0.1597443,0.2415313999999999,0.9571381,30.47581,2.420486,-29.70634,4.106339,0.593061,0.4804675999999999,0.1851422,1.309925,-0.3045492999999999,-0.01319941,0.8885046,-0.008264801,5.201187,87.08189,33.05
9,-0.2302094,0.2108917,0.9499969,0.9807006,-0.3315582,0.1634216,0.9291534,-34.41287,1.703979,-31.95039,3.4517519999999995,0.6527391,0.548187,0.1580082,-0.1597443,0.2415313999999999,0.9571381,30.47581,2.420486,-29.70634,4.106339,0.593061,0.4804675999999999,0.1851422,1.309925,-0.3045492999999999,-0.01319941,0.8885046,-0.008264801,5.201187,87.08189,33.05
9,-0.2302094,0.2108917,0.9499969,0.9807006,-0.3315582,0.1634216,0.9291534,-34.41287,1.703979,-31.95039,3.4517519999999995,0.6527391,0.548187,0.1580082,-0.1597443,0.2415313999999999,0.9571381,30.47581,2.420486,-29.70634,4.106339,0.593061,0.4804675999999999,0.1851422,1.309925,-0.3045492999999999,-0.01319941,0.8885046,-0.008264801,5.201187,87.08189,33.05
9,-0.1822052,0.1972504,0.9632568,1.0,-0.3210449,0.1551818999999999,0.9342499,-34.273709999999994,1.654678,-31.9053,3.419373,0.6462747,0.5503587,0.4254644,-0.1264801,0.2126312,0.9689026,30.63565,2.349304,-29.616670000000003,4.01178,0.5835912,0.4851564,0.1823323999999999,1.309144,-0.3119580999999999,-0.01394062,0.9041014,-0.004943471,5.201187,87.08189,33.05
9,-0.1822052,0.1972504,0.9632568,1.0,-0.3210449,0.1551818999999999,0.9342499,-34.273709999999994,1.654678,-31.9053,3.419373,0.6462747,0.5503587,0.4254644,-0.1264801,0.2126312,0.9689026,30.63565,2.349304,-29.616670000000003,4.01178,0.5835912,0.4851564,0.1823323999999999,1.309144,-0.3119580999999999,-0.01394062,0.9041014,-0.004943471,5.201187,87.08189,33.05
9,-0.1822052,0.1972504,0.9632568,1.0,-0.3210449,0.1551818999999999,0.9342499,-34.273709999999994,1.654678,-31.9053,3.419373,0.6462747,0.5503587,0.4254644,-0.1264801,0.2126312,0.9689026,30.63565,2.349304,-29.616670000000003,4.01178,0.5835912,0.4851564,0.1823323999999999,1.309144,-0.3119580999999999,-0.01394062,0.9041014,-0.004943471,5.201187,87.08189,33.05
9,-0.1071777,0.1695250999999999,0.9796753,1.0,-0.2362671,0.1217041,0.9640198,-34.05138,1.612518,-31.758740000000003,3.4403690000000005,0.6271396,0.5539528,0.3473217999999999,-0.03913879,0.1931305,0.9803772,30.83505,2.418564,-29.52942,3.935181,0.5663823,0.4838407,0.1784618999999999,1.307615,-0.3209250999999999,-0.01755395,0.9226143,-0.006339435,5.201187,87.08189,33.05
9,-0.1071777,0.1695250999999999,0.9796753,1.0,-0.2362671,0.1217041,0.9640198,-34.05138,1.612518,-31.758740000000003,3.4403690000000005,0.6271396,0.5539528,0.3473217999999999,-0.03913879,0.1931305,0.9803772,30.83505,2.418564,-29.52942,3.935181,0.5663823,0.4838407,0.1784618999999999,1.307615,-0.3209250999999999,-0.01755395,0.9226143,-0.006339435,5.201187,87.08189,33.05
9,-0.1071777,0.1695250999999999,0.9796753,1.0,-0.2362671,0.1217041,0.9640198,-34.05138,1.612518,-31.758740000000003,3.4403690000000005,0.6271396,0.5539528,0.3473217999999999,-0.03913879,0.1931305,0.9803772,30.83505,2.418564,-29.52942,3.935181,0.5663823,0.4838407,0.1784618999999999,1.307615,-0.3209250999999999,-0.01755395,0.9226143,-0.006339435,5.201187,87.08189,33.05
9,-0.2492371,0.1984862999999999,0.947876,0.9042103,-0.4277801999999999,0.1592712,0.8897246999999999,-34.46297,1.973572,-32.02383,3.596588,0.6674959,0.5410124,0.1101038,-0.1908263999999999,0.2093811,0.9590149,30.38683,2.518112,-29.689770000000003,3.997162,0.5998974,0.4808194999999999,0.174507,1.306042,-0.3290715,-0.01625416,0.9376119,-0.005596627,5.201187,32.99724,33.05
9,-0.2492371,0.1984862999999999,0.947876,0.9042103,-0.4277801999999999,0.1592712,0.8897246999999999,-34.46297,1.973572,-32.02383,3.596588,0.6674959,0.5410124,0.1101038,-0.1908263999999999,0.2093811,0.9590149,30.38683,2.518112,-29.689770000000003,3.997162,0.5998974,0.4808194999999999,0.174507,1.306042,-0.3290715,-0.01625416,0.9376119,-0.005596627,5.201187,32.99724,33.05
9,-0.2492371,0.1984862999999999,0.947876,0.9042103,-0.4277801999999999,0.1592712,0.8897246999999999,-34.46297,1.973572,-32.02383,3.596588,0.6674959,0.5410124,0.1101038,-0.1908263999999999,0.2093811,0.9590149,30.38683,2.518112,-29.689770000000003,3.997162,0.5998974,0.4808194999999999,0.174507,1.306042,-0.3290715,-0.01625416,0.9376119,-0.005596627,5.201187,32.99724,33.05
9,-0.2492371,0.1984862999999999,0.947876,0.9042103,-0.4277801999999999,0.1592712,0.8897246999999999,-34.46297,1.973572,-32.02383,3.596588,0.6674959,0.5410124,0.1101038,-0.1908263999999999,0.2093811,0.9590149,30.38683,2.518112,-29.689770000000003,3.997162,0.5998974,0.4808194999999999,0.1653695,1.301347,-0.3445995,-0.007726192,0.9607974,-0.01167544,5.201187,32.99724,33.05
9,-0.2492371,0.1984862999999999,0.947876,0.9042103,-0.4277801999999999,0.1592712,0.8897246999999999,-34.46297,1.973572,-32.02383,3.596588,0.6674959,0.5410124,0.1101038,-0.1908263999999999,0.2093811,0.9590149,30.38683,2.518112,-29.689770000000003,3.997162,0.5998974,0.4808194999999999,0.1653695,1.301347,-0.3445995,-0.007726192,0.9607974,-0.01167544,5.201187,32.99724,33.05
9,-0.2492371,0.1984862999999999,0.947876,0.9042103,-0.4277801999999999,0.1592712,0.8897246999999999,-34.46297,1.973572,-32.02383,3.596588,0.6674959,0.5410124,0.1101038,-0.1908263999999999,0.2093811,0.9590149,30.38683,2.518112,-29.689770000000003,3.997162,0.5998974,0.4808194999999999,0.1653695,1.301347,-0.3445995,-0.007726192,0.9607974,-0.01167544,5.201187,32.99724,33.05
9,-0.3179626,0.1677246,0.933136,0.8474697,-0.4822387999999999,0.1749725,0.8583832,-34.860890000000005,1.844131,-32.20103,3.718597,0.6898901,0.546168,0.0,-0.290451,0.1660461,0.9423676,29.94107,2.386276,-29.82152,4.008743,0.6272593000000001,0.4923774999999999,0.1606433,1.298808,-0.3509802999999999,-0.00821779,0.9693549,-0.01539442,5.201187,32.99724,33.05
9,-0.3179626,0.1677246,0.933136,0.8474697,-0.4822387999999999,0.1749725,0.8583832,-34.860890000000005,1.844131,-32.20103,3.718597,0.6898901,0.546168,0.0,-0.290451,0.1660461,0.9423676,29.94107,2.386276,-29.82152,4.008743,0.6272593000000001,0.4923774999999999,0.1606433,1.298808,-0.3509802999999999,-0.00821779,0.9693549,-0.01539442,5.201187,32.99724,33.05
9,-0.3179626,0.1677246,0.933136,0.8474697,-0.4822387999999999,0.1749725,0.8583832,-34.860890000000005,1.844131,-32.20103,3.718597,0.6898901,0.546168,0.0,-0.290451,0.1660461,0.9423676,29.94107,2.386276,-29.82152,4.008743,0.6272593000000001,0.4923774999999999,0.1606433,1.298808,-0.3509802999999999,-0.00821779,0.9693549,-0.01539442,5.201187,32.99724,33.05
9,-0.45578,0.1026763999999999,0.8841399999999999,0.8816489,-0.5449371000000001,0.156601,0.8237152,-35.190690000000004,1.7582240000000002,-32.3645,3.505676,0.7113795,0.5536996,0.5888602,-0.4138640999999999,0.07814026,0.9069672,29.56236,2.117081,-29.95715,3.993469,0.6555802,0.5147055,0.1565232,1.29689,-0.3570145999999999,-0.006750389,0.9760135,-0.01759422,5.201187,32.99724,33.05
9,-0.45578,0.1026763999999999,0.8841399999999999,0.8816489,-0.5449371000000001,0.156601,0.8237152,-35.190690000000004,1.7582240000000002,-32.3645,3.505676,0.7113795,0.5536996,0.5888602,-0.4138640999999999,0.07814026,0.9069672,29.56236,2.117081,-29.95715,3.993469,0.6555802,0.5147055,0.1565232,1.29689,-0.3570145999999999,-0.006750389,0.9760135,-0.01759422,5.201187,32.99724,33.05
9,-0.45578,0.1026763999999999,0.8841399999999999,0.8816489,-0.5449371000000001,0.156601,0.8237152,-35.190690000000004,1.7582240000000002,-32.3645,3.505676,0.7113795,0.5536996,0.5888602,-0.4138640999999999,0.07814026,0.9069672,29.56236,2.117081,-29.95715,3.993469,0.6555802,0.5147055,0.1565232,1.29689,-0.3570145999999999,-0.006750389,0.9760135,-0.01759422,5.201187,32.99724,33.05
9,-0.2797852,0.08195496,0.956543,0.9158021,-0.4152832,0.0484314,0.9083862,-34.489290000000004,1.654037,-31.902590000000004,3.099915,0.6664375,0.5640813,0.3128989,-0.2600098,0.08657837,0.9617004,30.36978,2.095566,-29.61386,3.652023,0.6089814,0.5091686,0.1492581,1.29064,-0.3682379,0.0009765626,0.9846438,-0.03268477,5.201187,-10.59573,33.05
9,-0.2797852,0.08195496,0.956543,0.9158021,-0.4152832,0.0484314,0.9083862,-34.489290000000004,1.654037,-31.902590000000004,3.099915,0.6664375,0.5640813,0.3128989,-0.2600098,0.08657837,0.9617004,30.36978,2.095566,-29.61386,3.652023,0.6089814,0.5091686,0.1492581,1.29064,-0.3682379,0.0009765626,0.9846438,-0.03268477,5.201187,-10.59573,33.05
9,-0.2797852,0.08195496,0.956543,0.9158021,-0.4152832,0.0484314,0.9083862,-34.489290000000004,1.654037,-31.902590000000004,3.099915,0.6664375,0.5640813,0.3128989,-0.2600098,0.08657837,0.9617004,30.36978,2.095566,-29.61386,3.652023,0.6089814,0.5091686,0.1492581,1.29064,-0.3682379,0.0009765626,0.9846438,-0.03268477,5.201187,-10.59573,33.05
9,-0.3549652,0.02009583,0.9346466,0.9153146,-0.4762420999999999,0.02081299,0.8790588,-34.59447,1.357147,-31.97617,3.218414,0.6788304000000001,0.5797568000000001,0.3369183,-0.252182,0.01924133,0.9674835,30.03191,1.910065,-29.64282,3.610504,0.6196176,0.5237970000000001,0.1458347,1.286784,-0.3743205999999999,0.003273215,0.9875205,-0.04345789,5.201187,-10.59573,33.05
9,-0.3549652,0.02009583,0.9346466,0.9153146,-0.4762420999999999,0.02081299,0.8790588,-34.59447,1.357147,-31.97617,3.218414,0.6788304000000001,0.5797568000000001,0.3369183,-0.252182,0.01924133,0.9674835,30.03191,1.910065,-29.64282,3.610504,0.6196176,0.5237970000000001,0.1458347,1.286784,-0.3743205999999999,0.003273215,0.9875205,-0.04345789,5.201187,-10.59573,33.05
9,-0.3549652,0.02009583,0.9346466,0.9153146,-0.4762420999999999,0.02081299,0.8790588,-34.59447,1.357147,-31.97617,3.218414,0.6788304000000001,0.5797568000000001,0.3369183,-0.252182,0.01924133,0.9674835,30.03191,1.910065,-29.64282,3.610504,0.6196176,0.5237970000000001,0.1458347,1.286784,-0.3743205999999999,0.003273215,0.9875205,-0.04345789,5.201187,-10.59573,33.05
9,-0.4199524,-0.04786682,0.9062653,0.8613738000000001,-0.5143738,0.01141357,0.8574828999999999,-34.77753,1.162888,-32.08061,3.20282,0.6911583,0.5895347,0.01802964,-0.3349915,-0.09761047,0.9371338,29.86691,1.6740720000000002,-29.70171,3.159485,0.6361934,0.5475121999999999,0.1421037,1.282232,-0.3807640999999999,0.0043860459999999,0.989486,-0.0576124,5.201187,-10.59573,33.05
9,-0.4199524,-0.04786682,0.9062653,0.8613738000000001,-0.5143738,0.01141357,0.8574828999999999,-34.77753,1.162888,-32.08061,3.20282,0.6911583,0.5895347,0.01802964,-0.3349915,-0.09761047,0.9371338,29.86691,1.6740720000000002,-29.70171,3.159485,0.6361934,0.5475121999999999,0.1421037,1.282232,-0.3807640999999999,0.0043860459999999,0.989486,-0.0576124,5.201187,-10.59573,33.05
9,-0.4199524,-0.04786682,0.9062653,0.8613738000000001,-0.5143738,0.01141357,0.8574828999999999,-34.77753,1.162888,-32.08061,3.20282,0.6911583,0.5895347,0.01802964,-0.3349915,-0.09761047,0.9371338,29.86691,1.6740720000000002,-29.70171,3.159485,0.6361934,0.5475121999999999,0.1421037,1.282232,-0.3807640999999999,0.0043860459999999,0.989486,-0.0576124,5.201187,-10.59573,33.05
10,-0.4842834,-0.151001,0.8617706,1.0,-0.5232391,-0.1408386,0.8404540999999999,-34.86037,0.6453705,-32.09122,2.998795,0.6962119000000001,0.6281846,1.0,-0.4157715,-0.1675568,0.8938904000000001,29.68738,1.177155,-29.8795,3.632919,0.6519018,0.5766786,0.1386267999999999,1.278085,-0.387498,0.003805776,0.9909353,-0.0679856,5.201187,-10.59573,33.05
10,-0.4842834,-0.151001,0.8617706,1.0,-0.5232391,-0.1408386,0.8404540999999999,-34.86037,0.6453705,-32.09122,2.998795,0.6962119000000001,0.6281846,1.0,-0.4157715,-0.1675568,0.8938904000000001,29.68738,1.177155,-29.8795,3.632919,0.6519018,0.5766786,0.1386267999999999,1.278085,-0.387498,0.003805776,0.9909353,-0.0679856,5.201187,-10.59573,33.05
10,-0.4842834,-0.151001,0.8617706,1.0,-0.5232391,-0.1408386,0.8404540999999999,-34.86037,0.6453705,-32.09122,2.998795,0.6962119000000001,0.6281846,1.0,-0.4157715,-0.1675568,0.8938904000000001,29.68738,1.177155,-29.8795,3.632919,0.6519018,0.5766786,0.1386267999999999,1.278085,-0.387498,0.003805776,0.9909353,-0.0679856,5.201187,-10.59573,33.05
10,-0.4260100999999999,-0.1383057,0.8940735000000001,1.0,-0.49263,-0.1333618,0.8599548,-34.751529999999995,0.7915649,-31.99388,3.1996,0.6874654,0.6203877,1.0,-0.3564605999999999,-0.1425017999999999,0.9233704,29.88223,1.438751,-29.70938,3.615646,0.6375622,0.5618380999999999,0.1349735,1.273779,-0.3940933,0.004182579,0.9918411,-0.07921808,5.201187,-18.48026,33.05
10,-0.4260100999999999,-0.1383057,0.8940735000000001,1.0,-0.49263,-0.1333618,0.8599548,-34.751529999999995,0.7915649,-31.99388,3.1996,0.6874654,0.6203877,1.0,-0.3564605999999999,-0.1425017999999999,0.9233704,29.88223,1.438751,-29.70938,3.615646,0.6375622,0.5618380999999999,0.1349735,1.273779,-0.3940933,0.004182579,0.9918411,-0.07921808,5.201187,-18.48026,33.05
10,-0.4260100999999999,-0.1383057,0.8940735000000001,1.0,-0.49263,-0.1333618,0.8599548,-34.751529999999995,0.7915649,-31.99388,3.1996,0.6874654,0.6203877,1.0,-0.3564605999999999,-0.1425017999999999,0.9233704,29.88223,1.438751,-29.70938,3.615646,0.6375622,0.5618380999999999,0.1349735,1.273779,-0.3940933,0.004182579,0.9918411,-0.07921808,5.201187,-18.48026,33.05
10,-0.4363097999999999,-0.146225,0.8878174000000001,1.0,-0.4917603,-0.1207123,0.8623199,-34.70668,0.7366333,-31.99333,3.142227,0.6856846999999999,0.6205954,1.0,-0.3564757999999999,-0.1804657,0.916687,29.97273,1.45636,-29.66995,3.340271,0.6349026999999999,0.5656251,0.1315796,1.26997,-0.4005064,0.005982691,0.9923007,-0.08867247,5.201187,-18.48026,33.05
10,-0.4363097999999999,-0.146225,0.8878174000000001,1.0,-0.4917603,-0.1207123,0.8623199,-34.70668,0.7366333,-31.99333,3.142227,0.6856846999999999,0.6205954,1.0,-0.3564757999999999,-0.1804657,0.916687,29.97273,1.45636,-29.66995,3.340271,0.6349026999999999,0.5656251,0.1315796,1.26997,-0.4005064,0.005982691,0.9923007,-0.08867247,5.201187,-18.48026,33.05
10,-0.4363097999999999,-0.146225,0.8878174000000001,1.0,-0.4917603,-0.1207123,0.8623199,-34.70668,0.7366333,-31.99333,3.142227,0.6856846999999999,0.6205954,1.0,-0.3564757999999999,-0.1804657,0.916687,29.97273,1.45636,-29.66995,3.340271,0.6349026999999999,0.5656251,0.1315796,1.26997,-0.4005064,0.005982691,0.9923007,-0.08867247,5.201187,-18.48026,33.05
10,-0.4363097999999999,-0.146225,0.8878174000000001,1.0,-0.4917603,-0.1207123,0.8623199,-34.70668,0.7366333,-31.99333,3.142227,0.6856846999999999,0.6205954,1.0,-0.3564757999999999,-0.1804657,0.916687,29.97273,1.45636,-29.66995,3.340271,0.6349026999999999,0.5656251,0.1283672,1.267142,-0.4070552,0.0079925769999999,0.9927352,-0.09481076,5.201187,-18.48026,33.05
10,-0.4363097999999999,-0.146225,0.8878174000000001,1.0,-0.4917603,-0.1207123,0.8623199,-34.70668,0.7366333,-31.99333,3.142227,0.6856846999999999,0.6205954,1.0,-0.3564757999999999,-0.1804657,0.916687,29.97273,1.45636,-29.66995,3.340271,0.6349026999999999,0.5656251,0.1283672,1.267142,-0.4070552,0.0079925769999999,0.9927352,-0.09481076,5.201187,-18.48026,33.05
10,-0.4363097999999999,-0.146225,0.8878174000000001,1.0,-0.4917603,-0.1207123,0.8623199,-34.70668,0.7366333,-31.99333,3.142227,0.6856846999999999,0.6205954,1.0,-0.3564757999999999,-0.1804657,0.916687,29.97273,1.45636,-29.66995,3.340271,0.6349026999999999,0.5656251,0.1283672,1.267142,-0.4070552,0.0079925769999999,0.9927352,-0.09481076,5.201187,-18.48026,33.05
10,-0.4234772,-0.1364746,0.8955536000000001,1.0,-0.4846497,-0.1400757,0.8634033000000001,-34.682590000000005,0.8623656999999999,-31.95561,3.17778,0.6837264000000001,0.6181749,1.0,-0.3505859,-0.1315308,0.9272308,30.02916,1.48262,-29.661590000000004,3.605881,0.6317208000000001,0.5583670000000001,0.1248698,1.264147,-0.4128789,0.01041182,0.9929698,-0.1008572,5.201187,-18.48026,33.05
10,-0.4234772,-0.1364746,0.8955536000000001,1.0,-0.4846497,-0.1400757,0.8634033000000001,-34.682590000000005,0.8623656999999999,-31.95561,3.17778,0.6837264000000001,0.6181749,1.0,-0.3505859,-0.1315308,0.9272308,30.02916,1.48262,-29.661590000000004,3.605881,0.6317208000000001,0.5583670000000001,0.1248698,1.264147,-0.4128789,0.01041182,0.9929698,-0.1008572,5.201187,-18.48026,33.05
10,-0.4234772,-0.1364746,0.8955536000000001,1.0,-0.4846497,-0.1400757,0.8634033000000001,-34.682590000000005,0.8623656999999999,-31.95561,3.17778,0.6837264000000001,0.6181749,1.0,-0.3505859,-0.1315308,0.9272308,30.02916,1.48262,-29.661590000000004,3.605881,0.6317208000000001,0.5583670000000001,0.1248698,1.264147,-0.4128789,0.01041182,0.9929698,-0.1008572,5.201187,-18.48026,33.05
10,-0.4234772,-0.1364746,0.8955536000000001,1.0,-0.4846497,-0.1400757,0.8634033000000001,-34.682590000000005,0.8623656999999999,-31.95561,3.17778,0.6837264000000001,0.6181749,1.0,-0.3505859,-0.1315308,0.9272308,30.02916,1.48262,-29.661590000000004,3.605881,0.6317208000000001,0.5583670000000001,0.1215847,1.261564,-0.4182071,0.01369311,0.9930306,-0.1063553,5.201187,-18.48026,33.05
10,-0.4234772,-0.1364746,0.8955536000000001,1.0,-0.4846497,-0.1400757,0.8634033000000001,-34.682590000000005,0.8623656999999999,-31.95561,3.17778,0.6837264000000001,0.6181749,1.0,-0.3505859,-0.1315308,0.9272308,30.02916,1.48262,-29.661590000000004,3.605881,0.6317208000000001,0.5583670000000001,0.1215847,1.261564,-0.4182071,0.01369311,0.9930306,-0.1063553,5.201187,-18.48026,33.05
10,-0.4234772,-0.1364746,0.8955536000000001,1.0,-0.4846497,-0.1400757,0.8634033000000001,-34.682590000000005,0.8623656999999999,-31.95561,3.17778,0.6837264000000001,0.6181749,1.0,-0.3505859,-0.1315308,0.9272308,30.02916,1.48262,-29.661590000000004,3.605881,0.6317208000000001,0.5583670000000001,0.1215847,1.261564,-0.4182071,0.01369311,0.9930306,-0.1063553,5.201187,-18.48026,33.05
10,-0.2326355,-0.0456543,0.9714813,1.0,-0.3411712999999999,-0.0584259,0.9381714,-34.12593,1.349716,-31.65094,3.063171,0.6431923,0.5849219,0.5648053000000001,-0.121048,-0.0322876,0.9921112,30.671190000000003,1.953293,-29.36375,3.462646,0.5819152,0.5247664000000001,0.1180096,1.259218,-0.423431,0.01661009,0.9931009,-0.1100612,5.201187,-23.45268,33.05
10,-0.2326355,-0.0456543,0.9714813,1.0,-0.3411712999999999,-0.0584259,0.9381714,-34.12593,1.349716,-31.65094,3.063171,0.6431923,0.5849219,0.5648053000000001,-0.121048,-0.0322876,0.9921112,30.671190000000003,1.953293,-29.36375,3.462646,0.5819152,0.5247664000000001,0.1180096,1.259218,-0.423431,0.01661009,0.9931009,-0.1100612,5.201187,-23.45268,33.05
10,-0.2326355,-0.0456543,0.9714813,1.0,-0.3411712999999999,-0.0584259,0.9381714,-34.12593,1.349716,-31.65094,3.063171,0.6431923,0.5849219,0.5648053000000001,-0.121048,-0.0322876,0.9921112,30.671190000000003,1.953293,-29.36375,3.462646,0.5819152,0.5247664000000001,0.1180096,1.259218,-0.423431,0.01661009,0.9931009,-0.1100612,5.201187,-23.45268,33.05
10,-0.3162384,-0.009460449,0.9486237,1.0,-0.4384154999999999,-0.01289368,0.8986664000000001,-34.68202,1.415863,-31.89633,3.230469,0.6766291,0.5806509,0.5064077,-0.2734528,-0.008255005,0.9618378,30.05072,2.127991,-29.57088,3.774689,0.6212253000000001,0.5194024,0.1145871,1.257154,-0.4284181999999999,0.01896298,0.9931048,-0.1130002,5.201187,-21.66436,33.05
10,-0.3162384,-0.009460449,0.9486237,1.0,-0.4384154999999999,-0.01289368,0.8986664000000001,-34.68202,1.415863,-31.89633,3.230469,0.6766291,0.5806509,0.5064077,-0.2734528,-0.008255005,0.9618378,30.05072,2.127991,-29.57088,3.774689,0.6212253000000001,0.5194024,0.1145871,1.257154,-0.4284181999999999,0.01896298,0.9931048,-0.1130002,5.201187,-21.66436,33.05
10,-0.3162384,-0.009460449,0.9486237,1.0,-0.4384154999999999,-0.01289368,0.8986664000000001,-34.68202,1.415863,-31.89633,3.230469,0.6766291,0.5806509,0.5064077,-0.2734528,-0.008255005,0.9618378,30.05072,2.127991,-29.57088,3.774689,0.6212253000000001,0.5194024,0.1145871,1.257154,-0.4284181999999999,0.01896298,0.9931048,-0.1130002,5.201187,-21.66436,33.05
10,-0.3542175,0.03953552,0.9343109,0.8984984,-0.5121002,0.07588196,0.8555603,-34.86801,1.513977,-32.09056,3.701813,0.6940318,0.5695034000000001,0.375828,-0.325882,0.03314209,0.9448242,29.899990000000003,2.192001,-29.687040000000003,3.841476,0.6328554,0.5138997000000001,0.1104758,1.255375,-0.4333295,0.02030922,0.993164,-0.1143331999999999,6.036076,-21.66436,33.05
10,-0.3542175,0.03953552,0.9343109,0.8984984,-0.5121002,0.07588196,0.8555603,-34.86801,1.513977,-32.09056,3.701813,0.6940318,0.5695034000000001,0.375828,-0.325882,0.03314209,0.9448242,29.899990000000003,2.192001,-29.687040000000003,3.841476,0.6328554,0.5138997000000001,0.1104758,1.255375,-0.4333295,0.02030922,0.993164,-0.1143331999999999,6.036076,-21.66436,33.05
10,-0.3542175,0.03953552,0.9343109,0.8984984,-0.5121002,0.07588196,0.8555603,-34.86801,1.513977,-32.09056,3.701813,0.6940318,0.5695034000000001,0.375828,-0.325882,0.03314209,0.9448242,29.899990000000003,2.192001,-29.687040000000003,3.841476,0.6328554,0.5138997000000001,0.1104758,1.255375,-0.4333295,0.02030922,0.993164,-0.1143331999999999,6.036076,-21.66436,33.05
10,-0.3330841,0.02758789,0.9424744,0.9118261,-0.4721375,0.01322937,0.8814086999999999,-34.80673,1.527481,-31.97833,3.199539,0.6859479,0.5746685,0.241956,-0.2875670999999999,0.03198242,0.9572144,29.9485,2.209793,-29.63582,3.791382,0.6265361,0.512517,0.1064391,1.254049,-0.4379185,-0.02307678,-0.9930565,0.1153524,6.036076,-21.66436,33.05
10,-0.3330841,0.02758789,0.9424744,0.9118261,-0.4721375,0.01322937,0.8814086999999999,-34.80673,1.527481,-31.97833,3.199539,0.6859479,0.5746685,0.241956,-0.2875670999999999,0.03198242,0.9572144,29.9485,2.209793,-29.63582,3.791382,0.6265361,0.512517,0.1064391,1.254049,-0.4379185,-0.02307678,-0.9930565,0.1153524,6.036076,-21.66436,33.05
10,-0.3330841,0.02758789,0.9424744,0.9118261,-0.4721375,0.01322937,0.8814086999999999,-34.80673,1.527481,-31.97833,3.199539,0.6859479,0.5746685,0.241956,-0.2875670999999999,0.03198242,0.9572144,29.9485,2.209793,-29.63582,3.791382,0.6265361,0.512517,0.1064391,1.254049,-0.4379185,-0.02307678,-0.9930565,0.1153524,6.036076,-21.66436,33.05
10,-0.3292542,0.02815247,0.9438019,0.8792969999999999,-0.4214325,0.03042603,0.9063416,-34.772870000000005,1.516647,-31.9258,3.398804,0.6776375,0.5718679,0.1836499,-0.2926788,0.02720642,0.9558105,30.03773,2.213959,-29.61497,3.817581,0.6240219,0.512821,0.1025028,1.252546,-0.4418690999999999,-0.02521956,-0.9926637,0.1175706,6.036076,-21.66436,33.05
10,-0.3292542,0.02815247,0.9438019,0.8792969999999999,-0.4214325,0.03042603,0.9063416,-34.772870000000005,1.516647,-31.9258,3.398804,0.6776375,0.5718679,0.1836499,-0.2926788,0.02720642,0.9558105,30.03773,2.213959,-29.61497,3.817581,0.6240219,0.512821,0.1025028,1.252546,-0.4418690999999999,-0.02521956,-0.9926637,0.1175706,6.036076,-21.66436,33.05
10,-0.3292542,0.02815247,0.9438019,0.8792969999999999,-0.4214325,0.03042603,0.9063416,-34.772870000000005,1.516647,-31.9258,3.398804,0.6776375,0.5718679,0.1836499,-0.2926788,0.02720642,0.9558105,30.03773,2.213959,-29.61497,3.817581,0.6240219,0.512821,0.1025028,1.252546,-0.4418690999999999,-0.02521956,-0.9926637,0.1175706,6.036076,-21.66436,33.05
10,-0.3292542,0.02815247,0.9438019,0.8792969999999999,-0.4214325,0.03042603,0.9063416,-34.772870000000005,1.516647,-31.9258,3.398804,0.6776375,0.5718679,0.1836499,-0.2926788,0.02720642,0.9558105,30.03773,2.213959,-29.61497,3.817581,0.6240219,0.512821,0.0984664,1.251639,-0.4459612,-0.02617889,-0.9924332,0.1171851,6.036076,-39.55875,33.05
10,-0.3292542,0.02815247,0.9438019,0.8792969999999999,-0.4214325,0.03042603,0.9063416,-34.772870000000005,1.516647,-31.9258,3.398804,0.6776375,0.5718679,0.1836499,-0.2926788,0.02720642,0.9558105,30.03773,2.213959,-29.61497,3.817581,0.6240219,0.512821,0.0984664,1.251639,-0.4459612,-0.02617889,-0.9924332,0.1171851,6.036076,-39.55875,33.05
10,-0.3292542,0.02815247,0.9438019,0.8792969999999999,-0.4214325,0.03042603,0.9063416,-34.772870000000005,1.516647,-31.9258,3.398804,0.6776375,0.5718679,0.1836499,-0.2926788,0.02720642,0.9558105,30.03773,2.213959,-29.61497,3.817581,0.6240219,0.512821,0.0984664,1.251639,-0.4459612,-0.02617889,-0.9924332,0.1171851,6.036076,-39.55875,33.05
10,-0.2515106,0.02340698,0.9675598,1.0,-0.3726349,0.003433228,0.9279633,-34.45966,1.542496,-31.77278,3.178833,0.6594399000000001,0.5719869000000001,0.2478031,-0.1931457999999999,0.03265381,0.9806213,30.4017,2.3044740000000004,-29.45271,3.749069,0.5995117,0.5066392,0.09437656,1.250751,-0.449964,-0.02778327,-0.9919742,0.1173716,6.036076,-39.55875,33.05
10,-0.2515106,0.02340698,0.9675598,1.0,-0.3726349,0.003433228,0.9279633,-34.45966,1.542496,-31.77278,3.178833,0.6594399000000001,0.5719869000000001,0.2478031,-0.1931457999999999,0.03265381,0.9806213,30.4017,2.3044740000000004,-29.45271,3.749069,0.5995117,0.5066392,0.09437656,1.250751,-0.449964,-0.02778327,-0.9919742,0.1173716,6.036076,-39.55875,33.05
10,-0.2515106,0.02340698,0.9675598,1.0,-0.3726349,0.003433228,0.9279633,-34.45966,1.542496,-31.77278,3.178833,0.6594399000000001,0.5719869000000001,0.2478031,-0.1931457999999999,0.03265381,0.9806213,30.4017,2.3044740000000004,-29.45271,3.749069,0.5995117,0.5066392,0.09437656,1.250751,-0.449964,-0.02778327,-0.9919742,0.1173716,6.036076,-39.55875,33.05
10,-0.2270355,0.01756287,0.9737244,0.9944829,-0.3178710999999999,-0.002746582,0.9481201,-34.31905,1.6273799999999998,-31.68335,3.266098,0.6470195,0.5684381,0.298086,-0.1754456,0.02883911,0.9840546,30.669390000000003,2.445816,-29.36839,3.738495,0.5882173,0.501367,0.08994746,1.24999,-0.4538627,-0.02929535,-0.9914579,0.1169578,6.036076,-39.55875,33.05
10,-0.2270355,0.01756287,0.9737244,0.9944829,-0.3178710999999999,-0.002746582,0.9481201,-34.31905,1.6273799999999998,-31.68335,3.266098,0.6470195,0.5684381,0.298086,-0.1754456,0.02883911,0.9840546,30.669390000000003,2.445816,-29.36839,3.738495,0.5882173,0.501367,0.08994746,1.24999,-0.4538627,-0.02929535,-0.9914579,0.1169578,6.036076,-39.55875,33.05
10,-0.2270355,0.01756287,0.9737244,0.9944829,-0.3178710999999999,-0.002746582,0.9481201,-34.31905,1.6273799999999998,-31.68335,3.266098,0.6470195,0.5684381,0.298086,-0.1754456,0.02883911,0.9840546,30.669390000000003,2.445816,-29.36839,3.738495,0.5882173,0.501367,0.08994746,1.24999,-0.4538627,-0.02929535,-0.9914579,0.1169578,6.036076,-39.55875,33.05
10,-0.2270355,0.01756287,0.9737244,0.9944829,-0.3178710999999999,-0.002746582,0.9481201,-34.31905,1.6273799999999998,-31.68335,3.266098,0.6470195,0.5684381,0.298086,-0.1754456,0.02883911,0.9840546,30.669390000000003,2.445816,-29.36839,3.738495,0.5882173,0.501367,0.08545041,1.249417,-0.4572157999999999,-0.02875734,-0.9906175,0.1177007,6.036076,-39.55875,33.05
10,-0.2270355,0.01756287,0.9737244,0.9944829,-0.3178710999999999,-0.002746582,0.9481201,-34.31905,1.6273799999999998,-31.68335,3.266098,0.6470195,0.5684381,0.298086,-0.1754456,0.02883911,0.9840546,30.669390000000003,2.445816,-29.36839,3.738495,0.5882173,0.501367,0.08545041,1.249417,-0.4572157999999999,-0.02875734,-0.9906175,0.1177007,6.036076,-39.55875,33.05
10,-0.2270355,0.01756287,0.9737244,0.9944829,-0.3178710999999999,-0.002746582,0.9481201,-34.31905,1.6273799999999998,-31.68335,3.266098,0.6470195,0.5684381,0.298086,-0.1754456,0.02883911,0.9840546,30.669390000000003,2.445816,-29.36839,3.738495,0.5882173,0.501367,0.08545041,1.249417,-0.4572157999999999,-0.02875734,-0.9906175,0.1177007,6.036076,-39.55875,33.05
10,-0.2270355,0.01756287,0.9737244,0.9944829,-0.3178710999999999,-0.002746582,0.9481201,-34.31905,1.6273799999999998,-31.68335,3.266098,0.6470195,0.5684381,0.298086,-0.1754456,0.02883911,0.9840546,30.669390000000003,2.445816,-29.36839,3.738495,0.5882173,0.501367,0.08039737,1.249332,-0.4605454,-0.02800922,-0.9895515,0.1175337,6.036076,-39.55875,33.09
10,-0.2270355,0.01756287,0.9737244,0.9944829,-0.3178710999999999,-0.002746582,0.9481201,-34.31905,1.6273799999999998,-31.68335,3.266098,0.6470195,0.5684381,0.298086,-0.1754456,0.02883911,0.9840546,30.669390000000003,2.445816,-29.36839,3.738495,0.5882173,0.501367,0.08039737,1.249332,-0.4605454,-0.02800922,-0.9895515,0.1175337,6.036076,-39.55875,33.09
10,-0.2270355,0.01756287,0.9737244,0.9944829,-0.3178710999999999,-0.002746582,0.9481201,-34.31905,1.6273799999999998,-31.68335,3.266098,0.6470195,0.5684381,0.298086,-0.1754456,0.02883911,0.9840546,30.669390000000003,2.445816,-29.36839,3.738495,0.5882173,0.501367,0.08039737,1.249332,-0.4605454,-0.02800922,-0.9895515,0.1175337,6.036076,-39.55875,33.09
10,-1.0,-1.0,-1.0,0.5859107,0.0,0.0,0.0,-33.71201,-0.3004608,-31.8,-1.0,-1.0,-1.0,0.0,0.0,0.0,0.0,31.3363,20.27156,-97.18901,-1.0,0.499641,0.5686471,0.07506728,1.249614,-0.4638986,-0.0263074999999999,-0.9880542,0.1168263999999999,6.036076,-39.55875,33.09
10,-1.0,-1.0,-1.0,0.5859107,0.0,0.0,0.0,-33.71201,-0.3004608,-31.8,-1.0,-1.0,-1.0,0.0,0.0,0.0,0.0,31.3363,20.27156,-97.18901,-1.0,0.499641,0.5686471,0.07506728,1.249614,-0.4638986,-0.0263074999999999,-0.9880542,0.1168263999999999,6.036076,-39.55875,33.09
10,-1.0,-1.0,-1.0,0.5859107,0.0,0.0,0.0,-33.71201,-0.3004608,-31.8,-1.0,-1.0,-1.0,0.0,0.0,0.0,0.0,31.3363,20.27156,-97.18901,-1.0,0.499641,0.5686471,0.07506728,1.249614,-0.4638986,-0.0263074999999999,-0.9880542,0.1168263999999999,6.036076,-39.55875,33.09
10,-1.0,-1.0,-1.0,0.5828326,0.0,0.0,0.0,-35.37096,1.098145,-32.22404,-1.0,0.7173724,0.6048698,0.0,0.0,0.0,0.0,33.717420000000004,1.831726,-29.46237,-1.0,0.4169257999999999,0.531413,0.07047486,1.249541,-0.4672206,-0.02904991,-0.9865927,0.1158173,6.036076,29.17888,33.09
10,-1.0,-1.0,-1.0,0.5828326,0.0,0.0,0.0,-35.37096,1.098145,-32.22404,-1.0,0.7173724,0.6048698,0.0,0.0,0.0,0.0,33.717420000000004,1.831726,-29.46237,-1.0,0.4169257999999999,0.531413,0.07047486,1.249541,-0.4672206,-0.02904991,-0.9865927,0.1158173,6.036076,29.17888,33.09
10,-1.0,-1.0,-1.0,0.5828326,0.0,0.0,0.0,-35.37096,1.098145,-32.22404,-1.0,0.7173724,0.6048698,0.0,0.0,0.0,0.0,33.717420000000004,1.831726,-29.46237,-1.0,0.4169257999999999,0.531413,0.07047486,1.249541,-0.4672206,-0.02904991,-0.9865927,0.1158173,6.036076,29.17888,33.09
10,-1.0,-1.0,-1.0,0.8446220999999999,0.0,0.0,0.0,-36.07353,2.780746,-32.71585,-1.0,0.7560718000000001,0.5318546999999999,0.0,0.0,0.0,0.0,29.09261,3.263229,-30.69315,-1.0,0.7068846,0.460658,0.06691051,1.249399,-0.4705432,-0.02975337,-0.9852501,0.113692,6.036076,29.17888,33.09
10,-1.0,-1.0,-1.0,0.8446220999999999,0.0,0.0,0.0,-36.07353,2.780746,-32.71585,-1.0,0.7560718000000001,0.5318546999999999,0.0,0.0,0.0,0.0,29.09261,3.263229,-30.69315,-1.0,0.7068846,0.460658,0.06691051,1.249399,-0.4705432,-0.02975337,-0.9852501,0.113692,6.036076,29.17888,33.09
10,-1.0,-1.0,-1.0,0.8446220999999999,0.0,0.0,0.0,-36.07353,2.780746,-32.71585,-1.0,0.7560718000000001,0.5318546999999999,0.0,0.0,0.0,0.0,29.09261,3.263229,-30.69315,-1.0,0.7068846,0.460658,0.06691051,1.249399,-0.4705432,-0.02975337,-0.9852501,0.113692,6.036076,29.17888,33.09
10,-1.0,-1.0,-1.0,0.8957803,0.0,0.0,0.0,-35.86255,2.200623,-32.82607,-1.0,0.7566315,0.539339,0.1194891,0.0,0.0,0.0,29.06,2.876602,-30.361790000000003,-1.0,0.6899714,0.4785232,0.06435084,1.2484540000000002,-0.4740068,-0.03154756,-0.9841532,0.1128801,6.036076,29.17888,33.09
10,-1.0,-1.0,-1.0,0.8957803,0.0,0.0,0.0,-35.86255,2.200623,-32.82607,-1.0,0.7566315,0.539339,0.1194891,0.0,0.0,0.0,29.06,2.876602,-30.361790000000003,-1.0,0.6899714,0.4785232,0.06435084,1.2484540000000002,-0.4740068,-0.03154756,-0.9841532,0.1128801,6.036076,29.17888,33.09
10,-1.0,-1.0,-1.0,0.8957803,0.0,0.0,0.0,-35.86255,2.200623,-32.82607,-1.0,0.7566315,0.539339,0.1194891,0.0,0.0,0.0,29.06,2.876602,-30.361790000000003,-1.0,0.6899714,0.4785232,0.06435084,1.2484540000000002,-0.4740068,-0.03154756,-0.9841532,0.1128801,6.036076,29.17888,33.09
10,-0.4911652,0.2044677999999999,0.8467254999999999,0.9141093,-0.5762634,0.1612395999999999,0.801178,-35.66165,1.834976,-32.527390000000004,3.128723,0.734135,0.5520128000000001,0.4274989,-0.4911652,0.2044677999999999,0.8467254999999999,29.34607,2.462967,-30.17076,3.851746,0.6739746999999999,0.4904525999999999,0.0629518,1.247772,-0.4771826,-0.03298565,-0.9833989,0.1121674,6.036076,29.17888,33.09
10,-0.4911652,0.2044677999999999,0.8467254999999999,0.9141093,-0.5762634,0.1612395999999999,0.801178,-35.66165,1.834976,-32.527390000000004,3.128723,0.734135,0.5520128000000001,0.4274989,-0.4911652,0.2044677999999999,0.8467254999999999,29.34607,2.462967,-30.17076,3.851746,0.6739746999999999,0.4904525999999999,0.0629518,1.247772,-0.4771826,-0.03298565,-0.9833989,0.1121674,6.036076,29.17888,33.09
10,-0.4911652,0.2044677999999999,0.8467254999999999,0.9141093,-0.5762634,0.1612395999999999,0.801178,-35.66165,1.834976,-32.527390000000004,3.128723,0.734135,0.5520128000000001,0.4274989,-0.4911652,0.2044677999999999,0.8467254999999999,29.34607,2.462967,-30.17076,3.851746,0.6739746999999999,0.4904525999999999,0.0629518,1.247772,-0.4771826,-0.03298565,-0.9833989,0.1121674,6.036076,29.17888,33.09
10,-0.5140991,0.2189941,0.8292847,0.9175906,-0.5654602,0.2190094,0.7951508,-35.591570000000004,1.6523740000000002,-32.54393,3.190033,0.7301338,0.5513473000000001,0.3741438,-0.4573822,0.2180634,0.8621063,29.40366,2.3477330000000003,-30.10713,3.900665,0.6674777,0.49178,0.06244898,1.246936,-0.4801179,-0.03500844,-0.9827716,0.1126528,6.036076,29.17888,33.09
10,-0.5140991,0.2189941,0.8292847,0.9175906,-0.5654602,0.2190094,0.7951508,-35.591570000000004,1.6523740000000002,-32.54393,3.190033,0.7301338,0.5513473000000001,0.3741438,-0.4573822,0.2180634,0.8621063,29.40366,2.3477330000000003,-30.10713,3.900665,0.6674777,0.49178,0.06244898,1.246936,-0.4801179,-0.03500844,-0.9827716,0.1126528,6.036076,29.17888,33.09
10,-0.5140991,0.2189941,0.8292847,0.9175906,-0.5654602,0.2190094,0.7951508,-35.591570000000004,1.6523740000000002,-32.54393,3.190033,0.7301338,0.5513473000000001,0.3741438,-0.4573822,0.2180634,0.8621063,29.40366,2.3477330000000003,-30.10713,3.900665,0.6674777,0.49178,0.06244898,1.246936,-0.4801179,-0.03500844,-0.9827716,0.1126528,6.036076,29.17888,33.09
10,-0.4960327,0.1911926,0.8469696,0.9738162,-0.5549927,0.1963348,0.8083344,-35.564040000000006,1.658066,-32.49231,3.312943,0.7272966,0.5534723000000001,0.4933598,-0.4388122999999999,0.1855469,0.8791962,29.48721,2.338181,-30.02116,3.762283,0.6621543000000001,0.4948747,0.06192327,1.245971,-0.4832215,-0.03623679,-0.9822048,0.1129933,6.036076,-21.23642,33.09
10,-0.4960327,0.1911926,0.8469696,0.9738162,-0.5549927,0.1963348,0.8083344,-35.564040000000006,1.658066,-32.49231,3.312943,0.7272966,0.5534723000000001,0.4933598,-0.4388122999999999,0.1855469,0.8791962,29.48721,2.338181,-30.02116,3.762283,0.6621543000000001,0.4948747,0.06192327,1.245971,-0.4832215,-0.03623679,-0.9822048,0.1129933,6.036076,-21.23642,33.09
10,-0.4960327,0.1911926,0.8469696,0.9738162,-0.5549927,0.1963348,0.8083344,-35.564040000000006,1.658066,-32.49231,3.312943,0.7272966,0.5534723000000001,0.4933598,-0.4388122999999999,0.1855469,0.8791962,29.48721,2.338181,-30.02116,3.762283,0.6621543000000001,0.4948747,0.06192327,1.245971,-0.4832215,-0.03623679,-0.9822048,0.1129933,6.036076,-21.23642,33.09
10,-0.4855804,0.2021179,0.8504944,0.9738551,-0.5514984,0.2110900999999999,0.8070068,-35.55382,1.675888,-32.49974,3.31955,0.7264482,0.5510159,0.5372411,-0.4081725999999999,0.1905518,0.8927765,29.45966,2.3308720000000003,-30.00018,3.635086,0.6594189,0.4938076,0.06173062,1.245178,-0.4857690999999999,-0.04031574,-0.9815073,0.1148969,6.036076,-21.23642,33.09
10,-0.4855804,0.2021179,0.8504944,0.9738551,-0.5514984,0.2110900999999999,0.8070068,-35.55382,1.675888,-32.49974,3.31955,0.7264482,0.5510159,0.5372411,-0.4081725999999999,0.1905518,0.8927765,29.45966,2.3308720000000003,-30.00018,3.635086,0.6594189,0.4938076,0.06173062,1.245178,-0.4857690999999999,-0.04031574,-0.9815073,0.1148969,6.036076,-21.23642,33.09
10,-0.4855804,0.2021179,0.8504944,0.9738551,-0.5514984,0.2110900999999999,0.8070068,-35.55382,1.675888,-32.49974,3.31955,0.7264482,0.5510159,0.5372411,-0.4081725999999999,0.1905518,0.8927765,29.45966,2.3308720000000003,-30.00018,3.635086,0.6594189,0.4938076,0.06173062,1.245178,-0.4857690999999999,-0.04031574,-0.9815073,0.1148969,6.036076,-21.23642,33.09
10,-0.4860077,0.1980132999999999,0.8512115,0.9743716,-0.5595245,0.2028656,0.8035889,-35.5537,1.674225,-32.49754,3.2555080000000003,0.7276099,0.5521259,0.4365238,-0.4056091,0.1913452,0.8937835999999999,29.4642,2.335159,-29.99661,3.652573,0.6589049,0.4935232,0.06145287,1.244276,-0.488342,-0.04292469,-0.980751,0.1170715,6.036076,-21.23642,33.09
10,-0.4860077,0.1980132999999999,0.8512115,0.9743716,-0.5595245,0.2028656,0.8035889,-35.5537,1.674225,-32.49754,3.2555080000000003,0.7276099,0.5521259,0.4365238,-0.4056091,0.1913452,0.8937835999999999,29.4642,2.335159,-29.99661,3.652573,0.6589049,0.4935232,0.06145287,1.244276,-0.488342,-0.04292469,-0.980751,0.1170715,6.036076,-21.23642,33.09
10,-0.4860077,0.1980132999999999,0.8512115,0.9743716,-0.5595245,0.2028656,0.8035889,-35.5537,1.674225,-32.49754,3.2555080000000003,0.7276099,0.5521259,0.4365238,-0.4056091,0.1913452,0.8937835999999999,29.4642,2.335159,-29.99661,3.652573,0.6589049,0.4935232,0.06145287,1.244276,-0.488342,-0.04292469,-0.980751,0.1170715,6.036076,-21.23642,33.09
10,-0.4683228,0.2061462,0.8591614,0.974138,-0.5375824,0.2245788999999999,0.8127441,-35.605909999999994,1.712708,-32.51865,3.448792,0.72644,0.5481467,0.4987544,-0.4014282,0.1878357,0.8964081,29.4659,2.408081,-29.96835,3.660385,0.6582596,0.4911607,0.06076431,1.243899,-0.4909034,-0.04545821,-0.9800754,0.1174212,6.036076,-21.23642,33.09
10,-0.4683228,0.2061462,0.8591614,0.974138,-0.5375824,0.2245788999999999,0.8127441,-35.605909999999994,1.712708,-32.51865,3.448792,0.72644,0.5481467,0.4987544,-0.4014282,0.1878357,0.8964081,29.4659,2.408081,-29.96835,3.660385,0.6582596,0.4911607,0.06076431,1.243899,-0.4909034,-0.04545821,-0.9800754,0.1174212,6.036076,-21.23642,33.09
10,-0.4683228,0.2061462,0.8591614,0.974138,-0.5375824,0.2245788999999999,0.8127441,-35.605909999999994,1.712708,-32.51865,3.448792,0.72644,0.5481467,0.4987544,-0.4014282,0.1878357,0.8964081,29.4659,2.408081,-29.96835,3.660385,0.6582596,0.4911607,0.06076431,1.243899,-0.4909034,-0.04545821,-0.9800754,0.1174212,6.036076,-21.23642,33.09
10,-0.4632720999999999,0.186142,0.8664398000000001,0.9874584,-0.5401001,0.1784821,0.8224486999999999,-35.60524,1.7189330000000005,-32.473240000000004,3.259811,0.7264819,0.5530276,0.4962645,-0.402832,0.1909485,0.8951263,29.47916,2.42984,-29.97691,3.675018,0.6579759,0.4901470999999999,0.05982947,1.24394,-0.4935449999999999,-0.04645429,-0.9793813,0.1171174,6.036076,-21.23642,33.09
10,-0.4632720999999999,0.186142,0.8664398000000001,0.9874584,-0.5401001,0.1784821,0.8224486999999999,-35.60524,1.7189330000000005,-32.473240000000004,3.259811,0.7264819,0.5530276,0.4962645,-0.402832,0.1909485,0.8951263,29.47916,2.42984,-29.97691,3.675018,0.6579759,0.4901470999999999,0.05982947,1.24394,-0.4935449999999999,-0.04645429,-0.9793813,0.1171174,6.036076,-21.23642,33.09
10,-0.4632720999999999,0.186142,0.8664398000000001,0.9874584,-0.5401001,0.1784821,0.8224486999999999,-35.60524,1.7189330000000005,-32.473240000000004,3.259811,0.7264819,0.5530276,0.4962645,-0.402832,0.1909485,0.8951263,29.47916,2.42984,-29.97691,3.675018,0.6579759,0.4901470999999999,0.05982947,1.24394,-0.4935449999999999,-0.04645429,-0.9793813,0.1171174,6.036076,-21.23642,33.09
10,-0.4570313,0.1955566,0.8676758,0.9559551,-0.5349731,0.1786652,0.8257445999999999,-35.61002,1.726837,-32.46922,3.264725,0.7258899999999999,0.5526069,0.3538354,-0.4022675,0.2060699,0.8920135,29.49271,2.451828,-29.97368,3.722534,0.6574129,0.4875932,0.05855608,1.243862,-0.4960063,-0.04766185,-0.9786381,0.1168163,6.036076,-21.23642,33.09
10,-0.4570313,0.1955566,0.8676758,0.9559551,-0.5349731,0.1786652,0.8257445999999999,-35.61002,1.726837,-32.46922,3.264725,0.7258899999999999,0.5526069,0.3538354,-0.4022675,0.2060699,0.8920135,29.49271,2.451828,-29.97368,3.722534,0.6574129,0.4875932,0.05855608,1.243862,-0.4960063,-0.04766185,-0.9786381,0.1168163,6.036076,-21.23642,33.09
10,-0.4570313,0.1955566,0.8676758,0.9559551,-0.5349731,0.1786652,0.8257445999999999,-35.61002,1.726837,-32.46922,3.264725,0.7258899999999999,0.5526069,0.3538354,-0.4022675,0.2060699,0.8920135,29.49271,2.451828,-29.97368,3.722534,0.6574129,0.4875932,0.05855608,1.243862,-0.4960063,-0.04766185,-0.9786381,0.1168163,6.036076,-21.23642,33.09
10,-0.4188995,0.199234,0.8858948,0.9771768,-0.5144348,0.1565094,0.8431091000000001,-35.59732,1.700378,-32.41768,3.219162,0.7222156999999999,0.5554464,0.4210082999999999,-0.353363,0.2258759,0.9077911,29.48723,2.478546,-29.96541,3.727966,0.6515122,0.4837072,0.05713701,1.244136,-0.49843,-0.04682427,-0.9779071,0.115119,6.036076,-44.06822,33.09
10,-0.4188995,0.199234,0.8858948,0.9771768,-0.5144348,0.1565094,0.8431091000000001,-35.59732,1.700378,-32.41768,3.219162,0.7222156999999999,0.5554464,0.4210082999999999,-0.353363,0.2258759,0.9077911,29.48723,2.478546,-29.96541,3.727966,0.6515122,0.4837072,0.05713701,1.244136,-0.49843,-0.04682427,-0.9779071,0.115119,6.036076,-44.06822,33.09
10,-0.4188995,0.199234,0.8858948,0.9771768,-0.5144348,0.1565094,0.8431091000000001,-35.59732,1.700378,-32.41768,3.219162,0.7222156999999999,0.5554464,0.4210082999999999,-0.353363,0.2258759,0.9077911,29.48723,2.478546,-29.96541,3.727966,0.6515122,0.4837072,0.05713701,1.244136,-0.49843,-0.04682427,-0.9779071,0.115119,6.036076,-44.06822,33.09
10,-0.4181366,0.1621398999999999,0.8937835999999999,0.9577769,-0.5227356,0.1147766,0.8447113000000002,-35.50713,1.730316,-32.35634,3.2699580000000004,0.7198064999999999,0.5592248000000001,0.4170452999999999,-0.354538,0.1884154999999999,0.9158478,29.55247,2.436188,-29.89897,3.862457,0.6489769000000001,0.4892056999999999,0.0562942,1.244447,-0.5010204,-0.04811305,-0.9776186,0.1134261999999999,6.036076,-44.06822,33.09
10,-0.4181366,0.1621398999999999,0.8937835999999999,0.9577769,-0.5227356,0.1147766,0.8447113000000002,-35.50713,1.730316,-32.35634,3.2699580000000004,0.7198064999999999,0.5592248000000001,0.4170452999999999,-0.354538,0.1884154999999999,0.9158478,29.55247,2.436188,-29.89897,3.862457,0.6489769000000001,0.4892056999999999,0.0562942,1.244447,-0.5010204,-0.04811305,-0.9776186,0.1134261999999999,6.036076,-44.06822,33.09
10,-0.4181366,0.1621398999999999,0.8937835999999999,0.9577769,-0.5227356,0.1147766,0.8447113000000002,-35.50713,1.730316,-32.35634,3.2699580000000004,0.7198064999999999,0.5592248000000001,0.4170452999999999,-0.354538,0.1884154999999999,0.9158478,29.55247,2.436188,-29.89897,3.862457,0.6489769000000001,0.4892056999999999,0.0562942,1.244447,-0.5010204,-0.04811305,-0.9776186,0.1134261999999999,6.036076,-44.06822,33.09
11,-0.4214783,0.1477509,0.8947144,0.9288029,-0.5121306999999999,0.1053313999999999,0.852417,-35.43962,1.731339,-32.32312,3.125854,0.7156537,0.5597057,0.317424,-0.3453979,0.1804199,0.9209442,29.57378,2.417953,-29.8853,3.823608,0.6471146,0.4905175999999999,0.05565619,1.244494,-0.5035506,-0.0476286999999999,-0.9775031,0.1118267,6.036076,-44.06822,33.09
11,-0.4214783,0.1477509,0.8947144,0.9288029,-0.5121306999999999,0.1053313999999999,0.852417,-35.43962,1.731339,-32.32312,3.125854,0.7156537,0.5597057,0.317424,-0.3453979,0.1804199,0.9209442,29.57378,2.417953,-29.8853,3.823608,0.6471146,0.4905175999999999,0.05565619,1.244494,-0.5035506,-0.0476286999999999,-0.9775031,0.1118267,6.036076,-44.06822,33.09
11,-0.4214783,0.1477509,0.8947144,0.9288029,-0.5121306999999999,0.1053313999999999,0.852417,-35.43962,1.731339,-32.32312,3.125854,0.7156537,0.5597057,0.317424,-0.3453979,0.1804199,0.9209442,29.57378,2.417953,-29.8853,3.823608,0.6471146,0.4905175999999999,0.05565619,1.244494,-0.5035506,-0.0476286999999999,-0.9775031,0.1118267,6.036076,-44.06822,33.09
11,-0.4240417,0.160965,0.8912048,0.9013009,-0.5305634,0.1322021,0.8372649999999999,-35.41798,1.638031,-32.34882,2.956497,0.7176786999999999,0.5599919,0.3478232,-0.3473511,0.1792908,0.9204254,29.58052,2.416183,-29.88051,3.823853,0.6471146,0.4906965999999999,0.05538535,1.244697,-0.5059003,-0.04899918,-0.9774689,0.1109325,6.036076,-0.9852333,33.09
11,-0.4240417,0.160965,0.8912048,0.9013009,-0.5305634,0.1322021,0.8372649999999999,-35.41798,1.638031,-32.34882,2.956497,0.7176786999999999,0.5599919,0.3478232,-0.3473511,0.1792908,0.9204254,29.58052,2.416183,-29.88051,3.823853,0.6471146,0.4906965999999999,0.05538535,1.244697,-0.5059003,-0.04899918,-0.9774689,0.1109325,6.036076,-0.9852333,33.09
11,-0.4240417,0.160965,0.8912048,0.9013009,-0.5305634,0.1322021,0.8372649999999999,-35.41798,1.638031,-32.34882,2.956497,0.7176786999999999,0.5599919,0.3478232,-0.3473511,0.1792908,0.9204254,29.58052,2.416183,-29.88051,3.823853,0.6471146,0.4906965999999999,0.05538535,1.244697,-0.5059003,-0.04899918,-0.9774689,0.1109325,6.036076,-0.9852333,33.09
11,-1.0,-1.0,-1.0,0.8170184,0.0,0.0,0.0,-35.72813,2.700226,-32.93001,-1.0,0.7400935000000001,0.5038509,0.0,0.0,0.0,0.0,29.06796,3.661713,-30.64844,-1.0,0.6765959,0.4288979,0.05417132,1.246248,-0.5095813,-0.05075836,-0.9778337,0.1033683,6.036076,-0.9852333,33.09
11,-1.0,-1.0,-1.0,0.8170184,0.0,0.0,0.0,-35.72813,2.700226,-32.93001,-1.0,0.7400935000000001,0.5038509,0.0,0.0,0.0,0.0,29.06796,3.661713,-30.64844,-1.0,0.6765959,0.4288979,0.05417132,1.246248,-0.5095813,-0.05075836,-0.9778337,0.1033683,6.036076,-0.9852333,33.09
11,-1.0,-1.0,-1.0,0.8170184,0.0,0.0,0.0,-35.72813,2.700226,-32.93001,-1.0,0.7400935000000001,0.5038509,0.0,0.0,0.0,0.0,29.06796,3.661713,-30.64844,-1.0,0.6765959,0.4288979,0.05417132,1.246248,-0.5095813,-0.05075836,-0.9778337,0.1033683,6.036076,-0.9852333,33.09
11,-0.3841857999999999,0.3949432,0.8345031999999999,0.8415288000000001,0.0,0.0,0.0,-35.7569,2.610596,-33.07672,-1.0,0.7434134,0.4987844,0.0558822,-0.3841857999999999,0.3949432,0.8345031999999999,29.15227,3.380249,-30.46851,4.362961,0.6679984,0.4377930999999999,0.05341816,1.246796,-0.5104527,-0.05226534,-0.9776004,0.1017928,6.036076,-0.9852333,33.09
11,-0.3841857999999999,0.3949432,0.8345031999999999,0.8415288000000001,0.0,0.0,0.0,-35.7569,2.610596,-33.07672,-1.0,0.7434134,0.4987844,0.0558822,-0.3841857999999999,0.3949432,0.8345031999999999,29.15227,3.380249,-30.46851,4.362961,0.6679984,0.4377930999999999,0.05341816,1.246796,-0.5104527,-0.05226534,-0.9776004,0.1017928,6.036076,-0.9852333,33.09
11,-0.3841857999999999,0.3949432,0.8345031999999999,0.8415288000000001,0.0,0.0,0.0,-35.7569,2.610596,-33.07672,-1.0,0.7434134,0.4987844,0.0558822,-0.3841857999999999,0.3949432,0.8345031999999999,29.15227,3.380249,-30.46851,4.362961,0.6679984,0.4377930999999999,0.05341816,1.246796,-0.5104527,-0.05226534,-0.9776004,0.1017928,6.036076,-0.9852333,33.09
11,-0.384201,0.3744812,0.8438720999999999,0.8476263,0.0,0.0,0.0,-35.755140000000004,2.492706,-32.98738,-1.0,0.7454930000000001,0.5091965,0.09736557,-0.384201,0.3744812,0.8438720999999999,29.16046,3.328552,-30.42809,4.230087,0.667654,0.4415648,0.05274057,1.2472219999999998,-0.5108748,-0.05131543,-0.9771125,0.1026351999999999,6.036076,-0.9852333,33.09
11,-0.384201,0.3744812,0.8438720999999999,0.8476263,0.0,0.0,0.0,-35.755140000000004,2.492706,-32.98738,-1.0,0.7454930000000001,0.5091965,0.09736557,-0.384201,0.3744812,0.8438720999999999,29.16046,3.328552,-30.42809,4.230087,0.667654,0.4415648,0.05274057,1.2472219999999998,-0.5108748,-0.05131543,-0.9771125,0.1026351999999999,6.036076,-0.9852333,33.09
11,-0.384201,0.3744812,0.8438720999999999,0.8476263,0.0,0.0,0.0,-35.755140000000004,2.492706,-32.98738,-1.0,0.7454930000000001,0.5091965,0.09736557,-0.384201,0.3744812,0.8438720999999999,29.16046,3.328552,-30.42809,4.230087,0.667654,0.4415648,0.05274057,1.2472219999999998,-0.5108748,-0.05131543,-0.9771125,0.1026351999999999,6.036076,-0.9852333,33.09
11,-0.3825226,0.3710938,0.8461304000000001,0.8742164000000001,0.0,0.0,0.0,-35.729690000000005,2.464798,-32.90256,-1.0,0.7387800999999999,0.5094419,0.1357809,-0.3825226,0.3710938,0.8461304000000001,29.1637,3.323746,-30.42215,4.21431,0.6673107,0.4420539,0.05200148,1.247477,-0.5119057,-0.04887403,-0.9773859,0.1014357,6.036076,-0.9852333,33.09
11,-0.3825226,0.3710938,0.8461304000000001,0.8742164000000001,0.0,0.0,0.0,-35.729690000000005,2.464798,-32.90256,-1.0,0.7387800999999999,0.5094419,0.1357809,-0.3825226,0.3710938,0.8461304000000001,29.1637,3.323746,-30.42215,4.21431,0.6673107,0.4420539,0.05200148,1.247477,-0.5119057,-0.04887403,-0.9773859,0.1014357,6.036076,-0.9852333,33.09
11,-0.3825226,0.3710938,0.8461304000000001,0.8742164000000001,0.0,0.0,0.0,-35.729690000000005,2.464798,-32.90256,-1.0,0.7387800999999999,0.5094419,0.1357809,-0.3825226,0.3710938,0.8461304000000001,29.1637,3.323746,-30.42215,4.21431,0.6673107,0.4420539,0.05200148,1.247477,-0.5119057,-0.04887403,-0.9773859,0.1014357,6.036076,-0.9852333,33.09
11,-0.3825226,0.3710938,0.8461304000000001,0.8742164000000001,0.0,0.0,0.0,-35.729690000000005,2.464798,-32.90256,-1.0,0.7387800999999999,0.5094419,0.1357809,-0.3825226,0.3710938,0.8461304000000001,29.1637,3.323746,-30.42215,4.21431,0.6673107,0.4420539,0.0511291,1.248296,-0.5129063,-0.04426173,-0.9777963,0.09981,6.036076,26.51133,33.09
11,-0.3825226,0.3710938,0.8461304000000001,0.8742164000000001,0.0,0.0,0.0,-35.729690000000005,2.464798,-32.90256,-1.0,0.7387800999999999,0.5094419,0.1357809,-0.3825226,0.3710938,0.8461304000000001,29.1637,3.323746,-30.42215,4.21431,0.6673107,0.4420539,0.0511291,1.248296,-0.5129063,-0.04426173,-0.9777963,0.09981,6.036076,26.51133,33.09
11,-0.3825226,0.3710938,0.8461304000000001,0.8742164000000001,0.0,0.0,0.0,-35.729690000000005,2.464798,-32.90256,-1.0,0.7387800999999999,0.5094419,0.1357809,-0.3825226,0.3710938,0.8461304000000001,29.1637,3.323746,-30.42215,4.21431,0.6673107,0.4420539,0.0511291,1.248296,-0.5129063,-0.04426173,-0.9777963,0.09981,6.036076,26.51133,33.09
11,-0.3846587999999999,0.4093475,0.8273163,0.8742164000000001,0.0,0.0,0.0,-35.789640000000006,2.601334,-33.00125,-1.0,0.7454550999999999,0.5056178,0.1357809,-0.3846587999999999,0.4093475,0.8273163,29.19762,3.333145,-30.46545,4.370361,0.6665454000000001,0.4376853,0.05021691,1.249016,-0.5134974,-0.04331708,-0.9783961,0.09859663,6.036076,26.51133,33.09
11,-0.3846587999999999,0.4093475,0.8273163,0.8742164000000001,0.0,0.0,0.0,-35.789640000000006,2.601334,-33.00125,-1.0,0.7454550999999999,0.5056178,0.1357809,-0.3846587999999999,0.4093475,0.8273163,29.19762,3.333145,-30.46545,4.370361,0.6665454000000001,0.4376853,0.05021691,1.249016,-0.5134974,-0.04331708,-0.9783961,0.09859663,6.036076,26.51133,33.09
11,-0.3846587999999999,0.4093475,0.8273163,0.8742164000000001,0.0,0.0,0.0,-35.789640000000006,2.601334,-33.00125,-1.0,0.7454550999999999,0.5056178,0.1357809,-0.3846587999999999,0.4093475,0.8273163,29.19762,3.333145,-30.46545,4.370361,0.6665454000000001,0.4376853,0.05021691,1.249016,-0.5134974,-0.04331708,-0.9783961,0.09859663,6.036076,26.51133,33.09
11,-0.3846587999999999,0.4093475,0.8273163,0.8742164000000001,0.0,0.0,0.0,-35.789640000000006,2.601334,-33.00125,-1.0,0.7454550999999999,0.5056178,0.1357809,-0.3846587999999999,0.4093475,0.8273163,29.19762,3.333145,-30.46545,4.370361,0.6665454000000001,0.4376853,0.04899693,1.250066,-0.5137075,-0.03997873,-0.9786272,0.09596109,6.036076,26.51133,33.09
11,-0.3846587999999999,0.4093475,0.8273163,0.8742164000000001,0.0,0.0,0.0,-35.789640000000006,2.601334,-33.00125,-1.0,0.7454550999999999,0.5056178,0.1357809,-0.3846587999999999,0.4093475,0.8273163,29.19762,3.333145,-30.46545,4.370361,0.6665454000000001,0.4376853,0.04899693,1.250066,-0.5137075,-0.03997873,-0.9786272,0.09596109,6.036076,26.51133,33.09
11,-0.3846587999999999,0.4093475,0.8273163,0.8742164000000001,0.0,0.0,0.0,-35.789640000000006,2.601334,-33.00125,-1.0,0.7454550999999999,0.5056178,0.1357809,-0.3846587999999999,0.4093475,0.8273163,29.19762,3.333145,-30.46545,4.370361,0.6665454000000001,0.4376853,0.04899693,1.250066,-0.5137075,-0.03997873,-0.9786272,0.09596109,6.036076,26.51133,33.09
11,-0.3599395999999999,0.3392792,0.8690796000000001,0.8582228999999999,0.0,0.0,0.0,-35.72139,2.379608,-32.80801,-1.0,0.7339153,0.5136748,0.2120104,-0.3599395999999999,0.3392792,0.8690796000000001,29.21423,3.316467,-30.33147,3.960968,0.6626562,0.4448854,0.04784155,1.250616,-0.5135457,-0.03973722,-0.9787761,0.09527227,6.036076,26.51133,33.09
11,-0.3599395999999999,0.3392792,0.8690796000000001,0.8582228999999999,0.0,0.0,0.0,-35.72139,2.379608,-32.80801,-1.0,0.7339153,0.5136748,0.2120104,-0.3599395999999999,0.3392792,0.8690796000000001,29.21423,3.316467,-30.33147,3.960968,0.6626562,0.4448854,0.04784155,1.250616,-0.5135457,-0.03973722,-0.9787761,0.09527227,6.036076,26.51133,33.09
11,-0.3599395999999999,0.3392792,0.8690796000000001,0.8582228999999999,0.0,0.0,0.0,-35.72139,2.379608,-32.80801,-1.0,0.7339153,0.5136748,0.2120104,-0.3599395999999999,0.3392792,0.8690796000000001,29.21423,3.316467,-30.33147,3.960968,0.6626562,0.4448854,0.04784155,1.250616,-0.5135457,-0.03973722,-0.9787761,0.09527227,6.036076,26.51133,33.09
11,-0.3645477,0.3526154,0.8618316999999999,0.8837944999999999,0.0,0.0,0.0,-35.69214,2.372177,-32.82452,-1.0,0.7352057,0.5135929,0.2330143,-0.3645477,0.3526154,0.8618316999999999,29.23099,3.2629240000000004,-30.33192,3.988693,0.6626871,0.4452055,0.04664683,1.251091,-0.5131897,-0.03677519,-0.9787373,0.09393476,6.036076,26.51133,33.09
11,-0.3645477,0.3526154,0.8618316999999999,0.8837944999999999,0.0,0.0,0.0,-35.69214,2.372177,-32.82452,-1.0,0.7352057,0.5135929,0.2330143,-0.3645477,0.3526154,0.8618316999999999,29.23099,3.2629240000000004,-30.33192,3.988693,0.6626871,0.4452055,0.04664683,1.251091,-0.5131897,-0.03677519,-0.9787373,0.09393476,6.036076,26.51133,33.09
11,-0.3645477,0.3526154,0.8618316999999999,0.8837944999999999,0.0,0.0,0.0,-35.69214,2.372177,-32.82452,-1.0,0.7352057,0.5135929,0.2330143,-0.3645477,0.3526154,0.8618316999999999,29.23099,3.2629240000000004,-30.33192,3.988693,0.6626871,0.4452055,0.04664683,1.251091,-0.5131897,-0.03677519,-0.9787373,0.09393476,6.036076,26.51133,33.09
11,-0.3658447,0.3544464,0.8605347,0.8769226999999999,0.0,0.0,0.0,-35.69214,2.363434,-32.828109999999995,-1.0,0.7352057,0.5135929,0.2040037999999999,-0.3658447,0.3544464,0.8605347,29.23099,3.248138,-30.33195,3.985718,0.6628644,0.4455109,0.04588985,1.251349,-0.5127036,-0.03622343,-0.9790083,0.0933288,6.036076,26.51133,33.09
11,-0.3658447,0.3544464,0.8605347,0.8769226999999999,0.0,0.0,0.0,-35.69214,2.363434,-32.828109999999995,-1.0,0.7352057,0.5135929,0.2040037999999999,-0.3658447,0.3544464,0.8605347,29.23099,3.248138,-30.33195,3.985718,0.6628644,0.4455109,0.04588985,1.251349,-0.5127036,-0.03622343,-0.9790083,0.0933288,6.036076,26.51133,33.09
11,-0.3658447,0.3544464,0.8605347,0.8769226999999999,0.0,0.0,0.0,-35.69214,2.363434,-32.828109999999995,-1.0,0.7352057,0.5135929,0.2040037999999999,-0.3658447,0.3544464,0.8605347,29.23099,3.248138,-30.33195,3.985718,0.6628644,0.4455109,0.04588985,1.251349,-0.5127036,-0.03622343,-0.9790083,0.0933288,6.036076,26.51133,33.09
11,-0.3658447,0.3544464,0.8605347,0.8769226999999999,0.0,0.0,0.0,-35.69214,2.363434,-32.828109999999995,-1.0,0.7352057,0.5135929,0.2040037999999999,-0.3658447,0.3544464,0.8605347,29.23099,3.248138,-30.33195,3.985718,0.6628644,0.4455109,0.04574156,1.251534,-0.5119918,-0.03426656,-0.9794135,0.09330957,6.036076,33.90456,33.09
11,-0.3658447,0.3544464,0.8605347,0.8769226999999999,0.0,0.0,0.0,-35.69214,2.363434,-32.828109999999995,-1.0,0.7352057,0.5135929,0.2040037999999999,-0.3658447,0.3544464,0.8605347,29.23099,3.248138,-30.33195,3.985718,0.6628644,0.4455109,0.04574156,1.251534,-0.5119918,-0.03426656,-0.9794135,0.09330957,6.036076,33.90456,33.09
11,-0.3658447,0.3544464,0.8605347,0.8769226999999999,0.0,0.0,0.0,-35.69214,2.363434,-32.828109999999995,-1.0,0.7352057,0.5135929,0.2040037999999999,-0.3658447,0.3544464,0.8605347,29.23099,3.248138,-30.33195,3.985718,0.6628644,0.4455109,0.04574156,1.251534,-0.5119918,-0.03426656,-0.9794135,0.09330957,6.036076,33.90456,33.09
11,-0.3656006,0.3350982999999999,0.8683318999999999,0.8920029,0.0,0.0,0.0,-35.66809,2.322556,-32.824740000000006,-1.0,0.7312679,0.5115654000000001,0.1273023,-0.3656006,0.3350982999999999,0.8683318999999999,29.34296,3.11322,-30.24837,3.805405,0.6589113,0.4515479,0.04642558,1.251516,-0.5110715,-0.03308714,-0.9802681,0.09340525,6.036076,33.90456,33.09
11,-0.3656006,0.3350982999999999,0.8683318999999999,0.8920029,0.0,0.0,0.0,-35.66809,2.322556,-32.824740000000006,-1.0,0.7312679,0.5115654000000001,0.1273023,-0.3656006,0.3350982999999999,0.8683318999999999,29.34296,3.11322,-30.24837,3.805405,0.6589113,0.4515479,0.04642558,1.251516,-0.5110715,-0.03308714,-0.9802681,0.09340525,6.036076,33.90456,33.09
11,-0.3656006,0.3350982999999999,0.8683318999999999,0.8920029,0.0,0.0,0.0,-35.66809,2.322556,-32.824740000000006,-1.0,0.7312679,0.5115654000000001,0.1273023,-0.3656006,0.3350982999999999,0.8683318999999999,29.34296,3.11322,-30.24837,3.805405,0.6589113,0.4515479,0.04642558,1.251516,-0.5110715,-0.03308714,-0.9802681,0.09340525,6.036076,33.90456,33.09
11,-0.369812,0.3381348,0.8653716999999999,0.8554665000000001,0.0,0.0,0.0,-35.65446,2.32045,-32.80206,-1.0,0.7312679,0.5135092000000001,0.202155,-0.369812,0.3381348,0.8653716999999999,29.35274,3.096924,-30.24832,3.854446,0.6590495,0.4518425,0.04775858,1.251636,-0.5097395,-0.03107379,-0.9813734,0.09249137,6.036076,33.90456,33.09
11,-0.369812,0.3381348,0.8653716999999999,0.8554665000000001,0.0,0.0,0.0,-35.65446,2.32045,-32.80206,-1.0,0.7312679,0.5135092000000001,0.202155,-0.369812,0.3381348,0.8653716999999999,29.35274,3.096924,-30.24832,3.854446,0.6590495,0.4518425,0.04775858,1.251636,-0.5097395,-0.03107379,-0.9813734,0.09249137,6.036076,33.90456,33.09
11,-0.369812,0.3381348,0.8653716999999999,0.8554665000000001,0.0,0.0,0.0,-35.65446,2.32045,-32.80206,-1.0,0.7312679,0.5135092000000001,0.202155,-0.369812,0.3381348,0.8653716999999999,29.35274,3.096924,-30.24832,3.854446,0.6590495,0.4518425,0.04775858,1.251636,-0.5097395,-0.03107379,-0.9813734,0.09249137,6.036076,33.90456,33.09
11,-0.2078094,0.3435210999999999,0.9158478,0.8990913,-0.3631287,0.3362122,0.8689423000000001,-34.78354,2.433029,-32.288059999999994,3.401306,0.6713833,0.5048638,0.3114311999999999,-0.1726074,0.3439178,0.9229889,30.46428,3.306702,-29.84717,3.795334,0.5959164,0.4391517,0.0502161999999999,1.252107,-0.5082832,-0.02985137,-0.9829941,0.0917156,6.036076,33.90456,33.09
11,-0.2078094,0.3435210999999999,0.9158478,0.8990913,-0.3631287,0.3362122,0.8689423000000001,-34.78354,2.433029,-32.288059999999994,3.401306,0.6713833,0.5048638,0.3114311999999999,-0.1726074,0.3439178,0.9229889,30.46428,3.306702,-29.84717,3.795334,0.5959164,0.4391517,0.0502161999999999,1.252107,-0.5082832,-0.02985137,-0.9829941,0.0917156,6.036076,33.90456,33.09
11,-0.2078094,0.3435210999999999,0.9158478,0.8990913,-0.3631287,0.3362122,0.8689423000000001,-34.78354,2.433029,-32.288059999999994,3.401306,0.6713833,0.5048638,0.3114311999999999,-0.1726074,0.3439178,0.9229889,30.46428,3.306702,-29.84717,3.795334,0.5959164,0.4391517,0.0502161999999999,1.252107,-0.5082832,-0.02985137,-0.9829941,0.0917156,6.036076,33.90456,33.09
11,-0.05593872,0.3552551,0.9330902,0.9168372,-0.2395172,0.2980042,0.9240112,-33.9749,2.638229,-32.01596,3.310883,0.625409,0.4989745,0.0,-0.05099487,0.3566132,0.9328461,31.06401,3.4782260000000003,-29.76451,3.739792,0.5607464,0.4305018,0.05376077,1.2530370000000002,-0.5065516,-0.02520065,-0.9855223,0.08873471,6.036076,-8.233238,33.09
11,-0.05593872,0.3552551,0.9330902,0.9168372,-0.2395172,0.2980042,0.9240112,-33.9749,2.638229,-32.01596,3.310883,0.625409,0.4989745,0.0,-0.05099487,0.3566132,0.9328461,31.06401,3.4782260000000003,-29.76451,3.739792,0.5607464,0.4305018,0.05376077,1.2530370000000002,-0.5065516,-0.02520065,-0.9855223,0.08873471,6.036076,-8.233238,33.09
11,-0.05593872,0.3552551,0.9330902,0.9168372,-0.2395172,0.2980042,0.9240112,-33.9749,2.638229,-32.01596,3.310883,0.625409,0.4989745,0.0,-0.05099487,0.3566132,0.9328461,31.06401,3.4782260000000003,-29.76451,3.739792,0.5607464,0.4305018,0.05376077,1.2530370000000002,-0.5065516,-0.02520065,-0.9855223,0.08873471,6.036076,-8.233238,33.09
11,-0.08917236,0.3531035999999999,0.9313202,0.9434141,-0.2573242,0.256485,0.9316559,-34.09279,2.63382,-31.98926,3.161484,0.6316919,0.5037195,0.03115427,-0.08477783,0.355423,0.9308472,30.99583,3.452271,-29.770570000000003,3.757111,0.5671359,0.4317213,0.05796838,1.254145,-0.5041712,-0.02200146,-0.9881658,0.08734,6.036076,-8.233238,33.09
11,-0.08917236,0.3531035999999999,0.9313202,0.9434141,-0.2573242,0.256485,0.9316559,-34.09279,2.63382,-31.98926,3.161484,0.6316919,0.5037195,0.03115427,-0.08477783,0.355423,0.9308472,30.99583,3.452271,-29.770570000000003,3.757111,0.5671359,0.4317213,0.05796838,1.254145,-0.5041712,-0.02200146,-0.9881658,0.08734,6.036076,-8.233238,33.09
11,-0.08917236,0.3531035999999999,0.9313202,0.9434141,-0.2573242,0.256485,0.9316559,-34.09279,2.63382,-31.98926,3.161484,0.6316919,0.5037195,0.03115427,-0.08477783,0.355423,0.9308472,30.99583,3.452271,-29.770570000000003,3.757111,0.5671359,0.4317213,0.05796838,1.254145,-0.5041712,-0.02200146,-0.9881658,0.08734,6.036076,-8.233238,33.09
11,-0.1479339999999999,0.3565825999999999,0.9224701,0.944045,-0.260437,0.3366089,0.9049072,-34.31207,2.575043,-32.13136,3.282166,0.6404114000000001,0.4976395999999999,0.05540969,-0.1047516,0.362915,0.9259033,30.92805,3.345871,-29.76204,3.760391,0.5718614000000001,0.4344762,0.06243205,1.256643,-0.5014587,-0.0202757999999999,-0.9906456,0.08338242,6.036076,-8.233238,33.09
11,-0.1479339999999999,0.3565825999999999,0.9224701,0.944045,-0.260437,0.3366089,0.9049072,-34.31207,2.575043,-32.13136,3.282166,0.6404114000000001,0.4976395999999999,0.05540969,-0.1047516,0.362915,0.9259033,30.92805,3.345871,-29.76204,3.760391,0.5718614000000001,0.4344762,0.06243205,1.256643,-0.5014587,-0.0202757999999999,-0.9906456,0.08338242,6.036076,-8.233238,33.09
11,-0.1479339999999999,0.3565825999999999,0.9224701,0.944045,-0.260437,0.3366089,0.9049072,-34.31207,2.575043,-32.13136,3.282166,0.6404114000000001,0.4976395999999999,0.05540969,-0.1047516,0.362915,0.9259033,30.92805,3.345871,-29.76204,3.760391,0.5718614000000001,0.4344762,0.06243205,1.256643,-0.5014587,-0.0202757999999999,-0.9906456,0.08338242,6.036076,-8.233238,33.09
11,-0.2066956,0.339325,0.9176636,0.9357166,-0.2999725,0.3069305,0.9032135,-34.63332,2.395584,-32.15594,3.169403,0.6570191999999999,0.5077385999999999,0.2515961,-0.1741791,0.3496857,0.920517,30.585590000000003,3.297684,-29.81935,3.748474,0.5920021,0.4384827,0.06717205,1.2589709999999998,-0.4980785,-0.01733699,-0.9926631,0.0794161999999999,6.036076,-8.233238,33.09
11,-0.2066956,0.339325,0.9176636,0.9357166,-0.2999725,0.3069305,0.9032135,-34.63332,2.395584,-32.15594,3.169403,0.6570191999999999,0.5077385999999999,0.2515961,-0.1741791,0.3496857,0.920517,30.585590000000003,3.297684,-29.81935,3.748474,0.5920021,0.4384827,0.06717205,1.2589709999999998,-0.4980785,-0.01733699,-0.9926631,0.0794161999999999,6.036076,-8.233238,33.09
11,-0.2066956,0.339325,0.9176636,0.9357166,-0.2999725,0.3069305,0.9032135,-34.63332,2.395584,-32.15594,3.169403,0.6570191999999999,0.5077385999999999,0.2515961,-0.1741791,0.3496857,0.920517,30.585590000000003,3.297684,-29.81935,3.748474,0.5920021,0.4384827,0.06717205,1.2589709999999998,-0.4980785,-0.01733699,-0.9926631,0.0794161999999999,6.036076,-8.233238,33.09
11,-0.2066956,0.339325,0.9176636,0.9357166,-0.2999725,0.3069305,0.9032135,-34.63332,2.395584,-32.15594,3.169403,0.6570191999999999,0.5077385999999999,0.2515961,-0.1741791,0.3496857,0.920517,30.585590000000003,3.297684,-29.81935,3.748474,0.5920021,0.4384827,0.07315707,1.261177,-0.4936801999999999,-0.01688855,-0.9945131,0.0775942,6.036076,-8.233238,33.09
11,-0.2066956,0.339325,0.9176636,0.9357166,-0.2999725,0.3069305,0.9032135,-34.63332,2.395584,-32.15594,3.169403,0.6570191999999999,0.5077385999999999,0.2515961,-0.1741791,0.3496857,0.920517,30.585590000000003,3.297684,-29.81935,3.748474,0.5920021,0.4384827,0.07315707,1.261177,-0.4936801999999999,-0.01688855,-0.9945131,0.0775942,6.036076,-8.233238,33.09
11,-0.2066956,0.339325,0.9176636,0.9357166,-0.2999725,0.3069305,0.9032135,-34.63332,2.395584,-32.15594,3.169403,0.6570191999999999,0.5077385999999999,0.2515961,-0.1741791,0.3496857,0.920517,30.585590000000003,3.297684,-29.81935,3.748474,0.5920021,0.4384827,0.07315707,1.261177,-0.4936801999999999,-0.01688855,-0.9945131,0.0775942,6.036076,-8.233238,33.09
11,-0.2066956,0.339325,0.9176636,0.9357166,-0.2999725,0.3069305,0.9032135,-34.63332,2.395584,-32.15594,3.169403,0.6570191999999999,0.5077385999999999,0.2515961,-0.1741791,0.3496857,0.920517,30.585590000000003,3.297684,-29.81935,3.748474,0.5920021,0.4384827,0.08047557,1.262832,-0.4883364999999999,-0.01678678,-0.9959305,0.07803635,6.036076,-8.233238,33.09
11,-0.2066956,0.339325,0.9176636,0.9357166,-0.2999725,0.3069305,0.9032135,-34.63332,2.395584,-32.15594,3.169403,0.6570191999999999,0.5077385999999999,0.2515961,-0.1741791,0.3496857,0.920517,30.585590000000003,3.297684,-29.81935,3.748474,0.5920021,0.4384827,0.08047557,1.262832,-0.4883364999999999,-0.01678678,-0.9959305,0.07803635,6.036076,-8.233238,33.09
11,-0.2066956,0.339325,0.9176636,0.9357166,-0.2999725,0.3069305,0.9032135,-34.63332,2.395584,-32.15594,3.169403,0.6570191999999999,0.5077385999999999,0.2515961,-0.1741791,0.3496857,0.920517,30.585590000000003,3.297684,-29.81935,3.748474,0.5920021,0.4384827,0.08047557,1.262832,-0.4883364999999999,-0.01678678,-0.9959305,0.07803635,6.036076,-8.233238,33.09
11,0.05569458,0.2741089,0.960083,1.0,-0.06918335,0.2209625,0.9728088,-33.1494,1.829224,-31.74582,3.084274,0.5740361999999999,0.5330579000000001,0.3308347,0.09196472,0.2886505,0.9530029,32.037659999999995,2.677094,-29.48036,3.568634,0.5101775,0.4624281,0.08833861,1.264057,-0.4825104999999999,-0.01304326,-0.9968128,0.0776323999999999,6.036076,-8.233238,33.09
11,0.05569458,0.2741089,0.960083,1.0,-0.06918335,0.2209625,0.9728088,-33.1494,1.829224,-31.74582,3.084274,0.5740361999999999,0.5330579000000001,0.3308347,0.09196472,0.2886505,0.9530029,32.037659999999995,2.677094,-29.48036,3.568634,0.5101775,0.4624281,0.08833861,1.264057,-0.4825104999999999,-0.01304326,-0.9968128,0.0776323999999999,6.036076,-8.233238,33.09
11,0.05569458,0.2741089,0.960083,1.0,-0.06918335,0.2209625,0.9728088,-33.1494,1.829224,-31.74582,3.084274,0.5740361999999999,0.5330579000000001,0.3308347,0.09196472,0.2886505,0.9530029,32.037659999999995,2.677094,-29.48036,3.568634,0.5101775,0.4624281,0.08833861,1.264057,-0.4825104999999999,-0.01304326,-0.9968128,0.0776323999999999,6.036076,-8.233238,33.09
11,0.02880859,0.2623444,0.9645386,1.0,-0.08158875,0.2117767,0.9738922,-33.29999,1.825867,-31.73859,3.106277,0.5808842,0.5342861,0.355381,0.04899597,0.2711945,0.9612732,31.91974,2.678223,-29.459640000000004,3.4188690000000004,0.5194896,0.4640957999999999,0.09645295,1.2652709999999998,-0.4762633,0.009603295,0.9969535,-0.07508634,6.037357,-41.56311,33.09
11,0.02880859,0.2623444,0.9645386,1.0,-0.08158875,0.2117767,0.9738922,-33.29999,1.825867,-31.73859,3.106277,0.5808842,0.5342861,0.355381,0.04899597,0.2711945,0.9612732,31.91974,2.678223,-29.459640000000004,3.4188690000000004,0.5194896,0.4640957999999999,0.09645295,1.2652709999999998,-0.4762633,0.009603295,0.9969535,-0.07508634,6.037357,-41.56311,33.09
11,0.02880859,0.2623444,0.9645386,1.0,-0.08158875,0.2117767,0.9738922,-33.29999,1.825867,-31.73859,3.106277,0.5808842,0.5342861,0.355381,0.04899597,0.2711945,0.9612732,31.91974,2.678223,-29.459640000000004,3.4188690000000004,0.5194896,0.4640957999999999,0.09645295,1.2652709999999998,-0.4762633,0.009603295,0.9969535,-0.07508634,6.037357,-41.56311,33.09
11,0.02880859,0.2623444,0.9645386,1.0,-0.08158875,0.2117767,0.9738922,-33.29999,1.825867,-31.73859,3.106277,0.5808842,0.5342861,0.355381,0.04899597,0.2711945,0.9612732,31.91974,2.678223,-29.459640000000004,3.4188690000000004,0.5194896,0.4640957999999999,0.1051561999999999,1.268501,-0.4694765,0.001568022,0.996477,-0.06455696,6.037357,-41.56311,33.09
11,0.02880859,0.2623444,0.9645386,1.0,-0.08158875,0.2117767,0.9738922,-33.29999,1.825867,-31.73859,3.106277,0.5808842,0.5342861,0.355381,0.04899597,0.2711945,0.9612732,31.91974,2.678223,-29.459640000000004,3.4188690000000004,0.5194896,0.4640957999999999,0.1051561999999999,1.268501,-0.4694765,0.001568022,0.996477,-0.06455696,6.037357,-41.56311,33.09
11,0.02880859,0.2623444,0.9645386,1.0,-0.08158875,0.2117767,0.9738922,-33.29999,1.825867,-31.73859,3.106277,0.5808842,0.5342861,0.355381,0.04899597,0.2711945,0.9612732,31.91974,2.678223,-29.459640000000004,3.4188690000000004,0.5194896,0.4640957999999999,0.1051561999999999,1.268501,-0.4694765,0.001568022,0.996477,-0.06455696,6.037357,-41.56311,33.09
11,-0.1797791,0.209198,0.9611969,0.9811723,-0.2732390999999999,0.1674805,0.9472504,-34.27406,2.080353,-31.88612,3.1219330000000003,0.639881,0.5329741,0.4217952,-0.1330261,0.2289429,0.9642944,30.88792,2.888687,-29.53722,3.5032650000000003,0.5764397,0.4635639,0.113898,1.271007,-0.4616827,-0.007550619,0.9943813,-0.05864561,6.037357,-41.56311,33.09
11,-0.1797791,0.209198,0.9611969,0.9811723,-0.2732390999999999,0.1674805,0.9472504,-34.27406,2.080353,-31.88612,3.1219330000000003,0.639881,0.5329741,0.4217952,-0.1330261,0.2289429,0.9642944,30.88792,2.888687,-29.53722,3.5032650000000003,0.5764397,0.4635639,0.113898,1.271007,-0.4616827,-0.007550619,0.9943813,-0.05864561,6.037357,-41.56311,33.09
11,-0.1797791,0.209198,0.9611969,0.9811723,-0.2732390999999999,0.1674805,0.9472504,-34.27406,2.080353,-31.88612,3.1219330000000003,0.639881,0.5329741,0.4217952,-0.1330261,0.2289429,0.9642944,30.88792,2.888687,-29.53722,3.5032650000000003,0.5764397,0.4635639,0.113898,1.271007,-0.4616827,-0.007550619,0.9943813,-0.05864561,6.037357,-41.56311,33.09
11,-0.02386475,0.2107849,0.9772339,1.0,-0.1441956,0.1729889,0.9743042,-33.53046,1.958786,-31.754790000000003,3.1487580000000004,0.5968796999999999,0.5347130999999999,0.453137,0.03747559,0.228714,0.9727631,31.72116,2.81691,-29.42725,3.553268,0.5274965,0.4643922,0.123616,1.272853,-0.4528471999999999,-0.01394864,0.9899386999999998,-0.05722286,6.037357,-41.56311,33.09
11,-0.02386475,0.2107849,0.9772339,1.0,-0.1441956,0.1729889,0.9743042,-33.53046,1.958786,-31.754790000000003,3.1487580000000004,0.5968796999999999,0.5347130999999999,0.453137,0.03747559,0.228714,0.9727631,31.72116,2.81691,-29.42725,3.553268,0.5274965,0.4643922,0.123616,1.272853,-0.4528471999999999,-0.01394864,0.9899386999999998,-0.05722286,6.037357,-41.56311,33.09
11,-0.02386475,0.2107849,0.9772339,1.0,-0.1441956,0.1729889,0.9743042,-33.53046,1.958786,-31.754790000000003,3.1487580000000004,0.5968796999999999,0.5347130999999999,0.453137,0.03747559,0.228714,0.9727631,31.72116,2.81691,-29.42725,3.553268,0.5274965,0.4643922,0.123616,1.272853,-0.4528471999999999,-0.01394864,0.9899386999999998,-0.05722286,6.037357,-41.56311,33.09
11,-1.0,-1.0,-1.0,0.9035940999999998,0.0,0.0,0.0,-32.24158,2.123337,-31.68311,-1.0,0.5260157,0.5375371999999999,0.0,0.0,0.0,0.0,32.82246,3.132187,-29.4593,-1.0,0.4594113,0.4632805999999999,0.1334612,1.274305,-0.4429838,-0.01858197,0.9836004,-0.05652211,6.037357,-41.56311,33.09
11,-1.0,-1.0,-1.0,0.9035940999999998,0.0,0.0,0.0,-32.24158,2.123337,-31.68311,-1.0,0.5260157,0.5375371999999999,0.0,0.0,0.0,0.0,32.82246,3.132187,-29.4593,-1.0,0.4594113,0.4632805999999999,0.1334612,1.274305,-0.4429838,-0.01858197,0.9836004,-0.05652211,6.037357,-41.56311,33.09
11,-1.0,-1.0,-1.0,0.9035940999999998,0.0,0.0,0.0,-32.24158,2.123337,-31.68311,-1.0,0.5260157,0.5375371999999999,0.0,0.0,0.0,0.0,32.82246,3.132187,-29.4593,-1.0,0.4594113,0.4632805999999999,0.1334612,1.274305,-0.4429838,-0.01858197,0.9836004,-0.05652211,6.037357,-41.56311,33.09
11,0.2896422999999999,0.1457672,0.9459534,0.9611633,0.1977692,0.1064301,0.9744415,-31.76436,2.093292,-31.79367,3.115021,0.4923948,0.5383972,0.0,0.3657227,0.1781616,0.9134979,33.46349,2.972397,-29.63104,3.493103,0.4279042999999999,0.4666721,0.1441104,1.276491,-0.4314564,-0.02024565,0.9747072,-0.05462302,6.037357,-59.72507,33.09
11,0.2896422999999999,0.1457672,0.9459534,0.9611633,0.1977692,0.1064301,0.9744415,-31.76436,2.093292,-31.79367,3.115021,0.4923948,0.5383972,0.0,0.3657227,0.1781616,0.9134979,33.46349,2.972397,-29.63104,3.493103,0.4279042999999999,0.4666721,0.1441104,1.276491,-0.4314564,-0.02024565,0.9747072,-0.05462302,6.037357,-59.72507,33.09
11,0.2896422999999999,0.1457672,0.9459534,0.9611633,0.1977692,0.1064301,0.9744415,-31.76436,2.093292,-31.79367,3.115021,0.4923948,0.5383972,0.0,0.3657227,0.1781616,0.9134979,33.46349,2.972397,-29.63104,3.493103,0.4279042999999999,0.4666721,0.1441104,1.276491,-0.4314564,-0.02024565,0.9747072,-0.05462302,6.037357,-59.72507,33.09
12,0.473114,0.1689757999999999,0.864624,0.8916639999999999,0.3956146,0.1764984,0.9012909,-30.97417,1.939133,-32.15948,3.429306,0.440223,0.5404021,0.0,0.5281982,0.1626128999999999,0.8333893,34.153929999999995,2.815994,-29.92485,3.4455410000000004,0.3826004,0.4773092,0.1550533999999999,1.277998,-0.4187793999999999,-0.02456921,0.9627534,-0.05490967,6.037357,-59.72507,33.09
12,0.473114,0.1689757999999999,0.864624,0.8916639999999999,0.3956146,0.1764984,0.9012909,-30.97417,1.939133,-32.15948,3.429306,0.440223,0.5404021,0.0,0.5281982,0.1626128999999999,0.8333893,34.153929999999995,2.815994,-29.92485,3.4455410000000004,0.3826004,0.4773092,0.1550533999999999,1.277998,-0.4187793999999999,-0.02456921,0.9627534,-0.05490967,6.037357,-59.72507,33.09
12,0.473114,0.1689757999999999,0.864624,0.8916639999999999,0.3956146,0.1764984,0.9012909,-30.97417,1.939133,-32.15948,3.429306,0.440223,0.5404021,0.0,0.5281982,0.1626128999999999,0.8333893,34.153929999999995,2.815994,-29.92485,3.4455410000000004,0.3826004,0.4773092,0.1550533999999999,1.277998,-0.4187793999999999,-0.02456921,0.9627534,-0.05490967,6.037357,-59.72507,33.09
12,0.462265,0.1673888999999999,0.8707886,0.9533302,0.3613281,0.1622162,0.9181976,-31.05801,1.896973,-32.08493,3.503143,0.4477085999999999,0.5426988,0.0,0.5132141,0.169281,0.8413849,34.08142,2.803787,-29.89043,3.615479,0.3871938,0.4767162,0.1650208999999999,1.280686,-0.4054667,-0.02716716,0.9496397,-0.04957798,6.037357,-59.72507,33.09
12,0.462265,0.1673888999999999,0.8707886,0.9533302,0.3613281,0.1622162,0.9181976,-31.05801,1.896973,-32.08493,3.503143,0.4477085999999999,0.5426988,0.0,0.5132141,0.169281,0.8413849,34.08142,2.803787,-29.89043,3.615479,0.3871938,0.4767162,0.1650208999999999,1.280686,-0.4054667,-0.02716716,0.9496397,-0.04957798,6.037357,-59.72507,33.09
12,0.462265,0.1673888999999999,0.8707886,0.9533302,0.3613281,0.1622162,0.9181976,-31.05801,1.896973,-32.08493,3.503143,0.4477085999999999,0.5426988,0.0,0.5132141,0.169281,0.8413849,34.08142,2.803787,-29.89043,3.615479,0.3871938,0.4767162,0.1650208999999999,1.280686,-0.4054667,-0.02716716,0.9496397,-0.04957798,6.037357,-59.72507,33.09
12,0.2542877,0.1099854,0.9608459,0.9425755,0.1622009,0.08763123,0.9828491,-31.90587,2.163757,-31.734440000000003,3.010178,0.5016015,0.5374142,0.04930365,0.3231659,0.1264038,0.937851,33.24432,2.888535,-29.5063,3.375488,0.4408589,0.4742907999999999,0.175072,1.283798,-0.3915475999999999,-0.02916357,0.9341796999999998,-0.04430715,6.037357,-59.72507,33.09
12,0.2542877,0.1099854,0.9608459,0.9425755,0.1622009,0.08763123,0.9828491,-31.90587,2.163757,-31.734440000000003,3.010178,0.5016015,0.5374142,0.04930365,0.3231659,0.1264038,0.937851,33.24432,2.888535,-29.5063,3.375488,0.4408589,0.4742907999999999,0.175072,1.283798,-0.3915475999999999,-0.02916357,0.9341796999999998,-0.04430715,6.037357,-59.72507,33.09
12,0.2542877,0.1099854,0.9608459,0.9425755,0.1622009,0.08763123,0.9828491,-31.90587,2.163757,-31.734440000000003,3.010178,0.5016015,0.5374142,0.04930365,0.3231659,0.1264038,0.937851,33.24432,2.888535,-29.5063,3.375488,0.4408589,0.4742907999999999,0.175072,1.283798,-0.3915475999999999,-0.02916357,0.9341796999999998,-0.04430715,6.037357,-59.72507,33.09
12,0.2542877,0.1099854,0.9608459,0.9425755,0.1622009,0.08763123,0.9828491,-31.90587,2.163757,-31.734440000000003,3.010178,0.5016015,0.5374142,0.04930365,0.3231659,0.1264038,0.937851,33.24432,2.888535,-29.5063,3.375488,0.4408589,0.4742907999999999,0.1836361,1.287185,-0.3774622,-0.0263734,0.9181675,-0.03543868,6.037357,34.48815,33.09
12,0.2542877,0.1099854,0.9608459,0.9425755,0.1622009,0.08763123,0.9828491,-31.90587,2.163757,-31.734440000000003,3.010178,0.5016015,0.5374142,0.04930365,0.3231659,0.1264038,0.937851,33.24432,2.888535,-29.5063,3.375488,0.4408589,0.4742907999999999,0.1836361,1.287185,-0.3774622,-0.0263734,0.9181675,-0.03543868,6.037357,34.48815,33.09
12,0.2542877,0.1099854,0.9608459,0.9425755,0.1622009,0.08763123,0.9828491,-31.90587,2.163757,-31.734440000000003,3.010178,0.5016015,0.5374142,0.04930365,0.3231659,0.1264038,0.937851,33.24432,2.888535,-29.5063,3.375488,0.4408589,0.4742907999999999,0.1836361,1.287185,-0.3774622,-0.0263734,0.9181675,-0.03543868,6.037357,34.48815,33.09
12,0.2542877,0.1099854,0.9608459,0.9425755,0.1622009,0.08763123,0.9828491,-31.90587,2.163757,-31.734440000000003,3.010178,0.5016015,0.5374142,0.04930365,0.3231659,0.1264038,0.937851,33.24432,2.888535,-29.5063,3.375488,0.4408589,0.4742907999999999,0.1913594,1.290037,-0.3628603,-0.01937422,0.8997485999999999,-0.02804643,6.037357,34.48815,33.09
12,0.2542877,0.1099854,0.9608459,0.9425755,0.1622009,0.08763123,0.9828491,-31.90587,2.163757,-31.734440000000003,3.010178,0.5016015,0.5374142,0.04930365,0.3231659,0.1264038,0.937851,33.24432,2.888535,-29.5063,3.375488,0.4408589,0.4742907999999999,0.1913594,1.290037,-0.3628603,-0.01937422,0.8997485999999999,-0.02804643,6.037357,34.48815,33.09
12,0.2542877,0.1099854,0.9608459,0.9425755,0.1622009,0.08763123,0.9828491,-31.90587,2.163757,-31.734440000000003,3.010178,0.5016015,0.5374142,0.04930365,0.3231659,0.1264038,0.937851,33.24432,2.888535,-29.5063,3.375488,0.4408589,0.4742907999999999,0.1913594,1.290037,-0.3628603,-0.01937422,0.8997485999999999,-0.02804643,6.037357,34.48815,33.09
12,-0.07971191,0.07495117,0.993988,0.9064352,-0.07971191,0.07495117,0.993988,-33.20218,2.002884,-31.50348,2.961777,0.5767894,0.5422943,0.3904988,0.06604004,0.1566162,0.9854431,31.93103,2.189514,-27.848340000000004,3.467575,0.5168802,0.4804285,0.1982015,1.29101,-0.3470147999999999,-0.01367188,0.8784781999999999,-0.02567426,6.037357,34.48815,33.09
12,-0.07971191,0.07495117,0.993988,0.9064352,-0.07971191,0.07495117,0.993988,-33.20218,2.002884,-31.50348,2.961777,0.5767894,0.5422943,0.3904988,0.06604004,0.1566162,0.9854431,31.93103,2.189514,-27.848340000000004,3.467575,0.5168802,0.4804285,0.1982015,1.29101,-0.3470147999999999,-0.01367188,0.8784781999999999,-0.02567426,6.037357,34.48815,33.09
12,-0.07971191,0.07495117,0.993988,0.9064352,-0.07971191,0.07495117,0.993988,-33.20218,2.002884,-31.50348,2.961777,0.5767894,0.5422943,0.3904988,0.06604004,0.1566162,0.9854431,31.93103,2.189514,-27.848340000000004,3.467575,0.5168802,0.4804285,0.1982015,1.29101,-0.3470147999999999,-0.01367188,0.8784781999999999,-0.02567426,6.037357,34.48815,33.09
12,0.04631042,0.05667114,0.9973145,0.9137802,0.04631042,0.05667114,0.9973145,-32.26776,2.023682,-32.00462,2.891327,0.5286044,0.5482148,0.5450267,0.236969,0.1103668,0.96521,32.8716,2.549026,-29.0023,3.224197,0.4644495,0.4830143,0.2048429,1.291584,-0.3305060999999999,-0.01162043,0.8535423000000001,-0.02479079,6.037357,34.48815,33.09
12,0.04631042,0.05667114,0.9973145,0.9137802,0.04631042,0.05667114,0.9973145,-32.26776,2.023682,-32.00462,2.891327,0.5286044,0.5482148,0.5450267,0.236969,0.1103668,0.96521,32.8716,2.549026,-29.0023,3.224197,0.4644495,0.4830143,0.2048429,1.291584,-0.3305060999999999,-0.01162043,0.8535423000000001,-0.02479079,6.037357,34.48815,33.09
12,0.04631042,0.05667114,0.9973145,0.9137802,0.04631042,0.05667114,0.9973145,-32.26776,2.023682,-32.00462,2.891327,0.5286044,0.5482148,0.5450267,0.236969,0.1103668,0.96521,32.8716,2.549026,-29.0023,3.224197,0.4644495,0.4830143,0.2048429,1.291584,-0.3305060999999999,-0.01162043,0.8535423000000001,-0.02479079,6.037357,34.48815,33.09
12,0.240509,0.05908203,0.9688416,0.962623,0.240509,0.05908203,0.9688416,-31.58336,1.755112,-31.78128,2.978348,0.4803931999999999,0.5559464,0.1536063,0.4297943,0.1465454,0.8909454,33.54007,2.403503,-29.21422,3.4066160000000005,0.4172452999999999,0.4864221999999999,0.2106427,1.291576,-0.3139105,-0.01409027,0.8274118,-0.02585947,6.037357,34.48815,33.09
12,0.240509,0.05908203,0.9688416,0.962623,0.240509,0.05908203,0.9688416,-31.58336,1.755112,-31.78128,2.978348,0.4803931999999999,0.5559464,0.1536063,0.4297943,0.1465454,0.8909454,33.54007,2.403503,-29.21422,3.4066160000000005,0.4172452999999999,0.4864221999999999,0.2106427,1.291576,-0.3139105,-0.01409027,0.8274118,-0.02585947,6.037357,34.48815,33.09
12,0.240509,0.05908203,0.9688416,0.962623,0.240509,0.05908203,0.9688416,-31.58336,1.755112,-31.78128,2.978348,0.4803931999999999,0.5559464,0.1536063,0.4297943,0.1465454,0.8909454,33.54007,2.403503,-29.21422,3.4066160000000005,0.4172452999999999,0.4864221999999999,0.2106427,1.291576,-0.3139105,-0.01409027,0.8274118,-0.02585947,6.037357,34.48815,33.09
12,0.4506073,0.08093262,0.8890380999999999,0.9803191,0.3720550999999999,0.05310059,0.9266815,-31.03038,1.783981,-31.99176,2.873001,0.4441012,0.5586163000000001,0.0,0.557251,0.119873,0.8216399999999999,34.05489,2.513733,-29.45085,3.52272,0.3825855,0.4891430999999999,0.2159357999999999,1.292243,-0.2969146,-0.01256939,0.7970294,-0.02312499,6.037357,156.6163,33.09
12,0.4506073,0.08093262,0.8890380999999999,0.9803191,0.3720550999999999,0.05310059,0.9266815,-31.03038,1.783981,-31.99176,2.873001,0.4441012,0.5586163000000001,0.0,0.557251,0.119873,0.8216399999999999,34.05489,2.513733,-29.45085,3.52272,0.3825855,0.4891430999999999,0.2159357999999999,1.292243,-0.2969146,-0.01256939,0.7970294,-0.02312499,6.037357,156.6163,33.09
12,0.4506073,0.08093262,0.8890380999999999,0.9803191,0.3720550999999999,0.05310059,0.9266815,-31.03038,1.783981,-31.99176,2.873001,0.4441012,0.5586163000000001,0.0,0.557251,0.119873,0.8216399999999999,34.05489,2.513733,-29.45085,3.52272,0.3825855,0.4891430999999999,0.2159357999999999,1.292243,-0.2969146,-0.01256939,0.7970294,-0.02312499,6.037357,156.6163,33.09
12,0.3327332,0.05688477,0.9412994,1.0,0.2631835999999999,0.02261353,0.9644623,-31.60223,1.6765139999999998,-31.76434,2.757965,0.4777654,0.5630109000000001,0.0,0.4091949,0.09539795,0.9074402,33.56284,2.412216,-29.1562,3.3182980000000004,0.4192125,0.4914437,0.2198255999999999,1.291656,-0.2805018,-0.01405188,0.7669376,-0.02632845,6.037357,156.6163,33.09
12,0.3327332,0.05688477,0.9412994,1.0,0.2631835999999999,0.02261353,0.9644623,-31.60223,1.6765139999999998,-31.76434,2.757965,0.4777654,0.5630109000000001,0.0,0.4091949,0.09539795,0.9074402,33.56284,2.412216,-29.1562,3.3182980000000004,0.4192125,0.4914437,0.2198255999999999,1.291656,-0.2805018,-0.01405188,0.7669376,-0.02632845,6.037357,156.6163,33.09
12,0.3327332,0.05688477,0.9412994,1.0,0.2631835999999999,0.02261353,0.9644623,-31.60223,1.6765139999999998,-31.76434,2.757965,0.4777654,0.5630109000000001,0.0,0.4091949,0.09539795,0.9074402,33.56284,2.412216,-29.1562,3.3182980000000004,0.4192125,0.4914437,0.2198255999999999,1.291656,-0.2805018,-0.01405188,0.7669376,-0.02632845,6.037357,156.6163,33.09
12,0.1858977999999999,0.00881958,0.9825134,1.0,0.1539307,-0.008377075,0.9880371,-32.15117,1.880753,-31.76427,2.846161,0.510881,0.5592749,0.2663479,0.300293,0.07147217,0.9511566,32.97418,2.537369,-28.95831,3.400757,0.4531194,0.4880354,0.2227515,1.290995,-0.2651125,-0.01510962,0.7381054,-0.02915283,6.037357,156.6163,33.09
12,0.1858977999999999,0.00881958,0.9825134,1.0,0.1539307,-0.008377075,0.9880371,-32.15117,1.880753,-31.76427,2.846161,0.510881,0.5592749,0.2663479,0.300293,0.07147217,0.9511566,32.97418,2.537369,-28.95831,3.400757,0.4531194,0.4880354,0.2227515,1.290995,-0.2651125,-0.01510962,0.7381054,-0.02915283,6.037357,156.6163,33.09
12,0.1858977999999999,0.00881958,0.9825134,1.0,0.1539307,-0.008377075,0.9880371,-32.15117,1.880753,-31.76427,2.846161,0.510881,0.5592749,0.2663479,0.300293,0.07147217,0.9511566,32.97418,2.537369,-28.95831,3.400757,0.4531194,0.4880354,0.2227515,1.290995,-0.2651125,-0.01510962,0.7381054,-0.02915283,6.037357,156.6163,33.09
12,0.04956055,0.0216217,0.9985351999999998,0.9794649,0.04745483,0.02101135,0.998642,-32.607440000000004,1.896164,-31.57146,2.843521,0.5400292,0.5530331999999999,0.4801002,0.1640015,0.05476379,0.9849243,32.57288,3.051987,-30.98708,3.180878,0.4829760999999999,0.4894465999999999,0.2248665,1.289698,-0.2498649,-0.01165883,0.7067389000000001,-0.03180629,6.037357,156.6163,33.09
12,0.04956055,0.0216217,0.9985351999999998,0.9794649,0.04745483,0.02101135,0.998642,-32.607440000000004,1.896164,-31.57146,2.843521,0.5400292,0.5530331999999999,0.4801002,0.1640015,0.05476379,0.9849243,32.57288,3.051987,-30.98708,3.180878,0.4829760999999999,0.4894465999999999,0.2248665,1.289698,-0.2498649,-0.01165883,0.7067389000000001,-0.03180629,6.037357,156.6163,33.09
12,0.04956055,0.0216217,0.9985351999999998,0.9794649,0.04745483,0.02101135,0.998642,-32.607440000000004,1.896164,-31.57146,2.843521,0.5400292,0.5530331999999999,0.4801002,0.1640015,0.05476379,0.9849243,32.57288,3.051987,-30.98708,3.180878,0.4829760999999999,0.4894465999999999,0.2248665,1.289698,-0.2498649,-0.01165883,0.7067389000000001,-0.03180629,6.037357,156.6163,33.09
12,-0.01861572,0.02474976,0.9995117,0.9808675,-0.0186615,0.02474976,0.9995117,-33.08226,1.706055,-30.95052,2.986191,0.564526,0.5535704,0.5242553,0.1321106,0.057724,0.9895477,31.98024,2.555893,-28.819000000000003,3.2815550000000004,0.5073782,0.4876859,0.2258056,1.287928,-0.2355352,-0.008298986,0.6765300999999999,-0.03544498,6.037357,156.6163,33.11
12,-0.01861572,0.02474976,0.9995117,0.9808675,-0.0186615,0.02474976,0.9995117,-33.08226,1.706055,-30.95052,2.986191,0.564526,0.5535704,0.5242553,0.1321106,0.057724,0.9895477,31.98024,2.555893,-28.819000000000003,3.2815550000000004,0.5073782,0.4876859,0.2258056,1.287928,-0.2355352,-0.008298986,0.6765300999999999,-0.03544498,6.037357,156.6163,33.11
12,-0.01861572,0.02474976,0.9995117,0.9808675,-0.0186615,0.02474976,0.9995117,-33.08226,1.706055,-30.95052,2.986191,0.564526,0.5535704,0.5242553,0.1321106,0.057724,0.9895477,31.98024,2.555893,-28.819000000000003,3.2815550000000004,0.5073782,0.4876859,0.2258056,1.287928,-0.2355352,-0.008298986,0.6765300999999999,-0.03544498,6.037357,156.6163,33.11
12,0.07714844,0.0158844,0.9968872,0.8911642,0.07714844,0.0158844,0.9968872,-32.482479999999995,2.226334,-32.19197,2.937027,0.5324696,0.5480895,0.5799758,0.2305756,0.07336426,0.9702759,32.64445,2.739594,-29.302,3.291519,0.4728234999999999,0.4836399999999999,0.2260855,1.286894,-0.2213787,-0.00371162,0.6439611,-0.03394027,6.037357,26.70776,33.11
12,0.07714844,0.0158844,0.9968872,0.8911642,0.07714844,0.0158844,0.9968872,-32.482479999999995,2.226334,-32.19197,2.937027,0.5324696,0.5480895,0.5799758,0.2305756,0.07336426,0.9702759,32.64445,2.739594,-29.302,3.291519,0.4728234999999999,0.4836399999999999,0.2260855,1.286894,-0.2213787,-0.00371162,0.6439611,-0.03394027,6.037357,26.70776,33.11
12,0.07714844,0.0158844,0.9968872,0.8911642,0.07714844,0.0158844,0.9968872,-32.482479999999995,2.226334,-32.19197,2.937027,0.5324696,0.5480895,0.5799758,0.2305756,0.07336426,0.9702759,32.64445,2.739594,-29.302,3.291519,0.4728234999999999,0.4836399999999999,0.2260855,1.286894,-0.2213787,-0.00371162,0.6439611,-0.03394027,6.037357,26.70776,33.11
12,0.1235503999999999,0.02430725,0.9920349,0.9349804,0.1235503999999999,0.02430725,0.9920349,-32.14853,2.132965,-31.80493,2.858536,0.5146685999999999,0.5466688,0.4210433,0.3036194,0.09921265,0.9476013,32.91901,2.664429,-29.09784,3.3206480000000003,0.4545483,0.4815842000000001,0.2259002,1.286284,-0.2084137999999999,-0.004019989,0.6137526999999999,-0.0342897,6.037357,26.70776,33.11
12,0.1235503999999999,0.02430725,0.9920349,0.9349804,0.1235503999999999,0.02430725,0.9920349,-32.14853,2.132965,-31.80493,2.858536,0.5146685999999999,0.5466688,0.4210433,0.3036194,0.09921265,0.9476013,32.91901,2.664429,-29.09784,3.3206480000000003,0.4545483,0.4815842000000001,0.2259002,1.286284,-0.2084137999999999,-0.004019989,0.6137526999999999,-0.0342897,6.037357,26.70776,33.11
12,0.1235503999999999,0.02430725,0.9920349,0.9349804,0.1235503999999999,0.02430725,0.9920349,-32.14853,2.132965,-31.80493,2.858536,0.5146685999999999,0.5466688,0.4210433,0.3036194,0.09921265,0.9476013,32.91901,2.664429,-29.09784,3.3206480000000003,0.4545483,0.4815842000000001,0.2259002,1.286284,-0.2084137999999999,-0.004019989,0.6137526999999999,-0.0342897,6.037357,26.70776,33.11
12,0.1235503999999999,0.02430725,0.9920349,0.9349804,0.1235503999999999,0.02430725,0.9920349,-32.14853,2.132965,-31.80493,2.858536,0.5146685999999999,0.5466688,0.4210433,0.3036194,0.09921265,0.9476013,32.91901,2.664429,-29.09784,3.3206480000000003,0.4545483,0.4815842000000001,0.2248873,1.2862049999999998,-0.1968568,-0.006924196,0.5867174,-0.03390271,6.037357,26.70776,33.11
12,0.1235503999999999,0.02430725,0.9920349,0.9349804,0.1235503999999999,0.02430725,0.9920349,-32.14853,2.132965,-31.80493,2.858536,0.5146685999999999,0.5466688,0.4210433,0.3036194,0.09921265,0.9476013,32.91901,2.664429,-29.09784,3.3206480000000003,0.4545483,0.4815842000000001,0.2248873,1.2862049999999998,-0.1968568,-0.006924196,0.5867174,-0.03390271,6.037357,26.70776,33.11
12,0.1235503999999999,0.02430725,0.9920349,0.9349804,0.1235503999999999,0.02430725,0.9920349,-32.14853,2.132965,-31.80493,2.858536,0.5146685999999999,0.5466688,0.4210433,0.3036194,0.09921265,0.9476013,32.91901,2.664429,-29.09784,3.3206480000000003,0.4545483,0.4815842000000001,0.2248873,1.2862049999999998,-0.1968568,-0.006924196,0.5867174,-0.03390271,6.037357,26.70776,33.11
12,0.02606201,0.03660583,0.9989777,0.9509489,0.02606201,0.03660583,0.9989777,-32.81479,2.277313,-31.92365,2.800247,0.550178,0.5410640999999999,0.492435,0.1414795,0.06838989,0.9875641,32.36247,3.3228910000000003,-30.7327,3.189972,0.4931165,0.4764761999999999,0.2230953999999999,1.286181,-0.1863026,-0.009030729,0.5601243,-0.03353292,6.037357,26.70776,33.11
12,0.02606201,0.03660583,0.9989777,0.9509489,0.02606201,0.03660583,0.9989777,-32.81479,2.277313,-31.92365,2.800247,0.550178,0.5410640999999999,0.492435,0.1414795,0.06838989,0.9875641,32.36247,3.3228910000000003,-30.7327,3.189972,0.4931165,0.4764761999999999,0.2230953999999999,1.286181,-0.1863026,-0.009030729,0.5601243,-0.03353292,6.037357,26.70776,33.11
12,0.02606201,0.03660583,0.9989777,0.9509489,0.02606201,0.03660583,0.9989777,-32.81479,2.277313,-31.92365,2.800247,0.550178,0.5410640999999999,0.492435,0.1414795,0.06838989,0.9875641,32.36247,3.3228910000000003,-30.7327,3.189972,0.4931165,0.4764761999999999,0.2230953999999999,1.286181,-0.1863026,-0.009030729,0.5601243,-0.03353292,6.037357,26.70776,33.11
12,-0.02383423,0.0223999,0.9994507,0.9077617,-0.02383423,0.0223999,0.9994507,-33.05724,2.076141,-31.25778,2.945496,0.5645193000000001,0.5438218,0.492216,0.1311797999999999,0.100235,0.9862671,31.98279,2.603989,-28.2899,3.3628690000000003,0.5074534,0.4766848,0.2206268,1.286086,-0.1768066,-0.01258006,0.5357925,-0.03499131,6.037357,26.70776,33.11
12,-0.02383423,0.0223999,0.9994507,0.9077617,-0.02383423,0.0223999,0.9994507,-33.05724,2.076141,-31.25778,2.945496,0.5645193000000001,0.5438218,0.492216,0.1311797999999999,0.100235,0.9862671,31.98279,2.603989,-28.2899,3.3628690000000003,0.5074534,0.4766848,0.2206268,1.286086,-0.1768066,-0.01258006,0.5357925,-0.03499131,6.037357,26.70776,33.11
12,-0.02383423,0.0223999,0.9994507,0.9077617,-0.02383423,0.0223999,0.9994507,-33.05724,2.076141,-31.25778,2.945496,0.5645193000000001,0.5438218,0.492216,0.1311797999999999,0.100235,0.9862671,31.98279,2.603989,-28.2899,3.3628690000000003,0.5074534,0.4766848,0.2206268,1.286086,-0.1768066,-0.01258006,0.5357925,-0.03499131,6.037357,26.70776,33.11
12,-0.07769775,0.03343201,0.9964142,0.9060072,-0.07769775,0.03343201,0.9964142,-33.392990000000005,1.860321,-30.57259,2.94809,0.5823014,0.5437161,0.6966395000000001,0.05279541,0.1049194,0.9930725,31.75961,2.234833,-27.17055,3.296265,0.5242959,0.4791559,0.2177052,1.286253,-0.167535,-0.01465251,0.5098152,-0.03466367,6.037357,26.70776,33.11
12,-0.07769775,0.03343201,0.9964142,0.9060072,-0.07769775,0.03343201,0.9964142,-33.392990000000005,1.860321,-30.57259,2.94809,0.5823014,0.5437161,0.6966395000000001,0.05279541,0.1049194,0.9930725,31.75961,2.234833,-27.17055,3.296265,0.5242959,0.4791559,0.2177052,1.286253,-0.167535,-0.01465251,0.5098152,-0.03466367,6.037357,26.70776,33.11
12,-0.07769775,0.03343201,0.9964142,0.9060072,-0.07769775,0.03343201,0.9964142,-33.392990000000005,1.860321,-30.57259,2.94809,0.5823014,0.5437161,0.6966395000000001,0.05279541,0.1049194,0.9930725,31.75961,2.234833,-27.17055,3.296265,0.5242959,0.4791559,0.2177052,1.286253,-0.167535,-0.01465251,0.5098152,-0.03466367,6.037357,26.70776,33.11
12,-0.07769775,0.03343201,0.9964142,0.9060072,-0.07769775,0.03343201,0.9964142,-33.392990000000005,1.860321,-30.57259,2.94809,0.5823014,0.5437161,0.6966395000000001,0.05279541,0.1049194,0.9930725,31.75961,2.234833,-27.17055,3.296265,0.5242959,0.4791559,0.2144096,1.287093,-0.1584017,-0.02169832,0.4831612,-0.03343524,6.037357,-118.3931,33.11
12,-0.07769775,0.03343201,0.9964142,0.9060072,-0.07769775,0.03343201,0.9964142,-33.392990000000005,1.860321,-30.57259,2.94809,0.5823014,0.5437161,0.6966395000000001,0.05279541,0.1049194,0.9930725,31.75961,2.234833,-27.17055,3.296265,0.5242959,0.4791559,0.2144096,1.287093,-0.1584017,-0.02169832,0.4831612,-0.03343524,6.037357,-118.3931,33.11
12,-0.07769775,0.03343201,0.9964142,0.9060072,-0.07769775,0.03343201,0.9964142,-33.392990000000005,1.860321,-30.57259,2.94809,0.5823014,0.5437161,0.6966395000000001,0.05279541,0.1049194,0.9930725,31.75961,2.234833,-27.17055,3.296265,0.5242959,0.4791559,0.2144096,1.287093,-0.1584017,-0.02169832,0.4831612,-0.03343524,6.037357,-118.3931,33.11
12,-0.09552002,0.05169678,0.9940796,0.9060072,-0.09552002,0.05169678,0.9940796,-33.45538,1.957321,-30.938640000000003,2.914047,0.5870321,0.5414901999999999,0.6966395000000001,0.03166199,0.1117401,0.9932251,31.66212,2.212341,-27.209640000000004,3.331238,0.5300255,0.4795122,0.2101791999999999,1.287503,-0.1491907999999999,-0.0261259,0.4532001,-0.03253214,6.037357,-118.3931,33.11
12,-0.09552002,0.05169678,0.9940796,0.9060072,-0.09552002,0.05169678,0.9940796,-33.45538,1.957321,-30.938640000000003,2.914047,0.5870321,0.5414901999999999,0.6966395000000001,0.03166199,0.1117401,0.9932251,31.66212,2.212341,-27.209640000000004,3.331238,0.5300255,0.4795122,0.2101791999999999,1.287503,-0.1491907999999999,-0.0261259,0.4532001,-0.03253214,6.037357,-118.3931,33.11
12,-0.09552002,0.05169678,0.9940796,0.9060072,-0.09552002,0.05169678,0.9940796,-33.45538,1.957321,-30.938640000000003,2.914047,0.5870321,0.5414901999999999,0.6966395000000001,0.03166199,0.1117401,0.9932251,31.66212,2.212341,-27.209640000000004,3.331238,0.5300255,0.4795122,0.2101791999999999,1.287503,-0.1491907999999999,-0.0261259,0.4532001,-0.03253214,6.037357,-118.3931,33.11
12,-0.09552002,0.05169678,0.9940796,0.9060072,-0.09552002,0.05169678,0.9940796,-33.45538,1.957321,-30.938640000000003,2.914047,0.5870321,0.5414901999999999,0.6966395000000001,0.03166199,0.1117401,0.9932251,31.66212,2.212341,-27.209640000000004,3.331238,0.5300255,0.4795122,0.2073083,1.289557,-0.1388012,-0.03247575,0.4250260999999999,-0.03477354,6.037357,-118.3931,33.11
12,-0.09552002,0.05169678,0.9940796,0.9060072,-0.09552002,0.05169678,0.9940796,-33.45538,1.957321,-30.938640000000003,2.914047,0.5870321,0.5414901999999999,0.6966395000000001,0.03166199,0.1117401,0.9932251,31.66212,2.212341,-27.209640000000004,3.331238,0.5300255,0.4795122,0.2073083,1.289557,-0.1388012,-0.03247575,0.4250260999999999,-0.03477354,6.037357,-118.3931,33.11
12,-0.09552002,0.05169678,0.9940796,0.9060072,-0.09552002,0.05169678,0.9940796,-33.45538,1.957321,-30.938640000000003,2.914047,0.5870321,0.5414901999999999,0.6966395000000001,0.03166199,0.1117401,0.9932251,31.66212,2.212341,-27.209640000000004,3.331238,0.5300255,0.4795122,0.2073083,1.289557,-0.1388012,-0.03247575,0.4250260999999999,-0.03477354,6.037357,-118.3931,33.11
12,0.2912598,0.1525573999999999,0.9443817,0.9096378,0.2912598,0.1525573999999999,0.944397,-31.33603,2.495193,-31.82034,3.156998,0.4658865,0.5195692,0.1310523999999999,0.4515532999999999,0.1582642,0.8780823,33.72983,3.201691,-29.24446,3.4492190000000003,0.4081825999999999,0.4584678,0.2035186,1.291631,-0.1292481,-0.03895038,0.3970427,-0.03481316,6.037357,-118.3931,33.11
12,0.2912598,0.1525573999999999,0.9443817,0.9096378,0.2912598,0.1525573999999999,0.944397,-31.33603,2.495193,-31.82034,3.156998,0.4658865,0.5195692,0.1310523999999999,0.4515532999999999,0.1582642,0.8780823,33.72983,3.201691,-29.24446,3.4492190000000003,0.4081825999999999,0.4584678,0.2035186,1.291631,-0.1292481,-0.03895038,0.3970427,-0.03481316,6.037357,-118.3931,33.11
12,0.2912598,0.1525573999999999,0.9443817,0.9096378,0.2912598,0.1525573999999999,0.944397,-31.33603,2.495193,-31.82034,3.156998,0.4658865,0.5195692,0.1310523999999999,0.4515532999999999,0.1582642,0.8780823,33.72983,3.201691,-29.24446,3.4492190000000003,0.4081825999999999,0.4584678,0.2035186,1.291631,-0.1292481,-0.03895038,0.3970427,-0.03481316,6.037357,-118.3931,33.11
12,0.1525573999999999,0.07545471,0.9853973,0.9009382,0.1494293,0.07380676,0.9860077,-31.972520000000003,2.49855,-31.56953,2.707275,0.505069,0.5255398,0.3411767,0.2974700999999999,0.1517638999999999,0.9425812,33.18079,3.038177,-29.01659,3.230759,0.4466011,0.4618668999999999,0.198632,1.292797,-0.1211188,-0.04391444,0.3704674,-0.03483947,6.037357,-130.3814,33.11
12,0.1525573999999999,0.07545471,0.9853973,0.9009382,0.1494293,0.07380676,0.9860077,-31.972520000000003,2.49855,-31.56953,2.707275,0.505069,0.5255398,0.3411767,0.2974700999999999,0.1517638999999999,0.9425812,33.18079,3.038177,-29.01659,3.230759,0.4466011,0.4618668999999999,0.198632,1.292797,-0.1211188,-0.04391444,0.3704674,-0.03483947,6.037357,-130.3814,33.11
12,0.1525573999999999,0.07545471,0.9853973,0.9009382,0.1494293,0.07380676,0.9860077,-31.972520000000003,2.49855,-31.56953,2.707275,0.505069,0.5255398,0.3411767,0.2974700999999999,0.1517638999999999,0.9425812,33.18079,3.038177,-29.01659,3.230759,0.4466011,0.4618668999999999,0.198632,1.292797,-0.1211188,-0.04391444,0.3704674,-0.03483947,6.037357,-130.3814,33.11
12,0.1794739,0.09986877,0.9786682,0.9283114,0.06994629,0.04751587,0.9964142,-32.30487,2.616257,-31.83112,2.879776,0.5269351999999999,0.5271078,0.5369408,0.2217864999999999,0.1200256,0.9676666,32.8542,3.04155,-28.94872,3.389099,0.4669980999999999,0.4650242,0.1940289,1.294576,-0.1123291,-0.04916101,0.344677,-0.03352314,6.037357,-130.3814,33.11
12,0.1794739,0.09986877,0.9786682,0.9283114,0.06994629,0.04751587,0.9964142,-32.30487,2.616257,-31.83112,2.879776,0.5269351999999999,0.5271078,0.5369408,0.2217864999999999,0.1200256,0.9676666,32.8542,3.04155,-28.94872,3.389099,0.4669980999999999,0.4650242,0.1940289,1.294576,-0.1123291,-0.04916101,0.344677,-0.03352314,6.037357,-130.3814,33.11
12,0.1794739,0.09986877,0.9786682,0.9283114,0.06994629,0.04751587,0.9964142,-32.30487,2.616257,-31.83112,2.879776,0.5269351999999999,0.5271078,0.5369408,0.2217864999999999,0.1200256,0.9676666,32.8542,3.04155,-28.94872,3.389099,0.4669980999999999,0.4650242,0.1940289,1.294576,-0.1123291,-0.04916101,0.344677,-0.03352314,6.037357,-130.3814,33.11
12,0.0322113,0.05595398,0.9979095,0.8907093,0.020401,0.05021667,0.9985199,-32.627559999999995,2.326004,-30.86543,2.944763,0.5438116,0.5280765000000001,0.5937991,0.1404266,0.1081238,0.9841614,32.65619,3.327484,-30.18761,3.217606,0.4833488,0.4668539,0.1893757999999999,1.295663,-0.1048431,-0.05275486,0.3215235,-0.03257722,6.037357,-130.3814,33.11
12,0.0322113,0.05595398,0.9979095,0.8907093,0.020401,0.05021667,0.9985199,-32.627559999999995,2.326004,-30.86543,2.944763,0.5438116,0.5280765000000001,0.5937991,0.1404266,0.1081238,0.9841614,32.65619,3.327484,-30.18761,3.217606,0.4833488,0.4668539,0.1893757999999999,1.295663,-0.1048431,-0.05275486,0.3215235,-0.03257722,6.037357,-130.3814,33.11
12,0.0322113,0.05595398,0.9979095,0.8907093,0.020401,0.05021667,0.9985199,-32.627559999999995,2.326004,-30.86543,2.944763,0.5438116,0.5280765000000001,0.5937991,0.1404266,0.1081238,0.9841614,32.65619,3.327484,-30.18761,3.217606,0.4833488,0.4668539,0.1893757999999999,1.295663,-0.1048431,-0.05275486,0.3215235,-0.03257722,6.037357,-130.3814,33.11
12,-0.05580139,0.04856873,0.9972534,0.9003662,-0.05580139,0.04856873,0.9972534,-32.97772,2.393982,-31.45825,2.887726,0.5658505,0.5313343,0.6147056,0.1083678999999999,0.1630402,0.9806366,32.14063,2.340866,-27.16017,3.363159,0.5050085,0.4687106,0.1844859999999999,1.296448,-0.09773165,-0.05704499,0.299674,-0.03105604,6.037357,-130.3814,33.11
12,-0.05580139,0.04856873,0.9972534,0.9003662,-0.05580139,0.04856873,0.9972534,-32.97772,2.393982,-31.45825,2.887726,0.5658505,0.5313343,0.6147056,0.1083678999999999,0.1630402,0.9806366,32.14063,2.340866,-27.16017,3.363159,0.5050085,0.4687106,0.1844859999999999,1.296448,-0.09773165,-0.05704499,0.299674,-0.03105604,6.037357,-130.3814,33.11
12,-0.05580139,0.04856873,0.9972534,0.9003662,-0.05580139,0.04856873,0.9972534,-32.97772,2.393982,-31.45825,2.887726,0.5658505,0.5313343,0.6147056,0.1083678999999999,0.1630402,0.9806366,32.14063,2.340866,-27.16017,3.363159,0.5050085,0.4687106,0.1844859999999999,1.296448,-0.09773165,-0.05704499,0.299674,-0.03105604,6.037357,-130.3814,33.11
12,-0.08784485,0.07130432,0.993576,0.8842032,-0.08784485,0.07130432,0.993576,-33.21405,2.227921,-30.60678,2.935638,0.5773786999999999,0.5266602,0.8298433000000001,0.06221008,0.1227112,0.9904785,31.92282,2.739914,-28.59213,3.25795,0.5178366,0.4718742,0.1795521,1.297291,-0.09049147,-0.05947932,0.2757537,-0.02770459,6.037357,-130.3814,33.11
12,-0.08784485,0.07130432,0.993576,0.8842032,-0.08784485,0.07130432,0.993576,-33.21405,2.227921,-30.60678,2.935638,0.5773786999999999,0.5266602,0.8298433000000001,0.06221008,0.1227112,0.9904785,31.92282,2.739914,-28.59213,3.25795,0.5178366,0.4718742,0.1795521,1.297291,-0.09049147,-0.05947932,0.2757537,-0.02770459,6.037357,-130.3814,33.11
12,-0.08784485,0.07130432,0.993576,0.8842032,-0.08784485,0.07130432,0.993576,-33.21405,2.227921,-30.60678,2.935638,0.5773786999999999,0.5266602,0.8298433000000001,0.06221008,0.1227112,0.9904785,31.92282,2.739914,-28.59213,3.25795,0.5178366,0.4718742,0.1795521,1.297291,-0.09049147,-0.05947932,0.2757537,-0.02770459,6.037357,-130.3814,33.11
12,0.2225647,0.02481079,0.9745941,0.9408268,0.2225647,0.02481079,0.9745941,-31.55846,2.059982,-31.574340000000003,2.989258,0.4818114,0.5474992,0.4477377999999999,0.3896637,0.04576111,0.9197998,33.4127,2.6023560000000003,-28.93242,3.376938,0.4270622999999999,0.4890278,0.1747582999999999,1.297683,-0.08385962,-0.06158759,0.253457,-0.02781436,6.037357,-130.3814,33.11
12,0.2225647,0.02481079,0.9745941,0.9408268,0.2225647,0.02481079,0.9745941,-31.55846,2.059982,-31.574340000000003,2.989258,0.4818114,0.5474992,0.4477377999999999,0.3896637,0.04576111,0.9197998,33.4127,2.6023560000000003,-28.93242,3.376938,0.4270622999999999,0.4890278,0.1747582999999999,1.297683,-0.08385962,-0.06158759,0.253457,-0.02781436,6.037357,-130.3814,33.11
12,0.2225647,0.02481079,0.9745941,0.9408268,0.2225647,0.02481079,0.9745941,-31.55846,2.059982,-31.574340000000003,2.989258,0.4818114,0.5474992,0.4477377999999999,0.3896637,0.04576111,0.9197998,33.4127,2.6023560000000003,-28.93242,3.376938,0.4270622999999999,0.4890278,0.1747582999999999,1.297683,-0.08385962,-0.06158759,0.253457,-0.02781436,6.037357,-130.3814,33.11
12,0.2596436,-0.03234863,0.9651489,0.9919931,0.2596283,-0.03234863,0.9651642,-31.34192,1.913681,-31.6055,2.814407,0.4691991,0.5600986,0.5609376,0.4616699000000001,0.0033874509999999,0.8870239,33.60995,2.519852,-28.98953,3.281128,0.4109792,0.49787,0.170164,1.297656,-0.07755798,-0.06233396,0.2314389,-0.02816705,6.037357,10.93866,33.11
12,0.2596436,-0.03234863,0.9651489,0.9919931,0.2596283,-0.03234863,0.9651642,-31.34192,1.913681,-31.6055,2.814407,0.4691991,0.5600986,0.5609376,0.4616699000000001,0.0033874509999999,0.8870239,33.60995,2.519852,-28.98953,3.281128,0.4109792,0.49787,0.170164,1.297656,-0.07755798,-0.06233396,0.2314389,-0.02816705,6.037357,10.93866,33.11
12,0.2596436,-0.03234863,0.9651489,0.9919931,0.2596283,-0.03234863,0.9651642,-31.34192,1.913681,-31.6055,2.814407,0.4691991,0.5600986,0.5609376,0.4616699000000001,0.0033874509999999,0.8870239,33.60995,2.519852,-28.98953,3.281128,0.4109792,0.49787,0.170164,1.297656,-0.07755798,-0.06233396,0.2314389,-0.02816705,6.037357,10.93866,33.11
12,0.3779907,0.01722717,0.9256287,1.0,0.2312622,-0.04721069,0.9717407,-31.59561,1.927734,-31.53923,2.786453,0.4815778,0.5606779000000001,0.4210691,0.3816680999999999,0.01889038,0.9241028,33.4603,2.4903720000000003,-28.91931,3.29805,0.4264247999999999,0.4957674,0.1662226,1.29766,-0.07155865,-0.06272122,0.2133022999999999,-0.02854645,6.037357,10.93866,33.11
12,0.3779907,0.01722717,0.9256287,1.0,0.2312622,-0.04721069,0.9717407,-31.59561,1.927734,-31.53923,2.786453,0.4815778,0.5606779000000001,0.4210691,0.3816680999999999,0.01889038,0.9241028,33.4603,2.4903720000000003,-28.91931,3.29805,0.4264247999999999,0.4957674,0.1662226,1.29766,-0.07155865,-0.06272122,0.2133022999999999,-0.02854645,6.037357,10.93866,33.11
13,0.3779907,0.01722717,0.9256287,1.0,0.2312622,-0.04721069,0.9717407,-31.59561,1.927734,-31.53923,2.786453,0.4815778,0.5606779000000001,0.4210691,0.3816680999999999,0.01889038,0.9241028,33.4603,2.4903720000000003,-28.91931,3.29805,0.4264247999999999,0.4957674,0.1662226,1.29766,-0.07155865,-0.06272122,0.2133022999999999,-0.02854645,6.037357,10.93866,33.11
13,0.2631531,-0.02487183,0.9644165,0.9879147,0.1822052,-0.05619812,0.9816437,-31.86732,1.988892,-31.50125,2.895554,0.4973974,0.5591539000000001,0.5254768,0.3325348,0.002792358,0.9430695,33.25972,2.511246,-28.85225,3.275436,0.4394659000000001,0.496162,0.1624715,1.297402,-0.06595016,-0.06229654,0.1972091,-0.02726462,6.037357,10.93866,33.11
13,0.2631531,-0.02487183,0.9644165,0.9879147,0.1822052,-0.05619812,0.9816437,-31.86732,1.988892,-31.50125,2.895554,0.4973974,0.5591539000000001,0.5254768,0.3325348,0.002792358,0.9430695,33.25972,2.511246,-28.85225,3.275436,0.4394659000000001,0.496162,0.1624715,1.297402,-0.06595016,-0.06229654,0.1972091,-0.02726462,6.037357,10.93866,33.11
13,0.2631531,-0.02487183,0.9644165,0.9879147,0.1822052,-0.05619812,0.9816437,-31.86732,1.988892,-31.50125,2.895554,0.4973974,0.5591539000000001,0.5254768,0.3325348,0.002792358,0.9430695,33.25972,2.511246,-28.85225,3.275436,0.4394659000000001,0.496162,0.1624715,1.297402,-0.06595016,-0.06229654,0.1972091,-0.02726462,6.037357,10.93866,33.11
13,0.2336578,-0.02496338,0.9719849,1.0,0.1214142,-0.05599976,0.9910126,-32.19081,1.938278,-31.32736,2.834671,0.5161129,0.558988,1.0,0.2600098,-0.01748657,0.9654388,33.01048,2.535767,-28.97203,3.459427,0.4567944,0.4987282,0.158998,1.296674,-0.06091243,-0.06011452,0.1842644,-0.02696704,6.037357,10.93866,33.11
13,0.2336578,-0.02496338,0.9719849,1.0,0.1214142,-0.05599976,0.9910126,-32.19081,1.938278,-31.32736,2.834671,0.5161129,0.558988,1.0,0.2600098,-0.01748657,0.9654388,33.01048,2.535767,-28.97203,3.459427,0.4567944,0.4987282,0.158998,1.296674,-0.06091243,-0.06011452,0.1842644,-0.02696704,6.037357,10.93866,33.11
13,0.2336578,-0.02496338,0.9719849,1.0,0.1214142,-0.05599976,0.9910126,-32.19081,1.938278,-31.32736,2.834671,0.5161129,0.558988,1.0,0.2600098,-0.01748657,0.9654388,33.01048,2.535767,-28.97203,3.459427,0.4567944,0.4987282,0.158998,1.296674,-0.06091243,-0.06011452,0.1842644,-0.02696704,6.037357,10.93866,33.11
13,0.2146759,-0.01176453,0.9766083,1.0,0.09603882,-0.0402832,0.9945526,-32.37956,1.875549,-30.98438,2.97934,0.5258848,0.5560491,0.630084,0.2186737,-0.01078796,0.9757233,32.83658,2.608765,-29.135990000000003,3.36116,0.4677282,0.4967048,0.1558368,1.296005,-0.05622882,-0.05797826,0.173391,-0.026505,6.037357,10.93866,33.11
13,0.2146759,-0.01176453,0.9766083,1.0,0.09603882,-0.0402832,0.9945526,-32.37956,1.875549,-30.98438,2.97934,0.5258848,0.5560491,0.630084,0.2186737,-0.01078796,0.9757233,32.83658,2.608765,-29.135990000000003,3.36116,0.4677282,0.4967048,0.1558368,1.296005,-0.05622882,-0.05797826,0.173391,-0.026505,6.037357,10.93866,33.11
13,0.2146759,-0.01176453,0.9766083,1.0,0.09603882,-0.0402832,0.9945526,-32.37956,1.875549,-30.98438,2.97934,0.5258848,0.5560491,0.630084,0.2186737,-0.01078796,0.9757233,32.83658,2.608765,-29.135990000000003,3.36116,0.4677282,0.4967048,0.1558368,1.296005,-0.05622882,-0.05797826,0.173391,-0.026505,6.037357,10.93866,33.11
13,0.1857758,0.0003356933999999,0.9825897,0.9835401,0.05596924,-0.03419495,0.9978333,-32.5406,1.815048,-30.58862,2.906326,0.5361159000000001,0.5535625,0.6440403,0.1876068,0.0008239746,0.9822388,32.702009999999994,2.658218,-29.17448,3.391861,0.4760687,0.4939794,0.1526206,1.295274,-0.05170172,-0.05567062,0.1640043,-0.0253874,6.037357,87.56977,33.11
13,0.1857758,0.0003356933999999,0.9825897,0.9835401,0.05596924,-0.03419495,0.9978333,-32.5406,1.815048,-30.58862,2.906326,0.5361159000000001,0.5535625,0.6440403,0.1876068,0.0008239746,0.9822388,32.702009999999994,2.658218,-29.17448,3.391861,0.4760687,0.4939794,0.1526206,1.295274,-0.05170172,-0.05567062,0.1640043,-0.0253874,6.037357,87.56977,33.11
13,0.1857758,0.0003356933999999,0.9825897,0.9835401,0.05596924,-0.03419495,0.9978333,-32.5406,1.815048,-30.58862,2.906326,0.5361159000000001,0.5535625,0.6440403,0.1876068,0.0008239746,0.9822388,32.702009999999994,2.658218,-29.17448,3.391861,0.4760687,0.4939794,0.1526206,1.295274,-0.05170172,-0.05567062,0.1640043,-0.0253874,6.037357,87.56977,33.11
13,0.1703491,0.001190186,0.9853668,0.9523088,0.04212952,-0.03173828,0.9985962,-32.625370000000004,1.830353,-30.556,2.769516,0.5405835999999999,0.5523011999999999,0.6539309,0.1746826,0.002319336,0.9846191,32.62206,2.710068,-29.23856,3.3924870000000005,0.4803418,0.4926225999999999,0.1495347,1.294635,-0.04748881,-0.05378649,0.1545812999999999,-0.02375546,6.037357,87.56977,33.11
13,0.1703491,0.001190186,0.9853668,0.9523088,0.04212952,-0.03173828,0.9985962,-32.625370000000004,1.830353,-30.556,2.769516,0.5405835999999999,0.5523011999999999,0.6539309,0.1746826,0.002319336,0.9846191,32.62206,2.710068,-29.23856,3.3924870000000005,0.4803418,0.4926225999999999,0.1495347,1.294635,-0.04748881,-0.05378649,0.1545812999999999,-0.02375546,6.037357,87.56977,33.11
13,0.1703491,0.001190186,0.9853668,0.9523088,0.04212952,-0.03173828,0.9985962,-32.625370000000004,1.830353,-30.556,2.769516,0.5405835999999999,0.5523011999999999,0.6539309,0.1746826,0.002319336,0.9846191,32.62206,2.710068,-29.23856,3.3924870000000005,0.4803418,0.4926225999999999,0.1495347,1.294635,-0.04748881,-0.05378649,0.1545812999999999,-0.02375546,6.037357,87.56977,33.11
13,0.0297699,-0.014328,0.9994507,0.9367778,-0.01371765,-0.02880859,0.9994812,-32.83319,1.791168,-30.17285,3.010468,0.5546786,0.5499585,0.7529630999999999,0.1059722999999999,0.01112366,0.9942932,32.42815,2.640381,-28.72327,3.198395,0.4954472,0.4893496,0.1429353,1.293,-0.03931993,-0.05003632,0.1344444,-0.02341587,6.037357,87.56977,33.11
13,0.0297699,-0.014328,0.9994507,0.9367778,-0.01371765,-0.02880859,0.9994812,-32.83319,1.791168,-30.17285,3.010468,0.5546786,0.5499585,0.7529630999999999,0.1059722999999999,0.01112366,0.9942932,32.42815,2.640381,-28.72327,3.198395,0.4954472,0.4893496,0.1429353,1.293,-0.03931993,-0.05003632,0.1344444,-0.02341587,6.037357,87.56977,33.11
13,0.0297699,-0.014328,0.9994507,0.9367778,-0.01371765,-0.02880859,0.9994812,-32.83319,1.791168,-30.17285,3.010468,0.5546786,0.5499585,0.7529630999999999,0.1059722999999999,0.01112366,0.9942932,32.42815,2.640381,-28.72327,3.198395,0.4954472,0.4893496,0.1429353,1.293,-0.03931993,-0.05003632,0.1344444,-0.02341587,6.037357,87.56977,33.11
13,0.06959534,0.01272583,0.9974823,0.9304105,-0.04681396,-0.01771545,0.9987335,-32.9216,1.850174,-30.338,2.943359,0.5618776,0.5480441999999999,0.9050921,0.0841217,0.01654053,0.9963074,32.33987,2.653748,-28.64755,3.3439940000000004,0.5009627000000001,0.4878034,0.1399529,1.291965,-0.03563511,-0.04763934,0.1250323,-0.02403948,6.037357,87.56977,33.11
13,0.06959534,0.01272583,0.9974823,0.9304105,-0.04681396,-0.01771545,0.9987335,-32.9216,1.850174,-30.338,2.943359,0.5618776,0.5480441999999999,0.9050921,0.0841217,0.01654053,0.9963074,32.33987,2.653748,-28.64755,3.3439940000000004,0.5009627000000001,0.4878034,0.1399529,1.291965,-0.03563511,-0.04763934,0.1250323,-0.02403948,6.037357,87.56977,33.11
13,0.06959534,0.01272583,0.9974823,0.9304105,-0.04681396,-0.01771545,0.9987335,-32.9216,1.850174,-30.338,2.943359,0.5618776,0.5480441999999999,0.9050921,0.0841217,0.01654053,0.9963074,32.33987,2.653748,-28.64755,3.3439940000000004,0.5009627000000001,0.4878034,0.1399529,1.291965,-0.03563511,-0.04763934,0.1250323,-0.02403948,6.037357,87.56977,33.11
13,-0.06761169,-0.007400513,0.9976807,0.9306466999999998,-0.06761169,-0.007400513,0.9976807,-33.060790000000004,1.705048,-29.63432,3.000839,0.5687232,0.5453891,0.8487315000000001,0.09140015,0.03898621,0.9950409,32.13139,2.298889,-27.486390000000004,3.272827,0.5072641,0.487184,0.1369894,1.291221,-0.03188223,-0.04649902,0.1153853,-0.02420504,5.725975,85.1514,33.11
13,-0.06761169,-0.007400513,0.9976807,0.9306466999999998,-0.06761169,-0.007400513,0.9976807,-33.060790000000004,1.705048,-29.63432,3.000839,0.5687232,0.5453891,0.8487315000000001,0.09140015,0.03898621,0.9950409,32.13139,2.298889,-27.486390000000004,3.272827,0.5072641,0.487184,0.1369894,1.291221,-0.03188223,-0.04649902,0.1153853,-0.02420504,5.725975,85.1514,33.11
13,-0.06761169,-0.007400513,0.9976807,0.9306466999999998,-0.06761169,-0.007400513,0.9976807,-33.060790000000004,1.705048,-29.63432,3.000839,0.5687232,0.5453891,0.8487315000000001,0.09140015,0.03898621,0.9950409,32.13139,2.298889,-27.486390000000004,3.272827,0.5072641,0.487184,0.1369894,1.291221,-0.03188223,-0.04649902,0.1153853,-0.02420504,5.725975,85.1514,33.11
13,0.01057434,0.0004730225,0.999939,0.900785,0.01040649,0.0004730225,0.999939,-32.73819,1.951447,-30.26846,2.756241,0.5482376999999999,0.5414315,0.8152111999999999,0.1362305,-0.001373291,0.9906616,32.54395,2.925079,-29.26477,3.244614,0.4877689999999999,0.4858327999999999,0.1336732,1.290343,-0.02811939,-0.04494094,0.1046835,-0.02414618,5.725975,85.1514,33.11
13,0.01057434,0.0004730225,0.999939,0.900785,0.01040649,0.0004730225,0.999939,-32.73819,1.951447,-30.26846,2.756241,0.5482376999999999,0.5414315,0.8152111999999999,0.1362305,-0.001373291,0.9906616,32.54395,2.925079,-29.26477,3.244614,0.4877689999999999,0.4858327999999999,0.1336732,1.290343,-0.02811939,-0.04494094,0.1046835,-0.02414618,5.725975,85.1514,33.11
13,0.01057434,0.0004730225,0.999939,0.900785,0.01040649,0.0004730225,0.999939,-32.73819,1.951447,-30.26846,2.756241,0.5482376999999999,0.5414315,0.8152111999999999,0.1362305,-0.001373291,0.9906616,32.54395,2.925079,-29.26477,3.244614,0.4877689999999999,0.4858327999999999,0.1336732,1.290343,-0.02811939,-0.04494094,0.1046835,-0.02414618,5.725975,85.1514,33.11
13,0.1223144999999999,-0.0229949999999999,0.992218,0.9307236,0.1222076,-0.02302551,0.9922333,-31.95531,2.4730220000000003,-31.86197,2.887466,0.5081656,0.5412034,0.6119690999999999,0.318924,0.0397644,0.9469299,33.007020000000004,2.847351,-28.56271,3.351974,0.4500111,0.4780840999999999,0.1304917,1.289579,-0.02444857,-0.04408885,0.09338084,-0.02500088,5.725975,85.1514,33.11
13,0.1223144999999999,-0.0229949999999999,0.992218,0.9307236,0.1222076,-0.02302551,0.9922333,-31.95531,2.4730220000000003,-31.86197,2.887466,0.5081656,0.5412034,0.6119690999999999,0.318924,0.0397644,0.9469299,33.007020000000004,2.847351,-28.56271,3.351974,0.4500111,0.4780840999999999,0.1304917,1.289579,-0.02444857,-0.04408885,0.09338084,-0.02500088,5.725975,85.1514,33.11
13,0.1223144999999999,-0.0229949999999999,0.992218,0.9307236,0.1222076,-0.02302551,0.9922333,-31.95531,2.4730220000000003,-31.86197,2.887466,0.5081656,0.5412034,0.6119690999999999,0.318924,0.0397644,0.9469299,33.007020000000004,2.847351,-28.56271,3.351974,0.4500111,0.4780840999999999,0.1304917,1.289579,-0.02444857,-0.04408885,0.09338084,-0.02500088,5.725975,85.1514,33.11
13,0.2332153,-0.0071716309999999,0.9723815999999998,0.9084679,0.2167357999999999,-0.01698303,0.9760742,-31.75423,2.207382,-30.72266,2.865387,0.4890170999999999,0.5395488,0.5181534000000001,0.3417206,0.05879211,0.9379425,33.34836,2.872406,-28.650240000000004,3.304718,0.4355867999999999,0.4756485,0.1273162,1.28894,-0.02081841,-0.04392106,0.08112296,-0.02535098,5.725975,85.1514,33.11
13,0.2332153,-0.0071716309999999,0.9723815999999998,0.9084679,0.2167357999999999,-0.01698303,0.9760742,-31.75423,2.207382,-30.72266,2.865387,0.4890170999999999,0.5395488,0.5181534000000001,0.3417206,0.05879211,0.9379425,33.34836,2.872406,-28.650240000000004,3.304718,0.4355867999999999,0.4756485,0.1273162,1.28894,-0.02081841,-0.04392106,0.08112296,-0.02535098,5.725975,85.1514,33.11
13,0.2332153,-0.0071716309999999,0.9723815999999998,0.9084679,0.2167357999999999,-0.01698303,0.9760742,-31.75423,2.207382,-30.72266,2.865387,0.4890170999999999,0.5395488,0.5181534000000001,0.3417206,0.05879211,0.9379425,33.34836,2.872406,-28.650240000000004,3.304718,0.4355867999999999,0.4756485,0.1273162,1.28894,-0.02081841,-0.04392106,0.08112296,-0.02535098,5.725975,85.1514,33.11
13,0.3265533,0.06892395,0.9426575,0.9233099,0.1808319,-0.0055847169999999,0.98349,-31.83374,2.241562,-30.718770000000003,2.961823,0.4963979,0.5368137,0.5307208000000001,0.3271484,0.06922913,0.9424133,33.32883,2.860733,-28.668090000000003,3.323486,0.4380549,0.4748944,0.1243365,1.287974,-0.01721215,-0.04235946,0.0694108,-0.0267607,5.725975,85.1514,33.11
13,0.3265533,0.06892395,0.9426575,0.9233099,0.1808319,-0.0055847169999999,0.98349,-31.83374,2.241562,-30.718770000000003,2.961823,0.4963979,0.5368137,0.5307208000000001,0.3271484,0.06922913,0.9424133,33.32883,2.860733,-28.668090000000003,3.323486,0.4380549,0.4748944,0.1243365,1.287974,-0.01721215,-0.04235946,0.0694108,-0.0267607,5.725975,85.1514,33.11
13,0.3265533,0.06892395,0.9426575,0.9233099,0.1808319,-0.0055847169999999,0.98349,-31.83374,2.241562,-30.718770000000003,2.961823,0.4963979,0.5368137,0.5307208000000001,0.3271484,0.06922913,0.9424133,33.32883,2.860733,-28.668090000000003,3.323486,0.4380549,0.4748944,0.1243365,1.287974,-0.01721215,-0.04235946,0.0694108,-0.0267607,5.725975,85.1514,33.11
13,0.2816619999999999,0.04827881,0.9582825,0.9255468,0.1373137999999999,-0.005432129,0.990509,-31.97441,2.358032,-31.13057,2.910278,0.5067319,0.5363329000000001,0.612736,0.3023071,0.05609131,0.9515533000000002,33.196870000000004,2.87677,-28.65868,3.307846,0.4456166,0.4757553,0.1215972999999999,1.2871629999999998,-0.01384586,-0.04121876,0.05918875,-0.02778783,5.725975,85.1514,33.11
13,0.2816619999999999,0.04827881,0.9582825,0.9255468,0.1373137999999999,-0.005432129,0.990509,-31.97441,2.358032,-31.13057,2.910278,0.5067319,0.5363329000000001,0.612736,0.3023071,0.05609131,0.9515533000000002,33.196870000000004,2.87677,-28.65868,3.307846,0.4456166,0.4757553,0.1215972999999999,1.2871629999999998,-0.01384586,-0.04121876,0.05918875,-0.02778783,5.725975,85.1514,33.11
13,0.2816619999999999,0.04827881,0.9582825,0.9255468,0.1373137999999999,-0.005432129,0.990509,-31.97441,2.358032,-31.13057,2.910278,0.5067319,0.5363329000000001,0.612736,0.3023071,0.05609131,0.9515533000000002,33.196870000000004,2.87677,-28.65868,3.307846,0.4456166,0.4757553,0.1215972999999999,1.2871629999999998,-0.01384586,-0.04121876,0.05918875,-0.02778783,5.725975,85.1514,33.11
13,0.2675323,0.0737915,0.9607086,0.9366851,0.110199,0.006912231,0.9938812,-32.100590000000004,2.6071470000000003,-31.75749,2.916214,0.514782,0.5318679000000001,0.5407502,0.2675475999999999,0.07380676,0.9607086,33.11288,2.941345,-28.70015,3.293655,0.4527545,0.4717092,0.1188991,1.286494,-0.01076335,-0.0399056,0.04917176,-0.02795277,5.725975,-15.4921,33.11
13,0.2675323,0.0737915,0.9607086,0.9366851,0.110199,0.006912231,0.9938812,-32.100590000000004,2.6071470000000003,-31.75749,2.916214,0.514782,0.5318679000000001,0.5407502,0.2675475999999999,0.07380676,0.9607086,33.11288,2.941345,-28.70015,3.293655,0.4527545,0.4717092,0.1188991,1.286494,-0.01076335,-0.0399056,0.04917176,-0.02795277,5.725975,-15.4921,33.11
13,0.2675323,0.0737915,0.9607086,0.9366851,0.110199,0.006912231,0.9938812,-32.100590000000004,2.6071470000000003,-31.75749,2.916214,0.514782,0.5318679000000001,0.5407502,0.2675475999999999,0.07380676,0.9607086,33.11288,2.941345,-28.70015,3.293655,0.4527545,0.4717092,0.1188991,1.286494,-0.01076335,-0.0399056,0.04917176,-0.02795277,5.725975,-15.4921,33.11
13,0.2033386,0.07922363,0.9758911,0.900553,0.07623291,0.02137756,0.9968567,-32.30118,2.543961,-31.39037,2.880692,0.5257874,0.5288165,0.5053113,0.2207642,0.08717346,0.9714203,32.97935,3.136459,-29.23129,3.34201,0.4627867,0.4679643,0.1168096,1.285843,-0.00814873,-0.0392727,0.04215246,-0.02925132,5.725975,-15.4921,33.11
13,0.2033386,0.07922363,0.9758911,0.900553,0.07623291,0.02137756,0.9968567,-32.30118,2.543961,-31.39037,2.880692,0.5257874,0.5288165,0.5053113,0.2207642,0.08717346,0.9714203,32.97935,3.136459,-29.23129,3.34201,0.4627867,0.4679643,0.1168096,1.285843,-0.00814873,-0.0392727,0.04215246,-0.02925132,5.725975,-15.4921,33.11
13,0.2033386,0.07922363,0.9758911,0.900553,0.07623291,0.02137756,0.9968567,-32.30118,2.543961,-31.39037,2.880692,0.5257874,0.5288165,0.5053113,0.2207642,0.08717346,0.9714203,32.97935,3.136459,-29.23129,3.34201,0.4627867,0.4679643,0.1168096,1.285843,-0.00814873,-0.0392727,0.04215246,-0.02925132,5.725975,-15.4921,33.11
13,0.2033386,0.07922363,0.9758911,0.900553,0.07623291,0.02137756,0.9968567,-32.30118,2.543961,-31.39037,2.880692,0.5257874,0.5288165,0.5053113,0.2207642,0.08717346,0.9714203,32.97935,3.136459,-29.23129,3.34201,0.4627867,0.4679643,0.1148724999999999,1.285396,-0.0059736369999999,-0.03863521,0.03594385,-0.02895255,5.725975,-15.4921,33.11
13,0.2033386,0.07922363,0.9758911,0.900553,0.07623291,0.02137756,0.9968567,-32.30118,2.543961,-31.39037,2.880692,0.5257874,0.5288165,0.5053113,0.2207642,0.08717346,0.9714203,32.97935,3.136459,-29.23129,3.34201,0.4627867,0.4679643,0.1148724999999999,1.285396,-0.0059736369999999,-0.03863521,0.03594385,-0.02895255,5.725975,-15.4921,33.11
13,0.2033386,0.07922363,0.9758911,0.900553,0.07623291,0.02137756,0.9968567,-32.30118,2.543961,-31.39037,2.880692,0.5257874,0.5288165,0.5053113,0.2207642,0.08717346,0.9714203,32.97935,3.136459,-29.23129,3.34201,0.4627867,0.4679643,0.1148724999999999,1.285396,-0.0059736369999999,-0.03863521,0.03594385,-0.02895255,5.725975,-15.4921,33.11
13,0.1964569,0.05522156,0.9789429,0.8989077,0.0765686,0.002044678,0.9970551,-32.4024,2.517059,-31.17497,2.810608,0.5290600000000001,0.5301051999999999,0.5534614000000001,0.2302246,0.07029724,0.9705811,32.78516,3.103683,-28.65675,3.331375,0.4684514,0.4663448,0.1136971,1.285372,-0.004378617,-0.03945667,0.0316015999999999,-0.02831321,5.725975,-15.4921,33.11
13,0.1964569,0.05522156,0.9789429,0.8989077,0.0765686,0.002044678,0.9970551,-32.4024,2.517059,-31.17497,2.810608,0.5290600000000001,0.5301051999999999,0.5534614000000001,0.2302246,0.07029724,0.9705811,32.78516,3.103683,-28.65675,3.331375,0.4684514,0.4663448,0.1136971,1.285372,-0.004378617,-0.03945667,0.0316015999999999,-0.02831321,5.725975,-15.4921,33.11
13,0.1964569,0.05522156,0.9789429,0.8989077,0.0765686,0.002044678,0.9970551,-32.4024,2.517059,-31.17497,2.810608,0.5290600000000001,0.5301051999999999,0.5534614000000001,0.2302246,0.07029724,0.9705811,32.78516,3.103683,-28.65675,3.331375,0.4684514,0.4663448,0.1136971,1.285372,-0.004378617,-0.03945667,0.0316015999999999,-0.02831321,5.725975,-15.4921,33.11
13,0.05221558,0.03067017,0.9981537,0.9124594,0.05220032,0.03065491,0.9981537,-32.58455,2.522705,-30.95702,3.04805,0.5385994000000001,0.5246326,0.5347999,0.149826,0.07391357,0.9859314,32.76906,3.4949800000000004,-30.33456,3.204391,0.4783249,0.4664746,0.1128938,1.285542,-0.003324091,-0.04085619,0.02942123,-0.02790368,5.725975,-102.0646,33.11
13,0.05221558,0.03067017,0.9981537,0.9124594,0.05220032,0.03065491,0.9981537,-32.58455,2.522705,-30.95702,3.04805,0.5385994000000001,0.5246326,0.5347999,0.149826,0.07391357,0.9859314,32.76906,3.4949800000000004,-30.33456,3.204391,0.4783249,0.4664746,0.1128938,1.285542,-0.003324091,-0.04085619,0.02942123,-0.02790368,5.725975,-102.0646,33.11
13,0.05221558,0.03067017,0.9981537,0.9124594,0.05220032,0.03065491,0.9981537,-32.58455,2.522705,-30.95702,3.04805,0.5385994000000001,0.5246326,0.5347999,0.149826,0.07391357,0.9859314,32.76906,3.4949800000000004,-30.33456,3.204391,0.4783249,0.4664746,0.1128938,1.285542,-0.003324091,-0.04085619,0.02942123,-0.02790368,5.725975,-102.0646,33.11
13,0.01802063,0.01777649,0.9996643,0.9125301,0.01716614,0.01747131,0.9996948,-32.70544,2.339935,-30.34802,2.8885650000000003,0.5465119,0.5268191,0.6705270000000001,0.1298065,0.05709839,0.9898834,32.61314,3.156937,-29.034,3.132385,0.4864333999999999,0.4689758,0.112777,1.28627,-0.002462566,-0.04433153,0.02825025,-0.02722305,5.725975,-102.0646,33.11
13,0.01802063,0.01777649,0.9996643,0.9125301,0.01716614,0.01747131,0.9996948,-32.70544,2.339935,-30.34802,2.8885650000000003,0.5465119,0.5268191,0.6705270000000001,0.1298065,0.05709839,0.9898834,32.61314,3.156937,-29.034,3.132385,0.4864333999999999,0.4689758,0.112777,1.28627,-0.002462566,-0.04433153,0.02825025,-0.02722305,5.725975,-102.0646,33.11
13,0.01802063,0.01777649,0.9996643,0.9125301,0.01716614,0.01747131,0.9996948,-32.70544,2.339935,-30.34802,2.8885650000000003,0.5465119,0.5268191,0.6705270000000001,0.1298065,0.05709839,0.9898834,32.61314,3.156937,-29.034,3.132385,0.4864333999999999,0.4689758,0.112777,1.28627,-0.002462566,-0.04433153,0.02825025,-0.02722305,5.725975,-102.0646,33.11
13,0.05699158,0.0302887,0.9979095,0.9231834,0.01057434,0.01025391,0.9998779,-32.73773,2.32605,-30.3069,2.872253,0.5483918000000001,0.5277980999999999,0.6871696999999999,0.1173553,0.05630493,0.9914856,32.5871,3.147675,-28.97992,3.134155,0.4888316,0.4689433,0.1132541,1.286486,-0.002622902,-0.0453453,0.02925386,-0.02866522,5.725975,-102.0646,33.11
13,0.05699158,0.0302887,0.9979095,0.9231834,0.01057434,0.01025391,0.9998779,-32.73773,2.32605,-30.3069,2.872253,0.5483918000000001,0.5277980999999999,0.6871696999999999,0.1173553,0.05630493,0.9914856,32.5871,3.147675,-28.97992,3.134155,0.4888316,0.4689433,0.1132541,1.286486,-0.002622902,-0.0453453,0.02925386,-0.02866522,5.725975,-102.0646,33.11
13,0.05699158,0.0302887,0.9979095,0.9231834,0.01057434,0.01025391,0.9998779,-32.73773,2.32605,-30.3069,2.872253,0.5483918000000001,0.5277980999999999,0.6871696999999999,0.1173553,0.05630493,0.9914856,32.5871,3.147675,-28.97992,3.134155,0.4888316,0.4689433,0.1132541,1.286486,-0.002622902,-0.0453453,0.02925386,-0.02866522,5.725975,-102.0646,33.11
13,0.05699158,0.0302887,0.9979095,0.9231834,0.01057434,0.01025391,0.9998779,-32.73773,2.32605,-30.3069,2.872253,0.5483918000000001,0.5277980999999999,0.6871696999999999,0.1173553,0.05630493,0.9914856,32.5871,3.147675,-28.97992,3.134155,0.4888316,0.4689433,0.1139990999999999,1.286673,-0.0029894709999999,-0.04584793,0.03145887,-0.0294473,5.725975,-102.0646,33.11
13,0.05699158,0.0302887,0.9979095,0.9231834,0.01057434,0.01025391,0.9998779,-32.73773,2.32605,-30.3069,2.872253,0.5483918000000001,0.5277980999999999,0.6871696999999999,0.1173553,0.05630493,0.9914856,32.5871,3.147675,-28.97992,3.134155,0.4888316,0.4689433,0.1139990999999999,1.286673,-0.0029894709999999,-0.04584793,0.03145887,-0.0294473,5.725975,-102.0646,33.11
13,0.05699158,0.0302887,0.9979095,0.9231834,0.01057434,0.01025391,0.9998779,-32.73773,2.32605,-30.3069,2.872253,0.5483918000000001,0.5277980999999999,0.6871696999999999,0.1173553,0.05630493,0.9914856,32.5871,3.147675,-28.97992,3.134155,0.4888316,0.4689433,0.1139990999999999,1.286673,-0.0029894709999999,-0.04584793,0.03145887,-0.0294473,5.725975,-102.0646,33.11
13,0.05699158,0.0302887,0.9979095,0.9231834,0.01057434,0.01025391,0.9998779,-32.73773,2.32605,-30.3069,2.872253,0.5483918000000001,0.5277980999999999,0.6871696999999999,0.1173553,0.05630493,0.9914856,32.5871,3.147675,-28.97992,3.134155,0.4888316,0.4689433,0.114882,1.286919,-0.003564656,-0.04656802,0.03437986,-0.02939665,5.725975,-102.0646,33.11
13,0.05699158,0.0302887,0.9979095,0.9231834,0.01057434,0.01025391,0.9998779,-32.73773,2.32605,-30.3069,2.872253,0.5483918000000001,0.5277980999999999,0.6871696999999999,0.1173553,0.05630493,0.9914856,32.5871,3.147675,-28.97992,3.134155,0.4888316,0.4689433,0.114882,1.286919,-0.003564656,-0.04656802,0.03437986,-0.02939665,5.725975,-102.0646,33.11
13,0.05699158,0.0302887,0.9979095,0.9231834,0.01057434,0.01025391,0.9998779,-32.73773,2.32605,-30.3069,2.872253,0.5483918000000001,0.5277980999999999,0.6871696999999999,0.1173553,0.05630493,0.9914856,32.5871,3.147675,-28.97992,3.134155,0.4888316,0.4689433,0.114882,1.286919,-0.003564656,-0.04656802,0.03437986,-0.02939665,5.725975,-102.0646,33.11
13,0.1075134,0.04663086,0.993103,0.9122393,0.01179504,0.0149231,0.9998169,-32.78226,2.241058,-30.073090000000004,2.885681,0.5496328,0.5280476,0.6995146,0.1264801,0.05290222,0.9905548,32.554759999999995,3.13269,-28.92973,3.131836,0.4888316,0.4694372,0.114882,1.286919,-0.003564656,-0.04656802,0.03437986,-0.02939665,5.725975,-8.652618,33.11
13,0.1075134,0.04663086,0.993103,0.9122393,0.01179504,0.0149231,0.9998169,-32.78226,2.241058,-30.073090000000004,2.885681,0.5496328,0.5280476,0.6995146,0.1264801,0.05290222,0.9905548,32.554759999999995,3.13269,-28.92973,3.131836,0.4888316,0.4694372,0.114882,1.286919,-0.003564656,-0.04656802,0.03437986,-0.02939665,5.725975,-8.652618,33.11
13,0.1075134,0.04663086,0.993103,0.9122393,0.01179504,0.0149231,0.9998169,-32.78226,2.241058,-30.073090000000004,2.885681,0.5496328,0.5280476,0.6995146,0.1264801,0.05290222,0.9905548,32.554759999999995,3.13269,-28.92973,3.131836,0.4888316,0.4694372,0.114882,1.286919,-0.003564656,-0.04656802,0.03437986,-0.02939665,5.725975,-8.652618,33.11
13,0.1209106,0.06860352,0.9902802,0.9300095,0.004669189,0.009002686,0.999939,-32.74669,2.103088,-29.771420000000003,2.873856,0.5490453000000001,0.5307518,0.7232689999999999,0.1266022,0.07151794,0.9893646,32.554759999999995,3.029099,-28.80589,3.141571,0.4888316,0.4696763,0.1161958999999999,1.286583,-0.00514853,-0.04526521,0.03774204,-0.02925055,5.725975,-8.652618,33.11
13,0.1209106,0.06860352,0.9902802,0.9300095,0.004669189,0.009002686,0.999939,-32.74669,2.103088,-29.771420000000003,2.873856,0.5490453000000001,0.5307518,0.7232689999999999,0.1266022,0.07151794,0.9893646,32.554759999999995,3.029099,-28.80589,3.141571,0.4888316,0.4696763,0.1161958999999999,1.286583,-0.00514853,-0.04526521,0.03774204,-0.02925055,5.725975,-8.652618,33.11
13,0.1209106,0.06860352,0.9902802,0.9300095,0.004669189,0.009002686,0.999939,-32.74669,2.103088,-29.771420000000003,2.873856,0.5490453000000001,0.5307518,0.7232689999999999,0.1266022,0.07151794,0.9893646,32.554759999999995,3.029099,-28.80589,3.141571,0.4888316,0.4696763,0.1161958999999999,1.286583,-0.00514853,-0.04526521,0.03774204,-0.02925055,5.725975,-8.652618,33.11
13,0.1209106,0.06860352,0.9902802,0.9300095,0.004669189,0.009002686,0.999939,-32.74669,2.103088,-29.771420000000003,2.873856,0.5490453000000001,0.5307518,0.7232689999999999,0.1266022,0.07151794,0.9893646,32.554759999999995,3.029099,-28.80589,3.141571,0.4888316,0.4696763,0.1169403,1.28664,-0.005972326,-0.04542673,0.03920206,-0.02953067,5.725975,-8.652618,33.11
13,0.1209106,0.06860352,0.9902802,0.9300095,0.004669189,0.009002686,0.999939,-32.74669,2.103088,-29.771420000000003,2.873856,0.5490453000000001,0.5307518,0.7232689999999999,0.1266022,0.07151794,0.9893646,32.554759999999995,3.029099,-28.80589,3.141571,0.4888316,0.4696763,0.1169403,1.28664,-0.005972326,-0.04542673,0.03920206,-0.02953067,5.725975,-8.652618,33.11
13,0.1209106,0.06860352,0.9902802,0.9300095,0.004669189,0.009002686,0.999939,-32.74669,2.103088,-29.771420000000003,2.873856,0.5490453000000001,0.5307518,0.7232689999999999,0.1266022,0.07151794,0.9893646,32.554759999999995,3.029099,-28.80589,3.141571,0.4888316,0.4696763,0.1169403,1.28664,-0.005972326,-0.04542673,0.03920206,-0.02953067,5.725975,-8.652618,33.11
13,0.1253662,0.05575562,0.9905396,0.9200692,0.01654053,0.01211548,0.9997864,-32.645540000000004,2.282364,-30.20583,2.817764,0.5443376,0.5280836,0.7817578000000001,0.1304779,0.05780029,0.9897614,32.62856,2.985916,-28.66713,3.047638,0.4859499,0.4714694,0.1174152,1.286354,-0.006795049,-0.04486097,0.04003069,-0.03023823,5.725975,-8.652618,33.11
13,0.1253662,0.05575562,0.9905396,0.9200692,0.01654053,0.01211548,0.9997864,-32.645540000000004,2.282364,-30.20583,2.817764,0.5443376,0.5280836,0.7817578000000001,0.1304779,0.05780029,0.9897614,32.62856,2.985916,-28.66713,3.047638,0.4859499,0.4714694,0.1174152,1.286354,-0.006795049,-0.04486097,0.04003069,-0.03023823,5.725975,-8.652618,33.11
13,0.1253662,0.05575562,0.9905396,0.9200692,0.01654053,0.01211548,0.9997864,-32.645540000000004,2.282364,-30.20583,2.817764,0.5443376,0.5280836,0.7817578000000001,0.1304779,0.05780029,0.9897614,32.62856,2.985916,-28.66713,3.047638,0.4859499,0.4714694,0.1174152,1.286354,-0.006795049,-0.04486097,0.04003069,-0.03023823,5.725975,-8.652618,33.11
13,0.04704285,0.01379395,0.9987946,0.9117983,0.02200317,0.0056457519999999,0.9997406,-32.636759999999995,2.289764,-30.22206,2.766678,0.543313,0.5287221999999999,0.7516371000000001,0.1452484,0.04574585,0.988327,32.68051,3.1141970000000003,-29.045140000000004,3.033447,0.4823199000000001,0.4717342,0.1182778,1.286071,-0.0076554419999999,-0.04381168,0.04163385,-0.03196075,5.725975,-8.652618,33.11
13,0.04704285,0.01379395,0.9987946,0.9117983,0.02200317,0.0056457519999999,0.9997406,-32.636759999999995,2.289764,-30.22206,2.766678,0.543313,0.5287221999999999,0.7516371000000001,0.1452484,0.04574585,0.988327,32.68051,3.1141970000000003,-29.045140000000004,3.033447,0.4823199000000001,0.4717342,0.1182778,1.286071,-0.0076554419999999,-0.04381168,0.04163385,-0.03196075,5.725975,-8.652618,33.11
13,0.04704285,0.01379395,0.9987946,0.9117983,0.02200317,0.0056457519999999,0.9997406,-32.636759999999995,2.289764,-30.22206,2.766678,0.543313,0.5287221999999999,0.7516371000000001,0.1452484,0.04574585,0.988327,32.68051,3.1141970000000003,-29.045140000000004,3.033447,0.4823199000000001,0.4717342,0.1182778,1.286071,-0.0076554419999999,-0.04381168,0.04163385,-0.03196075,5.725975,-8.652618,33.11
13,0.0266570999999999,0.005142212,0.9996185,0.9290014,0.02537537,0.004669189,0.9996643,-32.63782,2.291107,-30.21307,2.760498,0.5429208999999999,0.5287138000000001,0.7642372,0.1391296,0.0466156,0.9891663,32.71481,3.131592,-29.09085,3.032379,0.4818925999999999,0.4714149,0.1196541999999999,1.285225,-0.008427083,-0.04051962,0.04412027,-0.03383793,5.725975,-8.652618,33.11
13,0.0266570999999999,0.005142212,0.9996185,0.9290014,0.02537537,0.004669189,0.9996643,-32.63782,2.291107,-30.21307,2.760498,0.5429208999999999,0.5287138000000001,0.7642372,0.1391296,0.0466156,0.9891663,32.71481,3.131592,-29.09085,3.032379,0.4818925999999999,0.4714149,0.1196541999999999,1.285225,-0.008427083,-0.04051962,0.04412027,-0.03383793,5.725975,-8.652618,33.11
13,0.0266570999999999,0.005142212,0.9996185,0.9290014,0.02537537,0.004669189,0.9996643,-32.63782,2.291107,-30.21307,2.760498,0.5429208999999999,0.5287138000000001,0.7642372,0.1391296,0.0466156,0.9891663,32.71481,3.131592,-29.09085,3.032379,0.4818925999999999,0.4714149,0.1196541999999999,1.285225,-0.008427083,-0.04051962,0.04412027,-0.03383793,5.725975,-8.652618,33.11
14,0.07228088,0.02325439,0.9971008,0.9424452,0.02766418,0.0072784419999999,0.999588,-32.63554,2.294846,-30.22069,2.773956,0.5425810000000001,0.5283404,0.7844926999999999,0.1411132999999999,0.04792786,0.9888306,32.72643,3.133057,-29.09546,3.007126,0.4812730999999999,0.4712140999999999,0.1218964999999999,1.283068,-0.009351969,-0.03094212,0.04871279,-0.03700342,5.725975,29.18242,33.11
14,0.07228088,0.02325439,0.9971008,0.9424452,0.02766418,0.0072784419999999,0.999588,-32.63554,2.294846,-30.22069,2.773956,0.5425810000000001,0.5283404,0.7844926999999999,0.1411132999999999,0.04792786,0.9888306,32.72643,3.133057,-29.09546,3.007126,0.4812730999999999,0.4712140999999999,0.1218964999999999,1.283068,-0.009351969,-0.03094212,0.04871279,-0.03700342,5.725975,29.18242,33.11
14,0.07228088,0.02325439,0.9971008,0.9424452,0.02766418,0.0072784419999999,0.999588,-32.63554,2.294846,-30.22069,2.773956,0.5425810000000001,0.5283404,0.7844926999999999,0.1411132999999999,0.04792786,0.9888306,32.72643,3.133057,-29.09546,3.007126,0.4812730999999999,0.4712140999999999,0.1218964999999999,1.283068,-0.009351969,-0.03094212,0.04871279,-0.03700342,5.725975,29.18242,33.11
14,0.03910828,-0.008255005,0.9991913,0.9856591,0.03819275,-0.008605957,0.9992218,-32.76868,2.149475,-29.95068,2.704453,0.5456122,0.5328116,0.6550239999999999,0.1985931,0.05183411,0.9786987,32.5795,2.832443,-27.72758,3.131927,0.479572,0.4697279,0.1253757,1.278517,-0.01027584,-0.01273984,0.05707567,-0.04086713,5.725975,29.18242,33.11
14,0.03910828,-0.008255005,0.9991913,0.9856591,0.03819275,-0.008605957,0.9992218,-32.76868,2.149475,-29.95068,2.704453,0.5456122,0.5328116,0.6550239999999999,0.1985931,0.05183411,0.9786987,32.5795,2.832443,-27.72758,3.131927,0.479572,0.4697279,0.1253757,1.278517,-0.01027584,-0.01273984,0.05707567,-0.04086713,5.725975,29.18242,33.11
14,0.03910828,-0.008255005,0.9991913,0.9856591,0.03819275,-0.008605957,0.9992218,-32.76868,2.149475,-29.95068,2.704453,0.5456122,0.5328116,0.6550239999999999,0.1985931,0.05183411,0.9786987,32.5795,2.832443,-27.72758,3.131927,0.479572,0.4697279,0.1253757,1.278517,-0.01027584,-0.01273984,0.05707567,-0.04086713,5.725975,29.18242,33.11
14,-1.0,-1.0,-1.0,1.0,0.0,0.0,0.0,-33.39377,2.140686,-30.39415,-1.0,0.5759409000000001,0.5489181,0.2523679,0.0,0.0,0.0,32.02823,2.944489,-28.80956,-1.0,0.5172875,0.4765972,0.130645,1.273591,-0.01087433,0.0066938619999999,0.07213219,-0.04844562,5.725975,29.18242,33.11
14,-1.0,-1.0,-1.0,1.0,0.0,0.0,0.0,-33.39377,2.140686,-30.39415,-1.0,0.5759409000000001,0.5489181,0.2523679,0.0,0.0,0.0,32.02823,2.944489,-28.80956,-1.0,0.5172875,0.4765972,0.130645,1.273591,-0.01087433,0.0066938619999999,0.07213219,-0.04844562,5.725975,29.18242,33.11
14,-1.0,-1.0,-1.0,1.0,0.0,0.0,0.0,-33.39377,2.140686,-30.39415,-1.0,0.5759409000000001,0.5489181,0.2523679,0.0,0.0,0.0,32.02823,2.944489,-28.80956,-1.0,0.5172875,0.4765972,0.130645,1.273591,-0.01087433,0.0066938619999999,0.07213219,-0.04844562,5.725975,29.18242,33.11
14,-1.0,-1.0,-1.0,0.9368529,0.0,0.0,0.0,-33.676190000000005,1.08078,-30.65732,-1.0,0.5976275,0.6100992,0.0,0.0,0.0,0.0,31.40465,3.609024,-30.89456,-1.0,0.5441656,0.4895639,0.1368155,1.268653,-0.0118407,0.02529567,0.09230057,-0.05902513,5.725975,29.18242,33.11
14,-1.0,-1.0,-1.0,0.9368529,0.0,0.0,0.0,-33.676190000000005,1.08078,-30.65732,-1.0,0.5976275,0.6100992,0.0,0.0,0.0,0.0,31.40465,3.609024,-30.89456,-1.0,0.5441656,0.4895639,0.1368155,1.268653,-0.0118407,0.02529567,0.09230057,-0.05902513,5.725975,29.18242,33.11
14,-1.0,-1.0,-1.0,0.9368529,0.0,0.0,0.0,-33.676190000000005,1.08078,-30.65732,-1.0,0.5976275,0.6100992,0.0,0.0,0.0,0.0,31.40465,3.609024,-30.89456,-1.0,0.5441656,0.4895639,0.1368155,1.268653,-0.0118407,0.02529567,0.09230057,-0.05902513,5.725975,29.18242,33.11
14,-1.0,-1.0,-1.0,0.8614146999999999,0.0,0.0,0.0,-33.676190000000005,1.08078,-30.65732,-1.0,0.5976275,0.6100992,0.0,0.0,0.0,0.0,31.40465,3.609024,-30.89456,-1.0,0.5441656,0.4895639,0.1436582,1.261863,-0.01319313,0.04971215,0.1136946,-0.07094144,5.725975,22.94998,33.11
14,-1.0,-1.0,-1.0,0.8614146999999999,0.0,0.0,0.0,-33.676190000000005,1.08078,-30.65732,-1.0,0.5976275,0.6100992,0.0,0.0,0.0,0.0,31.40465,3.609024,-30.89456,-1.0,0.5441656,0.4895639,0.1436582,1.261863,-0.01319313,0.04971215,0.1136946,-0.07094144,5.725975,22.94998,33.11
14,-1.0,-1.0,-1.0,0.8614146999999999,0.0,0.0,0.0,-33.676190000000005,1.08078,-30.65732,-1.0,0.5976275,0.6100992,0.0,0.0,0.0,0.0,31.40465,3.609024,-30.89456,-1.0,0.5441656,0.4895639,0.1436582,1.261863,-0.01319313,0.04971215,0.1136946,-0.07094144,5.725975,22.94998,33.11
14,-1.0,-1.0,-1.0,0.8614146999999999,0.0,0.0,0.0,-33.676190000000005,1.08078,-30.65732,-1.0,0.5976275,0.6100992,0.0,0.0,0.0,0.0,31.40465,3.609024,-30.89456,-1.0,0.5441656,0.4895639,0.1511312,1.255464,-0.01532048,0.07139496,0.1384825,-0.08033507,5.725975,22.94998,33.11
14,-1.0,-1.0,-1.0,0.8614146999999999,0.0,0.0,0.0,-33.676190000000005,1.08078,-30.65732,-1.0,0.5976275,0.6100992,0.0,0.0,0.0,0.0,31.40465,3.609024,-30.89456,-1.0,0.5441656,0.4895639,0.1511312,1.255464,-0.01532048,0.07139496,0.1384825,-0.08033507,5.725975,22.94998,33.11
14,-1.0,-1.0,-1.0,0.8614146999999999,0.0,0.0,0.0,-33.676190000000005,1.08078,-30.65732,-1.0,0.5976275,0.6100992,0.0,0.0,0.0,0.0,31.40465,3.609024,-30.89456,-1.0,0.5441656,0.4895639,0.1511312,1.255464,-0.01532048,0.07139496,0.1384825,-0.08033507,5.725975,22.94998,33.11
14,-0.2622375,-0.2084351,0.942215,1.0,-0.2622375,-0.2084351,0.942215,-34.09746,1.729599,-30.2751,2.638733,0.6299146999999999,0.5767846,0.1165548,-0.1170654,-0.1557464999999999,0.9808197,30.814390000000003,2.535461,-28.947940000000003,2.925446,0.5770890999999999,0.516255,0.1590392999999999,1.249195,-0.01817197,0.09452847,0.1676092,-0.09127595,5.725975,22.94998,33.11
14,-0.2622375,-0.2084351,0.942215,1.0,-0.2622375,-0.2084351,0.942215,-34.09746,1.729599,-30.2751,2.638733,0.6299146999999999,0.5767846,0.1165548,-0.1170654,-0.1557464999999999,0.9808197,30.814390000000003,2.535461,-28.947940000000003,2.925446,0.5770890999999999,0.516255,0.1590392999999999,1.249195,-0.01817197,0.09452847,0.1676092,-0.09127595,5.725975,22.94998,33.11
14,-0.2622375,-0.2084351,0.942215,1.0,-0.2622375,-0.2084351,0.942215,-34.09746,1.729599,-30.2751,2.638733,0.6299146999999999,0.5767846,0.1165548,-0.1170654,-0.1557464999999999,0.9808197,30.814390000000003,2.535461,-28.947940000000003,2.925446,0.5770890999999999,0.516255,0.1590392999999999,1.249195,-0.01817197,0.09452847,0.1676092,-0.09127595,5.725975,22.94998,33.11
14,-0.2848206,-0.1401672,0.9482727,1.0,-0.2848206,-0.1401672,0.9482727,-34.044709999999995,1.6874240000000005,-30.23129,2.790833,0.6308329,0.5692045,0.5584781,-0.1094208,-0.128067,0.9857025,30.82034,2.495087,-28.95345,3.143234,0.5756795,0.514251,0.1669776,1.241949,-0.02202874,0.1169109999999999,0.201038,-0.103873,5.725975,22.94998,33.11
14,-0.2848206,-0.1401672,0.9482727,1.0,-0.2848206,-0.1401672,0.9482727,-34.044709999999995,1.6874240000000005,-30.23129,2.790833,0.6308329,0.5692045,0.5584781,-0.1094208,-0.128067,0.9857025,30.82034,2.495087,-28.95345,3.143234,0.5756795,0.514251,0.1669776,1.241949,-0.02202874,0.1169109999999999,0.201038,-0.103873,5.725975,22.94998,33.11
14,-0.2848206,-0.1401672,0.9482727,1.0,-0.2848206,-0.1401672,0.9482727,-34.044709999999995,1.6874240000000005,-30.23129,2.790833,0.6308329,0.5692045,0.5584781,-0.1094208,-0.128067,0.9857025,30.82034,2.495087,-28.95345,3.143234,0.5756795,0.514251,0.1669776,1.241949,-0.02202874,0.1169109999999999,0.201038,-0.103873,5.725975,22.94998,33.11
14,-0.182373,-0.157486,0.97052,1.0,-0.2830658,-0.1596527,0.9457092,-33.86908,1.791916,-30.18623,2.727737,0.6244039,0.5675814,1.0,-0.06889343,-0.1531372,0.9857941,30.89851,2.649857,-28.60095,2.960876,0.5682523,0.5087568,0.1748335,1.235896,-0.02682644,0.1373796,0.2302316,-0.1112518,5.725975,22.94998,33.11
14,-0.182373,-0.157486,0.97052,1.0,-0.2830658,-0.1596527,0.9457092,-33.86908,1.791916,-30.18623,2.727737,0.6244039,0.5675814,1.0,-0.06889343,-0.1531372,0.9857941,30.89851,2.649857,-28.60095,2.960876,0.5682523,0.5087568,0.1748335,1.235896,-0.02682644,0.1373796,0.2302316,-0.1112518,5.725975,22.94998,33.11
14,-0.182373,-0.157486,0.97052,1.0,-0.2830658,-0.1596527,0.9457092,-33.86908,1.791916,-30.18623,2.727737,0.6244039,0.5675814,1.0,-0.06889343,-0.1531372,0.9857941,30.89851,2.649857,-28.60095,2.960876,0.5682523,0.5087568,0.1748335,1.235896,-0.02682644,0.1373796,0.2302316,-0.1112518,5.725975,22.94998,33.11
14,-0.2169189,-0.02833557,0.975769,1.0,-0.2169342,-0.02832031,0.975769,-33.78967,1.4855040000000002,-28.3304,3.200592,0.6109783000000001,0.5443286,1.0,-0.08525085,-0.068573,0.993988,31.15428,2.600082,-28.6889,3.090973,0.5614555999999999,0.5008060000000001,0.1825747,1.228742,-0.03288895,0.1609135,0.2623607,-0.1271785,5.725975,22.94998,33.11
14,-0.2169189,-0.02833557,0.975769,1.0,-0.2169342,-0.02832031,0.975769,-33.78967,1.4855040000000002,-28.3304,3.200592,0.6109783000000001,0.5443286,1.0,-0.08525085,-0.068573,0.993988,31.15428,2.600082,-28.6889,3.090973,0.5614555999999999,0.5008060000000001,0.1825747,1.228742,-0.03288895,0.1609135,0.2623607,-0.1271785,5.725975,22.94998,33.11
14,-0.2169189,-0.02833557,0.975769,1.0,-0.2169342,-0.02832031,0.975769,-33.78967,1.4855040000000002,-28.3304,3.200592,0.6109783000000001,0.5443286,1.0,-0.08525085,-0.068573,0.993988,31.15428,2.600082,-28.6889,3.090973,0.5614555999999999,0.5008060000000001,0.1825747,1.228742,-0.03288895,0.1609135,0.2623607,-0.1271785,5.725975,22.94998,33.11
14,-0.2169189,-0.02833557,0.975769,1.0,-0.2169342,-0.02832031,0.975769,-33.78967,1.4855040000000002,-28.3304,3.200592,0.6109783000000001,0.5443286,1.0,-0.08525085,-0.068573,0.993988,31.15428,2.600082,-28.6889,3.090973,0.5614555999999999,0.5008060000000001,0.1905407,1.222034,-0.03982657,0.1795898,0.2987321,-0.1417235,5.725975,11.21916,33.11
14,-0.2169189,-0.02833557,0.975769,1.0,-0.2169342,-0.02832031,0.975769,-33.78967,1.4855040000000002,-28.3304,3.200592,0.6109783000000001,0.5443286,1.0,-0.08525085,-0.068573,0.993988,31.15428,2.600082,-28.6889,3.090973,0.5614555999999999,0.5008060000000001,0.1905407,1.222034,-0.03982657,0.1795898,0.2987321,-0.1417235,5.725975,11.21916,33.11
14,-0.2169189,-0.02833557,0.975769,1.0,-0.2169342,-0.02832031,0.975769,-33.78967,1.4855040000000002,-28.3304,3.200592,0.6109783000000001,0.5443286,1.0,-0.08525085,-0.068573,0.993988,31.15428,2.600082,-28.6889,3.090973,0.5614555999999999,0.5008060000000001,0.1905407,1.222034,-0.03982657,0.1795898,0.2987321,-0.1417235,5.725975,11.21916,33.11
14,-0.2045287999999999,-0.0741271999999999,0.9760437,1.0,-0.2045441,-0.0741271999999999,0.9760284,-33.54402,2.014786,-29.78606,2.939514,0.6025456,0.5448345,1.0,-0.03222656,-0.0512085,0.9981537,31.10139,2.193314,-26.32877,3.265472,0.5559848000000001,0.4922382999999999,0.1978439,1.215783,-0.04719156,0.1979902999999999,0.3288109,-0.152304,5.725975,11.21916,33.11
14,-0.2045287999999999,-0.0741271999999999,0.9760437,1.0,-0.2045441,-0.0741271999999999,0.9760284,-33.54402,2.014786,-29.78606,2.939514,0.6025456,0.5448345,1.0,-0.03222656,-0.0512085,0.9981537,31.10139,2.193314,-26.32877,3.265472,0.5559848000000001,0.4922382999999999,0.1978439,1.215783,-0.04719156,0.1979902999999999,0.3288109,-0.152304,5.725975,11.21916,33.11
14,-0.2045287999999999,-0.0741271999999999,0.9760437,1.0,-0.2045441,-0.0741271999999999,0.9760284,-33.54402,2.014786,-29.78606,2.939514,0.6025456,0.5448345,1.0,-0.03222656,-0.0512085,0.9981537,31.10139,2.193314,-26.32877,3.265472,0.5559848000000001,0.4922382999999999,0.1978439,1.215783,-0.04719156,0.1979902999999999,0.3288109,-0.152304,5.725975,11.21916,33.11
14,-0.1644745,-0.01698303,0.9862213,1.0,-0.1771851,-0.0194397,0.9839783,-33.43349,2.026291,-30.05367,2.940262,0.5955566999999999,0.5399765999999999,1.0,-0.04351807,0.006164551,0.9990234,31.41498,2.5512080000000004,-28.16826,3.199066,0.5474443,0.4888444999999999,0.2053107999999999,1.20961,-0.05596316,0.2137141,0.3642255,-0.1672107,5.725975,11.21916,33.11
14,-0.1644745,-0.01698303,0.9862213,1.0,-0.1771851,-0.0194397,0.9839783,-33.43349,2.026291,-30.05367,2.940262,0.5955566999999999,0.5399765999999999,1.0,-0.04351807,0.006164551,0.9990234,31.41498,2.5512080000000004,-28.16826,3.199066,0.5474443,0.4888444999999999,0.2053107999999999,1.20961,-0.05596316,0.2137141,0.3642255,-0.1672107,5.725975,11.21916,33.11
14,-0.1644745,-0.01698303,0.9862213,1.0,-0.1771851,-0.0194397,0.9839783,-33.43349,2.026291,-30.05367,2.940262,0.5955566999999999,0.5399765999999999,1.0,-0.04351807,0.006164551,0.9990234,31.41498,2.5512080000000004,-28.16826,3.199066,0.5474443,0.4888444999999999,0.2053107999999999,1.20961,-0.05596316,0.2137141,0.3642255,-0.1672107,5.725975,11.21916,33.11
14,-0.1145172,-0.07044983,0.9909058,1.0,0.0,0.0,0.0,-34.09401,1.7168580000000002,-30.06836,-1.0,0.6403871999999999,0.5569189,1.0,-0.1145172,-0.07044983,0.9909058,30.39346,2.5276490000000003,-28.413590000000003,3.453232,0.5901083,0.5017442,0.2122632,1.203774,-0.06504905,0.2272311,0.3971606,-0.1799,5.725975,11.21916,33.11
14,-0.1145172,-0.07044983,0.9909058,1.0,0.0,0.0,0.0,-34.09401,1.7168580000000002,-30.06836,-1.0,0.6403871999999999,0.5569189,1.0,-0.1145172,-0.07044983,0.9909058,30.39346,2.5276490000000003,-28.413590000000003,3.453232,0.5901083,0.5017442,0.2122632,1.203774,-0.06504905,0.2272311,0.3971606,-0.1799,5.725975,11.21916,33.11
14,-0.1145172,-0.07044983,0.9909058,1.0,0.0,0.0,0.0,-34.09401,1.7168580000000002,-30.06836,-1.0,0.6403871999999999,0.5569189,1.0,-0.1145172,-0.07044983,0.9909058,30.39346,2.5276490000000003,-28.413590000000003,3.453232,0.5901083,0.5017442,0.2122632,1.203774,-0.06504905,0.2272311,0.3971606,-0.1799,5.725975,11.21916,33.11
14,-0.1145172,-0.07044983,0.9909058,1.0,0.0,0.0,0.0,-34.09401,1.7168580000000002,-30.06836,-1.0,0.6403871999999999,0.5569189,1.0,-0.1145172,-0.07044983,0.9909058,30.39346,2.5276490000000003,-28.413590000000003,3.453232,0.5901083,0.5017442,0.2191972999999999,1.1983629999999998,-0.07424486,0.2377941,0.4283947,-0.1929264,5.725975,11.21916,33.11
14,-0.1145172,-0.07044983,0.9909058,1.0,0.0,0.0,0.0,-34.09401,1.7168580000000002,-30.06836,-1.0,0.6403871999999999,0.5569189,1.0,-0.1145172,-0.07044983,0.9909058,30.39346,2.5276490000000003,-28.413590000000003,3.453232,0.5901083,0.5017442,0.2191972999999999,1.1983629999999998,-0.07424486,0.2377941,0.4283947,-0.1929264,5.725975,11.21916,33.11
14,-0.1145172,-0.07044983,0.9909058,1.0,0.0,0.0,0.0,-34.09401,1.7168580000000002,-30.06836,-1.0,0.6403871999999999,0.5569189,1.0,-0.1145172,-0.07044983,0.9909058,30.39346,2.5276490000000003,-28.413590000000003,3.453232,0.5901083,0.5017442,0.2191972999999999,1.1983629999999998,-0.07424486,0.2377941,0.4283947,-0.1929264,5.725975,11.21916,33.11
14,-0.4165192,-0.09819031,0.9037933,1.0,-0.4166412,-0.09817505,0.9037476,-34.17239,1.655243,-30.110090000000003,2.991364,0.6523496999999999,0.5654156,1.0,-0.1953582999999999,-0.1060333,0.9749756,30.3222,2.494751,-28.45178,3.449631,0.6021755,0.5081223,0.2259636,1.1931459999999998,-0.08428663,0.2459444,0.459266,-0.2063083,5.725975,-6.594315,33.11
14,-0.4165192,-0.09819031,0.9037933,1.0,-0.4166412,-0.09817505,0.9037476,-34.17239,1.655243,-30.110090000000003,2.991364,0.6523496999999999,0.5654156,1.0,-0.1953582999999999,-0.1060333,0.9749756,30.3222,2.494751,-28.45178,3.449631,0.6021755,0.5081223,0.2259636,1.1931459999999998,-0.08428663,0.2459444,0.459266,-0.2063083,5.725975,-6.594315,33.11
14,-0.4165192,-0.09819031,0.9037933,1.0,-0.4166412,-0.09817505,0.9037476,-34.17239,1.655243,-30.110090000000003,2.991364,0.6523496999999999,0.5654156,1.0,-0.1953582999999999,-0.1060333,0.9749756,30.3222,2.494751,-28.45178,3.449631,0.6021755,0.5081223,0.2259636,1.1931459999999998,-0.08428663,0.2459444,0.459266,-0.2063083,5.725975,-6.594315,33.11
14,-0.4165192,-0.09819031,0.9037933,1.0,-0.4166412,-0.09817505,0.9037476,-34.17239,1.655243,-30.110090000000003,2.991364,0.6523496999999999,0.5654156,1.0,-0.1953582999999999,-0.1060333,0.9749756,30.3222,2.494751,-28.45178,3.449631,0.6021755,0.5081223,0.2323155,1.188503,-0.09427786,0.2525598,0.4873295,-0.2175627,5.725975,-6.594315,33.11
14,-0.4165192,-0.09819031,0.9037933,1.0,-0.4166412,-0.09817505,0.9037476,-34.17239,1.655243,-30.110090000000003,2.991364,0.6523496999999999,0.5654156,1.0,-0.1953582999999999,-0.1060333,0.9749756,30.3222,2.494751,-28.45178,3.449631,0.6021755,0.5081223,0.2323155,1.188503,-0.09427786,0.2525598,0.4873295,-0.2175627,5.725975,-6.594315,33.11
14,-0.4165192,-0.09819031,0.9037933,1.0,-0.4166412,-0.09817505,0.9037476,-34.17239,1.655243,-30.110090000000003,2.991364,0.6523496999999999,0.5654156,1.0,-0.1953582999999999,-0.1060333,0.9749756,30.3222,2.494751,-28.45178,3.449631,0.6021755,0.5081223,0.2323155,1.188503,-0.09427786,0.2525598,0.4873295,-0.2175627,5.725975,-6.594315,33.11
14,-0.4264220999999999,-0.1467285,0.8925323000000001,1.0,-0.4473114,-0.1336212,0.8843231,-34.42038,1.282913,-30.25194,3.082123,0.66562,0.5848474,1.0,-0.2202453999999999,-0.2628021,0.9393616,30.26492,1.899933,-28.6163,2.521744,0.6087099,0.5496104,0.2382451,1.183527,-0.1045986,0.2605979,0.5120541000000001,-0.2290919,5.725975,-6.594315,33.11
14,-0.4264220999999999,-0.1467285,0.8925323000000001,1.0,-0.4473114,-0.1336212,0.8843231,-34.42038,1.282913,-30.25194,3.082123,0.66562,0.5848474,1.0,-0.2202453999999999,-0.2628021,0.9393616,30.26492,1.899933,-28.6163,2.521744,0.6087099,0.5496104,0.2382451,1.183527,-0.1045986,0.2605979,0.5120541000000001,-0.2290919,5.725975,-6.594315,33.11
14,-0.4264220999999999,-0.1467285,0.8925323000000001,1.0,-0.4473114,-0.1336212,0.8843231,-34.42038,1.282913,-30.25194,3.082123,0.66562,0.5848474,1.0,-0.2202453999999999,-0.2628021,0.9393616,30.26492,1.899933,-28.6163,2.521744,0.6087099,0.5496104,0.2382451,1.183527,-0.1045986,0.2605979,0.5120541000000001,-0.2290919,5.725975,-6.594315,33.11
14,-0.2753296,-0.1023254,0.9558716,1.0,-0.3435059,-0.1285858,0.9302979,-34.08684,1.41777,-30.071240000000003,2.992477,0.6397457,0.5762630999999999,1.0,-0.2071381,-0.07608032,0.9753418,30.691640000000003,1.977432,-28.56903,3.4521940000000004,0.59109,0.5229191,0.2431748999999999,1.17816,-0.1149806,0.2686967999999999,0.534241,-0.2415666,5.725975,-6.594315,33.11
14,-0.2753296,-0.1023254,0.9558716,1.0,-0.3435059,-0.1285858,0.9302979,-34.08684,1.41777,-30.071240000000003,2.992477,0.6397457,0.5762630999999999,1.0,-0.2071381,-0.07608032,0.9753418,30.691640000000003,1.977432,-28.56903,3.4521940000000004,0.59109,0.5229191,0.2431748999999999,1.17816,-0.1149806,0.2686967999999999,0.534241,-0.2415666,5.725975,-6.594315,33.11
14,-0.2753296,-0.1023254,0.9558716,1.0,-0.3435059,-0.1285858,0.9302979,-34.08684,1.41777,-30.071240000000003,2.992477,0.6397457,0.5762630999999999,1.0,-0.2071381,-0.07608032,0.9753418,30.691640000000003,1.977432,-28.56903,3.4521940000000004,0.59109,0.5229191,0.2431748999999999,1.17816,-0.1149806,0.2686967999999999,0.534241,-0.2415666,5.725975,-6.594315,33.11
14,-0.1845551,-0.043396,0.9818573,1.0,-0.2694397,-0.08016968,0.959671,-33.69186,1.514816,-29.98213,3.143829,0.6162169,0.5652727,1.0,-0.116684,-0.01423645,0.9930573,31.136840000000003,2.150299,-28.88712,3.384918,0.5654746999999999,0.5115308,0.2481714,1.173538,-0.1246106,0.2749601,0.5530008000000001,-0.2533462999999999,5.725975,-6.594315,33.11
14,-0.1845551,-0.043396,0.9818573,1.0,-0.2694397,-0.08016968,0.959671,-33.69186,1.514816,-29.98213,3.143829,0.6162169,0.5652727,1.0,-0.116684,-0.01423645,0.9930573,31.136840000000003,2.150299,-28.88712,3.384918,0.5654746999999999,0.5115308,0.2481714,1.173538,-0.1246106,0.2749601,0.5530008000000001,-0.2533462999999999,5.725975,-6.594315,33.11
14,-0.1845551,-0.043396,0.9818573,1.0,-0.2694397,-0.08016968,0.959671,-33.69186,1.514816,-29.98213,3.143829,0.6162169,0.5652727,1.0,-0.116684,-0.01423645,0.9930573,31.136840000000003,2.150299,-28.88712,3.384918,0.5654746999999999,0.5115308,0.2481714,1.173538,-0.1246106,0.2749601,0.5530008000000001,-0.2533462999999999,5.725975,-6.594315,33.11
14,-0.1300201,0.0161438,0.9913635,1.0,-0.1430817,0.02536011,0.9893799,-33.46356,1.831497,-30.628590000000003,3.5331269999999995,0.5933436,0.5470301,1.0,-0.0670929,-0.02793884,0.997345,31.374340000000004,2.425232,-29.01706,3.430603,0.5515123000000001,0.5047457000000001,0.2520384,1.168339,-0.1341118,0.2819179,0.5680983000000001,-0.2678970999999999,5.725975,-53.67969,33.11
14,-0.1300201,0.0161438,0.9913635,1.0,-0.1430817,0.02536011,0.9893799,-33.46356,1.831497,-30.628590000000003,3.5331269999999995,0.5933436,0.5470301,1.0,-0.0670929,-0.02793884,0.997345,31.374340000000004,2.425232,-29.01706,3.430603,0.5515123000000001,0.5047457000000001,0.2520384,1.168339,-0.1341118,0.2819179,0.5680983000000001,-0.2678970999999999,5.725975,-53.67969,33.11
14,-0.1300201,0.0161438,0.9913635,1.0,-0.1430817,0.02536011,0.9893799,-33.46356,1.831497,-30.628590000000003,3.5331269999999995,0.5933436,0.5470301,1.0,-0.0670929,-0.02793884,0.997345,31.374340000000004,2.425232,-29.01706,3.430603,0.5515123000000001,0.5047457000000001,0.2520384,1.168339,-0.1341118,0.2819179,0.5680983000000001,-0.2678970999999999,5.725975,-53.67969,33.11
14,-0.1205291999999999,-0.144989,0.9820557,1.0,-0.3100281,-0.2465362999999999,0.9181976,-33.68616,0.9057159,-30.11258,2.991821,0.6217508,0.6094143,1.0,-0.1083221,-0.1383057,0.984436,30.70908,1.452042,-28.802570000000003,3.311111,0.5789498000000001,0.5495538000000001,0.2554069,1.163075,-0.142751,0.2890200999999999,0.5796995,-0.283547,5.725975,-53.67969,33.11
14,-0.1205291999999999,-0.144989,0.9820557,1.0,-0.3100281,-0.2465362999999999,0.9181976,-33.68616,0.9057159,-30.11258,2.991821,0.6217508,0.6094143,1.0,-0.1083221,-0.1383057,0.984436,30.70908,1.452042,-28.802570000000003,3.311111,0.5789498000000001,0.5495538000000001,0.2554069,1.163075,-0.142751,0.2890200999999999,0.5796995,-0.283547,5.725975,-53.67969,33.11
14,-0.1205291999999999,-0.144989,0.9820557,1.0,-0.3100281,-0.2465362999999999,0.9181976,-33.68616,0.9057159,-30.11258,2.991821,0.6217508,0.6094143,1.0,-0.1083221,-0.1383057,0.984436,30.70908,1.452042,-28.802570000000003,3.311111,0.5789498000000001,0.5495538000000001,0.2554069,1.163075,-0.142751,0.2890200999999999,0.5796995,-0.283547,5.725975,-53.67969,33.11
14,-0.1632537999999999,-0.2457275,0.9554749,1.0,-0.2770995999999999,-0.279129,0.9193878,-33.47525,0.7867279,-30.09439,3.16481,0.6102259,0.6173597,1.0,-0.1397858,-0.2384796,0.9610291,30.95726,1.453674,-28.72195,3.366684,0.5742033000000001,0.5615864,0.2590096,1.157806,-0.1509138,0.2955587999999999,0.58845,-0.298436,5.725975,-53.67969,33.11
14,-0.1632537999999999,-0.2457275,0.9554749,1.0,-0.2770995999999999,-0.279129,0.9193878,-33.47525,0.7867279,-30.09439,3.16481,0.6102259,0.6173597,1.0,-0.1397858,-0.2384796,0.9610291,30.95726,1.453674,-28.72195,3.366684,0.5742033000000001,0.5615864,0.2590096,1.157806,-0.1509138,0.2955587999999999,0.58845,-0.298436,5.725975,-53.67969,33.11
14,-0.1632537999999999,-0.2457275,0.9554749,1.0,-0.2770995999999999,-0.279129,0.9193878,-33.47525,0.7867279,-30.09439,3.16481,0.6102259,0.6173597,1.0,-0.1397858,-0.2384796,0.9610291,30.95726,1.453674,-28.72195,3.366684,0.5742033000000001,0.5615864,0.2590096,1.157806,-0.1509138,0.2955587999999999,0.58845,-0.298436,5.725975,-53.67969,33.11
14,-0.1546631,-0.2098693999999999,0.9654083,1.0,-0.2286072,-0.2202911,0.9482574,-33.45639,0.8486938,-30.08095,3.046814,0.603173,0.6068161999999999,1.0,-0.09541321,-0.2007293999999999,0.9749756,31.13669,1.516251,-28.66811,3.4861760000000004,0.5626300999999999,0.5538409000000001,0.2621096,1.152433,-0.1581673999999999,0.3027325999999999,0.5936425000000001,-0.3130085,5.551703,-53.67969,33.11
14,-0.1546631,-0.2098693999999999,0.9654083,1.0,-0.2286072,-0.2202911,0.9482574,-33.45639,0.8486938,-30.08095,3.046814,0.603173,0.6068161999999999,1.0,-0.09541321,-0.2007293999999999,0.9749756,31.13669,1.516251,-28.66811,3.4861760000000004,0.5626300999999999,0.5538409000000001,0.2621096,1.152433,-0.1581673999999999,0.3027325999999999,0.5936425000000001,-0.3130085,5.551703,-53.67969,33.11
14,-0.1546631,-0.2098693999999999,0.9654083,1.0,-0.2286072,-0.2202911,0.9482574,-33.45639,0.8486938,-30.08095,3.046814,0.603173,0.6068161999999999,1.0,-0.09541321,-0.2007293999999999,0.9749756,31.13669,1.516251,-28.66811,3.4861760000000004,0.5626300999999999,0.5538409000000001,0.2621096,1.152433,-0.1581673999999999,0.3027325999999999,0.5936425000000001,-0.3130085,5.551703,-53.67969,33.11
14,-0.1155701,-0.176239,0.9775238000000002,1.0,-0.2208862,-0.2180634,0.950592,-33.33611,1.019272,-30.03148,3.136566,0.5979483,0.6000512,1.0,-0.04481506,-0.1471558,0.9880829,31.28674,1.608078,-28.690140000000003,3.474365,0.5515429000000001,0.5439293000000001,0.2661232,1.1475799999999998,-0.1644121,0.3041842,0.5985284000000001,-0.3255334,5.551703,-53.67969,33.11
14,-0.1155701,-0.176239,0.9775238000000002,1.0,-0.2208862,-0.2180634,0.950592,-33.33611,1.019272,-30.03148,3.136566,0.5979483,0.6000512,1.0,-0.04481506,-0.1471558,0.9880829,31.28674,1.608078,-28.690140000000003,3.474365,0.5515429000000001,0.5439293000000001,0.2661232,1.1475799999999998,-0.1644121,0.3041842,0.5985284000000001,-0.3255334,5.551703,-53.67969,33.11
14,-0.1155701,-0.176239,0.9775238000000002,1.0,-0.2208862,-0.2180634,0.950592,-33.33611,1.019272,-30.03148,3.136566,0.5979483,0.6000512,1.0,-0.04481506,-0.1471558,0.9880829,31.28674,1.608078,-28.690140000000003,3.474365,0.5515429000000001,0.5439293000000001,0.2661232,1.1475799999999998,-0.1644121,0.3041842,0.5985284000000001,-0.3255334,5.551703,-53.67969,33.11
14,-0.1964874,-0.1665344,0.9662476,1.0,-0.1970978,-0.1667632999999999,0.9660797,-33.273509999999995,1.335739,-30.06096,3.046692,0.5926585,0.5825322,1.0,-0.04489136,-0.1086578,0.9930573,31.4165,2.081558,-29.3477,3.592102,0.547242,0.5290663000000001,0.2701609,1.142151,-0.1696771,0.3062137,0.6018248,-0.3361901,5.551703,-13.12976,33.11
14,-0.1964874,-0.1665344,0.9662476,1.0,-0.1970978,-0.1667632999999999,0.9660797,-33.273509999999995,1.335739,-30.06096,3.046692,0.5926585,0.5825322,1.0,-0.04489136,-0.1086578,0.9930573,31.4165,2.081558,-29.3477,3.592102,0.547242,0.5290663000000001,0.2701609,1.142151,-0.1696771,0.3062137,0.6018248,-0.3361901,5.551703,-13.12976,33.11
14,-0.1964874,-0.1665344,0.9662476,1.0,-0.1970978,-0.1667632999999999,0.9660797,-33.273509999999995,1.335739,-30.06096,3.046692,0.5926585,0.5825322,1.0,-0.04489136,-0.1086578,0.9930573,31.4165,2.081558,-29.3477,3.592102,0.547242,0.5290663000000001,0.2701609,1.142151,-0.1696771,0.3062137,0.6018248,-0.3361901,5.551703,-13.12976,33.11
14,-0.1999969,-0.1625061,0.966217,1.0,-0.2001494999999999,-0.1625671,0.9661713,-33.26408,1.366837,-30.08189,3.142242,0.592774,0.5811805,1.0,-0.03465271,-0.1053009,0.9938354,31.43588,2.073318,-29.25443,3.563904,0.5453719,0.5280444999999999,0.2730857,1.135869,-0.1740714,0.3118775,0.6001103,-0.3491366,5.551703,-13.12976,33.11
14,-0.1999969,-0.1625061,0.966217,1.0,-0.2001494999999999,-0.1625671,0.9661713,-33.26408,1.366837,-30.08189,3.142242,0.592774,0.5811805,1.0,-0.03465271,-0.1053009,0.9938354,31.43588,2.073318,-29.25443,3.563904,0.5453719,0.5280444999999999,0.2730857,1.135869,-0.1740714,0.3118775,0.6001103,-0.3491366,5.551703,-13.12976,33.11
14,-0.1999969,-0.1625061,0.966217,1.0,-0.2001494999999999,-0.1625671,0.9661713,-33.26408,1.366837,-30.08189,3.142242,0.592774,0.5811805,1.0,-0.03465271,-0.1053009,0.9938354,31.43588,2.073318,-29.25443,3.563904,0.5453719,0.5280444999999999,0.2730857,1.135869,-0.1740714,0.3118775,0.6001103,-0.3491366,5.551703,-13.12976,33.11
14,-0.1999969,-0.1625061,0.966217,1.0,-0.2001494999999999,-0.1625671,0.9661713,-33.26408,1.366837,-30.08189,3.142242,0.592774,0.5811805,1.0,-0.03465271,-0.1053009,0.9938354,31.43588,2.073318,-29.25443,3.563904,0.5453719,0.5280444999999999,0.2730857,1.135869,-0.1740714,0.3118775,0.6001103,-0.3491366,5.551703,-13.12976,33.11
14,-0.1999969,-0.1625061,0.966217,1.0,-0.2001494999999999,-0.1625671,0.9661713,-33.26408,1.366837,-30.08189,3.142242,0.592774,0.5811805,1.0,-0.03465271,-0.1053009,0.9938354,31.43588,2.073318,-29.25443,3.563904,0.5453719,0.5280444999999999,0.2730857,1.135869,-0.1740714,0.3118775,0.6001103,-0.3491366,5.551703,-13.12976,33.11
14,-0.1999969,-0.1625061,0.966217,1.0,-0.2001494999999999,-0.1625671,0.9661713,-33.26408,1.366837,-30.08189,3.142242,0.592774,0.5811805,1.0,-0.03465271,-0.1053009,0.9938354,31.43588,2.073318,-29.25443,3.563904,0.5453719,0.5280444999999999,0.2730857,1.135869,-0.1740714,0.3118775,0.6001103,-0.3491366,5.551703,-13.12976,33.11
14,-0.05279541,-0.4137726,0.9088287,1.0,-0.05792236,-0.4151154,0.9079132,-32.46321,0.03219604,-30.25238,3.0630040000000003,0.5474343,0.6624339,1.0,0.0982666,-0.369339,0.9240723,31.72542,0.631958,-28.9178,3.4416809999999995,0.5193223,0.6070755999999999,0.2762012,1.130365,-0.1774893,0.3205592,0.5946499,-0.3635727,5.551703,-13.12976,33.11
14,-0.05279541,-0.4137726,0.9088287,1.0,-0.05792236,-0.4151154,0.9079132,-32.46321,0.03219604,-30.25238,3.0630040000000003,0.5474343,0.6624339,1.0,0.0982666,-0.369339,0.9240723,31.72542,0.631958,-28.9178,3.4416809999999995,0.5193223,0.6070755999999999,0.2762012,1.130365,-0.1774893,0.3205592,0.5946499,-0.3635727,5.551703,-13.12976,33.11
14,-0.05279541,-0.4137726,0.9088287,1.0,-0.05792236,-0.4151154,0.9079132,-32.46321,0.03219604,-30.25238,3.0630040000000003,0.5474343,0.6624339,1.0,0.0982666,-0.369339,0.9240723,31.72542,0.631958,-28.9178,3.4416809999999995,0.5193223,0.6070755999999999,0.2762012,1.130365,-0.1774893,0.3205592,0.5946499,-0.3635727,5.551703,-13.12976,33.11
14,-0.03990173,-0.4121246,0.9102325,1.0,-0.07070923,-0.4188995,0.9052582,-32.63293,0.1455994,-30.22525,3.035278,0.5549463000000001,0.6587833000000001,1.0,0.06150818,-0.3869475999999999,0.9200439,31.82956,0.769455,-28.87054,3.5135650000000003,0.5201635,0.6042826,0.2811973,1.118609,-0.1827536,0.3302132,0.5882717,-0.3865303,5.551703,-13.12976,33.11
14,-0.03990173,-0.4121246,0.9102325,1.0,-0.07070923,-0.4188995,0.9052582,-32.63293,0.1455994,-30.22525,3.035278,0.5549463000000001,0.6587833000000001,1.0,0.06150818,-0.3869475999999999,0.9200439,31.82956,0.769455,-28.87054,3.5135650000000003,0.5201635,0.6042826,0.2811973,1.118609,-0.1827536,0.3302132,0.5882717,-0.3865303,5.551703,-13.12976,33.11
14,-0.03990173,-0.4121246,0.9102325,1.0,-0.07070923,-0.4188995,0.9052582,-32.63293,0.1455994,-30.22525,3.035278,0.5549463000000001,0.6587833000000001,1.0,0.06150818,-0.3869475999999999,0.9200439,31.82956,0.769455,-28.87054,3.5135650000000003,0.5201635,0.6042826,0.2811973,1.118609,-0.1827536,0.3302132,0.5882717,-0.3865303,5.551703,-13.12976,33.11
15,0.01264954,-0.3871002,0.921936,1.0,-0.06300354,-0.4050902999999999,0.9120941,-32.712340000000005,0.2600708,-30.179890000000004,2.995193,0.5566689,0.6523646,1.0,0.06555176,-0.3730927,0.9254608,31.83966,0.8385162,-28.83252,3.632095,0.5192599,0.5996894,0.2834464,1.112577,-0.1846872999999999,0.3371302,0.5833066,-0.3946229,5.551703,-13.12976,33.11
15,0.01264954,-0.3871002,0.921936,1.0,-0.06300354,-0.4050902999999999,0.9120941,-32.712340000000005,0.2600708,-30.179890000000004,2.995193,0.5566689,0.6523646,1.0,0.06555176,-0.3730927,0.9254608,31.83966,0.8385162,-28.83252,3.632095,0.5192599,0.5996894,0.2834464,1.112577,-0.1846872999999999,0.3371302,0.5833066,-0.3946229,5.551703,-13.12976,33.11
15,0.01264954,-0.3871002,0.921936,1.0,-0.06300354,-0.4050902999999999,0.9120941,-32.712340000000005,0.2600708,-30.179890000000004,2.995193,0.5566689,0.6523646,1.0,0.06555176,-0.3730927,0.9254608,31.83966,0.8385162,-28.83252,3.632095,0.5192599,0.5996894,0.2834464,1.112577,-0.1846872999999999,0.3371302,0.5833066,-0.3946229,5.551703,-13.12976,33.11
15,0.01307678,-0.3505096,0.9364624,1.0,-0.08175659,-0.3480682,0.9338837,-32.78302,0.2366333,-30.17122,3.072098,0.5614763,0.6452515,1.0,0.05926514,-0.3505554,0.9346619,31.83362,0.833786,-28.82835,3.679352,0.5201920999999999,0.5968493,0.284802,1.106892,-0.1860116,0.3445627999999999,0.5779201,-0.404061,5.551703,-13.12976,33.11
15,0.01307678,-0.3505096,0.9364624,1.0,-0.08175659,-0.3480682,0.9338837,-32.78302,0.2366333,-30.17122,3.072098,0.5614763,0.6452515,1.0,0.05926514,-0.3505554,0.9346619,31.83362,0.833786,-28.82835,3.679352,0.5201920999999999,0.5968493,0.284802,1.106892,-0.1860116,0.3445627999999999,0.5779201,-0.404061,5.551703,-13.12976,33.11
15,0.01307678,-0.3505096,0.9364624,1.0,-0.08175659,-0.3480682,0.9338837,-32.78302,0.2366333,-30.17122,3.072098,0.5614763,0.6452515,1.0,0.05926514,-0.3505554,0.9346619,31.83362,0.833786,-28.82835,3.679352,0.5201920999999999,0.5968493,0.284802,1.106892,-0.1860116,0.3445627999999999,0.5779201,-0.404061,5.551703,-13.12976,33.11
15,0.008712769,-0.2814636,0.9595184,1.0,-0.07221985,-0.3148192999999999,0.9463959,-32.81644,0.3325652999999999,-30.15422,3.103683,0.5614303,0.6371912,1.0,0.05583191,-0.2610168,0.9637146,31.82257,0.8579406999999999,-28.80168,3.485001,0.5211971,0.5841751000000001,0.284802,1.106892,-0.1860116,0.3445627999999999,0.5779201,-0.404061,5.551703,11.73645,33.11
15,0.008712769,-0.2814636,0.9595184,1.0,-0.07221985,-0.3148192999999999,0.9463959,-32.81644,0.3325652999999999,-30.15422,3.103683,0.5614303,0.6371912,1.0,0.05583191,-0.2610168,0.9637146,31.82257,0.8579406999999999,-28.80168,3.485001,0.5211971,0.5841751000000001,0.284802,1.106892,-0.1860116,0.3445627999999999,0.5779201,-0.404061,5.551703,11.73645,33.11
15,0.008712769,-0.2814636,0.9595184,1.0,-0.07221985,-0.3148192999999999,0.9463959,-32.81644,0.3325652999999999,-30.15422,3.103683,0.5614303,0.6371912,1.0,0.05583191,-0.2610168,0.9637146,31.82257,0.8579406999999999,-28.80168,3.485001,0.5211971,0.5841751000000001,0.284802,1.106892,-0.1860116,0.3445627999999999,0.5779201,-0.404061,5.551703,11.73645,33.11
15,0.00579834,-0.2736511,0.9618073,1.0,-0.07035828,-0.2966919,0.9523621,-32.85246,0.3945465,-30.13161,3.127289,0.5624391,0.6323624,1.0,0.05241394,-0.258667,0.9645386,31.81029,0.9268036,-28.78001,3.488541000000001,0.5220361,0.5813491,0.2878597,1.095506,-0.186995,0.3566624,0.5675729,-0.4199482,5.551703,11.73645,33.11
15,0.00579834,-0.2736511,0.9618073,1.0,-0.07035828,-0.2966919,0.9523621,-32.85246,0.3945465,-30.13161,3.127289,0.5624391,0.6323624,1.0,0.05241394,-0.258667,0.9645386,31.81029,0.9268036,-28.78001,3.488541000000001,0.5220361,0.5813491,0.2878597,1.095506,-0.186995,0.3566624,0.5675729,-0.4199482,5.551703,11.73645,33.11
15,0.00579834,-0.2736511,0.9618073,1.0,-0.07035828,-0.2966919,0.9523621,-32.85246,0.3945465,-30.13161,3.127289,0.5624391,0.6323624,1.0,0.05241394,-0.258667,0.9645386,31.81029,0.9268036,-28.78001,3.488541000000001,0.5220361,0.5813491,0.2878597,1.095506,-0.186995,0.3566624,0.5675729,-0.4199482,5.551703,11.73645,33.11
15,3.051758e-05,-0.2359313999999999,0.971756,1.0,-0.0791626,-0.2529449,0.9642181,-32.86327,0.3783264,-30.1463,3.389313,0.5640940999999999,0.6273727,1.0,0.05357361,-0.2235413,0.9732056,31.82651,0.9468841999999998,-28.760440000000003,3.741837,0.521155,0.5761101,0.2891465,1.090155,-0.1864864,0.3622578,0.5615376999999999,-0.4272607,5.551703,11.73645,33.11
15,3.051758e-05,-0.2359313999999999,0.971756,1.0,-0.0791626,-0.2529449,0.9642181,-32.86327,0.3783264,-30.1463,3.389313,0.5640940999999999,0.6273727,1.0,0.05357361,-0.2235413,0.9732056,31.82651,0.9468841999999998,-28.760440000000003,3.741837,0.521155,0.5761101,0.2891465,1.090155,-0.1864864,0.3622578,0.5615376999999999,-0.4272607,5.551703,11.73645,33.11
15,3.051758e-05,-0.2359313999999999,0.971756,1.0,-0.0791626,-0.2529449,0.9642181,-32.86327,0.3783264,-30.1463,3.389313,0.5640940999999999,0.6273727,1.0,0.05357361,-0.2235413,0.9732056,31.82651,0.9468841999999998,-28.760440000000003,3.741837,0.521155,0.5761101,0.2891465,1.090155,-0.1864864,0.3622578,0.5615376999999999,-0.4272607,5.551703,11.73645,33.11
15,0.1221466,-0.3135375999999999,0.9416809000000002,1.0,0.01527405,-0.3425597999999999,0.9393616,-32.32143,0.0069732669999999,-30.26768,3.235107,0.5334565,0.653345,1.0,0.1818085,-0.2954712,0.9378815,32.145509999999994,0.6135406,-28.86424,3.717239,0.4947922999999999,0.5974803000000001,0.2900848,1.085066,-0.1849832,0.3688987,0.5528085,-0.4337140999999999,5.551703,11.73645,33.11
15,0.1221466,-0.3135375999999999,0.9416809000000002,1.0,0.01527405,-0.3425597999999999,0.9393616,-32.32143,0.0069732669999999,-30.26768,3.235107,0.5334565,0.653345,1.0,0.1818085,-0.2954712,0.9378815,32.145509999999994,0.6135406,-28.86424,3.717239,0.4947922999999999,0.5974803000000001,0.2900848,1.085066,-0.1849832,0.3688987,0.5528085,-0.4337140999999999,5.551703,11.73645,33.11
15,0.1221466,-0.3135375999999999,0.9416809000000002,1.0,0.01527405,-0.3425597999999999,0.9393616,-32.32143,0.0069732669999999,-30.26768,3.235107,0.5334565,0.653345,1.0,0.1818085,-0.2954712,0.9378815,32.145509999999994,0.6135406,-28.86424,3.717239,0.4947922999999999,0.5974803000000001,0.2900848,1.085066,-0.1849832,0.3688987,0.5528085,-0.4337140999999999,5.551703,11.73645,33.11
15,0.3160706,-0.4237212999999999,0.8488464,1.0,0.2141876,-0.4309386999999999,0.8765869000000001,-31.27542,-0.5163727,-30.661040000000003,3.086273,0.4715875,0.6893560999999999,1.0,0.3468781,-0.4205322,0.8383331,33.09134,-0.02133179,-29.28494,3.801529,0.4412831,0.6407567,0.2904397999999999,1.080126,-0.1827513999999999,0.3757689,0.5404539,-0.4394369000000001,5.551703,23.11673,33.11
15,0.3160706,-0.4237212999999999,0.8488464,1.0,0.2141876,-0.4309386999999999,0.8765869000000001,-31.27542,-0.5163727,-30.661040000000003,3.086273,0.4715875,0.6893560999999999,1.0,0.3468781,-0.4205322,0.8383331,33.09134,-0.02133179,-29.28494,3.801529,0.4412831,0.6407567,0.2904397999999999,1.080126,-0.1827513999999999,0.3757689,0.5404539,-0.4394369000000001,5.551703,23.11673,33.11
15,0.3160706,-0.4237212999999999,0.8488464,1.0,0.2141876,-0.4309386999999999,0.8765869000000001,-31.27542,-0.5163727,-30.661040000000003,3.086273,0.4715875,0.6893560999999999,1.0,0.3468781,-0.4205322,0.8383331,33.09134,-0.02133179,-29.28494,3.801529,0.4412831,0.6407567,0.2904397999999999,1.080126,-0.1827513999999999,0.3757689,0.5404539,-0.4394369000000001,5.551703,23.11673,33.11
15,0.311264,-0.4409636999999999,0.8418121,1.0,0.2044067,-0.4545441,0.8669434000000001,-31.26489,-0.4410706,-30.63751,2.936249,0.4721769,0.6898546999999999,1.0,0.3492889,-0.4346619,0.8300780999999999,33.10934,-0.007141113,-29.294040000000003,3.771759,0.4402954,0.6423525,0.2910509,1.075759,-0.179904,0.3794356,0.5309669,-0.4453903,5.551703,23.11673,33.11
15,0.311264,-0.4409636999999999,0.8418121,1.0,0.2044067,-0.4545441,0.8669434000000001,-31.26489,-0.4410706,-30.63751,2.936249,0.4721769,0.6898546999999999,1.0,0.3492889,-0.4346619,0.8300780999999999,33.10934,-0.007141113,-29.294040000000003,3.771759,0.4402954,0.6423525,0.2910509,1.075759,-0.179904,0.3794356,0.5309669,-0.4453903,5.551703,23.11673,33.11
15,0.311264,-0.4409636999999999,0.8418121,1.0,0.2044067,-0.4545441,0.8669434000000001,-31.26489,-0.4410706,-30.63751,2.936249,0.4721769,0.6898546999999999,1.0,0.3492889,-0.4346619,0.8300780999999999,33.10934,-0.007141113,-29.294040000000003,3.771759,0.4402954,0.6423525,0.2910509,1.075759,-0.179904,0.3794356,0.5309669,-0.4453903,5.551703,23.11673,33.11
15,0.2988586,-0.3964233,0.8680573,1.0,0.2089538999999999,-0.3972168,0.8936156999999999,-31.50476,-0.4517975,-30.603240000000003,3.252716,0.4806774,0.6815150999999999,1.0,0.3621521,-0.393692,0.8448791999999999,33.03055,0.1588898,-29.21283,3.695374,0.441635,0.6303534000000001,0.2916006,1.072187,-0.1766279,0.3825324,0.5233935000000001,-0.4498955,5.551703,23.11673,33.11
15,0.2988586,-0.3964233,0.8680573,1.0,0.2089538999999999,-0.3972168,0.8936156999999999,-31.50476,-0.4517975,-30.603240000000003,3.252716,0.4806774,0.6815150999999999,1.0,0.3621521,-0.393692,0.8448791999999999,33.03055,0.1588898,-29.21283,3.695374,0.441635,0.6303534000000001,0.2916006,1.072187,-0.1766279,0.3825324,0.5233935000000001,-0.4498955,5.551703,23.11673,33.11
15,0.2988586,-0.3964233,0.8680573,1.0,0.2089538999999999,-0.3972168,0.8936156999999999,-31.50476,-0.4517975,-30.603240000000003,3.252716,0.4806774,0.6815150999999999,1.0,0.3621521,-0.393692,0.8448791999999999,33.03055,0.1588898,-29.21283,3.695374,0.441635,0.6303534000000001,0.2916006,1.072187,-0.1766279,0.3825324,0.5233935000000001,-0.4498955,5.551703,23.11673,33.11
15,0.2753296,-0.3836974999999999,0.8814392,1.0,0.1903381,-0.383316,0.9037781,-31.53568,-0.4805297999999999,-30.598540000000003,3.408493,0.4843664000000001,0.6803005,1.0,0.3465881,-0.3816680999999999,0.856842,32.99425,0.1384277,-29.19005,3.611618,0.4449197,0.6290444000000001,0.2919947,1.069287,-0.1728325,0.3854580999999999,0.5154126,-0.4516478,5.551703,23.11673,33.11
15,0.2753296,-0.3836974999999999,0.8814392,1.0,0.1903381,-0.383316,0.9037781,-31.53568,-0.4805297999999999,-30.598540000000003,3.408493,0.4843664000000001,0.6803005,1.0,0.3465881,-0.3816680999999999,0.856842,32.99425,0.1384277,-29.19005,3.611618,0.4449197,0.6290444000000001,0.2919947,1.069287,-0.1728325,0.3854580999999999,0.5154126,-0.4516478,5.551703,23.11673,33.11
15,0.2753296,-0.3836974999999999,0.8814392,1.0,0.1903381,-0.383316,0.9037781,-31.53568,-0.4805297999999999,-30.598540000000003,3.408493,0.4843664000000001,0.6803005,1.0,0.3465881,-0.3816680999999999,0.856842,32.99425,0.1384277,-29.19005,3.611618,0.4449197,0.6290444000000001,0.2919947,1.069287,-0.1728325,0.3854580999999999,0.5154126,-0.4516478,5.551703,23.11673,33.11
15,0.2609863,-0.3674315999999999,0.8926697,1.0,0.1726837,-0.3745422,0.9109802,-31.56065,-0.5095978,-30.60106,3.384064,0.4874255,0.6799934,1.0,0.3286743,-0.3597565,0.87323,33.02254,0.05912781,-29.20313,3.652679,0.4462605999999999,0.6287463000000001,0.2920410999999999,1.067418,-0.1683198,0.3912890999999999,0.5059577999999999,-0.4499614999999999,5.551703,-50.26165,33.11
15,0.2609863,-0.3674315999999999,0.8926697,1.0,0.1726837,-0.3745422,0.9109802,-31.56065,-0.5095978,-30.60106,3.384064,0.4874255,0.6799934,1.0,0.3286743,-0.3597565,0.87323,33.02254,0.05912781,-29.20313,3.652679,0.4462605999999999,0.6287463000000001,0.2920410999999999,1.067418,-0.1683198,0.3912890999999999,0.5059577999999999,-0.4499614999999999,5.551703,-50.26165,33.11
15,0.2609863,-0.3674315999999999,0.8926697,1.0,0.1726837,-0.3745422,0.9109802,-31.56065,-0.5095978,-30.60106,3.384064,0.4874255,0.6799934,1.0,0.3286743,-0.3597565,0.87323,33.02254,0.05912781,-29.20313,3.652679,0.4462605999999999,0.6287463000000001,0.2920410999999999,1.067418,-0.1683198,0.3912890999999999,0.5059577999999999,-0.4499614999999999,5.551703,-50.26165,33.11
15,0.2543335,-0.3543243,0.8998565999999999,1.0,0.1729279,-0.3645782,0.9149628,-31.639190000000003,-0.6655273,-30.65573,3.16925,0.4898195999999999,0.6847627,1.0,0.3197937,-0.3440552,0.8827972,32.992490000000004,-0.1661377,-29.26353,3.762512,0.4483317,0.6349020000000001,0.2915432,1.066392,-0.1634197999999999,0.3970357,0.495928,-0.4483846999999999,5.551703,-50.26165,33.11
15,0.2543335,-0.3543243,0.8998565999999999,1.0,0.1729279,-0.3645782,0.9149628,-31.639190000000003,-0.6655273,-30.65573,3.16925,0.4898195999999999,0.6847627,1.0,0.3197937,-0.3440552,0.8827972,32.992490000000004,-0.1661377,-29.26353,3.762512,0.4483317,0.6349020000000001,0.2915432,1.066392,-0.1634197999999999,0.3970357,0.495928,-0.4483846999999999,5.551703,-50.26165,33.11
15,0.2543335,-0.3543243,0.8998565999999999,1.0,0.1729279,-0.3645782,0.9149628,-31.639190000000003,-0.6655273,-30.65573,3.16925,0.4898195999999999,0.6847627,1.0,0.3197937,-0.3440552,0.8827972,32.992490000000004,-0.1661377,-29.26353,3.762512,0.4483317,0.6349020000000001,0.2915432,1.066392,-0.1634197999999999,0.3970357,0.495928,-0.4483846999999999,5.551703,-50.26165,33.11
15,0.2471161,-0.3334351,0.90979,1.0,0.1594696,-0.3265839,0.9316101,-31.64578,-0.7474365,-30.671840000000003,3.279892,0.4919451,0.6824380999999999,1.0,0.3042297,-0.3364868,0.8911743000000001,33.01843,-0.1873779,-29.26137,3.769974,0.4494104999999999,0.6344665,0.2914267,1.065941,-0.1583961,0.3984679,0.4888311999999999,-0.4463314999999999,5.551703,-50.26165,33.11
15,0.2471161,-0.3334351,0.90979,1.0,0.1594696,-0.3265839,0.9316101,-31.64578,-0.7474365,-30.671840000000003,3.279892,0.4919451,0.6824380999999999,1.0,0.3042297,-0.3364868,0.8911743000000001,33.01843,-0.1873779,-29.26137,3.769974,0.4494104999999999,0.6344665,0.2914267,1.065941,-0.1583961,0.3984679,0.4888311999999999,-0.4463314999999999,5.551703,-50.26165,33.11
15,0.2471161,-0.3334351,0.90979,1.0,0.1594696,-0.3265839,0.9316101,-31.64578,-0.7474365,-30.671840000000003,3.279892,0.4919451,0.6824380999999999,1.0,0.3042297,-0.3364868,0.8911743000000001,33.01843,-0.1873779,-29.26137,3.769974,0.4494104999999999,0.6344665,0.2914267,1.065941,-0.1583961,0.3984679,0.4888311999999999,-0.4463314999999999,5.551703,-50.26165,33.11
15,0.2323456,-0.3126373,0.9210052,1.0,0.1473999,-0.330307,0.9322815,-31.678890000000003,-0.6845856,-30.64198,3.3808290000000003,0.4947642,0.680331,1.0,0.2981873,-0.2969817999999999,0.9071198,32.97168,-0.08053589,-29.19887,3.623062,0.4519641,0.6249076,0.2914267,1.065941,-0.1583961,0.3984679,0.4888311999999999,-0.4463314999999999,5.551703,-50.26165,33.11
15,0.2323456,-0.3126373,0.9210052,1.0,0.1473999,-0.330307,0.9322815,-31.678890000000003,-0.6845856,-30.64198,3.3808290000000003,0.4947642,0.680331,1.0,0.2981873,-0.2969817999999999,0.9071198,32.97168,-0.08053589,-29.19887,3.623062,0.4519641,0.6249076,0.2914267,1.065941,-0.1583961,0.3984679,0.4888311999999999,-0.4463314999999999,5.551703,-50.26165,33.11
15,0.2323456,-0.3126373,0.9210052,1.0,0.1473999,-0.330307,0.9322815,-31.678890000000003,-0.6845856,-30.64198,3.3808290000000003,0.4947642,0.680331,1.0,0.2981873,-0.2969817999999999,0.9071198,32.97168,-0.08053589,-29.19887,3.623062,0.4519641,0.6249076,0.2914267,1.065941,-0.1583961,0.3984679,0.4888311999999999,-0.4463314999999999,5.551703,-50.26165,33.11
15,0.2192840999999999,-0.2883301,0.9320679,1.0,0.1391296,-0.3005981,0.9435272,-31.75751,-0.797348,-30.65878,3.3134,0.4984829,0.6803924,1.0,0.2845001,-0.2767029,0.9178619,32.92886,-0.1572876,-29.19032,3.79213,0.4551346999999999,0.6247536,0.2912854,1.066589,-0.1475002,0.4011932,0.4727901,-0.4391835,5.551703,-50.26165,33.11
15,0.2192840999999999,-0.2883301,0.9320679,1.0,0.1391296,-0.3005981,0.9435272,-31.75751,-0.797348,-30.65878,3.3134,0.4984829,0.6803924,1.0,0.2845001,-0.2767029,0.9178619,32.92886,-0.1572876,-29.19032,3.79213,0.4551346999999999,0.6247536,0.2912854,1.066589,-0.1475002,0.4011932,0.4727901,-0.4391835,5.551703,-50.26165,33.11
15,0.2192840999999999,-0.2883301,0.9320679,1.0,0.1391296,-0.3005981,0.9435272,-31.75751,-0.797348,-30.65878,3.3134,0.4984829,0.6803924,1.0,0.2845001,-0.2767029,0.9178619,32.92886,-0.1572876,-29.19032,3.79213,0.4551346999999999,0.6247536,0.2912854,1.066589,-0.1475002,0.4011932,0.4727901,-0.4391835,5.551703,-50.26165,33.11
15,0.2328949,-0.2854614,0.929657,1.0,0.1399688999999999,-0.2997742,0.9436798,-31.78838,-0.8463745,-30.673540000000003,3.240173,0.4993532,0.6821679,1.0,0.2840424,-0.2763214,0.9181213,32.92398,-0.1825408999999999,-29.19226,3.796036,0.455348,0.6255875,0.2912854,1.066589,-0.1475002,0.4011932,0.4727901,-0.4391835,5.551703,-11.90598,33.11
15,0.2328949,-0.2854614,0.929657,1.0,0.1399688999999999,-0.2997742,0.9436798,-31.78838,-0.8463745,-30.673540000000003,3.240173,0.4993532,0.6821679,1.0,0.2840424,-0.2763214,0.9181213,32.92398,-0.1825408999999999,-29.19226,3.796036,0.455348,0.6255875,0.2912854,1.066589,-0.1475002,0.4011932,0.4727901,-0.4391835,5.551703,-11.90598,33.11
15,0.2328949,-0.2854614,0.929657,1.0,0.1399688999999999,-0.2997742,0.9436798,-31.78838,-0.8463745,-30.673540000000003,3.240173,0.4993532,0.6821679,1.0,0.2840424,-0.2763214,0.9181213,32.92398,-0.1825408999999999,-29.19226,3.796036,0.455348,0.6255875,0.2912854,1.066589,-0.1475002,0.4011932,0.4727901,-0.4391835,5.551703,-11.90598,33.11
15,0.2162627999999999,-0.2813873,0.9348907,1.0,0.1319733,-0.2953795999999999,0.9462128,-31.83687,-0.8719482,-30.67035,3.246964,0.5020671,0.6824180000000001,1.0,0.2706757,-0.2710876,0.9237061,32.922,-0.1825408999999999,-29.19226,3.784531,0.4570859,0.6248269000000001,0.2898151,1.068273,-0.136372,0.4025813,0.4567151,-0.4307905999999999,5.551703,-11.90598,33.11
15,0.2162627999999999,-0.2813873,0.9348907,1.0,0.1319733,-0.2953795999999999,0.9462128,-31.83687,-0.8719482,-30.67035,3.246964,0.5020671,0.6824180000000001,1.0,0.2706757,-0.2710876,0.9237061,32.922,-0.1825408999999999,-29.19226,3.784531,0.4570859,0.6248269000000001,0.2898151,1.068273,-0.136372,0.4025813,0.4567151,-0.4307905999999999,5.551703,-11.90598,33.11
15,0.2162627999999999,-0.2813873,0.9348907,1.0,0.1319733,-0.2953795999999999,0.9462128,-31.83687,-0.8719482,-30.67035,3.246964,0.5020671,0.6824180000000001,1.0,0.2706757,-0.2710876,0.9237061,32.922,-0.1825408999999999,-29.19226,3.784531,0.4570859,0.6248269000000001,0.2898151,1.068273,-0.136372,0.4025813,0.4567151,-0.4307905999999999,5.551703,-11.90598,33.11
15,0.2138518999999999,-0.2791901,0.9361115,1.0,0.1259308,-0.2971190999999999,0.9464874,-31.85289,-0.8758239999999999,-30.67035,3.23349,0.5033628,0.6827627,1.0,0.2661895999999999,-0.2672424,0.9261169,32.91359,-0.1936493,-29.18878,3.782516,0.4579361,0.6246491,0.2888834,1.069634,-0.1303127,0.4032659,0.4478488,-0.4257459,5.551703,-11.90598,33.11
15,0.2138518999999999,-0.2791901,0.9361115,1.0,0.1259308,-0.2971190999999999,0.9464874,-31.85289,-0.8758239999999999,-30.67035,3.23349,0.5033628,0.6827627,1.0,0.2661895999999999,-0.2672424,0.9261169,32.91359,-0.1936493,-29.18878,3.782516,0.4579361,0.6246491,0.2888834,1.069634,-0.1303127,0.4032659,0.4478488,-0.4257459,5.551703,-11.90598,33.11
15,0.2138518999999999,-0.2791901,0.9361115,1.0,0.1259308,-0.2971190999999999,0.9464874,-31.85289,-0.8758239999999999,-30.67035,3.23349,0.5033628,0.6827627,1.0,0.2661895999999999,-0.2672424,0.9261169,32.91359,-0.1936493,-29.18878,3.782516,0.4579361,0.6246491,0.2888834,1.069634,-0.1303127,0.4032659,0.4478488,-0.4257459,5.551703,-11.90598,33.11
15,0.2859802,-0.2552337999999999,0.9236145,1.0,0.1716614,-0.2740784,0.9462585,-31.40836,-0.70224,-30.70422,3.17363,0.4820253,0.6740041999999999,1.0,0.3305511,-0.2467041,0.910965,33.06363,-0.1698761,-29.21265,3.854828,0.4448313,0.6218438000000001,0.2872465999999999,1.071107,-0.1238291999999999,0.4050777,0.4366029999999999,-0.41821,5.551703,-11.90598,33.11
15,0.2859802,-0.2552337999999999,0.9236145,1.0,0.1716614,-0.2740784,0.9462585,-31.40836,-0.70224,-30.70422,3.17363,0.4820253,0.6740041999999999,1.0,0.3305511,-0.2467041,0.910965,33.06363,-0.1698761,-29.21265,3.854828,0.4448313,0.6218438000000001,0.2872465999999999,1.071107,-0.1238291999999999,0.4050777,0.4366029999999999,-0.41821,5.551703,-11.90598,33.11
15,0.2859802,-0.2552337999999999,0.9236145,1.0,0.1716614,-0.2740784,0.9462585,-31.40836,-0.70224,-30.70422,3.17363,0.4820253,0.6740041999999999,1.0,0.3305511,-0.2467041,0.910965,33.06363,-0.1698761,-29.21265,3.854828,0.4448313,0.6218438000000001,0.2872465999999999,1.071107,-0.1238291999999999,0.4050777,0.4366029999999999,-0.41821,5.551703,-11.90598,33.11
15,0.320343,-0.2781525,0.9055328,1.0,0.1872406,-0.3207244999999999,0.9284668,-31.13307,-0.5505675999999999,-30.72981,3.238144,0.4704515999999999,0.6753553000000001,1.0,0.3629761,-0.2628479,0.8939514000000001,33.17021,-0.2322235,-29.27281,3.81987,0.4369904999999999,0.6269047,0.2872465999999999,1.071107,-0.1238291999999999,0.4050777,0.4366029999999999,-0.41821,5.551703,-11.90598,33.11
15,0.320343,-0.2781525,0.9055328,1.0,0.1872406,-0.3207244999999999,0.9284668,-31.13307,-0.5505675999999999,-30.72981,3.238144,0.4704515999999999,0.6753553000000001,1.0,0.3629761,-0.2628479,0.8939514000000001,33.17021,-0.2322235,-29.27281,3.81987,0.4369904999999999,0.6269047,0.2872465999999999,1.071107,-0.1238291999999999,0.4050777,0.4366029999999999,-0.41821,5.551703,-11.90598,33.11
15,0.320343,-0.2781525,0.9055328,1.0,0.1872406,-0.3207244999999999,0.9284668,-31.13307,-0.5505675999999999,-30.72981,3.238144,0.4704515999999999,0.6753553000000001,1.0,0.3629761,-0.2628479,0.8939514000000001,33.17021,-0.2322235,-29.27281,3.81987,0.4369904999999999,0.6269047,0.2872465999999999,1.071107,-0.1238291999999999,0.4050777,0.4366029999999999,-0.41821,5.551703,-11.90598,33.11
15,0.3915863,-0.2473755,0.8862610000000001,1.0,0.2770995999999999,-0.241394,0.9300079,-30.81544,-0.493515,-30.86017,3.3729400000000003,0.4484244,0.6647363000000001,1.0,0.4531403,-0.2490845,0.8559264999999999,33.452290000000005,-0.2179107999999999,-29.40492,4.002686,0.4157012,0.6269758000000001,0.281707,1.075144,-0.1082211,0.4064986,0.4082551,-0.4008570999999999,5.551703,-11.90598,33.11
15,0.3915863,-0.2473755,0.8862610000000001,1.0,0.2770995999999999,-0.241394,0.9300079,-30.81544,-0.493515,-30.86017,3.3729400000000003,0.4484244,0.6647363000000001,1.0,0.4531403,-0.2490845,0.8559264999999999,33.452290000000005,-0.2179107999999999,-29.40492,4.002686,0.4157012,0.6269758000000001,0.281707,1.075144,-0.1082211,0.4064986,0.4082551,-0.4008570999999999,5.551703,-11.90598,33.11
15,0.3915863,-0.2473755,0.8862610000000001,1.0,0.2770995999999999,-0.241394,0.9300079,-30.81544,-0.493515,-30.86017,3.3729400000000003,0.4484244,0.6647363000000001,1.0,0.4531403,-0.2490845,0.8559264999999999,33.452290000000005,-0.2179107999999999,-29.40492,4.002686,0.4157012,0.6269758000000001,0.281707,1.075144,-0.1082211,0.4064986,0.4082551,-0.4008570999999999,5.551703,-11.90598,33.11
15,0.3915863,-0.2473755,0.8862610000000001,1.0,0.2770995999999999,-0.241394,0.9300079,-30.81544,-0.493515,-30.86017,3.3729400000000003,0.4484244,0.6647363000000001,1.0,0.4531403,-0.2490845,0.8559264999999999,33.452290000000005,-0.2179107999999999,-29.40492,4.002686,0.4157012,0.6269758000000001,0.281707,1.075144,-0.1082211,0.4064986,0.4082551,-0.4008570999999999,5.551703,26.65398,33.11
15,0.3915863,-0.2473755,0.8862610000000001,1.0,0.2770995999999999,-0.241394,0.9300079,-30.81544,-0.493515,-30.86017,3.3729400000000003,0.4484244,0.6647363000000001,1.0,0.4531403,-0.2490845,0.8559264999999999,33.452290000000005,-0.2179107999999999,-29.40492,4.002686,0.4157012,0.6269758000000001,0.281707,1.075144,-0.1082211,0.4064986,0.4082551,-0.4008570999999999,5.551703,26.65398,33.11
15,0.3915863,-0.2473755,0.8862610000000001,1.0,0.2770995999999999,-0.241394,0.9300079,-30.81544,-0.493515,-30.86017,3.3729400000000003,0.4484244,0.6647363000000001,1.0,0.4531403,-0.2490845,0.8559264999999999,33.452290000000005,-0.2179107999999999,-29.40492,4.002686,0.4157012,0.6269758000000001,0.281707,1.075144,-0.1082211,0.4064986,0.4082551,-0.4008570999999999,5.551703,26.65398,33.11
15,0.3700256,-0.2451477,0.8960876,1.0,0.2700805999999999,-0.2322235,0.9344025,-30.83682,-0.4486083999999999,-30.84036,3.457886,0.4502487,0.6616611,1.0,0.4337616,-0.252121,0.8650208,33.53569,-0.228714,-29.40572,3.931763,0.4153174,0.6274444,0.2733145999999999,1.083197,-0.08935761,0.4030208,0.3740905,-0.376506,5.551703,26.65398,33.11
15,0.3700256,-0.2451477,0.8960876,1.0,0.2700805999999999,-0.2322235,0.9344025,-30.83682,-0.4486083999999999,-30.84036,3.457886,0.4502487,0.6616611,1.0,0.4337616,-0.252121,0.8650208,33.53569,-0.228714,-29.40572,3.931763,0.4153174,0.6274444,0.2733145999999999,1.083197,-0.08935761,0.4030208,0.3740905,-0.376506,5.551703,26.65398,33.11
15,0.3700256,-0.2451477,0.8960876,1.0,0.2700805999999999,-0.2322235,0.9344025,-30.83682,-0.4486083999999999,-30.84036,3.457886,0.4502487,0.6616611,1.0,0.4337616,-0.252121,0.8650208,33.53569,-0.228714,-29.40572,3.931763,0.4153174,0.6274444,0.2733145999999999,1.083197,-0.08935761,0.4030208,0.3740905,-0.376506,5.551703,26.65398,33.11
15,0.3287200999999999,-0.2503357,0.9106293,1.0,0.2191467,-0.2425078999999999,0.9450684,-30.95424,-0.4821014,-30.79428,3.181671,0.4602752,0.6631848000000001,1.0,0.386795,-0.2532196,0.8867035,33.62019,-0.2290649,-29.40704,3.949356,0.4184442,0.6270428000000001,0.2682819,1.089286,-0.08018178,0.3973432,0.359014,-0.3612411,5.551703,26.65398,33.11
15,0.3287200999999999,-0.2503357,0.9106293,1.0,0.2191467,-0.2425078999999999,0.9450684,-30.95424,-0.4821014,-30.79428,3.181671,0.4602752,0.6631848000000001,1.0,0.386795,-0.2532196,0.8867035,33.62019,-0.2290649,-29.40704,3.949356,0.4184442,0.6270428000000001,0.2682819,1.089286,-0.08018178,0.3973432,0.359014,-0.3612411,5.551703,26.65398,33.11
15,0.3287200999999999,-0.2503357,0.9106293,1.0,0.2191467,-0.2425078999999999,0.9450684,-30.95424,-0.4821014,-30.79428,3.181671,0.4602752,0.6631848000000001,1.0,0.386795,-0.2532196,0.8867035,33.62019,-0.2290649,-29.40704,3.949356,0.4184442,0.6270428000000001,0.2682819,1.089286,-0.08018178,0.3973432,0.359014,-0.3612411,5.551703,26.65398,33.11
15,0.3287200999999999,-0.2503357,0.9106293,1.0,0.2191467,-0.2425078999999999,0.9450684,-30.95424,-0.4821014,-30.79428,3.181671,0.4602752,0.6631848000000001,1.0,0.386795,-0.2532196,0.8867035,33.62019,-0.2290649,-29.40704,3.949356,0.4184442,0.6270428000000001,0.2635994,1.097129,-0.07158643,0.3885745999999999,0.3467281,-0.3447505,5.551703,26.65398,33.11
15,0.3287200999999999,-0.2503357,0.9106293,1.0,0.2191467,-0.2425078999999999,0.9450684,-30.95424,-0.4821014,-30.79428,3.181671,0.4602752,0.6631848000000001,1.0,0.386795,-0.2532196,0.8867035,33.62019,-0.2290649,-29.40704,3.949356,0.4184442,0.6270428000000001,0.2635994,1.097129,-0.07158643,0.3885745999999999,0.3467281,-0.3447505,5.551703,26.65398,33.11
15,0.3287200999999999,-0.2503357,0.9106293,1.0,0.2191467,-0.2425078999999999,0.9450684,-30.95424,-0.4821014,-30.79428,3.181671,0.4602752,0.6631848000000001,1.0,0.386795,-0.2532196,0.8867035,33.62019,-0.2290649,-29.40704,3.949356,0.4184442,0.6270428000000001,0.2635994,1.097129,-0.07158643,0.3885745999999999,0.3467281,-0.3447505,5.551703,26.65398,33.11
15,0.2516479,-0.2521666999999999,0.9343719,1.0,0.1802521,-0.2624054,0.9479675,-31.34512,-0.3285522,-30.67143,3.361649,0.4791329000000001,0.6589699,1.0,0.3267517,-0.2396698,0.9141998,33.37563,0.07572937,-29.21156,4.001968,0.4347207,0.6124499,0.2587141,1.105919,-0.0641281,0.3789671,0.3367215,-0.3250225999999999,5.551703,26.65398,33.11
15,0.2516479,-0.2521666999999999,0.9343719,1.0,0.1802521,-0.2624054,0.9479675,-31.34512,-0.3285522,-30.67143,3.361649,0.4791329000000001,0.6589699,1.0,0.3267517,-0.2396698,0.9141998,33.37563,0.07572937,-29.21156,4.001968,0.4347207,0.6124499,0.2587141,1.105919,-0.0641281,0.3789671,0.3367215,-0.3250225999999999,5.551703,26.65398,33.11
15,0.2516479,-0.2521666999999999,0.9343719,1.0,0.1802521,-0.2624054,0.9479675,-31.34512,-0.3285522,-30.67143,3.361649,0.4791329000000001,0.6589699,1.0,0.3267517,-0.2396698,0.9141998,33.37563,0.07572937,-29.21156,4.001968,0.4347207,0.6124499,0.2587141,1.105919,-0.0641281,0.3789671,0.3367215,-0.3250225999999999,5.551703,26.65398,33.11
15,0.2103728999999999,-0.284256,0.935379,1.0,0.1495361,-0.2980194,0.9427643,-31.49962,-0.4527893,-30.66278,3.134399,0.4879496,0.6678647,1.0,0.3010100999999999,-0.2612457,0.9171295,33.22824,0.05412292,-29.16086,3.882614,0.4429527,0.6152806,0.2529003999999999,1.114269,-0.05827326,0.3687,0.3307774,-0.3084414,5.551703,25.0714,33.11
15,0.2103728999999999,-0.284256,0.935379,1.0,0.1495361,-0.2980194,0.9427643,-31.49962,-0.4527893,-30.66278,3.134399,0.4879496,0.6678647,1.0,0.3010100999999999,-0.2612457,0.9171295,33.22824,0.05412292,-29.16086,3.882614,0.4429527,0.6152806,0.2529003999999999,1.114269,-0.05827326,0.3687,0.3307774,-0.3084414,5.551703,25.0714,33.11
15,0.2103728999999999,-0.284256,0.935379,1.0,0.1495361,-0.2980194,0.9427643,-31.49962,-0.4527893,-30.66278,3.134399,0.4879496,0.6678647,1.0,0.3010100999999999,-0.2612457,0.9171295,33.22824,0.05412292,-29.16086,3.882614,0.4429527,0.6152806,0.2529003999999999,1.114269,-0.05827326,0.3687,0.3307774,-0.3084414,5.551703,25.0714,33.11
15,0.2347107,-0.1127014,0.9654999,1.0,0.05899048,-0.1202087,0.9909821,-31.71136,0.6960297,-31.977390000000003,3.338165,0.5077192,0.6170800000000001,1.0,0.2355804,-0.1126556,0.9652863000000002,32.69531,0.6734314,-28.86249,3.754501,0.4698327999999999,0.5725045,0.2482915,1.123499,-0.05211431,0.3566071,0.3252968,-0.288644,5.551703,25.0714,33.11
15,0.2347107,-0.1127014,0.9654999,1.0,0.05899048,-0.1202087,0.9909821,-31.71136,0.6960297,-31.977390000000003,3.338165,0.5077192,0.6170800000000001,1.0,0.2355804,-0.1126556,0.9652863000000002,32.69531,0.6734314,-28.86249,3.754501,0.4698327999999999,0.5725045,0.2482915,1.123499,-0.05211431,0.3566071,0.3252968,-0.288644,5.551703,25.0714,33.11
15,0.2347107,-0.1127014,0.9654999,1.0,0.05899048,-0.1202087,0.9909821,-31.71136,0.6960297,-31.977390000000003,3.338165,0.5077192,0.6170800000000001,1.0,0.2355804,-0.1126556,0.9652863000000002,32.69531,0.6734314,-28.86249,3.754501,0.4698327999999999,0.5725045,0.2482915,1.123499,-0.05211431,0.3566071,0.3252968,-0.288644,5.551703,25.0714,33.11
15,0.1251831,0.03355408,0.9915619,1.0,0.0,0.0,0.0,-32.0636,1.61319,-32.1702,-1.0,0.5315810999999999,0.5713983,1.0,0.1251831,0.03355408,0.9915619,32.337740000000004,1.565887,-29.93872,3.958832,0.4952292,0.5344711999999999,0.2440659,1.132789,-0.04754061,0.3436992,0.3222767,-0.2717022999999999,5.551703,25.0714,33.11
15,0.1251831,0.03355408,0.9915619,1.0,0.0,0.0,0.0,-32.0636,1.61319,-32.1702,-1.0,0.5315810999999999,0.5713983,1.0,0.1251831,0.03355408,0.9915619,32.337740000000004,1.565887,-29.93872,3.958832,0.4952292,0.5344711999999999,0.2440659,1.132789,-0.04754061,0.3436992,0.3222767,-0.2717022999999999,5.551703,25.0714,33.11
15,0.1251831,0.03355408,0.9915619,1.0,0.0,0.0,0.0,-32.0636,1.61319,-32.1702,-1.0,0.5315810999999999,0.5713983,1.0,0.1251831,0.03355408,0.9915619,32.337740000000004,1.565887,-29.93872,3.958832,0.4952292,0.5344711999999999,0.2440659,1.132789,-0.04754061,0.3436992,0.3222767,-0.2717022999999999,5.551703,25.0714,33.11
15,0.08903503,0.01931763,0.9958344,1.0,-0.06082153,-0.02330017,0.9978638,-32.363170000000004,1.141098,-31.32971,3.493027,0.5452929,0.5832231,1.0,0.08970642,0.01950073,0.9957733,32.22263,1.368317,-29.28963,3.822922,0.5035479,0.5369549,0.2399921,1.142026,-0.04464686,0.3297427,0.3248317999999999,-0.2549286,5.551703,25.0714,33.11
16,0.08903503,0.01931763,0.9958344,1.0,-0.06082153,-0.02330017,0.9978638,-32.363170000000004,1.141098,-31.32971,3.493027,0.5452929,0.5832231,1.0,0.08970642,0.01950073,0.9957733,32.22263,1.368317,-29.28963,3.822922,0.5035479,0.5369549,0.2399921,1.142026,-0.04464686,0.3297427,0.3248317999999999,-0.2549286,5.551703,25.0714,33.11
16,0.08903503,0.01931763,0.9958344,1.0,-0.06082153,-0.02330017,0.9978638,-32.363170000000004,1.141098,-31.32971,3.493027,0.5452929,0.5832231,1.0,0.08970642,0.01950073,0.9957733,32.22263,1.368317,-29.28963,3.822922,0.5035479,0.5369549,0.2399921,1.142026,-0.04464686,0.3297427,0.3248317999999999,-0.2549286,5.551703,25.0714,33.11
16,-0.07162476,-0.06512451,0.9953003,1.0,-0.07162476,-0.06512451,0.9953003,-32.67897,0.8924254999999999,-31.06711,3.335861,0.5573481,0.594478,1.0,0.08706665,-0.01875305,0.9960175,32.0499,0.9620514,-28.246990000000004,3.94606,0.5096422,0.5460670999999999,0.2370797,1.152144,-0.04319304,0.314906,0.3317987,-0.2382630999999999,5.551703,25.0714,33.11
16,-0.07162476,-0.06512451,0.9953003,1.0,-0.07162476,-0.06512451,0.9953003,-32.67897,0.8924254999999999,-31.06711,3.335861,0.5573481,0.594478,1.0,0.08706665,-0.01875305,0.9960175,32.0499,0.9620514,-28.246990000000004,3.94606,0.5096422,0.5460670999999999,0.2370797,1.152144,-0.04319304,0.314906,0.3317987,-0.2382630999999999,5.551703,25.0714,33.11
16,-0.07162476,-0.06512451,0.9953003,1.0,-0.07162476,-0.06512451,0.9953003,-32.67897,0.8924254999999999,-31.06711,3.335861,0.5573481,0.594478,1.0,0.08706665,-0.01875305,0.9960175,32.0499,0.9620514,-28.246990000000004,3.94606,0.5096422,0.5460670999999999,0.2370797,1.152144,-0.04319304,0.314906,0.3317987,-0.2382630999999999,5.551703,25.0714,33.11
16,-0.06781006,-0.1334381,0.9887238000000002,1.0,-0.06806946,-0.1335297,0.9886932,-32.82495,0.7980041999999999,-30.85651,3.434158,0.5619535,0.6044161,1.0,0.1045226999999999,-0.07276917,0.9918518,31.902240000000003,1.040039,-28.24768,3.946335,0.5125536,0.5499048000000001,0.2352949,1.163263,-0.04300994,0.2975555,0.3446027,-0.2201103,5.551703,25.0714,33.11
16,-0.06781006,-0.1334381,0.9887238000000002,1.0,-0.06806946,-0.1335297,0.9886932,-32.82495,0.7980041999999999,-30.85651,3.434158,0.5619535,0.6044161,1.0,0.1045226999999999,-0.07276917,0.9918518,31.902240000000003,1.040039,-28.24768,3.946335,0.5125536,0.5499048000000001,0.2352949,1.163263,-0.04300994,0.2975555,0.3446027,-0.2201103,5.551703,25.0714,33.11
16,-0.06781006,-0.1334381,0.9887238000000002,1.0,-0.06806946,-0.1335297,0.9886932,-32.82495,0.7980041999999999,-30.85651,3.434158,0.5619535,0.6044161,1.0,0.1045226999999999,-0.07276917,0.9918518,31.902240000000003,1.040039,-28.24768,3.946335,0.5125536,0.5499048000000001,0.2352949,1.163263,-0.04300994,0.2975555,0.3446027,-0.2201103,5.551703,25.0714,33.11
16,-0.1360168,-0.04101563,0.9898529,1.0,-0.1360168,-0.04101563,0.9898529,-33.14835,1.562119,-31.39471,3.3441620000000003,0.5820866,0.571496,1.0,0.07214355,0.003814697,0.9973755,31.38928,2.1141970000000003,-30.15617,3.86322,0.5341739999999999,0.5214528,0.2339755999999999,1.175735,-0.04416794,0.2790033,0.3591038,-0.1971932,5.551703,50.13376,33.11
16,-0.1360168,-0.04101563,0.9898529,1.0,-0.1360168,-0.04101563,0.9898529,-33.14835,1.562119,-31.39471,3.3441620000000003,0.5820866,0.571496,1.0,0.07214355,0.003814697,0.9973755,31.38928,2.1141970000000003,-30.15617,3.86322,0.5341739999999999,0.5214528,0.2339755999999999,1.175735,-0.04416794,0.2790033,0.3591038,-0.1971932,5.551703,50.13376,33.11
16,-0.1360168,-0.04101563,0.9898529,1.0,-0.1360168,-0.04101563,0.9898529,-33.14835,1.562119,-31.39471,3.3441620000000003,0.5820866,0.571496,1.0,0.07214355,0.003814697,0.9973755,31.38928,2.1141970000000003,-30.15617,3.86322,0.5341739999999999,0.5214528,0.2339755999999999,1.175735,-0.04416794,0.2790033,0.3591038,-0.1971932,5.551703,50.13376,33.11
16,-0.03973389,0.1472015,0.9882965,1.0,0.0,0.0,0.0,-33.38043,2.281662,-30.9545,-1.0,0.6025241,0.5298276999999999,1.0,-0.03973389,0.1472015,0.9882965,31.03415,2.412186,-29.00037,3.984451,0.5593857,0.4849252999999999,0.2322277,1.188859,-0.04677993,0.256223,0.3779639999999999,-0.1755312,5.551703,50.13376,33.11
16,-0.03973389,0.1472015,0.9882965,1.0,0.0,0.0,0.0,-33.38043,2.281662,-30.9545,-1.0,0.6025241,0.5298276999999999,1.0,-0.03973389,0.1472015,0.9882965,31.03415,2.412186,-29.00037,3.984451,0.5593857,0.4849252999999999,0.2322277,1.188859,-0.04677993,0.256223,0.3779639999999999,-0.1755312,5.551703,50.13376,33.11
16,-0.03973389,0.1472015,0.9882965,1.0,0.0,0.0,0.0,-33.38043,2.281662,-30.9545,-1.0,0.6025241,0.5298276999999999,1.0,-0.03973389,0.1472015,0.9882965,31.03415,2.412186,-29.00037,3.984451,0.5593857,0.4849252999999999,0.2322277,1.188859,-0.04677993,0.256223,0.3779639999999999,-0.1755312,5.551703,50.13376,33.11
16,-0.0112915,0.05276489,0.9985351999999998,1.0,-0.1780852999999999,-0.008682251,0.983963,-33.27843,1.960434,-31.885590000000004,3.226791,0.5923689999999999,0.5582760999999999,1.0,-0.01127625,0.05276489,0.9985351999999998,31.43069,1.842804,-28.50357,3.757141,0.5425156999999999,0.5104195,0.2288833,1.202034,-0.05039972,0.2357402999999999,0.393758,-0.1548526,5.551703,50.13376,33.11
16,-0.0112915,0.05276489,0.9985351999999998,1.0,-0.1780852999999999,-0.008682251,0.983963,-33.27843,1.960434,-31.885590000000004,3.226791,0.5923689999999999,0.5582760999999999,1.0,-0.01127625,0.05276489,0.9985351999999998,31.43069,1.842804,-28.50357,3.757141,0.5425156999999999,0.5104195,0.2288833,1.202034,-0.05039972,0.2357402999999999,0.393758,-0.1548526,5.551703,50.13376,33.11
16,-0.0112915,0.05276489,0.9985351999999998,1.0,-0.1780852999999999,-0.008682251,0.983963,-33.27843,1.960434,-31.885590000000004,3.226791,0.5923689999999999,0.5582760999999999,1.0,-0.01127625,0.05276489,0.9985351999999998,31.43069,1.842804,-28.50357,3.757141,0.5425156999999999,0.5104195,0.2288833,1.202034,-0.05039972,0.2357402999999999,0.393758,-0.1548526,5.551703,50.13376,33.11
16,-0.1794434,-0.07992554,0.9804993,1.0,-0.1794586,-0.07992554,0.9804993,-33.11269,1.550735,-31.29311,3.161407,0.5860779,0.5757865,1.0,0.04434204,-0.001968384,0.9990082,31.49287,2.101379,-29.98,3.666367,0.5340785,0.5208587,0.2244155,1.214903,-0.05521649,0.2158913,0.4122100999999999,-0.1393974,5.551703,13.86324,33.11
16,-0.1794434,-0.07992554,0.9804993,1.0,-0.1794586,-0.07992554,0.9804993,-33.11269,1.550735,-31.29311,3.161407,0.5860779,0.5757865,1.0,0.04434204,-0.001968384,0.9990082,31.49287,2.101379,-29.98,3.666367,0.5340785,0.5208587,0.2244155,1.214903,-0.05521649,0.2158913,0.4122100999999999,-0.1393974,5.551703,13.86324,33.11
16,-0.1794434,-0.07992554,0.9804993,1.0,-0.1794586,-0.07992554,0.9804993,-33.11269,1.550735,-31.29311,3.161407,0.5860779,0.5757865,1.0,0.04434204,-0.001968384,0.9990082,31.49287,2.101379,-29.98,3.666367,0.5340785,0.5208587,0.2244155,1.214903,-0.05521649,0.2158913,0.4122100999999999,-0.1393974,5.551703,13.86324,33.11
16,-0.08789063,0.202301,0.9753571,1.0,0.0,0.0,0.0,-33.51718,2.657608,-31.26003,-1.0,0.6146696,0.5103496,1.0,-0.08789063,0.202301,0.9753571,30.89751,3.005981,-29.48997,3.780716,0.5703156999999999,0.4624923999999999,0.2134878999999999,1.240721,-0.06680709,0.1706768,0.4511659,-0.1094052,5.438939,13.86324,33.11
16,-0.08789063,0.202301,0.9753571,1.0,0.0,0.0,0.0,-33.51718,2.657608,-31.26003,-1.0,0.6146696,0.5103496,1.0,-0.08789063,0.202301,0.9753571,30.89751,3.005981,-29.48997,3.780716,0.5703156999999999,0.4624923999999999,0.2134878999999999,1.240721,-0.06680709,0.1706768,0.4511659,-0.1094052,5.438939,13.86324,33.11
16,-0.08789063,0.202301,0.9753571,1.0,0.0,0.0,0.0,-33.51718,2.657608,-31.26003,-1.0,0.6146696,0.5103496,1.0,-0.08789063,0.202301,0.9753571,30.89751,3.005981,-29.48997,3.780716,0.5703156999999999,0.4624923999999999,0.2134878999999999,1.240721,-0.06680709,0.1706768,0.4511659,-0.1094052,5.438939,13.86324,33.11
16,-1.0,-1.0,-1.0,1.0,0.0,0.0,0.0,-34.19418,2.973236,-31.61131,-1.0,0.6546472,0.491831,1.0,0.0,0.0,0.0,30.39343,3.25531,-29.76978,-1.0,0.6044735,0.4467425999999999,0.2059737,1.251654,-0.07335657,0.151522,0.4676755999999999,-0.09699913,5.438939,13.86324,33.11
16,-1.0,-1.0,-1.0,1.0,0.0,0.0,0.0,-34.19418,2.973236,-31.61131,-1.0,0.6546472,0.491831,1.0,0.0,0.0,0.0,30.39343,3.25531,-29.76978,-1.0,0.6044735,0.4467425999999999,0.2059737,1.251654,-0.07335657,0.151522,0.4676755999999999,-0.09699913,5.438939,13.86324,33.11
16,-1.0,-1.0,-1.0,1.0,0.0,0.0,0.0,-34.19418,2.973236,-31.61131,-1.0,0.6546472,0.491831,1.0,0.0,0.0,0.0,30.39343,3.25531,-29.76978,-1.0,0.6044735,0.4467425999999999,0.2059737,1.251654,-0.07335657,0.151522,0.4676755999999999,-0.09699913,5.438939,13.86324,33.11
16,-1.0,-1.0,-1.0,1.0,0.0,0.0,0.0,-34.42361,2.94371,-31.744290000000003,-1.0,0.6735846,0.4943425999999999,1.0,0.0,0.0,0.0,30.06725,3.165222,-29.96031,-1.0,0.6249554,0.446313,0.1977667,1.260972,-0.08017009,0.136581,0.4814001,-0.08423471,5.438939,13.86324,33.11
16,-1.0,-1.0,-1.0,1.0,0.0,0.0,0.0,-34.42361,2.94371,-31.744290000000003,-1.0,0.6735846,0.4943425999999999,1.0,0.0,0.0,0.0,30.06725,3.165222,-29.96031,-1.0,0.6249554,0.446313,0.1977667,1.260972,-0.08017009,0.136581,0.4814001,-0.08423471,5.438939,13.86324,33.11
16,-1.0,-1.0,-1.0,1.0,0.0,0.0,0.0,-34.42361,2.94371,-31.744290000000003,-1.0,0.6735846,0.4943425999999999,1.0,0.0,0.0,0.0,30.06725,3.165222,-29.96031,-1.0,0.6249554,0.446313,0.1977667,1.260972,-0.08017009,0.136581,0.4814001,-0.08423471,5.438939,13.86324,33.11
16,-1.0,-1.0,-1.0,1.0,0.0,0.0,0.0,-34.42361,2.94371,-31.744290000000003,-1.0,0.6735846,0.4943425999999999,1.0,0.0,0.0,0.0,30.06725,3.165222,-29.96031,-1.0,0.6249554,0.446313,0.188688,1.2684950000000002,-0.08696014,0.1266292,0.4935111,-0.07262342,5.438939,13.86324,33.11
16,-1.0,-1.0,-1.0,1.0,0.0,0.0,0.0,-34.42361,2.94371,-31.744290000000003,-1.0,0.6735846,0.4943425999999999,1.0,0.0,0.0,0.0,30.06725,3.165222,-29.96031,-1.0,0.6249554,0.446313,0.188688,1.2684950000000002,-0.08696014,0.1266292,0.4935111,-0.07262342,5.438939,13.86324,33.11
16,-1.0,-1.0,-1.0,1.0,0.0,0.0,0.0,-34.42361,2.94371,-31.744290000000003,-1.0,0.6735846,0.4943425999999999,1.0,0.0,0.0,0.0,30.06725,3.165222,-29.96031,-1.0,0.6249554,0.446313,0.188688,1.2684950000000002,-0.08696014,0.1266292,0.4935111,-0.07262342,5.438939,13.86324,33.11
16,-0.2255554,0.1474152,0.9629974,1.0,-0.3440857,0.087677,0.9348297,-34.21053,2.167343,-31.38046,2.856155,0.6459705,0.5352056,1.0,-0.2003479,0.1595154,0.9666443,30.60524,2.516251,-29.50121,3.777924,0.5936243,0.4848735999999999,0.1797181,1.275348,-0.09345835,0.1171533,0.5056901,-0.06312446,5.438939,-96.97489,33.13
16,-0.2255554,0.1474152,0.9629974,1.0,-0.3440857,0.087677,0.9348297,-34.21053,2.167343,-31.38046,2.856155,0.6459705,0.5352056,1.0,-0.2003479,0.1595154,0.9666443,30.60524,2.516251,-29.50121,3.777924,0.5936243,0.4848735999999999,0.1797181,1.275348,-0.09345835,0.1171533,0.5056901,-0.06312446,5.438939,-96.97489,33.13
16,-0.2255554,0.1474152,0.9629974,1.0,-0.3440857,0.087677,0.9348297,-34.21053,2.167343,-31.38046,2.856155,0.6459705,0.5352056,1.0,-0.2003479,0.1595154,0.9666443,30.60524,2.516251,-29.50121,3.777924,0.5936243,0.4848735999999999,0.1797181,1.275348,-0.09345835,0.1171533,0.5056901,-0.06312446,5.438939,-96.97489,33.13
16,-0.2313538,0.1321869,0.9638367,1.0,-0.3470612,0.0841217,0.9340515,-34.16672,2.138992,-31.36975,2.914841,0.6447977,0.5366286,1.0,-0.1869202,0.1496582,0.9709015,30.71172,2.482513,-29.48497,3.641541,0.5885228,0.4867513,0.1704905,1.281185,-0.09980661,0.1097913,0.5163485999999999,-0.05397013,5.438939,-96.97489,33.13
16,-0.2313538,0.1321869,0.9638367,1.0,-0.3470612,0.0841217,0.9340515,-34.16672,2.138992,-31.36975,2.914841,0.6447977,0.5366286,1.0,-0.1869202,0.1496582,0.9709015,30.71172,2.482513,-29.48497,3.641541,0.5885228,0.4867513,0.1704905,1.281185,-0.09980661,0.1097913,0.5163485999999999,-0.05397013,5.438939,-96.97489,33.13
16,-0.2313538,0.1321869,0.9638367,1.0,-0.3470612,0.0841217,0.9340515,-34.16672,2.138992,-31.36975,2.914841,0.6447977,0.5366286,1.0,-0.1869202,0.1496582,0.9709015,30.71172,2.482513,-29.48497,3.641541,0.5885228,0.4867513,0.1704905,1.281185,-0.09980661,0.1097913,0.5163485999999999,-0.05397013,5.438939,-96.97489,33.13
16,-0.2313538,0.1321869,0.9638367,1.0,-0.3470612,0.0841217,0.9340515,-34.16672,2.138992,-31.36975,2.914841,0.6447977,0.5366286,1.0,-0.1869202,0.1496582,0.9709015,30.71172,2.482513,-29.48497,3.641541,0.5885228,0.4867513,0.1612651,1.2866879999999998,-0.1060326,0.10063,0.5268034,-0.04649157,5.438939,-96.97489,33.13
16,-0.2313538,0.1321869,0.9638367,1.0,-0.3470612,0.0841217,0.9340515,-34.16672,2.138992,-31.36975,2.914841,0.6447977,0.5366286,1.0,-0.1869202,0.1496582,0.9709015,30.71172,2.482513,-29.48497,3.641541,0.5885228,0.4867513,0.1612651,1.2866879999999998,-0.1060326,0.10063,0.5268034,-0.04649157,5.438939,-96.97489,33.13
16,-0.2313538,0.1321869,0.9638367,1.0,-0.3470612,0.0841217,0.9340515,-34.16672,2.138992,-31.36975,2.914841,0.6447977,0.5366286,1.0,-0.1869202,0.1496582,0.9709015,30.71172,2.482513,-29.48497,3.641541,0.5885228,0.4867513,0.1612651,1.2866879999999998,-0.1060326,0.10063,0.5268034,-0.04649157,5.438939,-96.97489,33.13
16,-0.1434326,0.02655029,0.9892883,1.0,-0.2440796,0.01139832,0.9696808,-33.91722,2.101242,-31.20212,3.07048,0.6223791999999999,0.5447382,1.0,-0.1060181,0.03204346,0.9938354,31.09782,2.533203,-29.40515,3.63562,0.5654888000000001,0.4977047,0.1523397,1.292237,-0.1117128999999999,0.08960015,0.5362726999999999,-0.03737415,5.438939,-96.97489,33.13
16,-0.1434326,0.02655029,0.9892883,1.0,-0.2440796,0.01139832,0.9696808,-33.91722,2.101242,-31.20212,3.07048,0.6223791999999999,0.5447382,1.0,-0.1060181,0.03204346,0.9938354,31.09782,2.533203,-29.40515,3.63562,0.5654888000000001,0.4977047,0.1523397,1.292237,-0.1117128999999999,0.08960015,0.5362726999999999,-0.03737415,5.438939,-96.97489,33.13
16,-0.1434326,0.02655029,0.9892883,1.0,-0.2440796,0.01139832,0.9696808,-33.91722,2.101242,-31.20212,3.07048,0.6223791999999999,0.5447382,1.0,-0.1060181,0.03204346,0.9938354,31.09782,2.533203,-29.40515,3.63562,0.5654888000000001,0.4977047,0.1523397,1.292237,-0.1117128999999999,0.08960015,0.5362726999999999,-0.03737415,5.438939,-96.97489,33.13
16,-1.0,-1.0,-1.0,1.0,0.0,0.0,0.0,-34.62486,3.536179,-31.72292,-1.0,0.6736270000000001,0.4798004,1.0,0.0,0.0,0.0,30.00388,3.865326,-30.0069,-1.0,0.6279427,0.429437,0.1435215,1.298569,-0.116927,0.0738593,0.5445965,-0.02828662,5.438939,-30.43983,33.13
16,-1.0,-1.0,-1.0,1.0,0.0,0.0,0.0,-34.62486,3.536179,-31.72292,-1.0,0.6736270000000001,0.4798004,1.0,0.0,0.0,0.0,30.00388,3.865326,-30.0069,-1.0,0.6279427,0.429437,0.1435215,1.298569,-0.116927,0.0738593,0.5445965,-0.02828662,5.438939,-30.43983,33.13
16,-1.0,-1.0,-1.0,1.0,0.0,0.0,0.0,-34.62486,3.536179,-31.72292,-1.0,0.6736270000000001,0.4798004,1.0,0.0,0.0,0.0,30.00388,3.865326,-30.0069,-1.0,0.6279427,0.429437,0.1435215,1.298569,-0.116927,0.0738593,0.5445965,-0.02828662,5.438939,-30.43983,33.13
16,-0.3491058,0.2019348,0.9150543,1.0,-0.3929749,0.1828918,0.9011688,-34.583659999999995,3.056152,-31.62627,3.259155,0.6664191999999999,0.495626,1.0,-0.2885284,0.2268523999999999,0.9302063,30.31242,3.512268,-29.78264,3.830963,0.6147878999999999,0.4462268,0.1241996,1.308914,-0.1278191,0.0509972,0.5567609,-0.01138269,5.438939,-30.43983,33.13
16,-0.3491058,0.2019348,0.9150543,1.0,-0.3929749,0.1828918,0.9011688,-34.583659999999995,3.056152,-31.62627,3.259155,0.6664191999999999,0.495626,1.0,-0.2885284,0.2268523999999999,0.9302063,30.31242,3.512268,-29.78264,3.830963,0.6147878999999999,0.4462268,0.1241996,1.308914,-0.1278191,0.0509972,0.5567609,-0.01138269,5.438939,-30.43983,33.13
16,-0.3491058,0.2019348,0.9150543,1.0,-0.3929749,0.1828918,0.9011688,-34.583659999999995,3.056152,-31.62627,3.259155,0.6664191999999999,0.495626,1.0,-0.2885284,0.2268523999999999,0.9302063,30.31242,3.512268,-29.78264,3.830963,0.6147878999999999,0.4462268,0.1241996,1.308914,-0.1278191,0.0509972,0.5567609,-0.01138269,5.438939,-30.43983,33.13
16,-0.3339233,0.1876678,0.9237213,1.0,-0.3885192999999999,0.1742249,0.9048157,-34.51266,2.922134,-31.58537,3.33847,0.6631832,0.5010826,1.0,-0.2794494999999999,0.2001494999999999,0.9390564,30.4751,3.284943,-29.68266,3.932266,0.6077444000000001,0.4563156,0.1145436999999999,1.313604,-0.1328736,0.04168795,0.5613374,-0.00470644,5.438939,-30.43983,33.13
16,-0.3339233,0.1876678,0.9237213,1.0,-0.3885192999999999,0.1742249,0.9048157,-34.51266,2.922134,-31.58537,3.33847,0.6631832,0.5010826,1.0,-0.2794494999999999,0.2001494999999999,0.9390564,30.4751,3.284943,-29.68266,3.932266,0.6077444000000001,0.4563156,0.1145436999999999,1.313604,-0.1328736,0.04168795,0.5613374,-0.00470644,5.438939,-30.43983,33.13
16,-0.3339233,0.1876678,0.9237213,1.0,-0.3885192999999999,0.1742249,0.9048157,-34.51266,2.922134,-31.58537,3.33847,0.6631832,0.5010826,1.0,-0.2794494999999999,0.2001494999999999,0.9390564,30.4751,3.284943,-29.68266,3.932266,0.6077444000000001,0.4563156,0.1145436999999999,1.313604,-0.1328736,0.04168795,0.5613374,-0.00470644,5.438939,-30.43983,33.13
16,-0.3339233,0.1876678,0.9237213,1.0,-0.3885192999999999,0.1742249,0.9048157,-34.51266,2.922134,-31.58537,3.33847,0.6631832,0.5010826,1.0,-0.2794494999999999,0.2001494999999999,0.9390564,30.4751,3.284943,-29.68266,3.932266,0.6077444000000001,0.4563156,0.1145436999999999,1.313604,-0.1328736,0.04168795,0.5613374,-0.00470644,5.438939,-30.43983,33.13
16,-0.3339233,0.1876678,0.9237213,1.0,-0.3885192999999999,0.1742249,0.9048157,-34.51266,2.922134,-31.58537,3.33847,0.6631832,0.5010826,1.0,-0.2794494999999999,0.2001494999999999,0.9390564,30.4751,3.284943,-29.68266,3.932266,0.6077444000000001,0.4563156,0.1145436999999999,1.313604,-0.1328736,0.04168795,0.5613374,-0.00470644,5.438939,-30.43983,33.13
16,-0.3339233,0.1876678,0.9237213,1.0,-0.3885192999999999,0.1742249,0.9048157,-34.51266,2.922134,-31.58537,3.33847,0.6631832,0.5010826,1.0,-0.2794494999999999,0.2001494999999999,0.9390564,30.4751,3.284943,-29.68266,3.932266,0.6077444000000001,0.4563156,0.1145436999999999,1.313604,-0.1328736,0.04168795,0.5613374,-0.00470644,5.438939,-30.43983,33.13
16,-0.2774047999999999,0.1023712,0.9552765,1.0,-0.3496857,0.06871033,0.9343414,-34.3968,2.672043,-31.4142,3.152878,0.6534002,0.5206233,1.0,-0.2166138,0.1295012999999999,0.9676208,30.61804,3.114044,-29.51732,3.768951,0.5951751000000001,0.4683785,0.09463739,1.322067,-0.1436539,0.02058795,0.5719368,0.004890436,5.438939,-30.43983,33.13
16,-0.2774047999999999,0.1023712,0.9552765,1.0,-0.3496857,0.06871033,0.9343414,-34.3968,2.672043,-31.4142,3.152878,0.6534002,0.5206233,1.0,-0.2166138,0.1295012999999999,0.9676208,30.61804,3.114044,-29.51732,3.768951,0.5951751000000001,0.4683785,0.09463739,1.322067,-0.1436539,0.02058795,0.5719368,0.004890436,5.438939,-30.43983,33.13
16,-0.2774047999999999,0.1023712,0.9552765,1.0,-0.3496857,0.06871033,0.9343414,-34.3968,2.672043,-31.4142,3.152878,0.6534002,0.5206233,1.0,-0.2166138,0.1295012999999999,0.9676208,30.61804,3.114044,-29.51732,3.768951,0.5951751000000001,0.4683785,0.09463739,1.322067,-0.1436539,0.02058795,0.5719368,0.004890436,5.438939,-30.43983,33.13
16,-0.2240143,0.07539368,0.9716492,1.0,-0.3183136,0.05638123,0.9462891,-34.28256,2.545303,-31.35056,3.107056,0.6451068,0.5256683000000001,1.0,-0.1819152999999999,0.08351135,0.9797516,30.69582,3.02301,-29.45341,3.585449,0.588477,0.4759138,0.08516145,1.326135,-0.1486304,0.0105363,0.5771309,0.01138596,5.438939,34.87317,33.13
16,-0.2240143,0.07539368,0.9716492,1.0,-0.3183136,0.05638123,0.9462891,-34.28256,2.545303,-31.35056,3.107056,0.6451068,0.5256683000000001,1.0,-0.1819152999999999,0.08351135,0.9797516,30.69582,3.02301,-29.45341,3.585449,0.588477,0.4759138,0.08516145,1.326135,-0.1486304,0.0105363,0.5771309,0.01138596,5.438939,34.87317,33.13
16,-0.2240143,0.07539368,0.9716492,1.0,-0.3183136,0.05638123,0.9462891,-34.28256,2.545303,-31.35056,3.107056,0.6451068,0.5256683000000001,1.0,-0.1819152999999999,0.08351135,0.9797516,30.69582,3.02301,-29.45341,3.585449,0.588477,0.4759138,0.08516145,1.326135,-0.1486304,0.0105363,0.5771309,0.01138596,5.438939,34.87317,33.13
16,-0.2475433,0.03656006,0.9681702,1.0,-0.3263855,0.02018738,0.9450073,-34.21419,2.437439,-31.32048,3.084885,0.6436774000000001,0.5336719,1.0,-0.1755676,0.05097961,0.983139,30.79486,2.87822,-29.39423,3.580307,0.5842513,0.4841206,0.07527494,1.329172,-0.1536722999999999,0.002944907,0.5813869,0.01675524,5.438939,34.87317,33.13
16,-0.2475433,0.03656006,0.9681702,1.0,-0.3263855,0.02018738,0.9450073,-34.21419,2.437439,-31.32048,3.084885,0.6436774000000001,0.5336719,1.0,-0.1755676,0.05097961,0.983139,30.79486,2.87822,-29.39423,3.580307,0.5842513,0.4841206,0.07527494,1.329172,-0.1536722999999999,0.002944907,0.5813869,0.01675524,5.438939,34.87317,33.13
16,-0.2475433,0.03656006,0.9681702,1.0,-0.3263855,0.02018738,0.9450073,-34.21419,2.437439,-31.32048,3.084885,0.6436774000000001,0.5336719,1.0,-0.1755676,0.05097961,0.983139,30.79486,2.87822,-29.39423,3.580307,0.5842513,0.4841206,0.07527494,1.329172,-0.1536722999999999,0.002944907,0.5813869,0.01675524,5.438939,34.87317,33.13
16,-0.2583922999999999,0.09620667,0.9612274,1.0,-0.3182983,0.05737305,0.9462433,-34.346740000000004,2.722931,-31.369740000000004,3.192871,0.6474335,0.5196177,1.0,-0.202774,0.1310425,0.9704132,30.611690000000003,3.154129,-29.51712,3.712997,0.5938121999999999,0.4666752,0.06509948,1.33226,-0.1589226,-0.006912888,0.5854651999999999,0.02049073,5.438939,34.87317,33.13
16,-0.2583922999999999,0.09620667,0.9612274,1.0,-0.3182983,0.05737305,0.9462433,-34.346740000000004,2.722931,-31.369740000000004,3.192871,0.6474335,0.5196177,1.0,-0.202774,0.1310425,0.9704132,30.611690000000003,3.154129,-29.51712,3.712997,0.5938121999999999,0.4666752,0.06509948,1.33226,-0.1589226,-0.006912888,0.5854651999999999,0.02049073,5.438939,34.87317,33.13
16,-0.2583922999999999,0.09620667,0.9612274,1.0,-0.3182983,0.05737305,0.9462433,-34.346740000000004,2.722931,-31.369740000000004,3.192871,0.6474335,0.5196177,1.0,-0.202774,0.1310425,0.9704132,30.611690000000003,3.154129,-29.51712,3.712997,0.5938121999999999,0.4666752,0.06509948,1.33226,-0.1589226,-0.006912888,0.5854651999999999,0.02049073,5.438939,34.87317,33.13
16,-0.2583922999999999,0.09620667,0.9612274,1.0,-0.3182983,0.05737305,0.9462433,-34.346740000000004,2.722931,-31.369740000000004,3.192871,0.6474335,0.5196177,1.0,-0.202774,0.1310425,0.9704132,30.611690000000003,3.154129,-29.51712,3.712997,0.5938121999999999,0.4666752,0.05577207,1.335201,-0.1633412999999999,-0.01654694,0.5886135,0.02440658,5.438939,34.87317,33.13
16,-0.2583922999999999,0.09620667,0.9612274,1.0,-0.3182983,0.05737305,0.9462433,-34.346740000000004,2.722931,-31.369740000000004,3.192871,0.6474335,0.5196177,1.0,-0.202774,0.1310425,0.9704132,30.611690000000003,3.154129,-29.51712,3.712997,0.5938121999999999,0.4666752,0.05577207,1.335201,-0.1633412999999999,-0.01654694,0.5886135,0.02440658,5.438939,34.87317,33.13
16,-0.2583922999999999,0.09620667,0.9612274,1.0,-0.3182983,0.05737305,0.9462433,-34.346740000000004,2.722931,-31.369740000000004,3.192871,0.6474335,0.5196177,1.0,-0.202774,0.1310425,0.9704132,30.611690000000003,3.154129,-29.51712,3.712997,0.5938121999999999,0.4666752,0.05577207,1.335201,-0.1633412999999999,-0.01654694,0.5886135,0.02440658,5.438939,34.87317,33.13
16,-0.2856902999999999,0.1183777,0.9509735,1.0,-0.3585205,0.09906006,0.9282379,-34.449740000000006,2.850449,-31.46552,3.321472,0.6565977,0.5113856999999999,1.0,-0.2127228,0.1365662,0.967514,30.506,3.274612,-29.55446,3.629913,0.598792,0.4622484999999999,0.0463655,1.33748,-0.1677933,-0.02324246,0.5909462,0.02911243,5.438939,34.87317,33.13
16,-0.2856902999999999,0.1183777,0.9509735,1.0,-0.3585205,0.09906006,0.9282379,-34.449740000000006,2.850449,-31.46552,3.321472,0.6565977,0.5113856999999999,1.0,-0.2127228,0.1365662,0.967514,30.506,3.274612,-29.55446,3.629913,0.598792,0.4622484999999999,0.0463655,1.33748,-0.1677933,-0.02324246,0.5909462,0.02911243,5.438939,34.87317,33.13
16,-0.2856902999999999,0.1183777,0.9509735,1.0,-0.3585205,0.09906006,0.9282379,-34.449740000000006,2.850449,-31.46552,3.321472,0.6565977,0.5113856999999999,1.0,-0.2127228,0.1365662,0.967514,30.506,3.274612,-29.55446,3.629913,0.598792,0.4622484999999999,0.0463655,1.33748,-0.1677933,-0.02324246,0.5909462,0.02911243,5.438939,34.87317,33.13
16,-0.2679442999999999,0.08776855,0.9594269,1.0,-0.3437347,0.05503845,0.937439,-34.364290000000004,2.618668,-31.39893,3.102386,0.6514173000000001,0.5239227,1.0,-0.2214966,0.1071013999999999,0.9692535,30.6364,3.098816,-29.50829,3.522614,0.5954376,0.4712399999999999,0.03734422,1.339194,-0.1717598,-0.02821369,0.5925544,0.03287762,5.438939,34.87317,33.13
16,-0.2679442999999999,0.08776855,0.9594269,1.0,-0.3437347,0.05503845,0.937439,-34.364290000000004,2.618668,-31.39893,3.102386,0.6514173000000001,0.5239227,1.0,-0.2214966,0.1071013999999999,0.9692535,30.6364,3.098816,-29.50829,3.522614,0.5954376,0.4712399999999999,0.03734422,1.339194,-0.1717598,-0.02821369,0.5925544,0.03287762,5.438939,34.87317,33.13
16,-0.2679442999999999,0.08776855,0.9594269,1.0,-0.3437347,0.05503845,0.937439,-34.364290000000004,2.618668,-31.39893,3.102386,0.6514173000000001,0.5239227,1.0,-0.2214966,0.1071013999999999,0.9692535,30.6364,3.098816,-29.50829,3.522614,0.5954376,0.4712399999999999,0.03734422,1.339194,-0.1717598,-0.02821369,0.5925544,0.03287762,5.438939,34.87317,33.13
16,-0.2571869,0.06904602,0.9638824,1.0,-0.3630065999999999,-0.008651733,0.9317322,-34.354,2.563614,-31.35364,2.912109,0.6534929,0.5333601,1.0,-0.2086334,0.1031952,0.9725189,30.64581,3.07457,-29.49706,3.484314,0.5936031999999999,0.4722925,0.02905345,1.340688,-0.1750751,-0.03219105,0.5945163,0.03395388,5.438939,54.32636,33.13
16,-0.2571869,0.06904602,0.9638824,1.0,-0.3630065999999999,-0.008651733,0.9317322,-34.354,2.563614,-31.35364,2.912109,0.6534929,0.5333601,1.0,-0.2086334,0.1031952,0.9725189,30.64581,3.07457,-29.49706,3.484314,0.5936031999999999,0.4722925,0.02905345,1.340688,-0.1750751,-0.03219105,0.5945163,0.03395388,5.438939,54.32636,33.13
16,-0.2571869,0.06904602,0.9638824,1.0,-0.3630065999999999,-0.008651733,0.9317322,-34.354,2.563614,-31.35364,2.912109,0.6534929,0.5333601,1.0,-0.2086334,0.1031952,0.9725189,30.64581,3.07457,-29.49706,3.484314,0.5936031999999999,0.4722925,0.02905345,1.340688,-0.1750751,-0.03219105,0.5945163,0.03395388,5.438939,54.32636,33.13
16,-0.2605438,0.06358337,0.9633636,1.0,-0.3554688,0.02055359,0.9344482,-34.35138,2.544144,-31.37238,2.970673,0.6524336,0.5305361,1.0,-0.2067107999999999,0.08708191,0.9745178,30.66792,3.063721,-29.49706,3.5085300000000004,0.5925545,0.4745877,0.02122259,1.341803,-0.1785424,-0.03577577,0.5965723,0.03512084,5.438939,54.32636,33.13
16,-0.2605438,0.06358337,0.9633636,1.0,-0.3554688,0.02055359,0.9344482,-34.35138,2.544144,-31.37238,2.970673,0.6524336,0.5305361,1.0,-0.2067107999999999,0.08708191,0.9745178,30.66792,3.063721,-29.49706,3.5085300000000004,0.5925545,0.4745877,0.02122259,1.341803,-0.1785424,-0.03577577,0.5965723,0.03512084,5.438939,54.32636,33.13
16,-0.2605438,0.06358337,0.9633636,1.0,-0.3554688,0.02055359,0.9344482,-34.35138,2.544144,-31.37238,2.970673,0.6524336,0.5305361,1.0,-0.2067107999999999,0.08708191,0.9745178,30.66792,3.063721,-29.49706,3.5085300000000004,0.5925545,0.4745877,0.02122259,1.341803,-0.1785424,-0.03577577,0.5965723,0.03512084,5.438939,54.32636,33.13
17,-0.2593384,0.05853271,0.9640045,1.0,-0.353714,0.01419067,0.9352264,-34.34465,2.5516970000000003,-31.364590000000003,2.949539,0.6519467,0.5309488,1.0,-0.2063599,0.08253479,0.9749756,30.67374,3.059769,-29.49237,3.495682,0.5923215000000001,0.4752061999999999,0.01403403,1.342934,-0.1817157999999999,-0.03974668,0.5989701,0.03696524,5.438939,54.32636,33.13
17,-0.2593384,0.05853271,0.9640045,1.0,-0.353714,0.01419067,0.9352264,-34.34465,2.5516970000000003,-31.364590000000003,2.949539,0.6519467,0.5309488,1.0,-0.2063599,0.08253479,0.9749756,30.67374,3.059769,-29.49237,3.495682,0.5923215000000001,0.4752061999999999,0.01403403,1.342934,-0.1817157999999999,-0.03974668,0.5989701,0.03696524,5.438939,54.32636,33.13
17,-0.2593384,0.05853271,0.9640045,1.0,-0.353714,0.01419067,0.9352264,-34.34465,2.5516970000000003,-31.364590000000003,2.949539,0.6519467,0.5309488,1.0,-0.2063599,0.08253479,0.9749756,30.67374,3.059769,-29.49237,3.495682,0.5923215000000001,0.4752061999999999,0.01403403,1.342934,-0.1817157999999999,-0.03974668,0.5989701,0.03696524,5.438939,54.32636,33.13
17,-0.2586823,0.05084229,0.9646149,1.0,-0.350174,0.007965088,0.9366455,-34.34413,2.554916,-31.36281,2.9328,0.6514544,0.5315528,1.0,-0.2004395,0.07719421,0.9766541,30.669590000000003,3.057236,-29.48181,3.486847,0.5917485,0.4757833999999999,0.007944345,1.344069,-0.1845357,-0.04414855,0.6014767,0.03908205,5.438939,54.32636,33.13
17,-0.2586823,0.05084229,0.9646149,1.0,-0.350174,0.007965088,0.9366455,-34.34413,2.554916,-31.36281,2.9328,0.6514544,0.5315528,1.0,-0.2004395,0.07719421,0.9766541,30.669590000000003,3.057236,-29.48181,3.486847,0.5917485,0.4757833999999999,0.007944345,1.344069,-0.1845357,-0.04414855,0.6014767,0.03908205,5.438939,54.32636,33.13
17,-0.2586823,0.05084229,0.9646149,1.0,-0.350174,0.007965088,0.9366455,-34.34413,2.554916,-31.36281,2.9328,0.6514544,0.5315528,1.0,-0.2004395,0.07719421,0.9766541,30.669590000000003,3.057236,-29.48181,3.486847,0.5917485,0.4757833999999999,0.007944345,1.344069,-0.1845357,-0.04414855,0.6014767,0.03908205,5.438939,54.32636,33.13
17,-0.2586823,0.05084229,0.9646149,1.0,-0.350174,0.007965088,0.9366455,-34.34413,2.554916,-31.36281,2.9328,0.6514544,0.5315528,1.0,-0.2004395,0.07719421,0.9766541,30.669590000000003,3.057236,-29.48181,3.486847,0.5917485,0.4757833999999999,0.002168179,1.344841,-0.1875847,-0.0476867,0.604386,0.04129171,5.438939,54.32636,33.13
17,-0.2586823,0.05084229,0.9646149,1.0,-0.350174,0.007965088,0.9366455,-34.34413,2.554916,-31.36281,2.9328,0.6514544,0.5315528,1.0,-0.2004395,0.07719421,0.9766541,30.669590000000003,3.057236,-29.48181,3.486847,0.5917485,0.4757833999999999,0.002168179,1.344841,-0.1875847,-0.0476867,0.604386,0.04129171,5.438939,54.32636,33.13
17,-0.2586823,0.05084229,0.9646149,1.0,-0.350174,0.007965088,0.9366455,-34.34413,2.554916,-31.36281,2.9328,0.6514544,0.5315528,1.0,-0.2004395,0.07719421,0.9766541,30.669590000000003,3.057236,-29.48181,3.486847,0.5917485,0.4757833999999999,0.002168179,1.344841,-0.1875847,-0.0476867,0.604386,0.04129171,5.438939,54.32636,33.13
17,-0.2586823,0.05084229,0.9646149,1.0,-0.350174,0.007965088,0.9366455,-34.34413,2.554916,-31.36281,2.9328,0.6514544,0.5315528,1.0,-0.2004395,0.07719421,0.9766541,30.669590000000003,3.057236,-29.48181,3.486847,0.5917485,0.4757833999999999,-0.002494097,1.345787,-0.1901602999999999,-0.05186538,0.6068579000000001,0.04459728,5.438939,54.32636,33.13
17,-0.2586823,0.05084229,0.9646149,1.0,-0.350174,0.007965088,0.9366455,-34.34413,2.554916,-31.36281,2.9328,0.6514544,0.5315528,1.0,-0.2004395,0.07719421,0.9766541,30.669590000000003,3.057236,-29.48181,3.486847,0.5917485,0.4757833999999999,-0.002494097,1.345787,-0.1901602999999999,-0.05186538,0.6068579000000001,0.04459728,5.438939,54.32636,33.13
17,-0.2586823,0.05084229,0.9646149,1.0,-0.350174,0.007965088,0.9366455,-34.34413,2.554916,-31.36281,2.9328,0.6514544,0.5315528,1.0,-0.2004395,0.07719421,0.9766541,30.669590000000003,3.057236,-29.48181,3.486847,0.5917485,0.4757833999999999,-0.002494097,1.345787,-0.1901602999999999,-0.05186538,0.6068579000000001,0.04459728,5.438939,54.32636,33.13
17,-0.2156525,0.0008239746,0.9764557,1.0,-0.3020935,-0.02545166,0.9529266,-34.23438,2.4710080000000003,-31.28548,2.670609,0.6410764,0.5372861999999999,1.0,-0.1523743,0.01971436,0.9881134,30.77046,3.060059,-29.38348,3.284988,0.5826831,0.4811915,-0.005726576,1.346933,-0.1920542999999999,-0.05649449,0.6092814999999999,0.04752088,5.438939,21.98007,33.13
17,-0.2156525,0.0008239746,0.9764557,1.0,-0.3020935,-0.02545166,0.9529266,-34.23438,2.4710080000000003,-31.28548,2.670609,0.6410764,0.5372861999999999,1.0,-0.1523743,0.01971436,0.9881134,30.77046,3.060059,-29.38348,3.284988,0.5826831,0.4811915,-0.005726576,1.346933,-0.1920542999999999,-0.05649449,0.6092814999999999,0.04752088,5.438939,21.98007,33.13
17,-0.2156525,0.0008239746,0.9764557,1.0,-0.3020935,-0.02545166,0.9529266,-34.23438,2.4710080000000003,-31.28548,2.670609,0.6410764,0.5372861999999999,1.0,-0.1523743,0.01971436,0.9881134,30.77046,3.060059,-29.38348,3.284988,0.5826831,0.4811915,-0.005726576,1.346933,-0.1920542999999999,-0.05649449,0.6092814999999999,0.04752088,5.438939,21.98007,33.13
17,-0.2031097,-0.01625061,0.9790192,1.0,-0.3092041,-0.05018616,0.9496613000000002,-34.082570000000004,2.4646,-31.225140000000003,2.85141,0.6366022,0.5402806,1.0,-0.1378020999999999,0.004318237,0.990448,30.79088,3.058456,-29.377840000000003,3.273895,0.5802335,0.4829507,-0.008500814,1.347775,-0.1938471,-0.06072357,0.6111718,0.05036847,5.438939,21.98007,33.13
17,-0.2031097,-0.01625061,0.9790192,1.0,-0.3092041,-0.05018616,0.9496613000000002,-34.082570000000004,2.4646,-31.225140000000003,2.85141,0.6366022,0.5402806,1.0,-0.1378020999999999,0.004318237,0.990448,30.79088,3.058456,-29.377840000000003,3.273895,0.5802335,0.4829507,-0.008500814,1.347775,-0.1938471,-0.06072357,0.6111718,0.05036847,5.438939,21.98007,33.13
17,-0.2031097,-0.01625061,0.9790192,1.0,-0.3092041,-0.05018616,0.9496613000000002,-34.082570000000004,2.4646,-31.225140000000003,2.85141,0.6366022,0.5402806,1.0,-0.1378020999999999,0.004318237,0.990448,30.79088,3.058456,-29.377840000000003,3.273895,0.5802335,0.4829507,-0.008500814,1.347775,-0.1938471,-0.06072357,0.6111718,0.05036847,5.438939,21.98007,33.13
17,-0.2137755999999999,-0.0566864,0.975235,1.0,-0.2263336,-0.0589447,0.9722595,-33.75035,2.451019,-31.02716,2.755157,0.6138892,0.5392892,1.0,-0.02005005,-0.0216217,0.9995575,31.222240000000003,3.316818,-30.28008,3.053253,0.5519038,0.4841323,-0.01070213,1.348428,-0.1951578,-0.06339052,0.6120144000000001,0.0533413,5.438939,21.98007,33.13
17,-0.2137755999999999,-0.0566864,0.975235,1.0,-0.2263336,-0.0589447,0.9722595,-33.75035,2.451019,-31.02716,2.755157,0.6138892,0.5392892,1.0,-0.02005005,-0.0216217,0.9995575,31.222240000000003,3.316818,-30.28008,3.053253,0.5519038,0.4841323,-0.01070213,1.348428,-0.1951578,-0.06339052,0.6120144000000001,0.0533413,5.438939,21.98007,33.13
17,-0.2137755999999999,-0.0566864,0.975235,1.0,-0.2263336,-0.0589447,0.9722595,-33.75035,2.451019,-31.02716,2.755157,0.6138892,0.5392892,1.0,-0.02005005,-0.0216217,0.9995575,31.222240000000003,3.316818,-30.28008,3.053253,0.5519038,0.4841323,-0.01070213,1.348428,-0.1951578,-0.06339052,0.6120144000000001,0.0533413,5.438939,21.98007,33.13
17,-0.01483154,-0.04266357,0.9989777,1.0,-0.1741791,-0.06248474,0.9827271,-33.41931,2.213364,-30.0645,2.867844,0.5946773,0.5388873000000001,1.0,0.009124756,-0.0395813,0.9991608,31.55165,3.177994,-29.59709,3.037979,0.5369781,0.4850539000000001,-0.01204801,1.348883,-0.1956241,-0.06554846,0.6109994000000001,0.05425582,5.438939,21.98007,33.13
17,-0.01483154,-0.04266357,0.9989777,1.0,-0.1741791,-0.06248474,0.9827271,-33.41931,2.213364,-30.0645,2.867844,0.5946773,0.5388873000000001,1.0,0.009124756,-0.0395813,0.9991608,31.55165,3.177994,-29.59709,3.037979,0.5369781,0.4850539000000001,-0.01204801,1.348883,-0.1956241,-0.06554846,0.6109994000000001,0.05425582,5.438939,21.98007,33.13
17,-0.01483154,-0.04266357,0.9989777,1.0,-0.1741791,-0.06248474,0.9827271,-33.41931,2.213364,-30.0645,2.867844,0.5946773,0.5388873000000001,1.0,0.009124756,-0.0395813,0.9991608,31.55165,3.177994,-29.59709,3.037979,0.5369781,0.4850539000000001,-0.01204801,1.348883,-0.1956241,-0.06554846,0.6109994000000001,0.05425582,5.438939,21.98007,33.13
17,-0.01483154,-0.04266357,0.9989777,1.0,-0.1741791,-0.06248474,0.9827271,-33.41931,2.213364,-30.0645,2.867844,0.5946773,0.5388873000000001,1.0,0.009124756,-0.0395813,0.9991608,31.55165,3.177994,-29.59709,3.037979,0.5369781,0.4850539000000001,-0.0131731,1.348632,-0.1959146,-0.06739752,0.6084458,0.05231379,5.438939,-2.624664,33.13
17,-0.01483154,-0.04266357,0.9989777,1.0,-0.1741791,-0.06248474,0.9827271,-33.41931,2.213364,-30.0645,2.867844,0.5946773,0.5388873000000001,1.0,0.009124756,-0.0395813,0.9991608,31.55165,3.177994,-29.59709,3.037979,0.5369781,0.4850539000000001,-0.0131731,1.348632,-0.1959146,-0.06739752,0.6084458,0.05231379,5.438939,-2.624664,33.13
17,-0.01483154,-0.04266357,0.9989777,1.0,-0.1741791,-0.06248474,0.9827271,-33.41931,2.213364,-30.0645,2.867844,0.5946773,0.5388873000000001,1.0,0.009124756,-0.0395813,0.9991608,31.55165,3.177994,-29.59709,3.037979,0.5369781,0.4850539000000001,-0.0131731,1.348632,-0.1959146,-0.06739752,0.6084458,0.05231379,5.438939,-2.624664,33.13
17,0.0504303,-0.08433533,0.9951477,1.0,0.004425049,-0.09298706,0.9956511999999998,-32.639590000000005,2.042114,-29.68991,2.756821,0.5451706999999999,0.5445838000000001,1.0,0.1256256,-0.06973267,0.9896088,32.51422,2.953568,-28.6097,2.982635,0.4903457999999999,0.4874180999999999,-0.01352406,1.348471,-0.1959376,-0.0686133999999999,0.6056313,0.04990915,5.438939,-2.624664,33.13
17,0.0504303,-0.08433533,0.9951477,1.0,0.004425049,-0.09298706,0.9956511999999998,-32.639590000000005,2.042114,-29.68991,2.756821,0.5451706999999999,0.5445838000000001,1.0,0.1256256,-0.06973267,0.9896088,32.51422,2.953568,-28.6097,2.982635,0.4903457999999999,0.4874180999999999,-0.01352406,1.348471,-0.1959376,-0.0686133999999999,0.6056313,0.04990915,5.438939,-2.624664,33.13
17,0.0504303,-0.08433533,0.9951477,1.0,0.004425049,-0.09298706,0.9956511999999998,-32.639590000000005,2.042114,-29.68991,2.756821,0.5451706999999999,0.5445838000000001,1.0,0.1256256,-0.06973267,0.9896088,32.51422,2.953568,-28.6097,2.982635,0.4903457999999999,0.4874180999999999,-0.01352406,1.348471,-0.1959376,-0.0686133999999999,0.6056313,0.04990915,5.438939,-2.624664,33.13
17,-0.0035552979999999,-0.1025391,0.9947205,1.0,-0.0037078859999999,-0.1025543,0.9947052,-32.70412,2.045746,-29.4653,2.749161,0.5482385000000001,0.5435976,1.0,0.1178131,-0.0887146,0.9890594,32.47461,2.812027,-27.89485,2.973755,0.4927522,0.4884447,-0.01309323,1.348394,-0.1954267999999999,-0.06955963,0.6027045,0.04846592,5.438939,-2.624664,33.13
17,-0.0035552979999999,-0.1025391,0.9947205,1.0,-0.0037078859999999,-0.1025543,0.9947052,-32.70412,2.045746,-29.4653,2.749161,0.5482385000000001,0.5435976,1.0,0.1178131,-0.0887146,0.9890594,32.47461,2.812027,-27.89485,2.973755,0.4927522,0.4884447,-0.01309323,1.348394,-0.1954267999999999,-0.06955963,0.6027045,0.04846592,5.438939,-2.624664,33.13
17,-0.0035552979999999,-0.1025391,0.9947205,1.0,-0.0037078859999999,-0.1025543,0.9947052,-32.70412,2.045746,-29.4653,2.749161,0.5482385000000001,0.5435976,1.0,0.1178131,-0.0887146,0.9890594,32.47461,2.812027,-27.89485,2.973755,0.4927522,0.4884447,-0.01309323,1.348394,-0.1954267999999999,-0.06955963,0.6027045,0.04846592,5.438939,-2.624664,33.13
17,-1.0,-1.0,-1.0,1.0,0.0,0.0,0.0,-32.84676,2.751465,-31.23001,-1.0,0.5447443000000001,0.5237556999999999,1.0,0.0,0.0,0.0,32.61469,2.993332,-27.67281,-1.0,0.4924199999999999,0.4780005,-0.01245832,1.34821,-0.1948895,-0.06974302,0.599816,0.04767131,5.438939,-2.624664,33.13
17,-1.0,-1.0,-1.0,1.0,0.0,0.0,0.0,-32.84676,2.751465,-31.23001,-1.0,0.5447443000000001,0.5237556999999999,1.0,0.0,0.0,0.0,32.61469,2.993332,-27.67281,-1.0,0.4924199999999999,0.4780005,-0.01245832,1.34821,-0.1948895,-0.06974302,0.599816,0.04767131,5.438939,-2.624664,33.13
17,-1.0,-1.0,-1.0,1.0,0.0,0.0,0.0,-32.84676,2.751465,-31.23001,-1.0,0.5447443000000001,0.5237556999999999,1.0,0.0,0.0,0.0,32.61469,2.993332,-27.67281,-1.0,0.4924199999999999,0.4780005,-0.01245832,1.34821,-0.1948895,-0.06974302,0.599816,0.04767131,5.438939,-2.624664,33.13
17,-1.0,-1.0,-1.0,0.9996845,0.0,0.0,0.0,-32.76686,2.969513,-31.49205,-1.0,0.5394993,0.5346021,0.1514772,0.0,0.0,0.0,32.27087,1.658493,-18.62724,-1.0,0.4921819999999999,0.4724774999999999,-0.01171136,1.347934,-0.1939652999999999,-0.06901563,0.5960111,0.04815454,5.438939,17.36405,33.13
17,-1.0,-1.0,-1.0,0.9996845,0.0,0.0,0.0,-32.76686,2.969513,-31.49205,-1.0,0.5394993,0.5346021,0.1514772,0.0,0.0,0.0,32.27087,1.658493,-18.62724,-1.0,0.4921819999999999,0.4724774999999999,-0.01171136,1.347934,-0.1939652999999999,-0.06901563,0.5960111,0.04815454,5.438939,17.36405,33.13
17,-1.0,-1.0,-1.0,0.9996845,0.0,0.0,0.0,-32.76686,2.969513,-31.49205,-1.0,0.5394993,0.5346021,0.1514772,0.0,0.0,0.0,32.27087,1.658493,-18.62724,-1.0,0.4921819999999999,0.4724774999999999,-0.01171136,1.347934,-0.1939652999999999,-0.06901563,0.5960111,0.04815454,5.438939,17.36405,33.13
17,-1.0,-1.0,-1.0,0.6193723000000001,0.0,0.0,0.0,-33.19942,0.5265656,-30.648640000000004,-1.0,0.5811729999999999,0.6422441999999999,0.0,0.0,0.0,0.0,31.6149,1.469315,-28.7124,-1.0,0.5095094,0.6074543,-0.01056147,1.347788,-0.1920777,-0.06791362,0.5894095,0.04823624,5.438939,17.36405,33.13
17,-1.0,-1.0,-1.0,0.6193723000000001,0.0,0.0,0.0,-33.19942,0.5265656,-30.648640000000004,-1.0,0.5811729999999999,0.6422441999999999,0.0,0.0,0.0,0.0,31.6149,1.469315,-28.7124,-1.0,0.5095094,0.6074543,-0.01056147,1.347788,-0.1920777,-0.06791362,0.5894095,0.04823624,5.438939,17.36405,33.13
17,-1.0,-1.0,-1.0,0.6193723000000001,0.0,0.0,0.0,-33.19942,0.5265656,-30.648640000000004,-1.0,0.5811729999999999,0.6422441999999999,0.0,0.0,0.0,0.0,31.6149,1.469315,-28.7124,-1.0,0.5095094,0.6074543,-0.01056147,1.347788,-0.1920777,-0.06791362,0.5894095,0.04823624,5.438939,17.36405,33.13
17,-1.0,-1.0,-1.0,0.4498779,0.0,0.0,0.0,-33.03484,0.5600128000000001,-30.62515,-1.0,0.6263764,0.6223899,0.0,0.0,0.0,0.0,33.31453,1.256638,-28.96075,-1.0,0.4220251,0.542783,-0.009630919,1.347102,-0.1900533999999999,-0.06627598,0.5815118,0.04711693,5.438939,17.36405,33.13
17,-1.0,-1.0,-1.0,0.4498779,0.0,0.0,0.0,-33.03484,0.5600128000000001,-30.62515,-1.0,0.6263764,0.6223899,0.0,0.0,0.0,0.0,33.31453,1.256638,-28.96075,-1.0,0.4220251,0.542783,-0.009630919,1.347102,-0.1900533999999999,-0.06627598,0.5815118,0.04711693,5.438939,17.36405,33.13
17,-1.0,-1.0,-1.0,0.4498779,0.0,0.0,0.0,-33.03484,0.5600128000000001,-30.62515,-1.0,0.6263764,0.6223899,0.0,0.0,0.0,0.0,33.31453,1.256638,-28.96075,-1.0,0.4220251,0.542783,-0.009630919,1.347102,-0.1900533999999999,-0.06627598,0.5815118,0.04711693,5.438939,17.36405,33.13
17,-1.0,-1.0,-1.0,0.8632837,0.0,0.0,0.0,-32.29692,3.160965,-30.99715,-1.0,0.522361,0.5174454,0.0,0.0,0.0,0.0,32.88168,4.026321,-28.96548,-1.0,0.4829081,0.4421632,-0.008172989,1.346158,-0.1837516,-0.06666593,0.5546893,0.04522092,5.438939,17.36405,33.13
17,-1.0,-1.0,-1.0,0.8632837,0.0,0.0,0.0,-32.29692,3.160965,-30.99715,-1.0,0.522361,0.5174454,0.0,0.0,0.0,0.0,32.88168,4.026321,-28.96548,-1.0,0.4829081,0.4421632,-0.008172989,1.346158,-0.1837516,-0.06666593,0.5546893,0.04522092,5.438939,17.36405,33.13
17,-1.0,-1.0,-1.0,0.8632837,0.0,0.0,0.0,-32.29692,3.160965,-30.99715,-1.0,0.522361,0.5174454,0.0,0.0,0.0,0.0,32.88168,4.026321,-28.96548,-1.0,0.4829081,0.4421632,-0.008172989,1.346158,-0.1837516,-0.06666593,0.5546893,0.04522092,5.438939,17.36405,33.13
17,-1.0,-1.0,-1.0,1.0,0.0,0.0,0.0,-32.32204,3.291748,-31.86662,-1.0,0.526482,0.5171195,0.06036844,0.0,0.0,0.0,32.8734,3.647766,-28.05722,-1.0,0.476367,0.4602228,-0.008172989,1.346158,-0.1837516,-0.06666593,0.5546893,0.04522092,5.438939,17.36405,33.13
17,-1.0,-1.0,-1.0,1.0,0.0,0.0,0.0,-32.32204,3.291748,-31.86662,-1.0,0.526482,0.5171195,0.06036844,0.0,0.0,0.0,32.8734,3.647766,-28.05722,-1.0,0.476367,0.4602228,-0.008172989,1.346158,-0.1837516,-0.06666593,0.5546893,0.04522092,5.438939,17.36405,33.13
17,-1.0,-1.0,-1.0,1.0,0.0,0.0,0.0,-32.32204,3.291748,-31.86662,-1.0,0.526482,0.5171195,0.06036844,0.0,0.0,0.0,32.8734,3.647766,-28.05722,-1.0,0.476367,0.4602228,-0.008172989,1.346158,-0.1837516,-0.06666593,0.5546893,0.04522092,5.438939,17.36405,33.13
17,-1.0,-1.0,-1.0,1.0,0.0,0.0,0.0,-32.32204,3.291748,-31.86662,-1.0,0.526482,0.5171195,0.06036844,0.0,0.0,0.0,32.8734,3.647766,-28.05722,-1.0,0.476367,0.4602228,-0.007479906,1.346406,-0.1783381,-0.06930423,0.5300220999999999,0.04283416,5.438939,17.36405,33.13
17,-1.0,-1.0,-1.0,1.0,0.0,0.0,0.0,-32.32204,3.291748,-31.86662,-1.0,0.526482,0.5171195,0.06036844,0.0,0.0,0.0,32.8734,3.647766,-28.05722,-1.0,0.476367,0.4602228,-0.007479906,1.346406,-0.1783381,-0.06930423,0.5300220999999999,0.04283416,5.438939,17.36405,33.13
17,-1.0,-1.0,-1.0,1.0,0.0,0.0,0.0,-32.32204,3.291748,-31.86662,-1.0,0.526482,0.5171195,0.06036844,0.0,0.0,0.0,32.8734,3.647766,-28.05722,-1.0,0.476367,0.4602228,-0.007479906,1.346406,-0.1783381,-0.06930423,0.5300220999999999,0.04283416,5.438939,17.36405,33.13
17,-1.0,-1.0,-1.0,1.0,0.0,0.0,0.0,-32.31512,3.2527310000000003,-31.78703,-1.0,0.5229471,0.5137826,0.06036844,0.0,0.0,0.0,32.80576,3.856674,-28.8815,-1.0,0.4729659,0.4564745,-0.007299423,1.345932,-0.172326,-0.0697692,0.5000387,0.03879945,5.438939,22.24257,33.13
17,-1.0,-1.0,-1.0,1.0,0.0,0.0,0.0,-32.31512,3.2527310000000003,-31.78703,-1.0,0.5229471,0.5137826,0.06036844,0.0,0.0,0.0,32.80576,3.856674,-28.8815,-1.0,0.4729659,0.4564745,-0.007299423,1.345932,-0.172326,-0.0697692,0.5000387,0.03879945,5.438939,22.24257,33.13
17,-1.0,-1.0,-1.0,1.0,0.0,0.0,0.0,-32.31512,3.2527310000000003,-31.78703,-1.0,0.5229471,0.5137826,0.06036844,0.0,0.0,0.0,32.80576,3.856674,-28.8815,-1.0,0.4729659,0.4564745,-0.007299423,1.345932,-0.172326,-0.0697692,0.5000387,0.03879945,5.438939,22.24257,33.13
17,-1.0,-1.0,-1.0,1.0,0.0,0.0,0.0,-32.31512,3.2527310000000003,-31.78703,-1.0,0.5229471,0.5137826,0.06036844,0.0,0.0,0.0,32.80576,3.856674,-28.8815,-1.0,0.4729659,0.4564745,-0.007349968,1.345436,-0.166341,-0.06893396,0.4695382999999999,0.03476712,5.438939,22.24257,33.13
17,-1.0,-1.0,-1.0,1.0,0.0,0.0,0.0,-32.31512,3.2527310000000003,-31.78703,-1.0,0.5229471,0.5137826,0.06036844,0.0,0.0,0.0,32.80576,3.856674,-28.8815,-1.0,0.4729659,0.4564745,-0.007349968,1.345436,-0.166341,-0.06893396,0.4695382999999999,0.03476712,5.438939,22.24257,33.13
17,-1.0,-1.0,-1.0,1.0,0.0,0.0,0.0,-32.31512,3.2527310000000003,-31.78703,-1.0,0.5229471,0.5137826,0.06036844,0.0,0.0,0.0,32.80576,3.856674,-28.8815,-1.0,0.4729659,0.4564745,-0.007349968,1.345436,-0.166341,-0.06893396,0.4695382999999999,0.03476712,5.438939,22.24257,33.13
17,-1.0,-1.0,-1.0,1.0,0.0,0.0,0.0,-33.34247,2.557632,-29.53958,-1.0,0.5907300999999999,0.5182375,1.0,0.0,0.0,0.0,31.77338,3.3689120000000004,-28.19716,-1.0,0.5340293,0.4667414000000001,-0.008014679,1.344865,-0.1604539999999999,-0.06680927,0.4378826,0.03229238,5.438939,22.24257,33.13
17,-1.0,-1.0,-1.0,1.0,0.0,0.0,0.0,-33.34247,2.557632,-29.53958,-1.0,0.5907300999999999,0.5182375,1.0,0.0,0.0,0.0,31.77338,3.3689120000000004,-28.19716,-1.0,0.5340293,0.4667414000000001,-0.008014679,1.344865,-0.1604539999999999,-0.06680927,0.4378826,0.03229238,5.438939,22.24257,33.13
17,-1.0,-1.0,-1.0,1.0,0.0,0.0,0.0,-33.34247,2.557632,-29.53958,-1.0,0.5907300999999999,0.5182375,1.0,0.0,0.0,0.0,31.77338,3.3689120000000004,-28.19716,-1.0,0.5340293,0.4667414000000001,-0.008014679,1.344865,-0.1604539999999999,-0.06680927,0.4378826,0.03229238,5.438939,22.24257,33.13
17,0.04925537,-0.05784607,0.9971008,0.9531555,0.04925537,-0.05784607,0.9971008,-32.19386,2.839767,-30.37878,2.864426,0.5248868,0.519093,0.74963,0.2170715,0.002716064,0.9761505,32.856190000000005,3.576889,-28.2146,3.2919620000000003,0.4679475,0.454772,-0.01168108,1.342945,-0.1561342,-0.06450824,0.4051918,0.03165954,5.438939,22.24257,33.13
17,0.04925537,-0.05784607,0.9971008,0.9531555,0.04925537,-0.05784607,0.9971008,-32.19386,2.839767,-30.37878,2.864426,0.5248868,0.519093,0.74963,0.2170715,0.002716064,0.9761505,32.856190000000005,3.576889,-28.2146,3.2919620000000003,0.4679475,0.454772,-0.01168108,1.342945,-0.1561342,-0.06450824,0.4051918,0.03165954,5.438939,22.24257,33.13
17,0.04925537,-0.05784607,0.9971008,0.9531555,0.04925537,-0.05784607,0.9971008,-32.19386,2.839767,-30.37878,2.864426,0.5248868,0.519093,0.74963,0.2170715,0.002716064,0.9761505,32.856190000000005,3.576889,-28.2146,3.2919620000000003,0.4679475,0.454772,-0.01168108,1.342945,-0.1561342,-0.06450824,0.4051918,0.03165954,5.438939,22.24257,33.13
17,0.1357117,-0.03224182,0.9902191,0.9219489,0.135376,-0.03233337,0.9902649,-31.69868,3.065933,-31.24361,3.018021,0.4976724,0.5162141,0.6947783000000001,0.3356323,0.0194397,0.9417877,33.21126,3.712006,-28.69443,3.22641,0.4411859,0.4524285,-0.01362872,1.341843,-0.1507819,-0.0617683,0.3723344,0.03126526,5.385709,22.24257,33.13
17,0.1357117,-0.03224182,0.9902191,0.9219489,0.135376,-0.03233337,0.9902649,-31.69868,3.065933,-31.24361,3.018021,0.4976724,0.5162141,0.6947783000000001,0.3356323,0.0194397,0.9417877,33.21126,3.712006,-28.69443,3.22641,0.4411859,0.4524285,-0.01362872,1.341843,-0.1507819,-0.0617683,0.3723344,0.03126526,5.385709,22.24257,33.13
17,0.1357117,-0.03224182,0.9902191,0.9219489,0.135376,-0.03233337,0.9902649,-31.69868,3.065933,-31.24361,3.018021,0.4976724,0.5162141,0.6947783000000001,0.3356323,0.0194397,0.9417877,33.21126,3.712006,-28.69443,3.22641,0.4411859,0.4524285,-0.01362872,1.341843,-0.1507819,-0.0617683,0.3723344,0.03126526,5.385709,22.24257,33.13
17,0.5269012,0.06970215,0.8470459000000001,1.0,0.4528656,0.1010742,0.8858185,-30.69725,2.742401,-30.93103,3.284485,0.4235253,0.5107505,0.07271918,0.5565033,0.05645752,0.8289185,34.22507,3.795273,-29.14055,3.223877,0.3776315999999999,0.4503710999999999,-0.01520562,1.341138,-0.1459056,-0.0598228,0.3416685,0.03097148,5.385709,20.0097,33.13
17,0.5269012,0.06970215,0.8470459000000001,1.0,0.4528656,0.1010742,0.8858185,-30.69725,2.742401,-30.93103,3.284485,0.4235253,0.5107505,0.07271918,0.5565033,0.05645752,0.8289185,34.22507,3.795273,-29.14055,3.223877,0.3776315999999999,0.4503710999999999,-0.01520562,1.341138,-0.1459056,-0.0598228,0.3416685,0.03097148,5.385709,20.0097,33.13
17,0.5269012,0.06970215,0.8470459000000001,1.0,0.4528656,0.1010742,0.8858185,-30.69725,2.742401,-30.93103,3.284485,0.4235253,0.5107505,0.07271918,0.5565033,0.05645752,0.8289185,34.22507,3.795273,-29.14055,3.223877,0.3776315999999999,0.4503710999999999,-0.01520562,1.341138,-0.1459056,-0.0598228,0.3416685,0.03097148,5.385709,20.0097,33.13
17,0.5269012,0.06970215,0.8470459000000001,1.0,0.4528656,0.1010742,0.8858185,-30.69725,2.742401,-30.93103,3.284485,0.4235253,0.5107505,0.07271918,0.5565033,0.05645752,0.8289185,34.22507,3.795273,-29.14055,3.223877,0.3776315999999999,0.4503710999999999,-0.01697254,1.340482,-0.1414115,-0.05810906,0.312818,0.03143637,5.385709,20.0097,33.13
17,0.5269012,0.06970215,0.8470459000000001,1.0,0.4528656,0.1010742,0.8858185,-30.69725,2.742401,-30.93103,3.284485,0.4235253,0.5107505,0.07271918,0.5565033,0.05645752,0.8289185,34.22507,3.795273,-29.14055,3.223877,0.3776315999999999,0.4503710999999999,-0.01697254,1.340482,-0.1414115,-0.05810906,0.312818,0.03143637,5.385709,20.0097,33.13
17,0.5269012,0.06970215,0.8470459000000001,1.0,0.4528656,0.1010742,0.8858185,-30.69725,2.742401,-30.93103,3.284485,0.4235253,0.5107505,0.07271918,0.5565033,0.05645752,0.8289185,34.22507,3.795273,-29.14055,3.223877,0.3776315999999999,0.4503710999999999,-0.01697254,1.340482,-0.1414115,-0.05810906,0.312818,0.03143637,5.385709,20.0097,33.13
17,0.5269012,0.06970215,0.8470459000000001,1.0,0.4528656,0.1010742,0.8858185,-30.69725,2.742401,-30.93103,3.284485,0.4235253,0.5107505,0.07271918,0.5565033,0.05645752,0.8289185,34.22507,3.795273,-29.14055,3.223877,0.3776315999999999,0.4503710999999999,-0.01836777,1.339809,-0.1371903,-0.0567833,0.2872669,0.03316945,5.385709,20.0097,33.13
17,0.5269012,0.06970215,0.8470459000000001,1.0,0.4528656,0.1010742,0.8858185,-30.69725,2.742401,-30.93103,3.284485,0.4235253,0.5107505,0.07271918,0.5565033,0.05645752,0.8289185,34.22507,3.795273,-29.14055,3.223877,0.3776315999999999,0.4503710999999999,-0.01836777,1.339809,-0.1371903,-0.0567833,0.2872669,0.03316945,5.385709,20.0097,33.13
17,0.5269012,0.06970215,0.8470459000000001,1.0,0.4528656,0.1010742,0.8858185,-30.69725,2.742401,-30.93103,3.284485,0.4235253,0.5107505,0.07271918,0.5565033,0.05645752,0.8289185,34.22507,3.795273,-29.14055,3.223877,0.3776315999999999,0.4503710999999999,-0.01836777,1.339809,-0.1371903,-0.0567833,0.2872669,0.03316945,5.385709,20.0097,33.13
17,0.3422089,0.01324463,0.9395142,1.0,0.2487792999999999,-0.01213074,0.9684753,-31.489790000000003,2.684235,-30.50951,3.004898,0.4761934,0.5208056999999999,1.0,0.3881683,0.02603149,0.9212189,33.59682,3.540146,-28.82285,3.226532,0.421376,0.4586661,-0.02006578,1.339094,-0.1329711,-0.05589047,0.2594506,0.03847268,5.385709,20.0097,33.13
17,0.3422089,0.01324463,0.9395142,1.0,0.2487792999999999,-0.01213074,0.9684753,-31.489790000000003,2.684235,-30.50951,3.004898,0.4761934,0.5208056999999999,1.0,0.3881683,0.02603149,0.9212189,33.59682,3.540146,-28.82285,3.226532,0.421376,0.4586661,-0.02006578,1.339094,-0.1329711,-0.05589047,0.2594506,0.03847268,5.385709,20.0097,33.13
17,0.3422089,0.01324463,0.9395142,1.0,0.2487792999999999,-0.01213074,0.9684753,-31.489790000000003,2.684235,-30.50951,3.004898,0.4761934,0.5208056999999999,1.0,0.3881683,0.02603149,0.9212189,33.59682,3.540146,-28.82285,3.226532,0.421376,0.4586661,-0.02006578,1.339094,-0.1329711,-0.05589047,0.2594506,0.03847268,5.385709,20.0097,33.13
17,0.2701569,-0.00189209,0.9627991,0.871886,0.1515656,-0.02410889,0.9881439,-31.95435,2.827423,-31.12267,2.979568,0.5044436,0.5224233,0.9784763,0.2855225,0.001037598,0.9583588,33.12285,3.534332,-28.698590000000003,3.227554,0.4503434,0.4604455,-0.02173519,1.3379379999999998,-0.1288428,-0.05640071,0.2334986,0.04007366,5.385709,20.0097,33.13
17,0.2701569,-0.00189209,0.9627991,0.871886,0.1515656,-0.02410889,0.9881439,-31.95435,2.827423,-31.12267,2.979568,0.5044436,0.5224233,0.9784763,0.2855225,0.001037598,0.9583588,33.12285,3.534332,-28.698590000000003,3.227554,0.4503434,0.4604455,-0.02173519,1.3379379999999998,-0.1288428,-0.05640071,0.2334986,0.04007366,5.385709,20.0097,33.13
17,0.2701569,-0.00189209,0.9627991,0.871886,0.1515656,-0.02410889,0.9881439,-31.95435,2.827423,-31.12267,2.979568,0.5044436,0.5224233,0.9784763,0.2855225,0.001037598,0.9583588,33.12285,3.534332,-28.698590000000003,3.227554,0.4503434,0.4604455,-0.02173519,1.3379379999999998,-0.1288428,-0.05640071,0.2334986,0.04007366,5.385709,20.0097,33.13
17,0.2701569,-0.00189209,0.9627991,0.871886,0.1515656,-0.02410889,0.9881439,-31.95435,2.827423,-31.12267,2.979568,0.5044436,0.5224233,0.9784763,0.2855225,0.001037598,0.9583588,33.12285,3.534332,-28.698590000000003,3.227554,0.4503434,0.4604455,-0.02363467,1.336156,-0.1251007,-0.05390894,0.2083248999999999,0.03912768,5.385709,-14.90153,33.13
17,0.2701569,-0.00189209,0.9627991,0.871886,0.1515656,-0.02410889,0.9881439,-31.95435,2.827423,-31.12267,2.979568,0.5044436,0.5224233,0.9784763,0.2855225,0.001037598,0.9583588,33.12285,3.534332,-28.698590000000003,3.227554,0.4503434,0.4604455,-0.02363467,1.336156,-0.1251007,-0.05390894,0.2083248999999999,0.03912768,5.385709,-14.90153,33.13
17,0.2701569,-0.00189209,0.9627991,0.871886,0.1515656,-0.02410889,0.9881439,-31.95435,2.827423,-31.12267,2.979568,0.5044436,0.5224233,0.9784763,0.2855225,0.001037598,0.9583588,33.12285,3.534332,-28.698590000000003,3.227554,0.4503434,0.4604455,-0.02363467,1.336156,-0.1251007,-0.05390894,0.2083248999999999,0.03912768,5.385709,-14.90153,33.13
17,0.2701569,-0.00189209,0.9627991,0.871886,0.1515656,-0.02410889,0.9881439,-31.95435,2.827423,-31.12267,2.979568,0.5044436,0.5224233,0.9784763,0.2855225,0.001037598,0.9583588,33.12285,3.534332,-28.698590000000003,3.227554,0.4503434,0.4604455,-0.02495956,1.334215,-0.1218937,-0.04921175,0.1871193,0.03862981,5.385709,-14.90153,33.13
17,0.2701569,-0.00189209,0.9627991,0.871886,0.1515656,-0.02410889,0.9881439,-31.95435,2.827423,-31.12267,2.979568,0.5044436,0.5224233,0.9784763,0.2855225,0.001037598,0.9583588,33.12285,3.534332,-28.698590000000003,3.227554,0.4503434,0.4604455,-0.02495956,1.334215,-0.1218937,-0.04921175,0.1871193,0.03862981,5.385709,-14.90153,33.13
17,0.2701569,-0.00189209,0.9627991,0.871886,0.1515656,-0.02410889,0.9881439,-31.95435,2.827423,-31.12267,2.979568,0.5044436,0.5224233,0.9784763,0.2855225,0.001037598,0.9583588,33.12285,3.534332,-28.698590000000003,3.227554,0.4503434,0.4604455,-0.02495956,1.334215,-0.1218937,-0.04921175,0.1871193,0.03862981,5.385709,-14.90153,33.13
18,0.2423096,0.01004028,0.9701385,0.871886,0.1214293999999999,-0.02044678,0.9923859,-32.11035,2.795288,-31.19121,2.742081,0.5132738,0.5234225,0.9784763,0.2423400999999999,0.01004028,0.9701233,33.01044,3.546478,-28.91301,3.294189,0.4593354,0.4606784,-0.02575397,1.332697,-0.1188033,-0.04562246,0.1702237,0.04248801,5.385709,-14.90153,33.13
18,0.2423096,0.01004028,0.9701385,0.871886,0.1214293999999999,-0.02044678,0.9923859,-32.11035,2.795288,-31.19121,2.742081,0.5132738,0.5234225,0.9784763,0.2423400999999999,0.01004028,0.9701233,33.01044,3.546478,-28.91301,3.294189,0.4593354,0.4606784,-0.02575397,1.332697,-0.1188033,-0.04562246,0.1702237,0.04248801,5.385709,-14.90153,33.13
18,0.2423096,0.01004028,0.9701385,0.871886,0.1214293999999999,-0.02044678,0.9923859,-32.11035,2.795288,-31.19121,2.742081,0.5132738,0.5234225,0.9784763,0.2423400999999999,0.01004028,0.9701233,33.01044,3.546478,-28.91301,3.294189,0.4593354,0.4606784,-0.02575397,1.332697,-0.1188033,-0.04562246,0.1702237,0.04248801,5.385709,-14.90153,33.13
18,0.2423096,0.01004028,0.9701385,0.871886,0.1214293999999999,-0.02044678,0.9923859,-32.11035,2.795288,-31.19121,2.742081,0.5132738,0.5234225,0.9784763,0.2423400999999999,0.01004028,0.9701233,33.01044,3.546478,-28.91301,3.294189,0.4593354,0.4606784,-0.02590108,1.330963,-0.1162364,-0.039986,0.157307,0.04669776,5.385709,-14.90153,33.13
18,0.2423096,0.01004028,0.9701385,0.871886,0.1214293999999999,-0.02044678,0.9923859,-32.11035,2.795288,-31.19121,2.742081,0.5132738,0.5234225,0.9784763,0.2423400999999999,0.01004028,0.9701233,33.01044,3.546478,-28.91301,3.294189,0.4593354,0.4606784,-0.02590108,1.330963,-0.1162364,-0.039986,0.157307,0.04669776,5.385709,-14.90153,33.13
18,0.2423096,0.01004028,0.9701385,0.871886,0.1214293999999999,-0.02044678,0.9923859,-32.11035,2.795288,-31.19121,2.742081,0.5132738,0.5234225,0.9784763,0.2423400999999999,0.01004028,0.9701233,33.01044,3.546478,-28.91301,3.294189,0.4593354,0.4606784,-0.02590108,1.330963,-0.1162364,-0.039986,0.157307,0.04669776,5.385709,-14.90153,33.13
18,0.4096984999999999,0.003097534,0.9122009,0.9631286,0.2710265999999999,-0.04281616,0.9616089,-31.7699,2.574295,-30.64905,3.054794,0.4831944999999999,0.5299476,0.6076633,0.4098053,0.0031433109999999,0.9121552,33.23668,3.463043,-28.79482,3.339874,0.4308149,0.4641717000000001,-0.02544284,1.329827,-0.1140535,-0.03777184,0.1508147,0.04913554,5.385709,-14.90153,33.13
18,0.4096984999999999,0.003097534,0.9122009,0.9631286,0.2710265999999999,-0.04281616,0.9616089,-31.7699,2.574295,-30.64905,3.054794,0.4831944999999999,0.5299476,0.6076633,0.4098053,0.0031433109999999,0.9121552,33.23668,3.463043,-28.79482,3.339874,0.4308149,0.4641717000000001,-0.02544284,1.329827,-0.1140535,-0.03777184,0.1508147,0.04913554,5.385709,-14.90153,33.13
18,0.4096984999999999,0.003097534,0.9122009,0.9631286,0.2710265999999999,-0.04281616,0.9616089,-31.7699,2.574295,-30.64905,3.054794,0.4831944999999999,0.5299476,0.6076633,0.4098053,0.0031433109999999,0.9121552,33.23668,3.463043,-28.79482,3.339874,0.4308149,0.4641717000000001,-0.02544284,1.329827,-0.1140535,-0.03777184,0.1508147,0.04913554,5.385709,-14.90153,33.13
18,0.3091277999999999,-0.0004425048999999,0.9510193,0.8004044,0.2374572999999999,-0.009170532,0.971344,-31.98747,2.664276,-30.64526,3.083344,0.4949982,0.5224548999999999,0.7670104999999999,0.3424683,0.003677368,0.9395142,33.046620000000004,3.501953,-28.72467,3.324844,0.4458077,0.4618103,-0.02437115,1.32945,-0.1122298,-0.03761133,0.1470358,0.05088077,5.385709,-22.45451,33.13
18,0.3091277999999999,-0.0004425048999999,0.9510193,0.8004044,0.2374572999999999,-0.009170532,0.971344,-31.98747,2.664276,-30.64526,3.083344,0.4949982,0.5224548999999999,0.7670104999999999,0.3424683,0.003677368,0.9395142,33.046620000000004,3.501953,-28.72467,3.324844,0.4458077,0.4618103,-0.02437115,1.32945,-0.1122298,-0.03761133,0.1470358,0.05088077,5.385709,-22.45451,33.13
18,0.3091277999999999,-0.0004425048999999,0.9510193,0.8004044,0.2374572999999999,-0.009170532,0.971344,-31.98747,2.664276,-30.64526,3.083344,0.4949982,0.5224548999999999,0.7670104999999999,0.3424683,0.003677368,0.9395142,33.046620000000004,3.501953,-28.72467,3.324844,0.4458077,0.4618103,-0.02437115,1.32945,-0.1122298,-0.03761133,0.1470358,0.05088077,5.385709,-22.45451,33.13
18,0.2856293,-0.01611328,0.9581909,0.7570425999999999,0.220932,-0.04145813,0.9743958,-32.04796,2.663437,-30.6315,2.989426,0.4989499,0.5261765,0.6944884,0.3366852,0.004333496,0.9416046,33.03062,3.5217440000000004,-28.72292,3.213882,0.4470803,0.4609284999999999,-0.02267361,1.329129,-0.1105641,-0.03920985,0.1474368,0.05220015,5.385709,-22.45451,33.13
18,0.2856293,-0.01611328,0.9581909,0.7570425999999999,0.220932,-0.04145813,0.9743958,-32.04796,2.663437,-30.6315,2.989426,0.4989499,0.5261765,0.6944884,0.3366852,0.004333496,0.9416046,33.03062,3.5217440000000004,-28.72292,3.213882,0.4470803,0.4609284999999999,-0.02267361,1.329129,-0.1105641,-0.03920985,0.1474368,0.05220015,5.385709,-22.45451,33.13
18,0.2856293,-0.01611328,0.9581909,0.7570425999999999,0.220932,-0.04145813,0.9743958,-32.04796,2.663437,-30.6315,2.989426,0.4989499,0.5261765,0.6944884,0.3366852,0.004333496,0.9416046,33.03062,3.5217440000000004,-28.72292,3.213882,0.4470803,0.4609284999999999,-0.02267361,1.329129,-0.1105641,-0.03920985,0.1474368,0.05220015,5.385709,-22.45451,33.13
18,0.2803955,-0.01252747,0.9597931,0.7733802,0.1975708,-0.04185486,0.9793854,-32.0676,2.696213,-30.61841,2.982529,0.5025069000000001,0.5248389,0.8158340999999999,0.3280334,0.004745483,0.9446411,33.01213,3.497375,-28.72556,3.235962,0.4487771,0.4617047,-0.02035165,1.3288950000000002,-0.1090674,-0.0401946999999999,0.148661,0.05359763,5.385709,-22.45451,33.13
18,0.2803955,-0.01252747,0.9597931,0.7733802,0.1975708,-0.04185486,0.9793854,-32.0676,2.696213,-30.61841,2.982529,0.5025069000000001,0.5248389,0.8158340999999999,0.3280334,0.004745483,0.9446411,33.01213,3.497375,-28.72556,3.235962,0.4487771,0.4617047,-0.02035165,1.3288950000000002,-0.1090674,-0.0401946999999999,0.148661,0.05359763,5.385709,-22.45451,33.13
18,0.2803955,-0.01252747,0.9597931,0.7733802,0.1975708,-0.04185486,0.9793854,-32.0676,2.696213,-30.61841,2.982529,0.5025069000000001,0.5248389,0.8158340999999999,0.3280334,0.004745483,0.9446411,33.01213,3.497375,-28.72556,3.235962,0.4487771,0.4617047,-0.02035165,1.3288950000000002,-0.1090674,-0.0401946999999999,0.148661,0.05359763,5.385709,-22.45451,33.13
18,0.2754822,-0.01550293,0.9611664,0.7871098000000001,0.1923828,-0.04005432,0.9804993,-32.06773,2.686996,-30.62047,2.988144,0.5031629,0.5249201,0.7684947,0.3251953,-0.0004425048999999,0.9456329,33.01201,3.4904940000000004,-28.72406,3.240768,0.44913,0.4625342,-0.01782489,1.328812,-0.1073759,-0.04181919,0.1523145,0.0523285999999999,5.385709,-22.45451,33.13
18,0.2754822,-0.01550293,0.9611664,0.7871098000000001,0.1923828,-0.04005432,0.9804993,-32.06773,2.686996,-30.62047,2.988144,0.5031629,0.5249201,0.7684947,0.3251953,-0.0004425048999999,0.9456329,33.01201,3.4904940000000004,-28.72406,3.240768,0.44913,0.4625342,-0.01782489,1.328812,-0.1073759,-0.04181919,0.1523145,0.0523285999999999,5.385709,-22.45451,33.13
18,0.2754822,-0.01550293,0.9611664,0.7871098000000001,0.1923828,-0.04005432,0.9804993,-32.06773,2.686996,-30.62047,2.988144,0.5031629,0.5249201,0.7684947,0.3251953,-0.0004425048999999,0.9456329,33.01201,3.4904940000000004,-28.72406,3.240768,0.44913,0.4625342,-0.01782489,1.328812,-0.1073759,-0.04181919,0.1523145,0.0523285999999999,5.385709,-22.45451,33.13
18,0.2770995999999999,-0.02809143,0.9604187,0.7566102,0.1906433,-0.07232666,0.9789886,-32.031890000000004,2.668121,-30.61626,2.973389,0.5020776,0.5295329000000001,0.698203,0.3276672,-0.001419067,0.9447784,33.01253,3.485321,-28.72247,3.24115,0.4488032,0.462827,-0.01379967,1.32919,-0.1032583999999999,-0.04652032,0.1529191,0.04475621,5.385709,-22.45451,33.13
18,0.2770995999999999,-0.02809143,0.9604187,0.7566102,0.1906433,-0.07232666,0.9789886,-32.031890000000004,2.668121,-30.61626,2.973389,0.5020776,0.5295329000000001,0.698203,0.3276672,-0.001419067,0.9447784,33.01253,3.485321,-28.72247,3.24115,0.4488032,0.462827,-0.01379967,1.32919,-0.1032583999999999,-0.04652032,0.1529191,0.04475621,5.385709,-22.45451,33.13
18,0.2770995999999999,-0.02809143,0.9604187,0.7566102,0.1906433,-0.07232666,0.9789886,-32.031890000000004,2.668121,-30.61626,2.973389,0.5020776,0.5295329000000001,0.698203,0.3276672,-0.001419067,0.9447784,33.01253,3.485321,-28.72247,3.24115,0.4488032,0.462827,-0.01379967,1.32919,-0.1032583999999999,-0.04652032,0.1529191,0.04475621,5.385709,-22.45451,33.13
18,0.2770995999999999,-0.02809143,0.9604187,0.7566102,0.1906433,-0.07232666,0.9789886,-32.031890000000004,2.668121,-30.61626,2.973389,0.5020776,0.5295329000000001,0.698203,0.3276672,-0.001419067,0.9447784,33.01253,3.485321,-28.72247,3.24115,0.4488032,0.462827,-0.01379967,1.32919,-0.1032583999999999,-0.04652032,0.1529191,0.04475621,5.385709,-22.45451,33.13
18,0.2770995999999999,-0.02809143,0.9604187,0.7566102,0.1906433,-0.07232666,0.9789886,-32.031890000000004,2.668121,-30.61626,2.973389,0.5020776,0.5295329000000001,0.698203,0.3276672,-0.001419067,0.9447784,33.01253,3.485321,-28.72247,3.24115,0.4488032,0.462827,-0.01379967,1.32919,-0.1032583999999999,-0.04652032,0.1529191,0.04475621,5.385709,-22.45451,33.13
18,0.2770995999999999,-0.02809143,0.9604187,0.7566102,0.1906433,-0.07232666,0.9789886,-32.031890000000004,2.668121,-30.61626,2.973389,0.5020776,0.5295329000000001,0.698203,0.3276672,-0.001419067,0.9447784,33.01253,3.485321,-28.72247,3.24115,0.4488032,0.462827,-0.01379967,1.32919,-0.1032583999999999,-0.04652032,0.1529191,0.04475621,5.385709,-22.45451,33.13
18,0.2800902999999999,-0.06231689,0.9579315,0.7876989999999999,0.1978302,-0.0933075,0.975769,-31.91983,2.583832,-30.62663,2.901688,0.4971518,0.5351435,0.6733220999999999,0.3341064,-0.04121399,0.9416199,33.17313,3.385178,-28.73552,3.206528,0.4425039,0.4710564,-0.01218486,1.329696,-0.1011947,-0.04965532,0.1507657,0.03930949,5.385709,-2.764725,33.13
18,0.2800902999999999,-0.06231689,0.9579315,0.7876989999999999,0.1978302,-0.0933075,0.975769,-31.91983,2.583832,-30.62663,2.901688,0.4971518,0.5351435,0.6733220999999999,0.3341064,-0.04121399,0.9416199,33.17313,3.385178,-28.73552,3.206528,0.4425039,0.4710564,-0.01218486,1.329696,-0.1011947,-0.04965532,0.1507657,0.03930949,5.385709,-2.764725,33.13
18,0.2800902999999999,-0.06231689,0.9579315,0.7876989999999999,0.1978302,-0.0933075,0.975769,-31.91983,2.583832,-30.62663,2.901688,0.4971518,0.5351435,0.6733220999999999,0.3341064,-0.04121399,0.9416199,33.17313,3.385178,-28.73552,3.206528,0.4425039,0.4710564,-0.01218486,1.329696,-0.1011947,-0.04965532,0.1507657,0.03930949,5.385709,-2.764725,33.13
18,0.2771454,-0.06930542,0.958313,0.8141201,0.1953582999999999,-0.1013488999999999,0.9754791,-31.92113,2.57486,-30.62738,2.899155,0.4974880999999999,0.5364552,0.7930893,0.3304595999999999,-0.04763794,0.9426117,33.17281,3.331177,-28.73392,3.211411,0.4429496,0.4736198,-0.01074409,1.3302379999999998,-0.09953076,-0.05396226,0.1489947,0.03452109,5.385709,-2.764725,33.13
18,0.2771454,-0.06930542,0.958313,0.8141201,0.1953582999999999,-0.1013488999999999,0.9754791,-31.92113,2.57486,-30.62738,2.899155,0.4974880999999999,0.5364552,0.7930893,0.3304595999999999,-0.04763794,0.9426117,33.17281,3.331177,-28.73392,3.211411,0.4429496,0.4736198,-0.01074409,1.3302379999999998,-0.09953076,-0.05396226,0.1489947,0.03452109,5.385709,-2.764725,33.13
18,0.2771454,-0.06930542,0.958313,0.8141201,0.1953582999999999,-0.1013488999999999,0.9754791,-31.92113,2.57486,-30.62738,2.899155,0.4974880999999999,0.5364552,0.7930893,0.3304595999999999,-0.04763794,0.9426117,33.17281,3.331177,-28.73392,3.211411,0.4429496,0.4736198,-0.01074409,1.3302379999999998,-0.09953076,-0.05396226,0.1489947,0.03452109,5.385709,-2.764725,33.13
18,0.2771454,-0.06930542,0.958313,0.8141201,0.1953582999999999,-0.1013488999999999,0.9754791,-31.92113,2.57486,-30.62738,2.899155,0.4974880999999999,0.5364552,0.7930893,0.3304595999999999,-0.04763794,0.9426117,33.17281,3.331177,-28.73392,3.211411,0.4429496,0.4736198,-0.009364843,1.330685,-0.09806639,-0.05739772,0.1479338,0.02950922,5.385709,-2.764725,33.13
18,0.2771454,-0.06930542,0.958313,0.8141201,0.1953582999999999,-0.1013488999999999,0.9754791,-31.92113,2.57486,-30.62738,2.899155,0.4974880999999999,0.5364552,0.7930893,0.3304595999999999,-0.04763794,0.9426117,33.17281,3.331177,-28.73392,3.211411,0.4429496,0.4736198,-0.009364843,1.330685,-0.09806639,-0.05739772,0.1479338,0.02950922,5.385709,-2.764725,33.13
18,0.2771454,-0.06930542,0.958313,0.8141201,0.1953582999999999,-0.1013488999999999,0.9754791,-31.92113,2.57486,-30.62738,2.899155,0.4974880999999999,0.5364552,0.7930893,0.3304595999999999,-0.04763794,0.9426117,33.17281,3.331177,-28.73392,3.211411,0.4429496,0.4736198,-0.009364843,1.330685,-0.09806639,-0.05739772,0.1479338,0.02950922,5.385709,-2.764725,33.13
18,0.28302,-0.07008362,0.956543,0.8141201,0.1942443999999999,-0.1042633,0.9753876,-31.922390000000004,2.571609,-30.62735,2.906418,0.4976788,0.5369345,0.7930893,0.3396301,-0.0473938,0.9393463,33.17606,3.31665,-28.74208,3.179337,0.4416814,0.4741736,-0.00808239,1.330796,-0.09701735,-0.05925115,0.1480685,0.02489007,5.385709,-2.764725,33.15
18,0.28302,-0.07008362,0.956543,0.8141201,0.1942443999999999,-0.1042633,0.9753876,-31.922390000000004,2.571609,-30.62735,2.906418,0.4976788,0.5369345,0.7930893,0.3396301,-0.0473938,0.9393463,33.17606,3.31665,-28.74208,3.179337,0.4416814,0.4741736,-0.00808239,1.330796,-0.09701735,-0.05925115,0.1480685,0.02489007,5.385709,-2.764725,33.15
18,0.28302,-0.07008362,0.956543,0.8141201,0.1942443999999999,-0.1042633,0.9753876,-31.922390000000004,2.571609,-30.62735,2.906418,0.4976788,0.5369345,0.7930893,0.3396301,-0.0473938,0.9393463,33.17606,3.31665,-28.74208,3.179337,0.4416814,0.4741736,-0.00808239,1.330796,-0.09701735,-0.05925115,0.1480685,0.02489007,5.385709,-2.764725,33.15
18,0.2682953,-0.08126831,0.9598846,0.7947797,0.178299,-0.1077881,0.9780426,-31.94107,2.422119,-30.63971,2.787628,0.5000824,0.5425035,0.8069891,0.3261719,-0.06343079,0.9431763,33.13644,3.175659,-28.74155,3.126175,0.4446511999999999,0.4807616,-0.0069906709999999,1.330693,-0.09637719,-0.05993653,0.1484002,0.02285455,5.385709,-40.02306,33.15
18,0.2682953,-0.08126831,0.9598846,0.7947797,0.178299,-0.1077881,0.9780426,-31.94107,2.422119,-30.63971,2.787628,0.5000824,0.5425035,0.8069891,0.3261719,-0.06343079,0.9431763,33.13644,3.175659,-28.74155,3.126175,0.4446511999999999,0.4807616,-0.0069906709999999,1.330693,-0.09637719,-0.05993653,0.1484002,0.02285455,5.385709,-40.02306,33.15
18,0.2682953,-0.08126831,0.9598846,0.7947797,0.178299,-0.1077881,0.9780426,-31.94107,2.422119,-30.63971,2.787628,0.5000824,0.5425035,0.8069891,0.3261719,-0.06343079,0.9431763,33.13644,3.175659,-28.74155,3.126175,0.4446511999999999,0.4807616,-0.0069906709999999,1.330693,-0.09637719,-0.05993653,0.1484002,0.02285455,5.385709,-40.02306,33.15
18,0.2682953,-0.08126831,0.9598846,0.7947797,0.178299,-0.1077881,0.9780426,-31.94107,2.422119,-30.63971,2.787628,0.5000824,0.5425035,0.8069891,0.3261719,-0.06343079,0.9431763,33.13644,3.175659,-28.74155,3.126175,0.4446511999999999,0.4807616,-0.005705118,1.3300530000000002,-0.09607095,-0.05734759,0.1505698999999999,0.02208292,5.385709,-53.29231,33.15
18,0.2682953,-0.08126831,0.9598846,0.7947797,0.178299,-0.1077881,0.9780426,-31.94107,2.422119,-30.63971,2.787628,0.5000824,0.5425035,0.8069891,0.3261719,-0.06343079,0.9431763,33.13644,3.175659,-28.74155,3.126175,0.4446511999999999,0.4807616,-0.005705118,1.3300530000000002,-0.09607095,-0.05734759,0.1505698999999999,0.02208292,5.385709,-53.29231,33.15
18,0.2682953,-0.08126831,0.9598846,0.7947797,0.178299,-0.1077881,0.9780426,-31.94107,2.422119,-30.63971,2.787628,0.5000824,0.5425035,0.8069891,0.3261719,-0.06343079,0.9431763,33.13644,3.175659,-28.74155,3.126175,0.4446511999999999,0.4807616,-0.005705118,1.3300530000000002,-0.09607095,-0.05734759,0.1505698999999999,0.02208292,5.385709,-53.29231,33.15
18,0.2653656,-0.08280945,0.9605713,0.8360276,0.1808014,-0.1114196999999999,0.9771729,-31.93462,2.39595,-30.640590000000003,2.886978,0.499698,0.543946,0.7110039,0.3210144,-0.06317139,0.9449615,33.13655,3.147583,-28.73994,3.157227,0.4452837999999999,0.4816595,-0.004412413,1.329723,-0.09624738,-0.05624594,0.1554797999999999,0.02126898,5.385709,-53.29231,33.15
18,0.2653656,-0.08280945,0.9605713,0.8360276,0.1808014,-0.1114196999999999,0.9771729,-31.93462,2.39595,-30.640590000000003,2.886978,0.499698,0.543946,0.7110039,0.3210144,-0.06317139,0.9449615,33.13655,3.147583,-28.73994,3.157227,0.4452837999999999,0.4816595,-0.004412413,1.329723,-0.09624738,-0.05624594,0.1554797999999999,0.02126898,5.385709,-53.29231,33.15
18,0.2653656,-0.08280945,0.9605713,0.8360276,0.1808014,-0.1114196999999999,0.9771729,-31.93462,2.39595,-30.640590000000003,2.886978,0.499698,0.543946,0.7110039,0.3210144,-0.06317139,0.9449615,33.13655,3.147583,-28.73994,3.157227,0.4452837999999999,0.4816595,-0.004412413,1.329723,-0.09624738,-0.05624594,0.1554797999999999,0.02126898,5.385709,-53.29231,33.15
18,0.07791138,-0.01835632,0.9967804,0.7820351,0.0,0.0,0.0,-33.145340000000004,2.30751,-29.74825,-1.0,0.5738193,0.5340243,0.8949048000000001,0.07791138,-0.01835632,0.9967804,31.8739,2.53717,-26.37331,3.133987,0.5176274000000001,0.476771,-0.002929449,1.329485,-0.09683233,-0.05515593,0.1620285,0.02171514,5.385709,-53.29231,33.15
18,0.07791138,-0.01835632,0.9967804,0.7820351,0.0,0.0,0.0,-33.145340000000004,2.30751,-29.74825,-1.0,0.5738193,0.5340243,0.8949048000000001,0.07791138,-0.01835632,0.9967804,31.8739,2.53717,-26.37331,3.133987,0.5176274000000001,0.476771,-0.002929449,1.329485,-0.09683233,-0.05515593,0.1620285,0.02171514,5.385709,-53.29231,33.15
18,0.07791138,-0.01835632,0.9967804,0.7820351,0.0,0.0,0.0,-33.145340000000004,2.30751,-29.74825,-1.0,0.5738193,0.5340243,0.8949048000000001,0.07791138,-0.01835632,0.9967804,31.8739,2.53717,-26.37331,3.133987,0.5176274000000001,0.476771,-0.002929449,1.329485,-0.09683233,-0.05515593,0.1620285,0.02171514,5.385709,-53.29231,33.15
18,-0.1604309,-0.05589294,0.9854584,1.0,0.0,0.0,0.0,-34.09355,2.397171,-30.04356,-1.0,0.6315668000000001,0.5277162,1.0,-0.1604309,-0.05589294,0.9854584,30.91045,3.285645,-28.34721,3.0791470000000003,0.5786614999999999,0.4739143,-0.001115084,1.329882,-0.0981285,-0.05629837,0.172131,0.02229914,5.385709,-53.29231,33.15
18,-0.1604309,-0.05589294,0.9854584,1.0,0.0,0.0,0.0,-34.09355,2.397171,-30.04356,-1.0,0.6315668000000001,0.5277162,1.0,-0.1604309,-0.05589294,0.9854584,30.91045,3.285645,-28.34721,3.0791470000000003,0.5786614999999999,0.4739143,-0.001115084,1.329882,-0.0981285,-0.05629837,0.172131,0.02229914,5.385709,-53.29231,33.15
18,-0.1604309,-0.05589294,0.9854584,1.0,0.0,0.0,0.0,-34.09355,2.397171,-30.04356,-1.0,0.6315668000000001,0.5277162,1.0,-0.1604309,-0.05589294,0.9854584,30.91045,3.285645,-28.34721,3.0791470000000003,0.5786614999999999,0.4739143,-0.001115084,1.329882,-0.0981285,-0.05629837,0.172131,0.02229914,5.385709,-53.29231,33.15
18,-0.2789612,-0.04690552,0.9591522,1.0,-0.2789612,-0.04690552,0.959137,-34.11673,2.422394,-30.22656,2.791656,0.6324378,0.5318522,1.0,-0.1161956999999999,-0.03303528,0.9926758,30.83348,3.26474,-28.64351,3.140717,0.5760297,0.4740723,0.0008635521,1.3303040000000002,-0.1002343,-0.0572795999999999,0.1851734,0.02465427,5.385709,-53.29231,33.15
18,-0.2789612,-0.04690552,0.9591522,1.0,-0.2789612,-0.04690552,0.959137,-34.11673,2.422394,-30.22656,2.791656,0.6324378,0.5318522,1.0,-0.1161956999999999,-0.03303528,0.9926758,30.83348,3.26474,-28.64351,3.140717,0.5760297,0.4740723,0.0008635521,1.3303040000000002,-0.1002343,-0.0572795999999999,0.1851734,0.02465427,5.385709,-53.29231,33.15
18,-0.2789612,-0.04690552,0.9591522,1.0,-0.2789612,-0.04690552,0.959137,-34.11673,2.422394,-30.22656,2.791656,0.6324378,0.5318522,1.0,-0.1161956999999999,-0.03303528,0.9926758,30.83348,3.26474,-28.64351,3.140717,0.5760297,0.4740723,0.0008635521,1.3303040000000002,-0.1002343,-0.0572795999999999,0.1851734,0.02465427,5.385709,-53.29231,33.15
18,-0.2438507,-0.04470825,0.9687653,1.0,-0.2438507,-0.04470825,0.9687653,-33.99654,2.328766,-29.89227,2.75293,0.6232786,0.5314767,1.0,-0.05200195,-0.008987427,0.9985962,30.94424,3.415146,-29.66417,3.015488,0.5651408,0.4741984999999999,0.003268719,1.330524,-0.1032107,-0.05728715,0.2012489,0.02726106,5.385709,-48.11407,33.15
18,-0.2438507,-0.04470825,0.9687653,1.0,-0.2438507,-0.04470825,0.9687653,-33.99654,2.328766,-29.89227,2.75293,0.6232786,0.5314767,1.0,-0.05200195,-0.008987427,0.9985962,30.94424,3.415146,-29.66417,3.015488,0.5651408,0.4741984999999999,0.003268719,1.330524,-0.1032107,-0.05728715,0.2012489,0.02726106,5.385709,-48.11407,33.15
18,-0.2438507,-0.04470825,0.9687653,1.0,-0.2438507,-0.04470825,0.9687653,-33.99654,2.328766,-29.89227,2.75293,0.6232786,0.5314767,1.0,-0.05200195,-0.008987427,0.9985962,30.94424,3.415146,-29.66417,3.015488,0.5651408,0.4741984999999999,0.003268719,1.330524,-0.1032107,-0.05728715,0.2012489,0.02726106,5.385709,-48.11407,33.15
18,-0.2438507,-0.04470825,0.9687653,1.0,-0.2438507,-0.04470825,0.9687653,-33.99654,2.328766,-29.89227,2.75293,0.6232786,0.5314767,1.0,-0.05200195,-0.008987427,0.9985962,30.94424,3.415146,-29.66417,3.015488,0.5651408,0.4741984999999999,0.006296158,1.331005,-0.1069853,-0.05626541,0.2230590999999999,0.03065132,5.385709,-48.11407,33.15
18,-0.2438507,-0.04470825,0.9687653,1.0,-0.2438507,-0.04470825,0.9687653,-33.99654,2.328766,-29.89227,2.75293,0.6232786,0.5314767,1.0,-0.05200195,-0.008987427,0.9985962,30.94424,3.415146,-29.66417,3.015488,0.5651408,0.4741984999999999,0.006296158,1.331005,-0.1069853,-0.05626541,0.2230590999999999,0.03065132,5.385709,-48.11407,33.15
18,-0.2438507,-0.04470825,0.9687653,1.0,-0.2438507,-0.04470825,0.9687653,-33.99654,2.328766,-29.89227,2.75293,0.6232786,0.5314767,1.0,-0.05200195,-0.008987427,0.9985962,30.94424,3.415146,-29.66417,3.015488,0.5651408,0.4741984999999999,0.006296158,1.331005,-0.1069853,-0.05626541,0.2230590999999999,0.03065132,5.385709,-48.11407,33.15
18,-0.2438507,-0.04470825,0.9687653,1.0,-0.2438507,-0.04470825,0.9687653,-33.99654,2.328766,-29.89227,2.75293,0.6232786,0.5314767,1.0,-0.05200195,-0.008987427,0.9985962,30.94424,3.415146,-29.66417,3.015488,0.5651408,0.4741984999999999,0.009975433,1.330908,-0.1115263,-0.05205809,0.2490879,0.03532159,5.385709,-48.11407,33.15
18,-0.2438507,-0.04470825,0.9687653,1.0,-0.2438507,-0.04470825,0.9687653,-33.99654,2.328766,-29.89227,2.75293,0.6232786,0.5314767,1.0,-0.05200195,-0.008987427,0.9985962,30.94424,3.415146,-29.66417,3.015488,0.5651408,0.4741984999999999,0.009975433,1.330908,-0.1115263,-0.05205809,0.2490879,0.03532159,5.385709,-48.11407,33.15
18,-0.2438507,-0.04470825,0.9687653,1.0,-0.2438507,-0.04470825,0.9687653,-33.99654,2.328766,-29.89227,2.75293,0.6232786,0.5314767,1.0,-0.05200195,-0.008987427,0.9985962,30.94424,3.415146,-29.66417,3.015488,0.5651408,0.4741984999999999,0.009975433,1.330908,-0.1115263,-0.05205809,0.2490879,0.03532159,5.385709,-48.11407,33.15
18,-0.08847046,-0.08575439,0.9923706,1.0,-0.08847046,-0.08575439,0.9923706,-33.521840000000005,2.192917,-29.78429,2.716858,0.5871546,0.5395581,1.0,0.08757019,-0.04185486,0.9952698,31.49075,3.0549470000000003,-27.9258,2.952118,0.5294973000000001,0.4751839,0.01446104,1.330907,-0.1168516,-0.04751359,0.2829419,0.03921498,5.385709,-48.11407,33.15
18,-0.08847046,-0.08575439,0.9923706,1.0,-0.08847046,-0.08575439,0.9923706,-33.521840000000005,2.192917,-29.78429,2.716858,0.5871546,0.5395581,1.0,0.08757019,-0.04185486,0.9952698,31.49075,3.0549470000000003,-27.9258,2.952118,0.5294973000000001,0.4751839,0.01446104,1.330907,-0.1168516,-0.04751359,0.2829419,0.03921498,5.385709,-48.11407,33.15
18,-0.08847046,-0.08575439,0.9923706,1.0,-0.08847046,-0.08575439,0.9923706,-33.521840000000005,2.192917,-29.78429,2.716858,0.5871546,0.5395581,1.0,0.08757019,-0.04185486,0.9952698,31.49075,3.0549470000000003,-27.9258,2.952118,0.5294973000000001,0.4751839,0.01446104,1.330907,-0.1168516,-0.04751359,0.2829419,0.03921498,5.385709,-48.11407,33.15
18,-0.09951782,-0.08900452,0.9910431,0.906412,-0.09951782,-0.08900452,0.9910431,-33.49138,2.36235,-30.06342,2.655899,0.5877066999999999,0.5366569999999999,0.8243210999999999,0.07298279,-0.02914429,0.9969025,31.58972,2.765091,-26.609790000000004,2.989319,0.5277918,0.4724082999999999,0.02385974,1.332978,-0.1289663,-0.05025296,0.3534515,0.04622453,5.385709,30.64109,33.15
18,-0.09951782,-0.08900452,0.9910431,0.906412,-0.09951782,-0.08900452,0.9910431,-33.49138,2.36235,-30.06342,2.655899,0.5877066999999999,0.5366569999999999,0.8243210999999999,0.07298279,-0.02914429,0.9969025,31.58972,2.765091,-26.609790000000004,2.989319,0.5277918,0.4724082999999999,0.02385974,1.332978,-0.1289663,-0.05025296,0.3534515,0.04622453,5.385709,30.64109,33.15
18,-0.09951782,-0.08900452,0.9910431,0.906412,-0.09951782,-0.08900452,0.9910431,-33.49138,2.36235,-30.06342,2.655899,0.5877066999999999,0.5366569999999999,0.8243210999999999,0.07298279,-0.02914429,0.9969025,31.58972,2.765091,-26.609790000000004,2.989319,0.5277918,0.4724082999999999,0.02385974,1.332978,-0.1289663,-0.05025296,0.3534515,0.04622453,5.385709,30.64109,33.15
18,-0.4577789,-0.06982422,0.8863068000000001,1.0,-0.4577789,-0.06982422,0.8863068000000001,-34.80583,2.303802,-30.43312,2.914932,0.6807711999999999,0.5428677,1.0,-0.2854309,-0.05879211,0.9565886999999998,30.10385,3.025955,-28.758540000000004,3.079544,0.6213069,0.4877808,0.02805328,1.333541,-0.1360529,-0.04982234,0.3863002,0.04891167,5.385709,30.64109,33.15
18,-0.4577789,-0.06982422,0.8863068000000001,1.0,-0.4577789,-0.06982422,0.8863068000000001,-34.80583,2.303802,-30.43312,2.914932,0.6807711999999999,0.5428677,1.0,-0.2854309,-0.05879211,0.9565886999999998,30.10385,3.025955,-28.758540000000004,3.079544,0.6213069,0.4877808,0.02805328,1.333541,-0.1360529,-0.04982234,0.3863002,0.04891167,5.385709,30.64109,33.15
18,-0.4577789,-0.06982422,0.8863068000000001,1.0,-0.4577789,-0.06982422,0.8863068000000001,-34.80583,2.303802,-30.43312,2.914932,0.6807711999999999,0.5428677,1.0,-0.2854309,-0.05879211,0.9565886999999998,30.10385,3.025955,-28.758540000000004,3.079544,0.6213069,0.4877808,0.02805328,1.333541,-0.1360529,-0.04982234,0.3863002,0.04891167,5.385709,30.64109,33.15
18,-0.5084076,-0.06002808,0.8590088,1.0,-0.5590668000000001,-0.07775879,0.8254546999999999,-35.48003,2.268784,-30.77321,2.900314,0.7201352,0.5500475,1.0,-0.4604492,-0.0436554,0.8865966999999999,29.36421,2.8423,-29.16614,3.104584,0.6687503,0.4982127999999999,0.02805328,1.333541,-0.1360529,-0.04982234,0.3863002,0.04891167,5.385709,30.64109,33.15
18,-0.5084076,-0.06002808,0.8590088,1.0,-0.5590668000000001,-0.07775879,0.8254546999999999,-35.48003,2.268784,-30.77321,2.900314,0.7201352,0.5500475,1.0,-0.4604492,-0.0436554,0.8865966999999999,29.36421,2.8423,-29.16614,3.104584,0.6687503,0.4982127999999999,0.02805328,1.333541,-0.1360529,-0.04982234,0.3863002,0.04891167,5.385709,30.64109,33.15
18,-0.5084076,-0.06002808,0.8590088,1.0,-0.5590668000000001,-0.07775879,0.8254546999999999,-35.48003,2.268784,-30.77321,2.900314,0.7201352,0.5500475,1.0,-0.4604492,-0.0436554,0.8865966999999999,29.36421,2.8423,-29.16614,3.104584,0.6687503,0.4982127999999999,0.02805328,1.333541,-0.1360529,-0.04982234,0.3863002,0.04891167,5.385709,30.64109,33.15
18,-0.5382233000000001,-0.06369019,0.8403778000000001,0.7128066999999999,-0.6183776999999999,-0.08853149,0.7808685000000001,-35.58109,2.279251,-30.8743,2.983612,0.7328446999999999,0.5533958999999999,0.8848511,-0.4947205,-0.05064392,0.8675537,29.20265,2.8168490000000004,-29.27,3.35762,0.6783643,0.5016109000000001,0.03203893,1.333038,-0.1434668999999999,-0.04525715,0.4177497,0.05045847,5.385709,30.64109,33.15
18,-0.5382233000000001,-0.06369019,0.8403778000000001,0.7128066999999999,-0.6183776999999999,-0.08853149,0.7808685000000001,-35.58109,2.279251,-30.8743,2.983612,0.7328446999999999,0.5533958999999999,0.8848511,-0.4947205,-0.05064392,0.8675537,29.20265,2.8168490000000004,-29.27,3.35762,0.6783643,0.5016109000000001,0.03203893,1.333038,-0.1434668999999999,-0.04525715,0.4177497,0.05045847,5.385709,30.64109,33.15
18,-0.5382233000000001,-0.06369019,0.8403778000000001,0.7128066999999999,-0.6183776999999999,-0.08853149,0.7808685000000001,-35.58109,2.279251,-30.8743,2.983612,0.7328446999999999,0.5533958999999999,0.8848511,-0.4947205,-0.05064392,0.8675537,29.20265,2.8168490000000004,-29.27,3.35762,0.6783643,0.5016109000000001,0.03203893,1.333038,-0.1434668999999999,-0.04525715,0.4177497,0.05045847,5.385709,30.64109,33.15
18,-0.5630035,-0.03613281,0.8256530999999999,1.0,-0.5884552,-0.03027344,0.8079529000000001,-35.497409999999995,2.297348,-30.83652,3.059677,0.7251065,0.5441825,1.0,-0.4676971,-0.05673218,0.8820495999999999,29.386090000000003,2.795837,-29.16362,3.143036,0.668838,0.5015585,0.03549719,1.332115,-0.1511233,-0.03965275,0.4497337,0.05026778,5.385709,30.64109,33.15
18,-0.5630035,-0.03613281,0.8256530999999999,1.0,-0.5884552,-0.03027344,0.8079529000000001,-35.497409999999995,2.297348,-30.83652,3.059677,0.7251065,0.5441825,1.0,-0.4676971,-0.05673218,0.8820495999999999,29.386090000000003,2.795837,-29.16362,3.143036,0.668838,0.5015585,0.03549719,1.332115,-0.1511233,-0.03965275,0.4497337,0.05026778,5.385709,30.64109,33.15
18,-0.5630035,-0.03613281,0.8256530999999999,1.0,-0.5884552,-0.03027344,0.8079529000000001,-35.497409999999995,2.297348,-30.83652,3.059677,0.7251065,0.5441825,1.0,-0.4676971,-0.05673218,0.8820495999999999,29.386090000000003,2.795837,-29.16362,3.143036,0.668838,0.5015585,0.03549719,1.332115,-0.1511233,-0.03965275,0.4497337,0.05026778,5.385709,30.64109,33.15
18,-0.4706573,-0.04943848,0.8809203999999999,0.6992731,-0.5113983,-0.06355286,0.8569794,-34.98975,2.435425,-30.50204,2.853958,0.6949251999999999,0.5389044,0.8359013000000001,-0.3868561,-0.02122498,0.9218903,29.92618,2.8211060000000003,-28.92482,2.993912,0.6401533,0.4927387,0.04113388,1.3304200000000002,-0.1656371,-0.03009101,0.5087045,0.04976653,5.385709,30.64109,33.15
18,-0.4706573,-0.04943848,0.8809203999999999,0.6992731,-0.5113983,-0.06355286,0.8569794,-34.98975,2.435425,-30.50204,2.853958,0.6949251999999999,0.5389044,0.8359013000000001,-0.3868561,-0.02122498,0.9218903,29.92618,2.8211060000000003,-28.92482,2.993912,0.6401533,0.4927387,0.04113388,1.3304200000000002,-0.1656371,-0.03009101,0.5087045,0.04976653,5.385709,30.64109,33.15
18,-0.4706573,-0.04943848,0.8809203999999999,0.6992731,-0.5113983,-0.06355286,0.8569794,-34.98975,2.435425,-30.50204,2.853958,0.6949251999999999,0.5389044,0.8359013000000001,-0.3868561,-0.02122498,0.9218903,29.92618,2.8211060000000003,-28.92482,2.993912,0.6401533,0.4927387,0.04113388,1.3304200000000002,-0.1656371,-0.03009101,0.5087045,0.04976653,5.385709,30.64109,33.15
18,-0.3596802,-0.05984497,0.9311371,0.6995609,-0.4500274999999999,-0.06259155,0.8908081,-34.77167,2.411896,-30.38701,3.005096,0.6783913,0.5376989000000001,0.9187319,-0.3357390999999999,-0.05903625,0.940094,30.18063,2.936462,-28.767670000000003,3.119934,0.6247646,0.4915119,0.04113388,1.3304200000000002,-0.1656371,-0.03009101,0.5087045,0.04976653,5.385709,30.64109,33.15
18,-0.3596802,-0.05984497,0.9311371,0.6995609,-0.4500274999999999,-0.06259155,0.8908081,-34.77167,2.411896,-30.38701,3.005096,0.6783913,0.5376989000000001,0.9187319,-0.3357390999999999,-0.05903625,0.940094,30.18063,2.936462,-28.767670000000003,3.119934,0.6247646,0.4915119,0.04113388,1.3304200000000002,-0.1656371,-0.03009101,0.5087045,0.04976653,5.385709,30.64109,33.15
18,-0.3596802,-0.05984497,0.9311371,0.6995609,-0.4500274999999999,-0.06259155,0.8908081,-34.77167,2.411896,-30.38701,3.005096,0.6783913,0.5376989000000001,0.9187319,-0.3357390999999999,-0.05903625,0.940094,30.18063,2.936462,-28.767670000000003,3.119934,0.6247646,0.4915119,0.04113388,1.3304200000000002,-0.1656371,-0.03009101,0.5087045,0.04976653,5.385709,30.64109,33.15
19,-0.2840271,-0.04429626,0.9577789,0.711277,-0.4008942,-0.09541321,0.9111328000000002,-34.54039,2.451721,-30.2587,2.762497,0.6634017,0.5384861999999999,0.9629860999999998,-0.2567139,-0.03256226,0.9659271,30.35352,3.001053,-28.66815,3.147186,0.6091652,0.4843228,0.04356408,1.330746,-0.1726454,-0.03085845,0.5380332,0.04918934,5.385709,-21.1581,33.15
19,-0.2840271,-0.04429626,0.9577789,0.711277,-0.4008942,-0.09541321,0.9111328000000002,-34.54039,2.451721,-30.2587,2.762497,0.6634017,0.5384861999999999,0.9629860999999998,-0.2567139,-0.03256226,0.9659271,30.35352,3.001053,-28.66815,3.147186,0.6091652,0.4843228,0.04356408,1.330746,-0.1726454,-0.03085845,0.5380332,0.04918934,5.385709,-21.1581,33.15
19,-0.2840271,-0.04429626,0.9577789,0.711277,-0.4008942,-0.09541321,0.9111328000000002,-34.54039,2.451721,-30.2587,2.762497,0.6634017,0.5384861999999999,0.9629860999999998,-0.2567139,-0.03256226,0.9659271,30.35352,3.001053,-28.66815,3.147186,0.6091652,0.4843228,0.04356408,1.330746,-0.1726454,-0.03085845,0.5380332,0.04918934,5.385709,-21.1581,33.15
19,-0.1877289,-0.06741333,0.9798889,0.7301196,-0.2938843,-0.08822632,0.9517517,-34.08321,2.393524,-30.09558,2.899872,0.6330594,0.5370365,0.9184626,-0.1312408,-0.05618286,0.9897461,30.88029,3.060349,-28.53798,3.138107,0.5761658000000001,0.4829430999999999,0.04548955,1.33115,-0.1789274,-0.03242478,0.5639557,0.04932517,5.385709,-21.1581,33.15
19,-0.1877289,-0.06741333,0.9798889,0.7301196,-0.2938843,-0.08822632,0.9517517,-34.08321,2.393524,-30.09558,2.899872,0.6330594,0.5370365,0.9184626,-0.1312408,-0.05618286,0.9897461,30.88029,3.060349,-28.53798,3.138107,0.5761658000000001,0.4829430999999999,0.04548955,1.33115,-0.1789274,-0.03242478,0.5639557,0.04932517,5.385709,-21.1581,33.15
19,-0.1877289,-0.06741333,0.9798889,0.7301196,-0.2938843,-0.08822632,0.9517517,-34.08321,2.393524,-30.09558,2.899872,0.6330594,0.5370365,0.9184626,-0.1312408,-0.05618286,0.9897461,30.88029,3.060349,-28.53798,3.138107,0.5761658000000001,0.4829430999999999,0.04548955,1.33115,-0.1789274,-0.03242478,0.5639557,0.04932517,5.385709,-21.1581,33.15
19,-0.3473358,-0.006317139,0.9377136,0.7214222,-0.4890442,0.02424622,0.8719024999999999,-34.85297,2.533951,-30.47981,3.187302,0.686714,0.5240765000000001,0.8951927,-0.2977752999999999,-0.01655579,0.954483,30.04774,3.016052,-28.79826,2.936066,0.6250251,0.483305,0.04672766,1.331366,-0.1853555,-0.03409719,0.5892261999999999,0.04891837,5.385709,-21.1581,33.15
19,-0.3473358,-0.006317139,0.9377136,0.7214222,-0.4890442,0.02424622,0.8719024999999999,-34.85297,2.533951,-30.47981,3.187302,0.686714,0.5240765000000001,0.8951927,-0.2977752999999999,-0.01655579,0.954483,30.04774,3.016052,-28.79826,2.936066,0.6250251,0.483305,0.04672766,1.331366,-0.1853555,-0.03409719,0.5892261999999999,0.04891837,5.385709,-21.1581,33.15
19,-0.3473358,-0.006317139,0.9377136,0.7214222,-0.4890442,0.02424622,0.8719024999999999,-34.85297,2.533951,-30.47981,3.187302,0.686714,0.5240765000000001,0.8951927,-0.2977752999999999,-0.01655579,0.954483,30.04774,3.016052,-28.79826,2.936066,0.6250251,0.483305,0.04672766,1.331366,-0.1853555,-0.03409719,0.5892261999999999,0.04891837,5.385709,-21.1581,33.15
19,-0.4258117999999999,0.001403809,0.9048004,0.6172439000000001,-0.5320587,0.01396179,0.8465881,-34.95625,2.584061,-30.54927,3.077621,0.6965871,0.5248019,0.6876802,-0.3896332,-0.0027008059999999,0.9209595,29.977390000000003,3.059845,-28.90717,3.095703,0.6385728,0.4823121,0.04750729,1.331764,-0.1917287,-0.03553819,0.6135589,0.05024109,5.385709,-21.1581,33.15
19,-0.4258117999999999,0.001403809,0.9048004,0.6172439000000001,-0.5320587,0.01396179,0.8465881,-34.95625,2.584061,-30.54927,3.077621,0.6965871,0.5248019,0.6876802,-0.3896332,-0.0027008059999999,0.9209595,29.977390000000003,3.059845,-28.90717,3.095703,0.6385728,0.4823121,0.04750729,1.331764,-0.1917287,-0.03553819,0.6135589,0.05024109,5.385709,-21.1581,33.15
19,-0.4258117999999999,0.001403809,0.9048004,0.6172439000000001,-0.5320587,0.01396179,0.8465881,-34.95625,2.584061,-30.54927,3.077621,0.6965871,0.5248019,0.6876802,-0.3896332,-0.0027008059999999,0.9209595,29.977390000000003,3.059845,-28.90717,3.095703,0.6385728,0.4823121,0.04750729,1.331764,-0.1917287,-0.03553819,0.6135589,0.05024109,5.385709,-21.1581,33.15
19,-0.3976135,0.01535034,0.9174194,0.6410164,-0.4811554,0.0028228759999999,0.8766174000000001,-34.73727,2.557205,-30.42427,3.119644,0.6814134,0.5252593000000001,0.7312095000000001,-0.3327484,0.0246581999999999,0.942688,30.17038,2.984268,-28.82207,3.1379240000000004,0.6248423000000001,0.4800697,0.04792571,1.332026,-0.197562,-0.03579929,0.6343088000000001,0.0525518,5.385709,-24.88614,33.15
19,-0.3976135,0.01535034,0.9174194,0.6410164,-0.4811554,0.0028228759999999,0.8766174000000001,-34.73727,2.557205,-30.42427,3.119644,0.6814134,0.5252593000000001,0.7312095000000001,-0.3327484,0.0246581999999999,0.942688,30.17038,2.984268,-28.82207,3.1379240000000004,0.6248423000000001,0.4800697,0.04792571,1.332026,-0.197562,-0.03579929,0.6343088000000001,0.0525518,5.385709,-24.88614,33.15
19,-0.3976135,0.01535034,0.9174194,0.6410164,-0.4811554,0.0028228759999999,0.8766174000000001,-34.73727,2.557205,-30.42427,3.119644,0.6814134,0.5252593000000001,0.7312095000000001,-0.3327484,0.0246581999999999,0.942688,30.17038,2.984268,-28.82207,3.1379240000000004,0.6248423000000001,0.4800697,0.04792571,1.332026,-0.197562,-0.03579929,0.6343088000000001,0.0525518,5.385709,-24.88614,33.15
19,-0.3976135,0.01535034,0.9174194,0.6410164,-0.4811554,0.0028228759999999,0.8766174000000001,-34.73727,2.557205,-30.42427,3.119644,0.6814134,0.5252593000000001,0.7312095000000001,-0.3327484,0.0246581999999999,0.942688,30.17038,2.984268,-28.82207,3.1379240000000004,0.6248423000000001,0.4800697,0.04799414,1.332309,-0.20289,-0.03685523,0.6524894,0.05358699,5.385709,-24.88614,33.15
19,-0.3976135,0.01535034,0.9174194,0.6410164,-0.4811554,0.0028228759999999,0.8766174000000001,-34.73727,2.557205,-30.42427,3.119644,0.6814134,0.5252593000000001,0.7312095000000001,-0.3327484,0.0246581999999999,0.942688,30.17038,2.984268,-28.82207,3.1379240000000004,0.6248423000000001,0.4800697,0.04799414,1.332309,-0.20289,-0.03685523,0.6524894,0.05358699,5.385709,-24.88614,33.15
19,-0.3976135,0.01535034,0.9174194,0.6410164,-0.4811554,0.0028228759999999,0.8766174000000001,-34.73727,2.557205,-30.42427,3.119644,0.6814134,0.5252593000000001,0.7312095000000001,-0.3327484,0.0246581999999999,0.942688,30.17038,2.984268,-28.82207,3.1379240000000004,0.6248423000000001,0.4800697,0.04799414,1.332309,-0.20289,-0.03685523,0.6524894,0.05358699,5.385709,-24.88614,33.15
19,-0.2004852,-0.03684998,0.9789886,1.0,-0.3272247,-0.08802795,0.9408264,-34.04306,2.428833,-30.090670000000003,2.689041,0.6359239000000001,0.5358883000000001,1.0,-0.1645966,-0.02252197,0.9860992,30.93918,3.006943,-28.52669,3.231598,0.5780438,0.4808557,0.04782462,1.332266,-0.2072892,-0.03678795,0.6666179,0.05435269,5.385709,-24.88614,33.15
19,-0.2004852,-0.03684998,0.9789886,1.0,-0.3272247,-0.08802795,0.9408264,-34.04306,2.428833,-30.090670000000003,2.689041,0.6359239000000001,0.5358883000000001,1.0,-0.1645966,-0.02252197,0.9860992,30.93918,3.006943,-28.52669,3.231598,0.5780438,0.4808557,0.04782462,1.332266,-0.2072892,-0.03678795,0.6666179,0.05435269,5.385709,-24.88614,33.15
19,-0.2004852,-0.03684998,0.9789886,1.0,-0.3272247,-0.08802795,0.9408264,-34.04306,2.428833,-30.090670000000003,2.689041,0.6359239000000001,0.5358883000000001,1.0,-0.1645966,-0.02252197,0.9860992,30.93918,3.006943,-28.52669,3.231598,0.5780438,0.4808557,0.04782462,1.332266,-0.2072892,-0.03678795,0.6666179,0.05435269,5.385709,-24.88614,33.15
19,-0.2321777,-0.05963135,0.9708252,0.8466874,-0.2321777,-0.05963135,0.9708252,-33.67638,2.408585,-29.99602,2.807816,0.6108100000000001,0.5314645,0.9939933,-0.05683899,-0.03367615,0.9978027,31.33058,3.428604,-30.01443,3.044449,0.552606,0.4796751,0.04722595,1.331537,-0.2127313,-0.03652739,0.6839637,0.05242689,5.338297,-24.88614,33.15
19,-0.2321777,-0.05963135,0.9708252,0.8466874,-0.2321777,-0.05963135,0.9708252,-33.67638,2.408585,-29.99602,2.807816,0.6108100000000001,0.5314645,0.9939933,-0.05683899,-0.03367615,0.9978027,31.33058,3.428604,-30.01443,3.044449,0.552606,0.4796751,0.04722595,1.331537,-0.2127313,-0.03652739,0.6839637,0.05242689,5.338297,-24.88614,33.15
19,-0.2321777,-0.05963135,0.9708252,0.8466874,-0.2321777,-0.05963135,0.9708252,-33.67638,2.408585,-29.99602,2.807816,0.6108100000000001,0.5314645,0.9939933,-0.05683899,-0.03367615,0.9978027,31.33058,3.428604,-30.01443,3.044449,0.552606,0.4796751,0.04722595,1.331537,-0.2127313,-0.03652739,0.6839637,0.05242689,5.338297,-24.88614,33.15
19,-0.2321777,-0.05963135,0.9708252,0.8466874,-0.2321777,-0.05963135,0.9708252,-33.67638,2.408585,-29.99602,2.807816,0.6108100000000001,0.5314645,0.9939933,-0.05683899,-0.03367615,0.9978027,31.33058,3.428604,-30.01443,3.044449,0.552606,0.4796751,0.04722595,1.331537,-0.2127313,-0.03652739,0.6839637,0.05242689,5.338297,-24.88614,33.15
19,-0.2321777,-0.05963135,0.9708252,0.8466874,-0.2321777,-0.05963135,0.9708252,-33.67638,2.408585,-29.99602,2.807816,0.6108100000000001,0.5314645,0.9939933,-0.05683899,-0.03367615,0.9978027,31.33058,3.428604,-30.01443,3.044449,0.552606,0.4796751,0.04722595,1.331537,-0.2127313,-0.03652739,0.6839637,0.05242689,5.338297,-24.88614,33.15
19,-0.2321777,-0.05963135,0.9708252,0.8466874,-0.2321777,-0.05963135,0.9708252,-33.67638,2.408585,-29.99602,2.807816,0.6108100000000001,0.5314645,0.9939933,-0.05683899,-0.03367615,0.9978027,31.33058,3.428604,-30.01443,3.044449,0.552606,0.4796751,0.04722595,1.331537,-0.2127313,-0.03652739,0.6839637,0.05242689,5.338297,-24.88614,33.15
19,-0.2321777,-0.05963135,0.9708252,0.8466874,-0.2321777,-0.05963135,0.9708252,-33.67638,2.408585,-29.99602,2.807816,0.6108100000000001,0.5314645,0.9939933,-0.05683899,-0.03367615,0.9978027,31.33058,3.428604,-30.01443,3.044449,0.552606,0.4796751,0.04898763,1.331985,-0.2122566,-0.03432326,0.6864814,0.05308277,5.338297,30.50793,33.15
19,-0.2321777,-0.05963135,0.9708252,0.8466874,-0.2321777,-0.05963135,0.9708252,-33.67638,2.408585,-29.99602,2.807816,0.6108100000000001,0.5314645,0.9939933,-0.05683899,-0.03367615,0.9978027,31.33058,3.428604,-30.01443,3.044449,0.552606,0.4796751,0.04898763,1.331985,-0.2122566,-0.03432326,0.6864814,0.05308277,5.338297,30.50793,33.15
19,-0.2321777,-0.05963135,0.9708252,0.8466874,-0.2321777,-0.05963135,0.9708252,-33.67638,2.408585,-29.99602,2.807816,0.6108100000000001,0.5314645,0.9939933,-0.05683899,-0.03367615,0.9978027,31.33058,3.428604,-30.01443,3.044449,0.552606,0.4796751,0.04898763,1.331985,-0.2122566,-0.03432326,0.6864814,0.05308277,5.338297,30.50793,33.15
19,-0.2277373999999999,-0.06846619,0.9712982,1.0,-0.2277373999999999,-0.06846619,0.9712982,-33.533190000000005,2.466949,-30.2272,2.856644,0.6055554,0.5326518,1.0,-0.05136108,-0.03871155,0.9979248,31.44716,3.355896,-29.711640000000003,2.999847,0.5479344,0.4800975,0.04918504,1.33235,-0.2123895,-0.03405456,0.6876399999999999,0.0553598,5.338297,30.50793,33.15
19,-0.2277373999999999,-0.06846619,0.9712982,1.0,-0.2277373999999999,-0.06846619,0.9712982,-33.533190000000005,2.466949,-30.2272,2.856644,0.6055554,0.5326518,1.0,-0.05136108,-0.03871155,0.9979248,31.44716,3.355896,-29.711640000000003,2.999847,0.5479344,0.4800975,0.04918504,1.33235,-0.2123895,-0.03405456,0.6876399999999999,0.0553598,5.338297,30.50793,33.15
19,-0.2277373999999999,-0.06846619,0.9712982,1.0,-0.2277373999999999,-0.06846619,0.9712982,-33.533190000000005,2.466949,-30.2272,2.856644,0.6055554,0.5326518,1.0,-0.05136108,-0.03871155,0.9979248,31.44716,3.355896,-29.711640000000003,2.999847,0.5479344,0.4800975,0.04918504,1.33235,-0.2123895,-0.03405456,0.6876399999999999,0.0553598,5.338297,30.50793,33.15
19,-0.2277373999999999,-0.06846619,0.9712982,1.0,-0.2277373999999999,-0.06846619,0.9712982,-33.533190000000005,2.466949,-30.2272,2.856644,0.6055554,0.5326518,1.0,-0.05136108,-0.03871155,0.9979248,31.44716,3.355896,-29.711640000000003,2.999847,0.5479344,0.4800975,0.04939342,1.332839,-0.2127462,-0.03402556,0.6899065999999999,0.05779711,5.338297,30.50793,33.15
19,-0.2277373999999999,-0.06846619,0.9712982,1.0,-0.2277373999999999,-0.06846619,0.9712982,-33.533190000000005,2.466949,-30.2272,2.856644,0.6055554,0.5326518,1.0,-0.05136108,-0.03871155,0.9979248,31.44716,3.355896,-29.711640000000003,2.999847,0.5479344,0.4800975,0.04939342,1.332839,-0.2127462,-0.03402556,0.6899065999999999,0.05779711,5.338297,30.50793,33.15
19,-0.2277373999999999,-0.06846619,0.9712982,1.0,-0.2277373999999999,-0.06846619,0.9712982,-33.533190000000005,2.466949,-30.2272,2.856644,0.6055554,0.5326518,1.0,-0.05136108,-0.03871155,0.9979248,31.44716,3.355896,-29.711640000000003,2.999847,0.5479344,0.4800975,0.04939342,1.332839,-0.2127462,-0.03402556,0.6899065999999999,0.05779711,5.338297,30.50793,33.15
19,-0.1409148999999999,-0.08882141,0.9860229,0.8409158999999999,-0.1409302,-0.08882141,0.9860229,-33.49179,2.200974,-29.105940000000004,2.648712,0.5919045000000001,0.5335785,0.9591887,0.04519653,-0.04797363,0.997818,31.59164,3.220901,-28.45471,3.083359,0.5311385999999999,0.4749228,0.04949856,1.334537,-0.2137358999999999,-0.03795425,0.6949586,0.06533898,5.338297,30.50793,33.15
19,-0.1409148999999999,-0.08882141,0.9860229,0.8409158999999999,-0.1409302,-0.08882141,0.9860229,-33.49179,2.200974,-29.105940000000004,2.648712,0.5919045000000001,0.5335785,0.9591887,0.04519653,-0.04797363,0.997818,31.59164,3.220901,-28.45471,3.083359,0.5311385999999999,0.4749228,0.04949856,1.334537,-0.2137358999999999,-0.03795425,0.6949586,0.06533898,5.338297,30.50793,33.15
19,-0.1409148999999999,-0.08882141,0.9860229,0.8409158999999999,-0.1409302,-0.08882141,0.9860229,-33.49179,2.200974,-29.105940000000004,2.648712,0.5919045000000001,0.5335785,0.9591887,0.04519653,-0.04797363,0.997818,31.59164,3.220901,-28.45471,3.083359,0.5311385999999999,0.4749228,0.04949856,1.334537,-0.2137358999999999,-0.03795425,0.6949586,0.06533898,5.338297,30.50793,33.15
19,-0.1235198999999999,-0.09674072,0.9876099,0.8849468,-0.1235656999999999,-0.09675598,0.9875946,-33.54933,2.5159,-29.88133,2.794846,0.5926397,0.5308545,0.9857548,0.04788208,-0.05918884,0.9970856,31.51321,3.3645629999999995,-28.42538,3.048141,0.533506,0.4712015999999999,0.04878473,1.339172,-0.2161422,-0.0493195,0.7045125,0.08174442,5.338297,30.50793,33.15
19,-0.1235198999999999,-0.09674072,0.9876099,0.8849468,-0.1235656999999999,-0.09675598,0.9875946,-33.54933,2.5159,-29.88133,2.794846,0.5926397,0.5308545,0.9857548,0.04788208,-0.05918884,0.9970856,31.51321,3.3645629999999995,-28.42538,3.048141,0.533506,0.4712015999999999,0.04878473,1.339172,-0.2161422,-0.0493195,0.7045125,0.08174442,5.338297,30.50793,33.15
19,-0.1235198999999999,-0.09674072,0.9876099,0.8849468,-0.1235656999999999,-0.09675598,0.9875946,-33.54933,2.5159,-29.88133,2.794846,0.5926397,0.5308545,0.9857548,0.04788208,-0.05918884,0.9970856,31.51321,3.3645629999999995,-28.42538,3.048141,0.533506,0.4712015999999999,0.04878473,1.339172,-0.2161422,-0.0493195,0.7045125,0.08174442,5.338297,30.50793,33.15
19,-1.0,-1.0,-1.0,0.8326061,0.0,0.0,0.0,-33.77434,3.779587,-30.09975,-1.0,0.6091094,0.4584242,0.6886361999999999,0.0,0.0,0.0,30.95839,4.66777,-28.84393,-1.0,0.5639232,0.4137197,0.04650044,1.347543,-0.2195125,-0.071276,0.7173829,0.1145299,5.338297,30.50793,33.15
19,-1.0,-1.0,-1.0,0.8326061,0.0,0.0,0.0,-33.77434,3.779587,-30.09975,-1.0,0.6091094,0.4584242,0.6886361999999999,0.0,0.0,0.0,30.95839,4.66777,-28.84393,-1.0,0.5639232,0.4137197,0.04650044,1.347543,-0.2195125,-0.071276,0.7173829,0.1145299,5.338297,30.50793,33.15
19,-1.0,-1.0,-1.0,0.8326061,0.0,0.0,0.0,-33.77434,3.779587,-30.09975,-1.0,0.6091094,0.4584242,0.6886361999999999,0.0,0.0,0.0,30.95839,4.66777,-28.84393,-1.0,0.5639232,0.4137197,0.04650044,1.347543,-0.2195125,-0.071276,0.7173829,0.1145299,5.338297,30.50793,33.15
19,-0.2925415,0.1965485,0.9358215,1.0,-0.2926331,0.1961822999999999,0.9358673,-33.7868,4.147736,-30.195220000000003,2.936493,0.6230199000000001,0.4425673,1.0,-0.2401428,0.3985595999999999,0.8851318000000001,30.811490000000003,5.197693,-29.37167,3.973297,0.5924710999999999,0.3649631,0.04227924,1.355791,-0.2224968,-0.09434255,0.7281350999999999,0.1458197,5.338297,35.02914,33.15
19,-0.2925415,0.1965485,0.9358215,1.0,-0.2926331,0.1961822999999999,0.9358673,-33.7868,4.147736,-30.195220000000003,2.936493,0.6230199000000001,0.4425673,1.0,-0.2401428,0.3985595999999999,0.8851318000000001,30.811490000000003,5.197693,-29.37167,3.973297,0.5924710999999999,0.3649631,0.04227924,1.355791,-0.2224968,-0.09434255,0.7281350999999999,0.1458197,5.338297,35.02914,33.15
19,-0.2925415,0.1965485,0.9358215,1.0,-0.2926331,0.1961822999999999,0.9358673,-33.7868,4.147736,-30.195220000000003,2.936493,0.6230199000000001,0.4425673,1.0,-0.2401428,0.3985595999999999,0.8851318000000001,30.811490000000003,5.197693,-29.37167,3.973297,0.5924710999999999,0.3649631,0.04227924,1.355791,-0.2224968,-0.09434255,0.7281350999999999,0.1458197,5.338297,35.02914,33.15
19,-0.2485657,0.253479,0.934845,0.7481776,-0.2492676,0.2510681,0.9353027,-33.81122,4.079071,-30.23689,2.888779,0.6184871999999999,0.4384186,0.5175621,-0.195694,0.4177094,0.8872528000000001,30.75713,5.157135,-29.37463,3.691071,0.5893499,0.3634972,0.03613687,1.363423,-0.2248868,-0.1163656,0.734401,0.1784432,5.338297,35.02914,33.15
19,-0.2485657,0.253479,0.934845,0.7481776,-0.2492676,0.2510681,0.9353027,-33.81122,4.079071,-30.23689,2.888779,0.6184871999999999,0.4384186,0.5175621,-0.195694,0.4177094,0.8872528000000001,30.75713,5.157135,-29.37463,3.691071,0.5893499,0.3634972,0.03613687,1.363423,-0.2248868,-0.1163656,0.734401,0.1784432,5.338297,35.02914,33.15
19,-0.2485657,0.253479,0.934845,0.7481776,-0.2492676,0.2510681,0.9353027,-33.81122,4.079071,-30.23689,2.888779,0.6184871999999999,0.4384186,0.5175621,-0.195694,0.4177094,0.8872528000000001,30.75713,5.157135,-29.37463,3.691071,0.5893499,0.3634972,0.03613687,1.363423,-0.2248868,-0.1163656,0.734401,0.1784432,5.338297,35.02914,33.15
19,-0.1626128999999999,0.449295,0.8784485000000001,0.6876175999999999,-0.2585449,0.4125519,0.8734589,-34.13516,4.109756,-30.48177,3.253891,0.6321486999999999,0.4206864,0.7693142,-0.1626128999999999,0.449295,0.8784485000000001,30.69231,5.1745,-29.41399,3.443344,0.5880015000000001,0.3589125999999999,0.02890515,1.371367,-0.2271099999999999,-0.1405099,0.7389441999999999,0.2137075,5.338297,35.02914,33.15
19,-0.1626128999999999,0.449295,0.8784485000000001,0.6876175999999999,-0.2585449,0.4125519,0.8734589,-34.13516,4.109756,-30.48177,3.253891,0.6321486999999999,0.4206864,0.7693142,-0.1626128999999999,0.449295,0.8784485000000001,30.69231,5.1745,-29.41399,3.443344,0.5880015000000001,0.3589125999999999,0.02890515,1.371367,-0.2271099999999999,-0.1405099,0.7389441999999999,0.2137075,5.338297,35.02914,33.15
19,-0.1626128999999999,0.449295,0.8784485000000001,0.6876175999999999,-0.2585449,0.4125519,0.8734589,-34.13516,4.109756,-30.48177,3.253891,0.6321486999999999,0.4206864,0.7693142,-0.1626128999999999,0.449295,0.8784485000000001,30.69231,5.1745,-29.41399,3.443344,0.5880015000000001,0.3589125999999999,0.02890515,1.371367,-0.2271099999999999,-0.1405099,0.7389441999999999,0.2137075,5.338297,35.02914,33.15
19,-0.1760559,0.5105742999999999,0.8415985,0.7061611999999999,-0.2953186,0.4319153,0.8521728999999999,-34.20787,4.050369,-30.535190000000004,3.308502,0.6396133,0.4211705,0.6701897,-0.1760559,0.5105742999999999,0.8415985,30.6266,5.12146,-29.52208,3.84288,0.5918048,0.3548068,0.01980925,1.377682,-0.2283369999999999,-0.1615499,0.7431754,0.2457132,5.338297,35.02914,33.15
19,-0.1760559,0.5105742999999999,0.8415985,0.7061611999999999,-0.2953186,0.4319153,0.8521728999999999,-34.20787,4.050369,-30.535190000000004,3.308502,0.6396133,0.4211705,0.6701897,-0.1760559,0.5105742999999999,0.8415985,30.6266,5.12146,-29.52208,3.84288,0.5918048,0.3548068,0.01980925,1.377682,-0.2283369999999999,-0.1615499,0.7431754,0.2457132,5.338297,35.02914,33.15
19,-0.1760559,0.5105742999999999,0.8415985,0.7061611999999999,-0.2953186,0.4319153,0.8521728999999999,-34.20787,4.050369,-30.535190000000004,3.308502,0.6396133,0.4211705,0.6701897,-0.1760559,0.5105742999999999,0.8415985,30.6266,5.12146,-29.52208,3.84288,0.5918048,0.3548068,0.01980925,1.377682,-0.2283369999999999,-0.1615499,0.7431754,0.2457132,5.338297,35.02914,33.15
19,-0.1895905,0.5754852,0.795517,0.7782214,-0.2676697,0.4828949,0.8337555,-34.34604,3.951828,-30.591490000000004,3.6539,0.6414135999999999,0.4193878,0.7819039000000001,-0.1895905,0.5754852,0.795517,30.59172,4.731659,-29.53606,4.016098,0.5947425999999999,0.3607440999999999,0.01039839,1.382317,-0.2292867,-0.1768936,0.7466687,0.2751387,5.338297,35.02914,33.15
19,-0.1895905,0.5754852,0.795517,0.7782214,-0.2676697,0.4828949,0.8337555,-34.34604,3.951828,-30.591490000000004,3.6539,0.6414135999999999,0.4193878,0.7819039000000001,-0.1895905,0.5754852,0.795517,30.59172,4.731659,-29.53606,4.016098,0.5947425999999999,0.3607440999999999,0.01039839,1.382317,-0.2292867,-0.1768936,0.7466687,0.2751387,5.338297,35.02914,33.15
19,-0.1895905,0.5754852,0.795517,0.7782214,-0.2676697,0.4828949,0.8337555,-34.34604,3.951828,-30.591490000000004,3.6539,0.6414135999999999,0.4193878,0.7819039000000001,-0.1895905,0.5754852,0.795517,30.59172,4.731659,-29.53606,4.016098,0.5947425999999999,0.3607440999999999,0.01039839,1.382317,-0.2292867,-0.1768936,0.7466687,0.2751387,5.338297,35.02914,33.15
19,-0.180191,0.5478821,0.8169098000000001,0.8135273000000001,-0.2770538,0.471344,0.8372955,-34.34094,3.896393,-30.577790000000004,3.534668,0.6423717,0.4223541,0.7584757,-0.180191,0.5478821,0.8169098000000001,30.59163,4.376494999999999,-29.38329,3.731155,0.5934978,0.3747232,0.001458645,1.385342,-0.2295945999999999,-0.1844785,0.7503848000000001,0.30151,5.338297,-13.16416,33.15
19,-0.180191,0.5478821,0.8169098000000001,0.8135273000000001,-0.2770538,0.471344,0.8372955,-34.34094,3.896393,-30.577790000000004,3.534668,0.6423717,0.4223541,0.7584757,-0.180191,0.5478821,0.8169098000000001,30.59163,4.376494999999999,-29.38329,3.731155,0.5934978,0.3747232,0.001458645,1.385342,-0.2295945999999999,-0.1844785,0.7503848000000001,0.30151,5.338297,-13.16416,33.15
19,-0.180191,0.5478821,0.8169098000000001,0.8135273000000001,-0.2770538,0.471344,0.8372955,-34.34094,3.896393,-30.577790000000004,3.534668,0.6423717,0.4223541,0.7584757,-0.180191,0.5478821,0.8169098000000001,30.59163,4.376494999999999,-29.38329,3.731155,0.5934978,0.3747232,0.001458645,1.385342,-0.2295945999999999,-0.1844785,0.7503848000000001,0.30151,5.338297,-13.16416,33.15
19,-0.1734161,0.5198822,0.836441,0.7971798000000001,0.0,0.0,0.0,-37.43054,4.153656,-32.5468,-1.0,0.8230601999999999,0.4525377,0.7333367,-0.1734161,0.5198822,0.836441,30.68811,4.233536,-29.27933,3.560074,0.5892881,0.3818917,-0.006296396,1.387381,-0.2291566,-0.18953,0.7536413000000001,0.3203065,5.338297,-13.16416,33.15
19,-0.1734161,0.5198822,0.836441,0.7971798000000001,0.0,0.0,0.0,-37.43054,4.153656,-32.5468,-1.0,0.8230601999999999,0.4525377,0.7333367,-0.1734161,0.5198822,0.836441,30.68811,4.233536,-29.27933,3.560074,0.5892881,0.3818917,-0.006296396,1.387381,-0.2291566,-0.18953,0.7536413000000001,0.3203065,5.338297,-13.16416,33.15
19,-0.1734161,0.5198822,0.836441,0.7971798000000001,0.0,0.0,0.0,-37.43054,4.153656,-32.5468,-1.0,0.8230601999999999,0.4525377,0.7333367,-0.1734161,0.5198822,0.836441,30.68811,4.233536,-29.27933,3.560074,0.5892881,0.3818917,-0.006296396,1.387381,-0.2291566,-0.18953,0.7536413000000001,0.3203065,5.338297,-13.16416,33.15
19,-0.1734161,0.5198822,0.836441,0.7971798000000001,0.0,0.0,0.0,-37.43054,4.153656,-32.5468,-1.0,0.8230601999999999,0.4525377,0.7333367,-0.1734161,0.5198822,0.836441,30.68811,4.233536,-29.27933,3.560074,0.5892881,0.3818917,-0.01253128,1.38846,-0.2287367,-0.1926872999999999,0.7574337,0.3316426,5.338297,-13.16416,33.15
19,-0.1734161,0.5198822,0.836441,0.7971798000000001,0.0,0.0,0.0,-37.43054,4.153656,-32.5468,-1.0,0.8230601999999999,0.4525377,0.7333367,-0.1734161,0.5198822,0.836441,30.68811,4.233536,-29.27933,3.560074,0.5892881,0.3818917,-0.01253128,1.38846,-0.2287367,-0.1926872999999999,0.7574337,0.3316426,5.338297,-13.16416,33.15
19,-0.1734161,0.5198822,0.836441,0.7971798000000001,0.0,0.0,0.0,-37.43054,4.153656,-32.5468,-1.0,0.8230601999999999,0.4525377,0.7333367,-0.1734161,0.5198822,0.836441,30.68811,4.233536,-29.27933,3.560074,0.5892881,0.3818917,-0.01253128,1.38846,-0.2287367,-0.1926872999999999,0.7574337,0.3316426,5.338297,-13.16416,33.15
19,-0.1505127,0.4245452999999999,0.8927917,0.9967532,-0.2911835,0.4089203,0.8648529,-34.15982,2.8195650000000003,-30.41568,3.132584,0.6368004,0.4653148,0.7722234,-0.1505127,0.4245452999999999,0.8927917,30.99237,3.481628,-28.9248,3.207977,0.5757576999999999,0.4152157999999999,-0.01693439,1.388467,-0.2284667,-0.193295,0.7605881999999999,0.3362754,5.338297,-13.16416,33.15
19,-0.1505127,0.4245452999999999,0.8927917,0.9967532,-0.2911835,0.4089203,0.8648529,-34.15982,2.8195650000000003,-30.41568,3.132584,0.6368004,0.4653148,0.7722234,-0.1505127,0.4245452999999999,0.8927917,30.99237,3.481628,-28.9248,3.207977,0.5757576999999999,0.4152157999999999,-0.01693439,1.388467,-0.2284667,-0.193295,0.7605881999999999,0.3362754,5.338297,-13.16416,33.15
19,-0.1505127,0.4245452999999999,0.8927917,0.9967532,-0.2911835,0.4089203,0.8648529,-34.15982,2.8195650000000003,-30.41568,3.132584,0.6368004,0.4653148,0.7722234,-0.1505127,0.4245452999999999,0.8927917,30.99237,3.481628,-28.9248,3.207977,0.5757576999999999,0.4152157999999999,-0.01693439,1.388467,-0.2284667,-0.193295,0.7605881999999999,0.3362754,5.338297,-13.16416,33.15
19,-0.1114655,0.3788757,0.9187012,1.0,-0.2945251,0.3659668,0.882782,-34.02158,2.5680080000000003,-30.32693,3.022186,0.631998,0.4781931,1.0,-0.1114655,0.3788757,0.9187012,31.14398,3.285278,-28.793440000000004,3.074036,0.5657879,0.4257022,-0.02009821,1.388531,-0.2281691,-0.1936845,0.7622983,0.338705,5.338297,-25.44695,33.15
19,-0.1114655,0.3788757,0.9187012,1.0,-0.2945251,0.3659668,0.882782,-34.02158,2.5680080000000003,-30.32693,3.022186,0.631998,0.4781931,1.0,-0.1114655,0.3788757,0.9187012,31.14398,3.285278,-28.793440000000004,3.074036,0.5657879,0.4257022,-0.02009821,1.388531,-0.2281691,-0.1936845,0.7622983,0.338705,5.338297,-25.44695,33.15
19,-0.1114655,0.3788757,0.9187012,1.0,-0.2945251,0.3659668,0.882782,-34.02158,2.5680080000000003,-30.32693,3.022186,0.631998,0.4781931,1.0,-0.1114655,0.3788757,0.9187012,31.14398,3.285278,-28.793440000000004,3.074036,0.5657879,0.4257022,-0.02009821,1.388531,-0.2281691,-0.1936845,0.7622983,0.338705,5.338297,-25.44695,33.15
19,-0.1496124,0.34552,0.9263916,1.0,-0.2148132,0.3050994999999999,0.9277649,-34.14145,2.4034880000000003,-30.26866,2.910095,0.6255767,0.4899859,1.0,-0.1114043999999999,0.3680267,0.923111,31.2561,3.180634,-28.73897,3.186905,0.5617821,0.4302308,-0.02405882,1.388118,-0.2297246,-0.1981842999999999,0.7657768,0.3357487999999999,5.338297,-25.44695,33.15
19,-0.1496124,0.34552,0.9263916,1.0,-0.2148132,0.3050994999999999,0.9277649,-34.14145,2.4034880000000003,-30.26866,2.910095,0.6255767,0.4899859,1.0,-0.1114043999999999,0.3680267,0.923111,31.2561,3.180634,-28.73897,3.186905,0.5617821,0.4302308,-0.02405882,1.388118,-0.2297246,-0.1981842999999999,0.7657768,0.3357487999999999,5.338297,-25.44695,33.15
19,-0.1496124,0.34552,0.9263916,1.0,-0.2148132,0.3050994999999999,0.9277649,-34.14145,2.4034880000000003,-30.26866,2.910095,0.6255767,0.4899859,1.0,-0.1114043999999999,0.3680267,0.923111,31.2561,3.180634,-28.73897,3.186905,0.5617821,0.4302308,-0.02405882,1.388118,-0.2297246,-0.1981842999999999,0.7657768,0.3357487999999999,5.338297,-25.44695,33.15
19,-0.1356049,0.3305359,0.9339905,1.0,-0.2055206,0.2796020999999999,0.937851,-34.16653,2.40416,-30.24117,2.889816,0.6251603,0.492677,1.0,-0.1036377,0.3527679,0.9299469,31.25795,3.170258,-28.72542,3.185837,0.5607333999999999,0.4322127999999999,-0.02489805,1.38774,-0.2313464,-0.198046,0.7692129,0.3324368,5.338297,-25.44695,33.15
19,-0.1356049,0.3305359,0.9339905,1.0,-0.2055206,0.2796020999999999,0.937851,-34.16653,2.40416,-30.24117,2.889816,0.6251603,0.492677,1.0,-0.1036377,0.3527679,0.9299469,31.25795,3.170258,-28.72542,3.185837,0.5607333999999999,0.4322127999999999,-0.02489805,1.38774,-0.2313464,-0.198046,0.7692129,0.3324368,5.338297,-25.44695,33.15
19,-0.1356049,0.3305359,0.9339905,1.0,-0.2055206,0.2796020999999999,0.937851,-34.16653,2.40416,-30.24117,2.889816,0.6251603,0.492677,1.0,-0.1036377,0.3527679,0.9299469,31.25795,3.170258,-28.72542,3.185837,0.5607333999999999,0.4322127999999999,-0.02489805,1.38774,-0.2313464,-0.198046,0.7692129,0.3324368,5.338297,-25.44695,33.15
19,-0.3164063,0.2662964,0.9104614,1.0,-0.420929,0.2084656,0.8827972,-34.97252,2.054489,-30.50182,2.868912,0.682096,0.5171212000000001,1.0,-0.2861480999999999,0.2818450999999999,0.9157867,30.167040000000004,2.69577,-28.8766,3.366394,0.6195242,0.459367,-0.0249548,1.3873030000000002,-0.2333674,-0.1976491,0.7731528,0.3253678,5.338297,-25.44695,33.15
19,-0.3164063,0.2662964,0.9104614,1.0,-0.420929,0.2084656,0.8827972,-34.97252,2.054489,-30.50182,2.868912,0.682096,0.5171212000000001,1.0,-0.2861480999999999,0.2818450999999999,0.9157867,30.167040000000004,2.69577,-28.8766,3.366394,0.6195242,0.459367,-0.0249548,1.3873030000000002,-0.2333674,-0.1976491,0.7731528,0.3253678,5.338297,-25.44695,33.15
19,-0.3164063,0.2662964,0.9104614,1.0,-0.420929,0.2084656,0.8827972,-34.97252,2.054489,-30.50182,2.868912,0.682096,0.5171212000000001,1.0,-0.2861480999999999,0.2818450999999999,0.9157867,30.167040000000004,2.69577,-28.8766,3.366394,0.6195242,0.459367,-0.0249548,1.3873030000000002,-0.2333674,-0.1976491,0.7731528,0.3253678,5.338297,-25.44695,33.15
19,-0.3062439,0.2712402,0.9124756,1.0,-0.4236298,0.2327881,0.8753966999999999,-34.983979999999995,2.079117,-30.523770000000003,3.042618,0.6830024,0.5138010999999999,1.0,-0.274231,0.2806854,0.9197845,30.17813,2.690674,-28.85945,3.341125,0.6177026999999999,0.4593955,-0.02424884,1.386505,-0.2360485,-0.1966971,0.7776145000000001,0.3187076,5.338297,-25.44695,33.15
19,-0.3062439,0.2712402,0.9124756,1.0,-0.4236298,0.2327881,0.8753966999999999,-34.983979999999995,2.079117,-30.523770000000003,3.042618,0.6830024,0.5138010999999999,1.0,-0.274231,0.2806854,0.9197845,30.17813,2.690674,-28.85945,3.341125,0.6177026999999999,0.4593955,-0.02424884,1.386505,-0.2360485,-0.1966971,0.7776145000000001,0.3187076,5.338297,-25.44695,33.15
19,-0.3062439,0.2712402,0.9124756,1.0,-0.4236298,0.2327881,0.8753966999999999,-34.983979999999995,2.079117,-30.523770000000003,3.042618,0.6830024,0.5138010999999999,1.0,-0.274231,0.2806854,0.9197845,30.17813,2.690674,-28.85945,3.341125,0.6177026999999999,0.4593955,-0.02424884,1.386505,-0.2360485,-0.1966971,0.7776145000000001,0.3187076,5.338297,-25.44695,33.15
20,-0.2926178,0.2717895999999999,0.9167786,1.0,-0.4076538,0.269989,0.8722992,-34.97765,2.1762080000000004,-30.54077,3.151855,0.6807920999999999,0.506093,1.0,-0.2286987,0.2710419,0.9349976,30.23605,2.748871,-28.79276,3.238632,0.6102417,0.4575109999999999,-0.02305007,1.385859,-0.2388188999999999,-0.1954041,0.7829242,0.3118623,5.338297,5.703491,33.15
20,-0.2926178,0.2717895999999999,0.9167786,1.0,-0.4076538,0.269989,0.8722992,-34.97765,2.1762080000000004,-30.54077,3.151855,0.6807920999999999,0.506093,1.0,-0.2286987,0.2710419,0.9349976,30.23605,2.748871,-28.79276,3.238632,0.6102417,0.4575109999999999,-0.02305007,1.385859,-0.2388188999999999,-0.1954041,0.7829242,0.3118623,5.338297,5.703491,33.15
20,-0.2926178,0.2717895999999999,0.9167786,1.0,-0.4076538,0.269989,0.8722992,-34.97765,2.1762080000000004,-30.54077,3.151855,0.6807920999999999,0.506093,1.0,-0.2286987,0.2710419,0.9349976,30.23605,2.748871,-28.79276,3.238632,0.6102417,0.4575109999999999,-0.02305007,1.385859,-0.2388188999999999,-0.1954041,0.7829242,0.3118623,5.338297,5.703491,33.15
20,-0.2823486,0.278656,0.9179382,1.0,-0.3862152,0.2577972,0.8856354,-34.923140000000004,2.2258150000000003,-30.48732,3.017715,0.6757892,0.5049623,1.0,-0.2253113,0.2884369,0.930603,30.27823,2.846542,-28.81058,3.3432160000000004,0.6083251000000001,0.4524422999999999,-0.02160096,1.385284,-0.2417978999999999,-0.1936577,0.7885571,0.3053714,5.338297,5.703491,33.15
20,-0.2823486,0.278656,0.9179382,1.0,-0.3862152,0.2577972,0.8856354,-34.923140000000004,2.2258150000000003,-30.48732,3.017715,0.6757892,0.5049623,1.0,-0.2253113,0.2884369,0.930603,30.27823,2.846542,-28.81058,3.3432160000000004,0.6083251000000001,0.4524422999999999,-0.02160096,1.385284,-0.2417978999999999,-0.1936577,0.7885571,0.3053714,5.338297,5.703491,33.15
20,-0.2823486,0.278656,0.9179382,1.0,-0.3862152,0.2577972,0.8856354,-34.923140000000004,2.2258150000000003,-30.48732,3.017715,0.6757892,0.5049623,1.0,-0.2253113,0.2884369,0.930603,30.27823,2.846542,-28.81058,3.3432160000000004,0.6083251000000001,0.4524422999999999,-0.02160096,1.385284,-0.2417978999999999,-0.1936577,0.7885571,0.3053714,5.338297,5.703491,33.15
20,-0.2823486,0.278656,0.9179382,1.0,-0.3862152,0.2577972,0.8856354,-34.923140000000004,2.2258150000000003,-30.48732,3.017715,0.6757892,0.5049623,1.0,-0.2253113,0.2884369,0.930603,30.27823,2.846542,-28.81058,3.3432160000000004,0.6083251000000001,0.4524422999999999,-0.0198009,1.38547,-0.2445357,-0.1940094,0.7931576,0.3016082,5.338297,5.703491,33.15
20,-0.2823486,0.278656,0.9179382,1.0,-0.3862152,0.2577972,0.8856354,-34.923140000000004,2.2258150000000003,-30.48732,3.017715,0.6757892,0.5049623,1.0,-0.2253113,0.2884369,0.930603,30.27823,2.846542,-28.81058,3.3432160000000004,0.6083251000000001,0.4524422999999999,-0.0198009,1.38547,-0.2445357,-0.1940094,0.7931576,0.3016082,5.338297,5.703491,33.15
20,-0.2823486,0.278656,0.9179382,1.0,-0.3862152,0.2577972,0.8856354,-34.923140000000004,2.2258150000000003,-30.48732,3.017715,0.6757892,0.5049623,1.0,-0.2253113,0.2884369,0.930603,30.27823,2.846542,-28.81058,3.3432160000000004,0.6083251000000001,0.4524422999999999,-0.0198009,1.38547,-0.2445357,-0.1940094,0.7931576,0.3016082,5.338297,5.703491,33.15
20,-0.2823486,0.278656,0.9179382,1.0,-0.3862152,0.2577972,0.8856354,-34.923140000000004,2.2258150000000003,-30.48732,3.017715,0.6757892,0.5049623,1.0,-0.2253113,0.2884369,0.930603,30.27823,2.846542,-28.81058,3.3432160000000004,0.6083251000000001,0.4524422999999999,-0.01798439,1.38469,-0.247146,-0.1922957,0.7981323,0.2965929,5.338297,5.703491,33.15
20,-0.2823486,0.278656,0.9179382,1.0,-0.3862152,0.2577972,0.8856354,-34.923140000000004,2.2258150000000003,-30.48732,3.017715,0.6757892,0.5049623,1.0,-0.2253113,0.2884369,0.930603,30.27823,2.846542,-28.81058,3.3432160000000004,0.6083251000000001,0.4524422999999999,-0.01798439,1.38469,-0.247146,-0.1922957,0.7981323,0.2965929,5.338297,5.703491,33.15
20,-0.2823486,0.278656,0.9179382,1.0,-0.3862152,0.2577972,0.8856354,-34.923140000000004,2.2258150000000003,-30.48732,3.017715,0.6757892,0.5049623,1.0,-0.2253113,0.2884369,0.930603,30.27823,2.846542,-28.81058,3.3432160000000004,0.6083251000000001,0.4524422999999999,-0.01798439,1.38469,-0.247146,-0.1922957,0.7981323,0.2965929,5.338297,5.703491,33.15
20,-1.0,-1.0,-1.0,1.0,0.0,0.0,0.0,-35.213359999999994,2.688492,-30.56978,-1.0,0.6836265,0.4885857,1.0,0.0,0.0,0.0,29.96347,3.279404,-29.041090000000004,-1.0,0.6292408,0.4394922,-0.0172627,1.384081,-0.249707,-0.1888321,0.8058789000000001,0.294448,5.338297,5.703491,33.15
20,-1.0,-1.0,-1.0,1.0,0.0,0.0,0.0,-35.213359999999994,2.688492,-30.56978,-1.0,0.6836265,0.4885857,1.0,0.0,0.0,0.0,29.96347,3.279404,-29.041090000000004,-1.0,0.6292408,0.4394922,-0.0172627,1.384081,-0.249707,-0.1888321,0.8058789000000001,0.294448,5.338297,5.703491,33.15
20,-1.0,-1.0,-1.0,1.0,0.0,0.0,0.0,-35.213359999999994,2.688492,-30.56978,-1.0,0.6836265,0.4885857,1.0,0.0,0.0,0.0,29.96347,3.279404,-29.041090000000004,-1.0,0.6292408,0.4394922,-0.0172627,1.384081,-0.249707,-0.1888321,0.8058789000000001,0.294448,5.338297,5.703491,33.15
20,-0.3613434,0.2655182,0.8938141,0.9437171999999998,-0.384201,0.2774963,0.8805542,-35.2859,2.4569400000000003,-30.596190000000004,3.648758,0.6889708000000001,0.4963809,0.9814972,-0.3206787,0.2440337999999999,0.9152069,29.791490000000003,2.97345,-28.985570000000003,3.535477,0.6363498000000001,0.4559101,-0.01749468,1.383127,-0.2526357,-0.1812602999999999,0.8168506,0.2944352,5.338297,27.70461,33.15
20,-0.3613434,0.2655182,0.8938141,0.9437171999999998,-0.384201,0.2774963,0.8805542,-35.2859,2.4569400000000003,-30.596190000000004,3.648758,0.6889708000000001,0.4963809,0.9814972,-0.3206787,0.2440337999999999,0.9152069,29.791490000000003,2.97345,-28.985570000000003,3.535477,0.6363498000000001,0.4559101,-0.01749468,1.383127,-0.2526357,-0.1812602999999999,0.8168506,0.2944352,5.338297,27.70461,33.15
20,-0.3613434,0.2655182,0.8938141,0.9437171999999998,-0.384201,0.2774963,0.8805542,-35.2859,2.4569400000000003,-30.596190000000004,3.648758,0.6889708000000001,0.4963809,0.9814972,-0.3206787,0.2440337999999999,0.9152069,29.791490000000003,2.97345,-28.985570000000003,3.535477,0.6363498000000001,0.4559101,-0.01749468,1.383127,-0.2526357,-0.1812602999999999,0.8168506,0.2944352,5.338297,27.70461,33.15
20,-0.5072327,0.01876831,0.8615875,1.0,-0.6209717,-0.04391479,0.7825928000000001,-35.5771,1.361359,-30.71664,3.048492,0.7328981,0.578595,1.0,-0.3917084,0.07632446,0.9169006,28.83823,1.481201,-29.17296,3.514587,0.6777294,0.5291353,-0.01751375,1.381862,-0.2567706,-0.1709157999999999,0.8305992,0.2917672999999999,5.338297,27.70461,33.15
20,-0.5072327,0.01876831,0.8615875,1.0,-0.6209717,-0.04391479,0.7825928000000001,-35.5771,1.361359,-30.71664,3.048492,0.7328981,0.578595,1.0,-0.3917084,0.07632446,0.9169006,28.83823,1.481201,-29.17296,3.514587,0.6777294,0.5291353,-0.01751375,1.381862,-0.2567706,-0.1709157999999999,0.8305992,0.2917672999999999,5.338297,27.70461,33.15
20,-0.5072327,0.01876831,0.8615875,1.0,-0.6209717,-0.04391479,0.7825928000000001,-35.5771,1.361359,-30.71664,3.048492,0.7328981,0.578595,1.0,-0.3917084,0.07632446,0.9169006,28.83823,1.481201,-29.17296,3.514587,0.6777294,0.5291353,-0.01751375,1.381862,-0.2567706,-0.1709157999999999,0.8305992,0.2917672999999999,5.338297,27.70461,33.15
20,-0.4245452999999999,-0.1134338,0.8982544,1.0,0.0,0.0,0.0,-35.41206,1.1369479999999998,-30.61278,-1.0,0.7313742,0.6061715,1.0,-0.4245452999999999,-0.1134338,0.8982544,28.88933,1.316833,-29.10411,3.424377,0.6800417,0.5580927,-0.01714373,1.380201,-0.2621413,-0.1608516,0.8467517,0.2829024,5.338297,27.70461,33.15
20,-0.4245452999999999,-0.1134338,0.8982544,1.0,0.0,0.0,0.0,-35.41206,1.1369479999999998,-30.61278,-1.0,0.7313742,0.6061715,1.0,-0.4245452999999999,-0.1134338,0.8982544,28.88933,1.316833,-29.10411,3.424377,0.6800417,0.5580927,-0.01714373,1.380201,-0.2621413,-0.1608516,0.8467517,0.2829024,5.338297,27.70461,33.15
20,-0.4245452999999999,-0.1134338,0.8982544,1.0,0.0,0.0,0.0,-35.41206,1.1369479999999998,-30.61278,-1.0,0.7313742,0.6061715,1.0,-0.4245452999999999,-0.1134338,0.8982544,28.88933,1.316833,-29.10411,3.424377,0.6800417,0.5580927,-0.01714373,1.380201,-0.2621413,-0.1608516,0.8467517,0.2829024,5.338297,27.70461,33.15
20,-0.4245452999999999,-0.1134338,0.8982544,1.0,0.0,0.0,0.0,-35.41206,1.1369479999999998,-30.61278,-1.0,0.7313742,0.6061715,1.0,-0.4245452999999999,-0.1134338,0.8982544,28.88933,1.316833,-29.10411,3.424377,0.6800417,0.5580927,-0.01614332,1.377297,-0.2688205999999999,-0.1508771,0.8631006999999999,0.2682277,5.338297,27.70461,33.15
20,-0.4245452999999999,-0.1134338,0.8982544,1.0,0.0,0.0,0.0,-35.41206,1.1369479999999998,-30.61278,-1.0,0.7313742,0.6061715,1.0,-0.4245452999999999,-0.1134338,0.8982544,28.88933,1.316833,-29.10411,3.424377,0.6800417,0.5580927,-0.01614332,1.377297,-0.2688205999999999,-0.1508771,0.8631006999999999,0.2682277,5.338297,27.70461,33.15
20,-0.4245452999999999,-0.1134338,0.8982544,1.0,0.0,0.0,0.0,-35.41206,1.1369479999999998,-30.61278,-1.0,0.7313742,0.6061715,1.0,-0.4245452999999999,-0.1134338,0.8982544,28.88933,1.316833,-29.10411,3.424377,0.6800417,0.5580927,-0.01614332,1.377297,-0.2688205999999999,-0.1508771,0.8631006999999999,0.2682277,5.338297,27.70461,33.15
20,-0.4245452999999999,-0.1134338,0.8982544,1.0,0.0,0.0,0.0,-35.41206,1.1369479999999998,-30.61278,-1.0,0.7313742,0.6061715,1.0,-0.4245452999999999,-0.1134338,0.8982544,28.88933,1.316833,-29.10411,3.424377,0.6800417,0.5580927,-0.01474667,1.373401,-0.2766688,-0.1442747,0.8794873,0.2475945,5.338297,27.70461,33.15
20,-0.4245452999999999,-0.1134338,0.8982544,1.0,0.0,0.0,0.0,-35.41206,1.1369479999999998,-30.61278,-1.0,0.7313742,0.6061715,1.0,-0.4245452999999999,-0.1134338,0.8982544,28.88933,1.316833,-29.10411,3.424377,0.6800417,0.5580927,-0.01474667,1.373401,-0.2766688,-0.1442747,0.8794873,0.2475945,5.338297,27.70461,33.15
20,-0.4245452999999999,-0.1134338,0.8982544,1.0,0.0,0.0,0.0,-35.41206,1.1369479999999998,-30.61278,-1.0,0.7313742,0.6061715,1.0,-0.4245452999999999,-0.1134338,0.8982544,28.88933,1.316833,-29.10411,3.424377,0.6800417,0.5580927,-0.01474667,1.373401,-0.2766688,-0.1442747,0.8794873,0.2475945,5.338297,27.70461,33.15
20,-0.4618225,-0.1449737999999999,0.8750305,1.0,-0.5748595999999999,-0.133667,0.807251,-35.39929,0.8836975,-30.60948,2.964401,0.7197719,0.6050999,1.0,-0.4074554,-0.1493072999999999,0.9009247,29.27943,1.402008,-28.91745,3.095688,0.6647444,0.5575408000000001,-0.01252961,1.368743,-0.2850907,-0.1386314,0.8945264999999999,0.2222599999999999,5.338297,36.02386,33.15
20,-0.4618225,-0.1449737999999999,0.8750305,1.0,-0.5748595999999999,-0.133667,0.807251,-35.39929,0.8836975,-30.60948,2.964401,0.7197719,0.6050999,1.0,-0.4074554,-0.1493072999999999,0.9009247,29.27943,1.402008,-28.91745,3.095688,0.6647444,0.5575408000000001,-0.01252961,1.368743,-0.2850907,-0.1386314,0.8945264999999999,0.2222599999999999,5.338297,36.02386,33.15
20,-0.4618225,-0.1449737999999999,0.8750305,1.0,-0.5748595999999999,-0.133667,0.807251,-35.39929,0.8836975,-30.60948,2.964401,0.7197719,0.6050999,1.0,-0.4074554,-0.1493072999999999,0.9009247,29.27943,1.402008,-28.91745,3.095688,0.6647444,0.5575408000000001,-0.01252961,1.368743,-0.2850907,-0.1386314,0.8945264999999999,0.2222599999999999,5.338297,36.02386,33.15
20,-0.4372101,-0.09779358,0.8940125,1.0,-0.4976654,-0.1207581,0.858902,-35.21165,1.076385,-30.4093,2.881119,0.7012933000000001,0.5928729,1.0,-0.3609467,-0.06930542,0.9299927,29.63831,1.611404,-28.765320000000003,2.955246,0.6466596,0.537983,-0.01008344,1.363259,-0.2941497,-0.1310561,0.908308,0.1965902999999999,5.338297,36.02386,33.15
20,-0.4372101,-0.09779358,0.8940125,1.0,-0.4976654,-0.1207581,0.858902,-35.21165,1.076385,-30.4093,2.881119,0.7012933000000001,0.5928729,1.0,-0.3609467,-0.06930542,0.9299927,29.63831,1.611404,-28.765320000000003,2.955246,0.6466596,0.537983,-0.01008344,1.363259,-0.2941497,-0.1310561,0.908308,0.1965902999999999,5.338297,36.02386,33.15
20,-0.4372101,-0.09779358,0.8940125,1.0,-0.4976654,-0.1207581,0.858902,-35.21165,1.076385,-30.4093,2.881119,0.7012933000000001,0.5928729,1.0,-0.3609467,-0.06930542,0.9299927,29.63831,1.611404,-28.765320000000003,2.955246,0.6466596,0.537983,-0.01008344,1.363259,-0.2941497,-0.1310561,0.908308,0.1965902999999999,5.338297,36.02386,33.15
20,-0.2415009,-0.1970367,0.9501801,1.0,-0.3322754,-0.3522034,0.8749389999999999,-34.18309,1.1522059999999998,-29.91341,2.34108,0.6421150999999999,0.6137009,1.0,-0.2091827,-0.1436157,0.9672546,30.30478,1.519363,-28.50475,2.973206,0.605121,0.5460603,-0.007582188,1.357294,-0.3028542,-0.1232953,0.921059,0.170957,5.338297,36.02386,33.11
20,-0.2415009,-0.1970367,0.9501801,1.0,-0.3322754,-0.3522034,0.8749389999999999,-34.18309,1.1522059999999998,-29.91341,2.34108,0.6421150999999999,0.6137009,1.0,-0.2091827,-0.1436157,0.9672546,30.30478,1.519363,-28.50475,2.973206,0.605121,0.5460603,-0.007582188,1.357294,-0.3028542,-0.1232953,0.921059,0.170957,5.338297,36.02386,33.11
20,-0.2415009,-0.1970367,0.9501801,1.0,-0.3322754,-0.3522034,0.8749389999999999,-34.18309,1.1522059999999998,-29.91341,2.34108,0.6421150999999999,0.6137009,1.0,-0.2091827,-0.1436157,0.9672546,30.30478,1.519363,-28.50475,2.973206,0.605121,0.5460603,-0.007582188,1.357294,-0.3028542,-0.1232953,0.921059,0.170957,5.338297,36.02386,33.11
20,-0.182373,-0.004928589,0.9832001,1.0,-0.3682861,-0.3124847,0.8756103999999999,-34.00368,1.204453,-29.87761,2.800354,0.6403652,0.6064,1.0,-0.1787872,0.0005950928,0.9838715,30.33939,0.8981018,-28.56685,3.115479,0.6000991,0.549569,-0.005446911,1.351546,-0.3108057,-0.1142913,0.9323912,0.1470592,5.338297,36.02386,33.11
20,-0.182373,-0.004928589,0.9832001,1.0,-0.3682861,-0.3124847,0.8756103999999999,-34.00368,1.204453,-29.87761,2.800354,0.6403652,0.6064,1.0,-0.1787872,0.0005950928,0.9838715,30.33939,0.8981018,-28.56685,3.115479,0.6000991,0.549569,-0.005446911,1.351546,-0.3108057,-0.1142913,0.9323912,0.1470592,5.338297,36.02386,33.11
20,-0.182373,-0.004928589,0.9832001,1.0,-0.3682861,-0.3124847,0.8756103999999999,-34.00368,1.204453,-29.87761,2.800354,0.6403652,0.6064,1.0,-0.1787872,0.0005950928,0.9838715,30.33939,0.8981018,-28.56685,3.115479,0.6000991,0.549569,-0.005446911,1.351546,-0.3108057,-0.1142913,0.9323912,0.1470592,5.338297,36.02386,33.11
20,-0.1563568,-0.2455902,0.956665,1.0,-0.283432,-0.2287292,0.9313049,-33.89635,1.503616,-29.77885,2.7850650000000003,0.6250404,0.5827501,1.0,-0.09674072,-0.2519684,0.9628754,30.54106,2.295975,-28.096590000000003,3.176468,0.5831791999999999,0.5290558000000001,-0.00388813,1.346324,-0.3187479,-0.1052296,0.9427368,0.1267169,5.338297,36.02386,33.11
20,-0.1563568,-0.2455902,0.956665,1.0,-0.283432,-0.2287292,0.9313049,-33.89635,1.503616,-29.77885,2.7850650000000003,0.6250404,0.5827501,1.0,-0.09674072,-0.2519684,0.9628754,30.54106,2.295975,-28.096590000000003,3.176468,0.5831791999999999,0.5290558000000001,-0.00388813,1.346324,-0.3187479,-0.1052296,0.9427368,0.1267169,5.338297,36.02386,33.11
20,-0.1563568,-0.2455902,0.956665,1.0,-0.283432,-0.2287292,0.9313049,-33.89635,1.503616,-29.77885,2.7850650000000003,0.6250404,0.5827501,1.0,-0.09674072,-0.2519684,0.9628754,30.54106,2.295975,-28.096590000000003,3.176468,0.5831791999999999,0.5290558000000001,-0.00388813,1.346324,-0.3187479,-0.1052296,0.9427368,0.1267169,5.338297,36.02386,33.11
20,-0.1919402999999999,-0.1297913,0.9727783,1.0,-0.1920012999999999,-0.1297913,0.9727631,-33.647459999999995,1.763382,-29.38606,2.922348,0.6041272,0.5566926999999999,1.0,-0.03416443,-0.1557922,0.9871826,31.0943,2.25,-26.48399,3.11171,0.5566319000000001,0.5041545999999999,-0.002383947,1.341506,-0.3261397,-0.09677928,0.9517124,0.1085569999999999,5.338297,36.02386,33.11
20,-0.1919402999999999,-0.1297913,0.9727783,1.0,-0.1920012999999999,-0.1297913,0.9727631,-33.647459999999995,1.763382,-29.38606,2.922348,0.6041272,0.5566926999999999,1.0,-0.03416443,-0.1557922,0.9871826,31.0943,2.25,-26.48399,3.11171,0.5566319000000001,0.5041545999999999,-0.002383947,1.341506,-0.3261397,-0.09677928,0.9517124,0.1085569999999999,5.338297,36.02386,33.11
20,-0.1919402999999999,-0.1297913,0.9727783,1.0,-0.1920012999999999,-0.1297913,0.9727631,-33.647459999999995,1.763382,-29.38606,2.922348,0.6041272,0.5566926999999999,1.0,-0.03416443,-0.1557922,0.9871826,31.0943,2.25,-26.48399,3.11171,0.5566319000000001,0.5041545999999999,-0.002383947,1.341506,-0.3261397,-0.09677928,0.9517124,0.1085569999999999,5.338297,36.02386,33.11
20,-0.1919402999999999,-0.1297913,0.9727783,1.0,-0.1920012999999999,-0.1297913,0.9727631,-33.647459999999995,1.763382,-29.38606,2.922348,0.6041272,0.5566926999999999,1.0,-0.03416443,-0.1557922,0.9871826,31.0943,2.25,-26.48399,3.11171,0.5566319000000001,0.5041545999999999,-0.00151968,1.336422,-0.3328369,-0.08839215,0.9597538,0.09062149,5.338297,-11.81876,33.11
20,-0.1919402999999999,-0.1297913,0.9727783,1.0,-0.1920012999999999,-0.1297913,0.9727631,-33.647459999999995,1.763382,-29.38606,2.922348,0.6041272,0.5566926999999999,1.0,-0.03416443,-0.1557922,0.9871826,31.0943,2.25,-26.48399,3.11171,0.5566319000000001,0.5041545999999999,-0.00151968,1.336422,-0.3328369,-0.08839215,0.9597538,0.09062149,5.338297,-11.81876,33.11
20,-0.1919402999999999,-0.1297913,0.9727783,1.0,-0.1920012999999999,-0.1297913,0.9727631,-33.647459999999995,1.763382,-29.38606,2.922348,0.6041272,0.5566926999999999,1.0,-0.03416443,-0.1557922,0.9871826,31.0943,2.25,-26.48399,3.11171,0.5566319000000001,0.5041545999999999,-0.00151968,1.336422,-0.3328369,-0.08839215,0.9597538,0.09062149,5.338297,-11.81876,33.11
20,-0.1919402999999999,-0.1297913,0.9727783,1.0,-0.1920012999999999,-0.1297913,0.9727631,-33.647459999999995,1.763382,-29.38606,2.922348,0.6041272,0.5566926999999999,1.0,-0.03416443,-0.1557922,0.9871826,31.0943,2.25,-26.48399,3.11171,0.5566319000000001,0.5041545999999999,-0.001583815,1.33171,-0.3390912,-0.08249352,0.9667469,0.07571469,5.338297,-11.81876,33.11
20,-0.1919402999999999,-0.1297913,0.9727783,1.0,-0.1920012999999999,-0.1297913,0.9727631,-33.647459999999995,1.763382,-29.38606,2.922348,0.6041272,0.5566926999999999,1.0,-0.03416443,-0.1557922,0.9871826,31.0943,2.25,-26.48399,3.11171,0.5566319000000001,0.5041545999999999,-0.001583815,1.33171,-0.3390912,-0.08249352,0.9667469,0.07571469,5.338297,-11.81876,33.11
20,-0.1919402999999999,-0.1297913,0.9727783,1.0,-0.1920012999999999,-0.1297913,0.9727631,-33.647459999999995,1.763382,-29.38606,2.922348,0.6041272,0.5566926999999999,1.0,-0.03416443,-0.1557922,0.9871826,31.0943,2.25,-26.48399,3.11171,0.5566319000000001,0.5041545999999999,-0.001583815,1.33171,-0.3390912,-0.08249352,0.9667469,0.07571469,5.338297,-11.81876,33.11
20,-0.0851593,-0.02368164,0.9960785,0.9808785,-0.0851593,-0.02368164,0.9960785,-33.09785,2.302124,-29.41127,2.977859,0.5719797,0.5248838,0.9597883,0.07966614,-0.05944824,0.9950409,31.68535,2.926651,-26.22087,3.10408,0.5237390000000001,0.4675824999999999,-0.002437592,1.328398,-0.3454334,-0.07815789,0.9726597,0.06752232,5.338297,-11.81876,33.11
20,-0.0851593,-0.02368164,0.9960785,0.9808785,-0.0851593,-0.02368164,0.9960785,-33.09785,2.302124,-29.41127,2.977859,0.5719797,0.5248838,0.9597883,0.07966614,-0.05944824,0.9950409,31.68535,2.926651,-26.22087,3.10408,0.5237390000000001,0.4675824999999999,-0.002437592,1.328398,-0.3454334,-0.07815789,0.9726597,0.06752232,5.338297,-11.81876,33.11
20,-0.0851593,-0.02368164,0.9960785,0.9808785,-0.0851593,-0.02368164,0.9960785,-33.09785,2.302124,-29.41127,2.977859,0.5719797,0.5248838,0.9597883,0.07966614,-0.05944824,0.9950409,31.68535,2.926651,-26.22087,3.10408,0.5237390000000001,0.4675824999999999,-0.002437592,1.328398,-0.3454334,-0.07815789,0.9726597,0.06752232,5.338297,-11.81876,33.11
20,-0.1400909,-0.005615234,0.9901123,1.0,-0.1401367,-0.0055999759999999,0.9901123,-33.39972,2.327026,-29.65266,3.041962,0.5894349,0.5242407,1.0,0.04510498,-0.02778625,0.9985809,31.4467,3.034546,-27.11818,3.03598,0.5359077,0.4676282,-0.0038564209999999,1.325326,-0.3521790999999999,-0.07383267,0.9783197,0.05994038,5.338297,-11.81876,33.11
20,-0.1400909,-0.005615234,0.9901123,1.0,-0.1401367,-0.0055999759999999,0.9901123,-33.39972,2.327026,-29.65266,3.041962,0.5894349,0.5242407,1.0,0.04510498,-0.02778625,0.9985809,31.4467,3.034546,-27.11818,3.03598,0.5359077,0.4676282,-0.0038564209999999,1.325326,-0.3521790999999999,-0.07383267,0.9783197,0.05994038,5.338297,-11.81876,33.11
20,-0.1400909,-0.005615234,0.9901123,1.0,-0.1401367,-0.0055999759999999,0.9901123,-33.39972,2.327026,-29.65266,3.041962,0.5894349,0.5242407,1.0,0.04510498,-0.02778625,0.9985809,31.4467,3.034546,-27.11818,3.03598,0.5359077,0.4676282,-0.0038564209999999,1.325326,-0.3521790999999999,-0.07383267,0.9783197,0.05994038,5.338297,-11.81876,33.11
20,-0.3233185,-0.04486084,0.9452209,1.0,-0.3233185,-0.04486084,0.9452209,-34.115590000000005,1.928589,-29.72716,2.9392400000000003,0.6374528,0.544562,1.0,-0.134964,0.0009155273,0.9908447,30.53644,2.592911,-27.85187,3.127396,0.587863,0.486037,-0.005862474,1.321501,-0.3584173,-0.06713612,0.9836668,0.05157279,5.338297,-11.81876,33.11
20,-0.3233185,-0.04486084,0.9452209,1.0,-0.3233185,-0.04486084,0.9452209,-34.115590000000005,1.928589,-29.72716,2.9392400000000003,0.6374528,0.544562,1.0,-0.134964,0.0009155273,0.9908447,30.53644,2.592911,-27.85187,3.127396,0.587863,0.486037,-0.005862474,1.321501,-0.3584173,-0.06713612,0.9836668,0.05157279,5.338297,-11.81876,33.11
20,-0.3233185,-0.04486084,0.9452209,1.0,-0.3233185,-0.04486084,0.9452209,-34.115590000000005,1.928589,-29.72716,2.9392400000000003,0.6374528,0.544562,1.0,-0.134964,0.0009155273,0.9908447,30.53644,2.592911,-27.85187,3.127396,0.587863,0.486037,-0.005862474,1.321501,-0.3584173,-0.06713612,0.9836668,0.05157279,5.338297,-11.81876,33.11
20,-0.2816467,-0.05207825,0.9580994,1.0,-0.2816619999999999,-0.05207825,0.9580841,-34.040440000000004,1.93483,-29.68437,2.855225,0.6294048000000001,0.5444179,1.0,-0.1156921,-0.004592896,0.9932709,30.71561,2.662125,-27.8774,3.091202,0.5796028,0.4844050999999999,-0.007905483,1.318005,-0.3644855999999999,-0.06040877,0.9882721,0.0411453,5.338297,9.09726,33.11
20,-0.2816467,-0.05207825,0.9580994,1.0,-0.2816619999999999,-0.05207825,0.9580841,-34.040440000000004,1.93483,-29.68437,2.855225,0.6294048000000001,0.5444179,1.0,-0.1156921,-0.004592896,0.9932709,30.71561,2.662125,-27.8774,3.091202,0.5796028,0.4844050999999999,-0.007905483,1.318005,-0.3644855999999999,-0.06040877,0.9882721,0.0411453,5.338297,9.09726,33.11
20,-0.2816467,-0.05207825,0.9580994,1.0,-0.2816619999999999,-0.05207825,0.9580841,-34.040440000000004,1.93483,-29.68437,2.855225,0.6294048000000001,0.5444179,1.0,-0.1156921,-0.004592896,0.9932709,30.71561,2.662125,-27.8774,3.091202,0.5796028,0.4844050999999999,-0.007905483,1.318005,-0.3644855999999999,-0.06040877,0.9882721,0.0411453,5.338297,9.09726,33.11
20,-0.2312775,-0.02496338,0.9725647,1.0,-0.2327118,-0.02528381,0.9722136999999998,-33.809740000000005,1.934265,-29.59122,2.881653,0.6150366999999999,0.5399202,1.0,-0.03491211,0.01821899,0.9992218,30.95288,2.886642,-28.57504,2.983261,0.5623974,0.4794558,-0.008929968,1.31473,-0.3704129,-0.05298541,0.991443,0.03114037,5.338297,9.09726,33.11
20,-0.2312775,-0.02496338,0.9725647,1.0,-0.2327118,-0.02528381,0.9722136999999998,-33.809740000000005,1.934265,-29.59122,2.881653,0.6150366999999999,0.5399202,1.0,-0.03491211,0.01821899,0.9992218,30.95288,2.886642,-28.57504,2.983261,0.5623974,0.4794558,-0.008929968,1.31473,-0.3704129,-0.05298541,0.991443,0.03114037,5.338297,9.09726,33.11
20,-0.2312775,-0.02496338,0.9725647,1.0,-0.2327118,-0.02528381,0.9722136999999998,-33.809740000000005,1.934265,-29.59122,2.881653,0.6150366999999999,0.5399202,1.0,-0.03491211,0.01821899,0.9992218,30.95288,2.886642,-28.57504,2.983261,0.5623974,0.4794558,-0.008929968,1.31473,-0.3704129,-0.05298541,0.991443,0.03114037,5.338297,9.09726,33.11
20,-0.2312775,-0.02496338,0.9725647,1.0,-0.2327118,-0.02528381,0.9722136999999998,-33.809740000000005,1.934265,-29.59122,2.881653,0.6150366999999999,0.5399202,1.0,-0.03491211,0.01821899,0.9992218,30.95288,2.886642,-28.57504,2.983261,0.5623974,0.4794558,-0.009290934,1.310989,-0.3765591,-0.04748614,0.9935151,0.01912573,5.356237,9.09726,33.11
20,-0.2312775,-0.02496338,0.9725647,1.0,-0.2327118,-0.02528381,0.9722136999999998,-33.809740000000005,1.934265,-29.59122,2.881653,0.6150366999999999,0.5399202,1.0,-0.03491211,0.01821899,0.9992218,30.95288,2.886642,-28.57504,2.983261,0.5623974,0.4794558,-0.009290934,1.310989,-0.3765591,-0.04748614,0.9935151,0.01912573,5.356237,9.09726,33.11
20,-0.2312775,-0.02496338,0.9725647,1.0,-0.2327118,-0.02528381,0.9722136999999998,-33.809740000000005,1.934265,-29.59122,2.881653,0.6150366999999999,0.5399202,1.0,-0.03491211,0.01821899,0.9992218,30.95288,2.886642,-28.57504,2.983261,0.5623974,0.4794558,-0.009290934,1.310989,-0.3765591,-0.04748614,0.9935151,0.01912573,5.356237,9.09726,33.11
20,-0.2233887,-0.01187134,0.9746552,1.0,-0.2236176,-0.01191711,0.9745941,-33.72987,1.939972,-29.468490000000003,2.818573,0.6109437,0.5368255,1.0,-0.0201416,0.01824951,0.9996185,31.05428,2.92868,-28.61411,3.038071,0.5571632,0.4783457,-0.008903742,1.30702,-0.3822522,-0.04274431,0.9947865,0.007694304,5.356237,9.09726,33.11
20,-0.2233887,-0.01187134,0.9746552,1.0,-0.2236176,-0.01191711,0.9745941,-33.72987,1.939972,-29.468490000000003,2.818573,0.6109437,0.5368255,1.0,-0.0201416,0.01824951,0.9996185,31.05428,2.92868,-28.61411,3.038071,0.5571632,0.4783457,-0.008903742,1.30702,-0.3822522,-0.04274431,0.9947865,0.007694304,5.356237,9.09726,33.11
20,-0.2233887,-0.01187134,0.9746552,1.0,-0.2236176,-0.01191711,0.9745941,-33.72987,1.939972,-29.468490000000003,2.818573,0.6109437,0.5368255,1.0,-0.0201416,0.01824951,0.9996185,31.05428,2.92868,-28.61411,3.038071,0.5571632,0.4783457,-0.008903742,1.30702,-0.3822522,-0.04274431,0.9947865,0.007694304,5.356237,9.09726,33.11
20,-0.2233887,-0.01187134,0.9746552,1.0,-0.2236176,-0.01191711,0.9745941,-33.72987,1.939972,-29.468490000000003,2.818573,0.6109437,0.5368255,1.0,-0.0201416,0.01824951,0.9996185,31.05428,2.92868,-28.61411,3.038071,0.5571632,0.4783457,-0.008562803,1.303266,-0.3876438,-0.040013,0.9957735,-0.0028835479999999,5.356237,9.09726,33.11
20,-0.2233887,-0.01187134,0.9746552,1.0,-0.2236176,-0.01191711,0.9745941,-33.72987,1.939972,-29.468490000000003,2.818573,0.6109437,0.5368255,1.0,-0.0201416,0.01824951,0.9996185,31.05428,2.92868,-28.61411,3.038071,0.5571632,0.4783457,-0.008562803,1.303266,-0.3876438,-0.040013,0.9957735,-0.0028835479999999,5.356237,9.09726,33.11
20,-0.2233887,-0.01187134,0.9746552,1.0,-0.2236176,-0.01191711,0.9745941,-33.72987,1.939972,-29.468490000000003,2.818573,0.6109437,0.5368255,1.0,-0.0201416,0.01824951,0.9996185,31.05428,2.92868,-28.61411,3.038071,0.5571632,0.4783457,-0.008562803,1.303266,-0.3876438,-0.040013,0.9957735,-0.0028835479999999,5.356237,9.09726,33.11
20,-0.3531494,-0.1006317,0.93013,1.0,-0.5378723000000001,-0.1484832999999999,0.829834,-34.68387,1.43895,-30.02975,2.909164,0.6871136,0.5808198,1.0,-0.3510132,-0.1000824,0.9309998,29.74123,2.002289,-28.3781,3.257553,0.6409507,0.5251541999999999,-0.008595943,1.300123,-0.3926494,-0.03378394,0.9967119,-0.01125764,5.356237,16.75342,33.11
20,-0.3531494,-0.1006317,0.93013,1.0,-0.5378723000000001,-0.1484832999999999,0.829834,-34.68387,1.43895,-30.02975,2.909164,0.6871136,0.5808198,1.0,-0.3510132,-0.1000824,0.9309998,29.74123,2.002289,-28.3781,3.257553,0.6409507,0.5251541999999999,-0.008595943,1.300123,-0.3926494,-0.03378394,0.9967119,-0.01125764,5.356237,16.75342,33.11
20,-0.3531494,-0.1006317,0.93013,1.0,-0.5378723000000001,-0.1484832999999999,0.829834,-34.68387,1.43895,-30.02975,2.909164,0.6871136,0.5808198,1.0,-0.3510132,-0.1000824,0.9309998,29.74123,2.002289,-28.3781,3.257553,0.6409507,0.5251541999999999,-0.008595943,1.300123,-0.3926494,-0.03378394,0.9967119,-0.01125764,5.356237,16.75342,33.11
20,-0.3934631,-0.1462097,0.9076233,1.0,-0.5137787,-0.1370239,0.8468933000000001,-34.68999,1.471664,-30.00345,3.045151,0.683806,0.5775142,1.0,-0.3929138,-0.1462402,0.9078522,30.042040000000004,2.274643,-28.2751,3.139709,0.6359736,0.5213876000000001,-0.009421825,1.2975709999999998,-0.3972065,-0.03016743,0.997466,-0.01755862,5.356237,16.75342,33.11
20,-0.3934631,-0.1462097,0.9076233,1.0,-0.5137787,-0.1370239,0.8468933000000001,-34.68999,1.471664,-30.00345,3.045151,0.683806,0.5775142,1.0,-0.3929138,-0.1462402,0.9078522,30.042040000000004,2.274643,-28.2751,3.139709,0.6359736,0.5213876000000001,-0.009421825,1.2975709999999998,-0.3972065,-0.03016743,0.997466,-0.01755862,5.356237,16.75342,33.11
20,-0.3934631,-0.1462097,0.9076233,1.0,-0.5137787,-0.1370239,0.8468933000000001,-34.68999,1.471664,-30.00345,3.045151,0.683806,0.5775142,1.0,-0.3929138,-0.1462402,0.9078522,30.042040000000004,2.274643,-28.2751,3.139709,0.6359736,0.5213876000000001,-0.009421825,1.2975709999999998,-0.3972065,-0.03016743,0.997466,-0.01755862,5.356237,16.75342,33.11
20,-0.3588562,-0.1087341,0.9270325,1.0,-0.4555206,-0.1292877,0.8807678,-34.62744,1.509964,-29.924190000000003,2.822159,0.6734548,0.5732611,1.0,-0.2837219,-0.09251404,0.954422,30.07791,2.236969,-28.18756,3.088058,0.6214334,0.5136204000000001,-0.01061606,1.295844,-0.4012365,-0.02618857,0.9981681,-0.02180246,5.356237,16.75342,33.11
20,-0.3588562,-0.1087341,0.9270325,1.0,-0.4555206,-0.1292877,0.8807678,-34.62744,1.509964,-29.924190000000003,2.822159,0.6734548,0.5732611,1.0,-0.2837219,-0.09251404,0.954422,30.07791,2.236969,-28.18756,3.088058,0.6214334,0.5136204000000001,-0.01061606,1.295844,-0.4012365,-0.02618857,0.9981681,-0.02180246,5.356237,16.75342,33.11
20,-0.3588562,-0.1087341,0.9270325,1.0,-0.4555206,-0.1292877,0.8807678,-34.62744,1.509964,-29.924190000000003,2.822159,0.6734548,0.5732611,1.0,-0.2837219,-0.09251404,0.954422,30.07791,2.236969,-28.18756,3.088058,0.6214334,0.5136204000000001,-0.01061606,1.295844,-0.4012365,-0.02618857,0.9981681,-0.02180246,5.356237,16.75342,33.11
20,-0.3386841,-0.09884644,0.9356842,1.0,-0.4113159,-0.124115,0.9029999,-34.54211,1.50032,-29.86026,2.922775,0.6643401999999999,0.5717085,1.0,-0.2817841,-0.07914734,0.956192,30.25128,2.321838,-28.14384,3.2371830000000004,0.6150466,0.5087515,-0.01182508,1.294596,-0.4046586,-0.02354597,0.9986197,-0.02521986,5.356237,16.75342,33.11
20,-0.3386841,-0.09884644,0.9356842,1.0,-0.4113159,-0.124115,0.9029999,-34.54211,1.50032,-29.86026,2.922775,0.6643401999999999,0.5717085,1.0,-0.2817841,-0.07914734,0.956192,30.25128,2.321838,-28.14384,3.2371830000000004,0.6150466,0.5087515,-0.01182508,1.294596,-0.4046586,-0.02354597,0.9986197,-0.02521986,5.356237,16.75342,33.11
20,-0.3386841,-0.09884644,0.9356842,1.0,-0.4113159,-0.124115,0.9029999,-34.54211,1.50032,-29.86026,2.922775,0.6643401999999999,0.5717085,1.0,-0.2817841,-0.07914734,0.956192,30.25128,2.321838,-28.14384,3.2371830000000004,0.6150466,0.5087515,-0.01182508,1.294596,-0.4046586,-0.02354597,0.9986197,-0.02521986,5.356237,16.75342,33.11
21,-0.3044281,-0.1020659999999999,0.9470367,1.0,-0.3662109,-0.1245575,0.9221497,-34.46881,1.4265290000000002,-29.834290000000003,2.9055020000000003,0.655754,0.5734800999999999,1.0,-0.2582703,-0.08526611,0.9622955,30.36584,2.329056,-28.102970000000003,3.323013,0.6081663,0.5086678,-0.01286697,1.294244,-0.4078541,-0.02321006,0.9989094,-0.02532834,5.356237,16.75342,33.11
21,-0.3044281,-0.1020659999999999,0.9470367,1.0,-0.3662109,-0.1245575,0.9221497,-34.46881,1.4265290000000002,-29.834290000000003,2.9055020000000003,0.655754,0.5734800999999999,1.0,-0.2582703,-0.08526611,0.9622955,30.36584,2.329056,-28.102970000000003,3.323013,0.6081663,0.5086678,-0.01286697,1.294244,-0.4078541,-0.02321006,0.9989094,-0.02532834,5.356237,16.75342,33.11
21,-0.3044281,-0.1020659999999999,0.9470367,1.0,-0.3662109,-0.1245575,0.9221497,-34.46881,1.4265290000000002,-29.834290000000003,2.9055020000000003,0.655754,0.5734800999999999,1.0,-0.2582703,-0.08526611,0.9622955,30.36584,2.329056,-28.102970000000003,3.323013,0.6081663,0.5086678,-0.01286697,1.294244,-0.4078541,-0.02321006,0.9989094,-0.02532834,5.356237,16.75342,33.11
21,-0.2884064,-0.09944153,0.9523163,1.0,-0.3647003,-0.1165161,0.9237976,-34.45404,1.410599,-29.83647,2.904572,0.6550243,0.5730001,1.0,-0.2304534999999999,-0.08631897,0.9692383,30.39278,2.3155360000000003,-28.07713,3.386124,0.6038081999999999,0.5087681,-0.01417255,1.293512,-0.4108122999999999,-0.02454828,0.9990572,-0.02648588,5.356237,8.521923,33.11
21,-0.2884064,-0.09944153,0.9523163,1.0,-0.3647003,-0.1165161,0.9237976,-34.45404,1.410599,-29.83647,2.904572,0.6550243,0.5730001,1.0,-0.2304534999999999,-0.08631897,0.9692383,30.39278,2.3155360000000003,-28.07713,3.386124,0.6038081999999999,0.5087681,-0.01417255,1.293512,-0.4108122999999999,-0.02454828,0.9990572,-0.02648588,5.356237,8.521923,33.11
21,-0.2884064,-0.09944153,0.9523163,1.0,-0.3647003,-0.1165161,0.9237976,-34.45404,1.410599,-29.83647,2.904572,0.6550243,0.5730001,1.0,-0.2304534999999999,-0.08631897,0.9692383,30.39278,2.3155360000000003,-28.07713,3.386124,0.6038081999999999,0.5087681,-0.01417255,1.293512,-0.4108122999999999,-0.02454828,0.9990572,-0.02648588,5.356237,8.521923,33.11
21,-0.2665252999999999,-0.08537292,0.9600372,1.0,-0.3466797,-0.1145172,0.930954,-34.41441,1.323669,-29.83588,3.017548,0.6512916999999999,0.5756133000000001,1.0,-0.2042694,-0.06280518,0.9768829,30.44412,2.256958,-28.067290000000003,3.363739,0.5989734999999999,0.5075252,-0.016083,1.29248,-0.4140269,-0.02516041,0.9991247,-0.02941895,5.356237,8.521923,33.11
21,-0.2665252999999999,-0.08537292,0.9600372,1.0,-0.3466797,-0.1145172,0.930954,-34.41441,1.323669,-29.83588,3.017548,0.6512916999999999,0.5756133000000001,1.0,-0.2042694,-0.06280518,0.9768829,30.44412,2.256958,-28.067290000000003,3.363739,0.5989734999999999,0.5075252,-0.016083,1.29248,-0.4140269,-0.02516041,0.9991247,-0.02941895,5.356237,8.521923,33.11
21,-0.2665252999999999,-0.08537292,0.9600372,1.0,-0.3466797,-0.1145172,0.930954,-34.41441,1.323669,-29.83588,3.017548,0.6512916999999999,0.5756133000000001,1.0,-0.2042694,-0.06280518,0.9768829,30.44412,2.256958,-28.067290000000003,3.363739,0.5989734999999999,0.5075252,-0.016083,1.29248,-0.4140269,-0.02516041,0.9991247,-0.02941895,5.356237,8.521923,33.11
21,-0.2665252999999999,-0.08537292,0.9600372,1.0,-0.3466797,-0.1145172,0.930954,-34.41441,1.323669,-29.83588,3.017548,0.6512916999999999,0.5756133000000001,1.0,-0.2042694,-0.06280518,0.9768829,30.44412,2.256958,-28.067290000000003,3.363739,0.5989734999999999,0.5075252,-0.0182445,1.29125,-0.4173035,-0.02382936,0.9991773000000002,-0.03205246,5.356237,8.521923,33.11
21,-0.2665252999999999,-0.08537292,0.9600372,1.0,-0.3466797,-0.1145172,0.930954,-34.41441,1.323669,-29.83588,3.017548,0.6512916999999999,0.5756133000000001,1.0,-0.2042694,-0.06280518,0.9768829,30.44412,2.256958,-28.067290000000003,3.363739,0.5989734999999999,0.5075252,-0.0182445,1.29125,-0.4173035,-0.02382936,0.9991773000000002,-0.03205246,5.356237,8.521923,33.11
21,-0.2665252999999999,-0.08537292,0.9600372,1.0,-0.3466797,-0.1145172,0.930954,-34.41441,1.323669,-29.83588,3.017548,0.6512916999999999,0.5756133000000001,1.0,-0.2042694,-0.06280518,0.9768829,30.44412,2.256958,-28.067290000000003,3.363739,0.5989734999999999,0.5075252,-0.0182445,1.29125,-0.4173035,-0.02382936,0.9991773000000002,-0.03205246,5.356237,8.521923,33.11
21,-0.1920928999999999,-0.07347107,0.9786072,1.0,-0.2801208,-0.09457397,0.9552917,-34.29762,1.368057,-29.7677,2.926819,0.6384177,0.5701722,1.0,-0.1235503999999999,-0.05688477,0.9906921,30.60358,2.319946,-27.98503,3.416656,0.5838825,0.5033917,-0.02029681,1.289807,-0.4206064,0.02099006,-0.9991251,0.03608556,5.356237,8.521923,33.11
21,-0.1920928999999999,-0.07347107,0.9786072,1.0,-0.2801208,-0.09457397,0.9552917,-34.29762,1.368057,-29.7677,2.926819,0.6384177,0.5701722,1.0,-0.1235503999999999,-0.05688477,0.9906921,30.60358,2.319946,-27.98503,3.416656,0.5838825,0.5033917,-0.02029681,1.289807,-0.4206064,0.02099006,-0.9991251,0.03608556,5.356237,8.521923,33.11
21,-0.1920928999999999,-0.07347107,0.9786072,1.0,-0.2801208,-0.09457397,0.9552917,-34.29762,1.368057,-29.7677,2.926819,0.6384177,0.5701722,1.0,-0.1235503999999999,-0.05688477,0.9906921,30.60358,2.319946,-27.98503,3.416656,0.5838825,0.5033917,-0.02029681,1.289807,-0.4206064,0.02099006,-0.9991251,0.03608556,5.356237,8.521923,33.11
21,-0.2076416,-0.08274841,0.9746857,1.0,-0.3025817999999999,-0.09501648,0.9483643,-34.19417,1.425568,-29.72316,2.95311,0.637621,0.5680133,1.0,-0.1386566,-0.07350159,0.9875946,30.73615,2.276993,-28.001890000000003,3.347885,0.5812927,0.5069932,-0.0229373,1.288332,-0.4241752,0.02008492,-0.9990068,0.03740255,5.356237,8.521923,33.11
21,-0.2076416,-0.08274841,0.9746857,1.0,-0.3025817999999999,-0.09501648,0.9483643,-34.19417,1.425568,-29.72316,2.95311,0.637621,0.5680133,1.0,-0.1386566,-0.07350159,0.9875946,30.73615,2.276993,-28.001890000000003,3.347885,0.5812927,0.5069932,-0.0229373,1.288332,-0.4241752,0.02008492,-0.9990068,0.03740255,5.356237,8.521923,33.11
21,-0.2076416,-0.08274841,0.9746857,1.0,-0.3025817999999999,-0.09501648,0.9483643,-34.19417,1.425568,-29.72316,2.95311,0.637621,0.5680133,1.0,-0.1386566,-0.07350159,0.9875946,30.73615,2.276993,-28.001890000000003,3.347885,0.5812927,0.5069932,-0.0229373,1.288332,-0.4241752,0.02008492,-0.9990068,0.03740255,5.356237,8.521923,33.11
21,-0.1659241,-0.06463623,0.9840088,1.0,-0.2753448,-0.09715271,0.9564209,-34.17535,1.443893,-29.70508,2.993729,0.6334536999999999,0.5672753,1.0,-0.1201172,-0.05096436,0.9914398,30.787540000000003,2.446869,-28.00446,3.248428,0.5775158,0.4983939,-0.02689505,1.288,-0.4277129,0.02301924,-0.9987109,0.03342364,5.356237,8.521923,33.11
21,-0.1659241,-0.06463623,0.9840088,1.0,-0.2753448,-0.09715271,0.9564209,-34.17535,1.443893,-29.70508,2.993729,0.6334536999999999,0.5672753,1.0,-0.1201172,-0.05096436,0.9914398,30.787540000000003,2.446869,-28.00446,3.248428,0.5775158,0.4983939,-0.02689505,1.288,-0.4277129,0.02301924,-0.9987109,0.03342364,5.356237,8.521923,33.11
21,-0.1659241,-0.06463623,0.9840088,1.0,-0.2753448,-0.09715271,0.9564209,-34.17535,1.443893,-29.70508,2.993729,0.6334536999999999,0.5672753,1.0,-0.1201172,-0.05096436,0.9914398,30.787540000000003,2.446869,-28.00446,3.248428,0.5775158,0.4983939,-0.02689505,1.288,-0.4277129,0.02301924,-0.9987109,0.03342364,5.356237,8.521923,33.11
21,-0.1659241,-0.06463623,0.9840088,1.0,-0.2753448,-0.09715271,0.9564209,-34.17535,1.443893,-29.70508,2.993729,0.6334536999999999,0.5672753,1.0,-0.1201172,-0.05096436,0.9914398,30.787540000000003,2.446869,-28.00446,3.248428,0.5775158,0.4983939,-0.03195548,1.287717,-0.4310439,0.02211461,-0.9979821,0.03106204,5.356237,-82.95841,33.11
21,-0.1659241,-0.06463623,0.9840088,1.0,-0.2753448,-0.09715271,0.9564209,-34.17535,1.443893,-29.70508,2.993729,0.6334536999999999,0.5672753,1.0,-0.1201172,-0.05096436,0.9914398,30.787540000000003,2.446869,-28.00446,3.248428,0.5775158,0.4983939,-0.03195548,1.287717,-0.4310439,0.02211461,-0.9979821,0.03106204,5.356237,-82.95841,33.11
21,-0.1659241,-0.06463623,0.9840088,1.0,-0.2753448,-0.09715271,0.9564209,-34.17535,1.443893,-29.70508,2.993729,0.6334536999999999,0.5672753,1.0,-0.1201172,-0.05096436,0.9914398,30.787540000000003,2.446869,-28.00446,3.248428,0.5775158,0.4983939,-0.03195548,1.287717,-0.4310439,0.02211461,-0.9979821,0.03106204,5.356237,-82.95841,33.11
21,-0.1555328,-0.06135559,0.9859161,1.0,-0.2680054,-0.09979248,0.9582214,-34.17523,1.4552459999999998,-29.70383,2.992142,0.6325121,0.5671395,1.0,-0.1055298,-0.04423523,0.9934235,30.79385,2.4953,-28.02284,3.33371,0.57548,0.4960951,-0.03652215,1.287425,-0.4345015,0.01928209,-0.996956,0.03087655,5.356237,-82.95841,33.11
21,-0.1555328,-0.06135559,0.9859161,1.0,-0.2680054,-0.09979248,0.9582214,-34.17523,1.4552459999999998,-29.70383,2.992142,0.6325121,0.5671395,1.0,-0.1055298,-0.04423523,0.9934235,30.79385,2.4953,-28.02284,3.33371,0.57548,0.4960951,-0.03652215,1.287425,-0.4345015,0.01928209,-0.996956,0.03087655,5.356237,-82.95841,33.11
21,-0.1555328,-0.06135559,0.9859161,1.0,-0.2680054,-0.09979248,0.9582214,-34.17523,1.4552459999999998,-29.70383,2.992142,0.6325121,0.5671395,1.0,-0.1055298,-0.04423523,0.9934235,30.79385,2.4953,-28.02284,3.33371,0.57548,0.4960951,-0.03652215,1.287425,-0.4345015,0.01928209,-0.996956,0.03087655,5.356237,-82.95841,33.11
21,-0.1555328,-0.06135559,0.9859161,1.0,-0.2680054,-0.09979248,0.9582214,-34.17523,1.4552459999999998,-29.70383,2.992142,0.6325121,0.5671395,1.0,-0.1055298,-0.04423523,0.9934235,30.79385,2.4953,-28.02284,3.33371,0.57548,0.4960951,-0.03892827,1.286568,-0.4381334,0.01721451,-0.9959569,0.03452303,5.356237,-82.95841,33.11
21,-0.1555328,-0.06135559,0.9859161,1.0,-0.2680054,-0.09979248,0.9582214,-34.17523,1.4552459999999998,-29.70383,2.992142,0.6325121,0.5671395,1.0,-0.1055298,-0.04423523,0.9934235,30.79385,2.4953,-28.02284,3.33371,0.57548,0.4960951,-0.03892827,1.286568,-0.4381334,0.01721451,-0.9959569,0.03452303,5.356237,-82.95841,33.11
21,-0.1555328,-0.06135559,0.9859161,1.0,-0.2680054,-0.09979248,0.9582214,-34.17523,1.4552459999999998,-29.70383,2.992142,0.6325121,0.5671395,1.0,-0.1055298,-0.04423523,0.9934235,30.79385,2.4953,-28.02284,3.33371,0.57548,0.4960951,-0.03892827,1.286568,-0.4381334,0.01721451,-0.9959569,0.03452303,5.356237,-82.95841,33.11
21,-0.4949951,0.1088867,0.86203,1.0,-0.5796204,0.06243896,0.8124847,-35.15541,2.113785,-30.26367,3.138245,0.7100272,0.5334361999999999,1.0,-0.4087067,0.1520691,0.8998870999999999,29.557890000000004,2.940933,-28.56039,3.412354,0.6546932,0.4652388,-0.03980398,1.285295,-0.4422917999999999,0.01523827,-0.9956339,0.03797839,5.356237,-82.95841,33.11
21,-0.4949951,0.1088867,0.86203,1.0,-0.5796204,0.06243896,0.8124847,-35.15541,2.113785,-30.26367,3.138245,0.7100272,0.5334361999999999,1.0,-0.4087067,0.1520691,0.8998870999999999,29.557890000000004,2.940933,-28.56039,3.412354,0.6546932,0.4652388,-0.03980398,1.285295,-0.4422917999999999,0.01523827,-0.9956339,0.03797839,5.356237,-82.95841,33.11
21,-0.4949951,0.1088867,0.86203,1.0,-0.5796204,0.06243896,0.8124847,-35.15541,2.113785,-30.26367,3.138245,0.7100272,0.5334361999999999,1.0,-0.4087067,0.1520691,0.8998870999999999,29.557890000000004,2.940933,-28.56039,3.412354,0.6546932,0.4652388,-0.03980398,1.285295,-0.4422917999999999,0.01523827,-0.9956339,0.03797839,5.356237,-82.95841,33.11
21,-0.4710082999999999,0.1417694,0.8706511999999998,1.0,-0.5436554,0.08351135,0.8351288,-35.04691,2.056473,-30.20042,3.000076,0.7008959,0.5314538000000001,1.0,-0.4399414000000001,0.1651917,0.8826904000000001,29.909990000000004,2.793671,-28.503590000000003,3.650238,0.6460875,0.4687808,-0.03909731,1.284047,-0.4470114999999999,0.01400567,-0.9956895,0.04316045,5.356237,-82.95841,33.11
21,-0.4710082999999999,0.1417694,0.8706511999999998,1.0,-0.5436554,0.08351135,0.8351288,-35.04691,2.056473,-30.20042,3.000076,0.7008959,0.5314538000000001,1.0,-0.4399414000000001,0.1651917,0.8826904000000001,29.909990000000004,2.793671,-28.503590000000003,3.650238,0.6460875,0.4687808,-0.03909731,1.284047,-0.4470114999999999,0.01400567,-0.9956895,0.04316045,5.356237,-82.95841,33.11
21,-0.4710082999999999,0.1417694,0.8706511999999998,1.0,-0.5436554,0.08351135,0.8351288,-35.04691,2.056473,-30.20042,3.000076,0.7008959,0.5314538000000001,1.0,-0.4399414000000001,0.1651917,0.8826904000000001,29.909990000000004,2.793671,-28.503590000000003,3.650238,0.6460875,0.4687808,-0.03909731,1.284047,-0.4470114999999999,0.01400567,-0.9956895,0.04316045,5.356237,-82.95841,33.11
21,-0.4823303,0.1471405,0.8635254000000001,1.0,-0.5440674,0.1177979,0.8307190000000001,-35.01802,2.059509,-30.21638,3.136749,0.6999721,0.5274103,1.0,-0.4368744,0.16745,0.8837891,29.91533,2.80986,-28.50008,3.603333,0.645606,0.4678557,-0.03681064,1.281617,-0.4514979999999999,0.01230248,-0.9960677,0.05087521,5.356237,-82.95841,33.11
21,-0.4823303,0.1471405,0.8635254000000001,1.0,-0.5440674,0.1177979,0.8307190000000001,-35.01802,2.059509,-30.21638,3.136749,0.6999721,0.5274103,1.0,-0.4368744,0.16745,0.8837891,29.91533,2.80986,-28.50008,3.603333,0.645606,0.4678557,-0.03681064,1.281617,-0.4514979999999999,0.01230248,-0.9960677,0.05087521,5.356237,-82.95841,33.11
21,-0.4823303,0.1471405,0.8635254000000001,1.0,-0.5440674,0.1177979,0.8307190000000001,-35.01802,2.059509,-30.21638,3.136749,0.6999721,0.5274103,1.0,-0.4368744,0.16745,0.8837891,29.91533,2.80986,-28.50008,3.603333,0.645606,0.4678557,-0.03681064,1.281617,-0.4514979999999999,0.01230248,-0.9960677,0.05087521,5.356237,-82.95841,33.11
21,-0.4763031,0.166214,0.8634185999999999,1.0,-0.5444641,0.1615142999999999,0.8230743,-35.15521,2.250168,-30.30354,3.271667,0.7052387,0.5163223,1.0,-0.437088,0.1683807,0.8834991,29.85527,2.976761,-28.51772,3.515884,0.6478841999999999,0.4621749,-0.03347039,1.27952,-0.4555501,0.01429474,-0.9963412,0.05852008,5.356237,6.497551,33.11
21,-0.4763031,0.166214,0.8634185999999999,1.0,-0.5444641,0.1615142999999999,0.8230743,-35.15521,2.250168,-30.30354,3.271667,0.7052387,0.5163223,1.0,-0.437088,0.1683807,0.8834991,29.85527,2.976761,-28.51772,3.515884,0.6478841999999999,0.4621749,-0.03347039,1.27952,-0.4555501,0.01429474,-0.9963412,0.05852008,5.356237,6.497551,33.11
21,-0.4763031,0.166214,0.8634185999999999,1.0,-0.5444641,0.1615142999999999,0.8230743,-35.15521,2.250168,-30.30354,3.271667,0.7052387,0.5163223,1.0,-0.437088,0.1683807,0.8834991,29.85527,2.976761,-28.51772,3.515884,0.6478841999999999,0.4621749,-0.03347039,1.27952,-0.4555501,0.01429474,-0.9963412,0.05852008,5.356237,6.497551,33.11
21,-1.0,-1.0,-1.0,1.0,0.0,0.0,0.0,-34.944959999999995,2.570862,-30.0063,-1.0,0.6772121,0.5089422,1.0,0.0,0.0,0.0,29.48285,3.927826,-28.18875,-1.0,0.6278108,0.4444228,-0.02801824,1.278023,-0.4593279999999999,0.01205286,-0.9970645,0.06472915,5.356237,6.497551,33.11
21,-1.0,-1.0,-1.0,1.0,0.0,0.0,0.0,-34.944959999999995,2.570862,-30.0063,-1.0,0.6772121,0.5089422,1.0,0.0,0.0,0.0,29.48285,3.927826,-28.18875,-1.0,0.6278108,0.4444228,-0.02801824,1.278023,-0.4593279999999999,0.01205286,-0.9970645,0.06472915,5.356237,6.497551,33.11
21,-1.0,-1.0,-1.0,1.0,0.0,0.0,0.0,-34.944959999999995,2.570862,-30.0063,-1.0,0.6772121,0.5089422,1.0,0.0,0.0,0.0,29.48285,3.927826,-28.18875,-1.0,0.6278108,0.4444228,-0.02801824,1.278023,-0.4593279999999999,0.01205286,-0.9970645,0.06472915,5.356237,6.497551,33.11
21,-1.0,-1.0,-1.0,0.9667556,0.0,0.0,0.0,-32.70143,0.7315674,-29.60173,-1.0,0.5889314999999999,0.6070681,0.1182297,0.0,0.0,0.0,32.798840000000006,1.329025,-24.6857,-1.0,0.4800835999999999,0.5166867,-0.01977968,1.277677,-0.4619179,0.01894609,-0.9975672,0.06693184,5.356237,6.497551,33.11
21,-1.0,-1.0,-1.0,0.9667556,0.0,0.0,0.0,-32.70143,0.7315674,-29.60173,-1.0,0.5889314999999999,0.6070681,0.1182297,0.0,0.0,0.0,32.798840000000006,1.329025,-24.6857,-1.0,0.4800835999999999,0.5166867,-0.01977968,1.277677,-0.4619179,0.01894609,-0.9975672,0.06693184,5.356237,6.497551,33.11
21,-1.0,-1.0,-1.0,0.9667556,0.0,0.0,0.0,-32.70143,0.7315674,-29.60173,-1.0,0.5889314999999999,0.6070681,0.1182297,0.0,0.0,0.0,32.798840000000006,1.329025,-24.6857,-1.0,0.4800835999999999,0.5166867,-0.01977968,1.277677,-0.4619179,0.01894609,-0.9975672,0.06693184,5.356237,6.497551,33.11
21,-1.0,-1.0,-1.0,0.7430198,0.0,0.0,0.0,-33.08138,0.3131866,-29.62759,-1.0,0.5667236,0.6858079,0.0,0.0,0.0,0.0,31.58376,1.378159,-27.88693,-1.0,0.5449691,0.5757158,-0.0115087,1.276054,-0.4629604999999999,-0.0255757,0.9962097,-0.07733797,5.356237,6.497551,33.11
21,-1.0,-1.0,-1.0,0.7430198,0.0,0.0,0.0,-33.08138,0.3131866,-29.62759,-1.0,0.5667236,0.6858079,0.0,0.0,0.0,0.0,31.58376,1.378159,-27.88693,-1.0,0.5449691,0.5757158,-0.0115087,1.276054,-0.4629604999999999,-0.0255757,0.9962097,-0.07733797,5.356237,6.497551,33.11
21,-1.0,-1.0,-1.0,0.7430198,0.0,0.0,0.0,-33.08138,0.3131866,-29.62759,-1.0,0.5667236,0.6858079,0.0,0.0,0.0,0.0,31.58376,1.378159,-27.88693,-1.0,0.5449691,0.5757158,-0.0115087,1.276054,-0.4629604999999999,-0.0255757,0.9962097,-0.07733797,5.356237,6.497551,33.11
21,-1.0,-1.0,-1.0,0.7430198,0.0,0.0,0.0,-33.08138,0.3131866,-29.62759,-1.0,0.5667236,0.6858079,0.0,0.0,0.0,0.0,31.58376,1.378159,-27.88693,-1.0,0.5449691,0.5757158,-0.002835035,1.274712,-0.4631234999999999,-0.02906273,0.993537,-0.08621906,5.356237,-23.19505,33.11
21,-1.0,-1.0,-1.0,0.7430198,0.0,0.0,0.0,-33.08138,0.3131866,-29.62759,-1.0,0.5667236,0.6858079,0.0,0.0,0.0,0.0,31.58376,1.378159,-27.88693,-1.0,0.5449691,0.5757158,-0.002835035,1.274712,-0.4631234999999999,-0.02906273,0.993537,-0.08621906,5.356237,-23.19505,33.11
21,-1.0,-1.0,-1.0,0.7430198,0.0,0.0,0.0,-33.08138,0.3131866,-29.62759,-1.0,0.5667236,0.6858079,0.0,0.0,0.0,0.0,31.58376,1.378159,-27.88693,-1.0,0.5449691,0.5757158,-0.002835035,1.274712,-0.4631234999999999,-0.02906273,0.993537,-0.08621906,5.356237,-23.19505,33.11
21,-1.0,-1.0,-1.0,0.4972428,0.0,0.0,0.0,-32.15453,0.4328156,-29.572940000000003,-1.0,0.5266392,0.6181956000000001,0.0,0.0,0.0,0.0,31.59018,1.327957,-27.86076,-1.0,0.5033149,0.6806459,0.004679918,1.273054,-0.4619263,-0.02903735,0.9899986,-0.09741258,5.356237,-23.19505,33.11
21,-1.0,-1.0,-1.0,0.4972428,0.0,0.0,0.0,-32.15453,0.4328156,-29.572940000000003,-1.0,0.5266392,0.6181956000000001,0.0,0.0,0.0,0.0,31.59018,1.327957,-27.86076,-1.0,0.5033149,0.6806459,0.004679918,1.273054,-0.4619263,-0.02903735,0.9899986,-0.09741258,5.356237,-23.19505,33.11
21,-1.0,-1.0,-1.0,0.4972428,0.0,0.0,0.0,-32.15453,0.4328156,-29.572940000000003,-1.0,0.5266392,0.6181956000000001,0.0,0.0,0.0,0.0,31.59018,1.327957,-27.86076,-1.0,0.5033149,0.6806459,0.004679918,1.273054,-0.4619263,-0.02903735,0.9899986,-0.09741258,5.356237,-23.19505,33.11
21,-1.0,-1.0,-1.0,0.4972428,0.0,0.0,0.0,-32.15453,0.4328156,-29.572940000000003,-1.0,0.5266392,0.6181956000000001,0.0,0.0,0.0,0.0,31.59018,1.327957,-27.86076,-1.0,0.5033149,0.6806459,0.01144433,1.269868,-0.4599977,-0.02477276,0.9852332,-0.1147333999999999,5.356237,-23.19505,33.11
21,-1.0,-1.0,-1.0,0.4972428,0.0,0.0,0.0,-32.15453,0.4328156,-29.572940000000003,-1.0,0.5266392,0.6181956000000001,0.0,0.0,0.0,0.0,31.59018,1.327957,-27.86076,-1.0,0.5033149,0.6806459,0.01144433,1.269868,-0.4599977,-0.02477276,0.9852332,-0.1147333999999999,5.356237,-23.19505,33.11
21,-1.0,-1.0,-1.0,0.4972428,0.0,0.0,0.0,-32.15453,0.4328156,-29.572940000000003,-1.0,0.5266392,0.6181956000000001,0.0,0.0,0.0,0.0,31.59018,1.327957,-27.86076,-1.0,0.5033149,0.6806459,0.01144433,1.269868,-0.4599977,-0.02477276,0.9852332,-0.1147333999999999,5.356237,-23.19505,33.11
21,-1.0,-1.0,-1.0,0.4588063,0.0,0.0,0.0,-32.242940000000004,1.205841,-29.71585,-1.0,0.5140536,0.5975045,0.0,0.0,0.0,0.0,32.649370000000005,2.128372,-27.0569,-1.0,0.4693245,0.5269078,0.01779866,1.267431,-0.4579927,-0.01706934,0.9803367,-0.1248802,5.356237,-23.19505,33.11
21,-1.0,-1.0,-1.0,0.4588063,0.0,0.0,0.0,-32.242940000000004,1.205841,-29.71585,-1.0,0.5140536,0.5975045,0.0,0.0,0.0,0.0,32.649370000000005,2.128372,-27.0569,-1.0,0.4693245,0.5269078,0.01779866,1.267431,-0.4579927,-0.01706934,0.9803367,-0.1248802,5.356237,-23.19505,33.11
21,-1.0,-1.0,-1.0,0.4588063,0.0,0.0,0.0,-32.242940000000004,1.205841,-29.71585,-1.0,0.5140536,0.5975045,0.0,0.0,0.0,0.0,32.649370000000005,2.128372,-27.0569,-1.0,0.4693245,0.5269078,0.01779866,1.267431,-0.4579927,-0.01706934,0.9803367,-0.1248802,5.356237,-23.19505,33.11
21,-1.0,-1.0,-1.0,1.0,0.0,0.0,0.0,-32.242940000000004,1.205841,-29.71585,-1.0,0.5140536,0.5975045,0.03891163,0.0,0.0,0.0,32.649370000000005,2.128372,-27.0569,-1.0,0.4693245,0.5269078,0.02369499,1.264628,-0.4553029999999999,-0.00991253,0.9751246,-0.137218,5.356237,-20.35648,33.11
21,-1.0,-1.0,-1.0,1.0,0.0,0.0,0.0,-32.242940000000004,1.205841,-29.71585,-1.0,0.5140536,0.5975045,0.03891163,0.0,0.0,0.0,32.649370000000005,2.128372,-27.0569,-1.0,0.4693245,0.5269078,0.02369499,1.264628,-0.4553029999999999,-0.00991253,0.9751246,-0.137218,5.356237,-20.35648,33.11
21,-1.0,-1.0,-1.0,1.0,0.0,0.0,0.0,-32.242940000000004,1.205841,-29.71585,-1.0,0.5140536,0.5975045,0.03891163,0.0,0.0,0.0,32.649370000000005,2.128372,-27.0569,-1.0,0.4693245,0.5269078,0.02369499,1.264628,-0.4553029999999999,-0.00991253,0.9751246,-0.137218,5.356237,-20.35648,33.11
21,-1.0,-1.0,-1.0,1.0,0.0,0.0,0.0,-32.242940000000004,1.205841,-29.71585,-1.0,0.5140536,0.5975045,0.03891163,0.0,0.0,0.0,32.649370000000005,2.128372,-27.0569,-1.0,0.4693245,0.5269078,0.03013396,1.260116,-0.4513722,0.0008970299,0.9668686,-0.1572005,5.356237,-20.35648,33.11
21,-1.0,-1.0,-1.0,1.0,0.0,0.0,0.0,-32.242940000000004,1.205841,-29.71585,-1.0,0.5140536,0.5975045,0.03891163,0.0,0.0,0.0,32.649370000000005,2.128372,-27.0569,-1.0,0.4693245,0.5269078,0.03013396,1.260116,-0.4513722,0.0008970299,0.9668686,-0.1572005,5.356237,-20.35648,33.11
21,-1.0,-1.0,-1.0,1.0,0.0,0.0,0.0,-32.242940000000004,1.205841,-29.71585,-1.0,0.5140536,0.5975045,0.03891163,0.0,0.0,0.0,32.649370000000005,2.128372,-27.0569,-1.0,0.4693245,0.5269078,0.03013396,1.260116,-0.4513722,0.0008970299,0.9668686,-0.1572005,5.356237,-20.35648,33.11
21,-1.0,-1.0,-1.0,1.0,0.0,0.0,0.0,-32.40305,1.527969,-30.5076,-1.0,0.5247036,0.5911896,0.128599,0.0,0.0,0.0,32.504090000000005,2.2019040000000003,-26.972140000000003,-1.0,0.4802326,0.5188773,0.03688765,1.25469,-0.4466085,0.01449967,0.9564019,-0.1797371,5.356237,-20.35648,33.11
21,-1.0,-1.0,-1.0,1.0,0.0,0.0,0.0,-32.40305,1.527969,-30.5076,-1.0,0.5247036,0.5911896,0.128599,0.0,0.0,0.0,32.504090000000005,2.2019040000000003,-26.972140000000003,-1.0,0.4802326,0.5188773,0.03688765,1.25469,-0.4466085,0.01449967,0.9564019,-0.1797371,5.356237,-20.35648,33.11
21,-1.0,-1.0,-1.0,1.0,0.0,0.0,0.0,-32.40305,1.527969,-30.5076,-1.0,0.5247036,0.5911896,0.128599,0.0,0.0,0.0,32.504090000000005,2.2019040000000003,-26.972140000000003,-1.0,0.4802326,0.5188773,0.03688765,1.25469,-0.4466085,0.01449967,0.9564019,-0.1797371,5.356237,-20.35648,33.11
21,-0.02915955,-0.1862335,0.9820709,1.0,-0.02964783,-0.186264,0.9820404,-32.77333,1.510818,-29.91405,2.976028,0.5543165,0.57693,0.5466964,0.1050567999999999,-0.1735687,0.979187,32.154340000000005,2.219452,-26.87935,3.1416470000000003,0.5048657999999999,0.5101022,0.04474139,1.247125,-0.4405447,0.03368234,0.9401948,-0.2104267,5.356237,-20.35648,33.11
21,-0.02915955,-0.1862335,0.9820709,1.0,-0.02964783,-0.186264,0.9820404,-32.77333,1.510818,-29.91405,2.976028,0.5543165,0.57693,0.5466964,0.1050567999999999,-0.1735687,0.979187,32.154340000000005,2.219452,-26.87935,3.1416470000000003,0.5048657999999999,0.5101022,0.04474139,1.247125,-0.4405447,0.03368234,0.9401948,-0.2104267,5.356237,-20.35648,33.11
21,-0.02915955,-0.1862335,0.9820709,1.0,-0.02964783,-0.186264,0.9820404,-32.77333,1.510818,-29.91405,2.976028,0.5543165,0.57693,0.5466964,0.1050567999999999,-0.1735687,0.979187,32.154340000000005,2.219452,-26.87935,3.1416470000000003,0.5048657999999999,0.5101022,0.04474139,1.247125,-0.4405447,0.03368234,0.9401948,-0.2104267,5.356237,-20.35648,33.11
21,-0.02915955,-0.1862335,0.9820709,1.0,-0.02964783,-0.186264,0.9820404,-32.77333,1.510818,-29.91405,2.976028,0.5543165,0.57693,0.5466964,0.1050567999999999,-0.1735687,0.979187,32.154340000000005,2.219452,-26.87935,3.1416470000000003,0.5048657999999999,0.5101022,0.05346107,1.236859,-0.4321935,0.05881243,0.9154096,-0.246991,5.356237,-20.35648,33.11
21,-0.02915955,-0.1862335,0.9820709,1.0,-0.02964783,-0.186264,0.9820404,-32.77333,1.510818,-29.91405,2.976028,0.5543165,0.57693,0.5466964,0.1050567999999999,-0.1735687,0.979187,32.154340000000005,2.219452,-26.87935,3.1416470000000003,0.5048657999999999,0.5101022,0.05346107,1.236859,-0.4321935,0.05881243,0.9154096,-0.246991,5.356237,-20.35648,33.11
21,-0.02915955,-0.1862335,0.9820709,1.0,-0.02964783,-0.186264,0.9820404,-32.77333,1.510818,-29.91405,2.976028,0.5543165,0.57693,0.5466964,0.1050567999999999,-0.1735687,0.979187,32.154340000000005,2.219452,-26.87935,3.1416470000000003,0.5048657999999999,0.5101022,0.05346107,1.236859,-0.4321935,0.05881243,0.9154096,-0.246991,5.356237,-20.35648,33.11
21,0.1076355,-0.2584991,0.9599915,1.0,0.1075438999999999,-0.2585449,0.9599915,-31.7688,0.7294921999999999,-29.73245,2.846466,0.5022212,0.6115921999999999,0.4128493,0.251297,-0.1802521,0.9509583,32.88103,1.4888,-27.72583,3.301025,0.4624010999999999,0.5427825,0.06113911,1.225888,-0.4223059,0.07233858,0.8899785,-0.2806431,5.356237,-20.35648,33.11
21,0.1076355,-0.2584991,0.9599915,1.0,0.1075438999999999,-0.2585449,0.9599915,-31.7688,0.7294921999999999,-29.73245,2.846466,0.5022212,0.6115921999999999,0.4128493,0.251297,-0.1802521,0.9509583,32.88103,1.4888,-27.72583,3.301025,0.4624010999999999,0.5427825,0.06113911,1.225888,-0.4223059,0.07233858,0.8899785,-0.2806431,5.356237,-20.35648,33.11
21,0.1076355,-0.2584991,0.9599915,1.0,0.1075438999999999,-0.2585449,0.9599915,-31.7688,0.7294921999999999,-29.73245,2.846466,0.5022212,0.6115921999999999,0.4128493,0.251297,-0.1802521,0.9509583,32.88103,1.4888,-27.72583,3.301025,0.4624010999999999,0.5427825,0.06113911,1.225888,-0.4223059,0.07233858,0.8899785,-0.2806431,5.356237,-20.35648,33.11
21,0.1532898,-0.2683563,0.9510345,1.0,0.1506195,-0.2687683,0.9513397,-32.06827,1.056107,-29.70934,2.957657,0.5074515,0.6017045,0.1202346,0.2873535,-0.2449951,0.9259491,32.52063,2.20903,-27.17592,3.215439,0.4704109999999999,0.5222393,0.06775999,1.218077,-0.4130127999999999,0.07660688,0.8689991,-0.3055092,5.356237,99.82774,33.11
21,0.1532898,-0.2683563,0.9510345,1.0,0.1506195,-0.2687683,0.9513397,-32.06827,1.056107,-29.70934,2.957657,0.5074515,0.6017045,0.1202346,0.2873535,-0.2449951,0.9259491,32.52063,2.20903,-27.17592,3.215439,0.4704109999999999,0.5222393,0.06775999,1.218077,-0.4130127999999999,0.07660688,0.8689991,-0.3055092,5.356237,99.82774,33.11
21,0.1532898,-0.2683563,0.9510345,1.0,0.1506195,-0.2687683,0.9513397,-32.06827,1.056107,-29.70934,2.957657,0.5074515,0.6017045,0.1202346,0.2873535,-0.2449951,0.9259491,32.52063,2.20903,-27.17592,3.215439,0.4704109999999999,0.5222393,0.06775999,1.218077,-0.4130127999999999,0.07660688,0.8689991,-0.3055092,5.356237,99.82774,33.11
21,0.1089935,-0.2158966,0.9703064,1.0,0.107193,-0.2156982,0.9705505,-32.15469,1.201385,-29.7966,3.050873,0.5160475,0.5903964,0.1234526,0.2336121,-0.2284087999999999,0.9451141,32.47263,2.0960080000000003,-27.420240000000003,3.2000580000000003,0.4785047,0.5258090999999999,0.07423687,1.2096209999999998,-0.4037132,0.09092239,0.8423398000000001,-0.3280995,5.356237,99.82774,33.11
21,0.1089935,-0.2158966,0.9703064,1.0,0.107193,-0.2156982,0.9705505,-32.15469,1.201385,-29.7966,3.050873,0.5160475,0.5903964,0.1234526,0.2336121,-0.2284087999999999,0.9451141,32.47263,2.0960080000000003,-27.420240000000003,3.2000580000000003,0.4785047,0.5258090999999999,0.07423687,1.2096209999999998,-0.4037132,0.09092239,0.8423398000000001,-0.3280995,5.356237,99.82774,33.11
21,0.1089935,-0.2158966,0.9703064,1.0,0.107193,-0.2156982,0.9705505,-32.15469,1.201385,-29.7966,3.050873,0.5160475,0.5903964,0.1234526,0.2336121,-0.2284087999999999,0.9451141,32.47263,2.0960080000000003,-27.420240000000003,3.2000580000000003,0.4785047,0.5258090999999999,0.07423687,1.2096209999999998,-0.4037132,0.09092239,0.8423398000000001,-0.3280995,5.356237,99.82774,33.11
21,0.1089935,-0.2158966,0.9703064,1.0,0.107193,-0.2156982,0.9705505,-32.15469,1.201385,-29.7966,3.050873,0.5160475,0.5903964,0.1234526,0.2336121,-0.2284087999999999,0.9451141,32.47263,2.0960080000000003,-27.420240000000003,3.2000580000000003,0.4785047,0.5258090999999999,0.07872105,1.200686,-0.3939349,0.1094685,0.8149765999999999,-0.3500360999999999,5.356237,99.82774,33.11
21,0.1089935,-0.2158966,0.9703064,1.0,0.107193,-0.2156982,0.9705505,-32.15469,1.201385,-29.7966,3.050873,0.5160475,0.5903964,0.1234526,0.2336121,-0.2284087999999999,0.9451141,32.47263,2.0960080000000003,-27.420240000000003,3.2000580000000003,0.4785047,0.5258090999999999,0.07872105,1.200686,-0.3939349,0.1094685,0.8149765999999999,-0.3500360999999999,5.356237,99.82774,33.11
21,0.1089935,-0.2158966,0.9703064,1.0,0.107193,-0.2156982,0.9705505,-32.15469,1.201385,-29.7966,3.050873,0.5160475,0.5903964,0.1234526,0.2336121,-0.2284087999999999,0.9451141,32.47263,2.0960080000000003,-27.420240000000003,3.2000580000000003,0.4785047,0.5258090999999999,0.07872105,1.200686,-0.3939349,0.1094685,0.8149765999999999,-0.3500360999999999,5.356237,99.82774,33.11
22,0.1089935,-0.2158966,0.9703064,1.0,0.107193,-0.2156982,0.9705505,-32.15469,1.201385,-29.7966,3.050873,0.5160475,0.5903964,0.1234526,0.2336121,-0.2284087999999999,0.9451141,32.47263,2.0960080000000003,-27.420240000000003,3.2000580000000003,0.4785047,0.5258090999999999,0.08032131,1.191989,-0.3849277,0.1210143,0.7928947,-0.3758474,5.356237,99.82774,33.11
22,0.1089935,-0.2158966,0.9703064,1.0,0.107193,-0.2156982,0.9705505,-32.15469,1.201385,-29.7966,3.050873,0.5160475,0.5903964,0.1234526,0.2336121,-0.2284087999999999,0.9451141,32.47263,2.0960080000000003,-27.420240000000003,3.2000580000000003,0.4785047,0.5258090999999999,0.08032131,1.191989,-0.3849277,0.1210143,0.7928947,-0.3758474,5.356237,99.82774,33.11
22,0.1089935,-0.2158966,0.9703064,1.0,0.107193,-0.2156982,0.9705505,-32.15469,1.201385,-29.7966,3.050873,0.5160475,0.5903964,0.1234526,0.2336121,-0.2284087999999999,0.9451141,32.47263,2.0960080000000003,-27.420240000000003,3.2000580000000003,0.4785047,0.5258090999999999,0.08032131,1.191989,-0.3849277,0.1210143,0.7928947,-0.3758474,5.356237,99.82774,33.11
22,-0.01399231,-0.1661072,0.9859924,1.0,-0.1377257999999999,-0.2126007,0.9673767,-33.46988,0.6707153,-29.94226,3.3780360000000003,0.5922464,0.6102528,0.2987843,-0.01399231,-0.1661072,0.9859924,30.87173,1.763062,-27.592440000000003,3.4603580000000003,0.5616087,0.5313055999999999,0.08216691,1.184597,-0.3774822,0.1312168,0.7743278,-0.3954473,5.356237,66.26685,33.11
22,-0.01399231,-0.1661072,0.9859924,1.0,-0.1377257999999999,-0.2126007,0.9673767,-33.46988,0.6707153,-29.94226,3.3780360000000003,0.5922464,0.6102528,0.2987843,-0.01399231,-0.1661072,0.9859924,30.87173,1.763062,-27.592440000000003,3.4603580000000003,0.5616087,0.5313055999999999,0.08216691,1.184597,-0.3774822,0.1312168,0.7743278,-0.3954473,5.356237,66.26685,33.11
22,-0.01399231,-0.1661072,0.9859924,1.0,-0.1377257999999999,-0.2126007,0.9673767,-33.46988,0.6707153,-29.94226,3.3780360000000003,0.5922464,0.6102528,0.2987843,-0.01399231,-0.1661072,0.9859924,30.87173,1.763062,-27.592440000000003,3.4603580000000003,0.5616087,0.5313055999999999,0.08216691,1.184597,-0.3774822,0.1312168,0.7743278,-0.3954473,5.356237,66.26685,33.11
22,-0.09519958,-0.2494048999999999,0.9636993,1.0,-0.2022095,-0.3387909,0.918869,-33.63358,0.6540526999999999,-29.94455,3.015411,0.606123,0.6279505,0.5169411,-0.09519958,-0.2494048999999999,0.9636993,30.66458,1.58902,-27.64781,3.476852,0.5781809,0.5484865,0.0839982,1.177929,-0.3720853,0.1429466,0.7601491,-0.409194,5.356237,66.26685,33.11
22,-0.09519958,-0.2494048999999999,0.9636993,1.0,-0.2022095,-0.3387909,0.918869,-33.63358,0.6540526999999999,-29.94455,3.015411,0.606123,0.6279505,0.5169411,-0.09519958,-0.2494048999999999,0.9636993,30.66458,1.58902,-27.64781,3.476852,0.5781809,0.5484865,0.0839982,1.177929,-0.3720853,0.1429466,0.7601491,-0.409194,5.356237,66.26685,33.11
22,-0.09519958,-0.2494048999999999,0.9636993,1.0,-0.2022095,-0.3387909,0.918869,-33.63358,0.6540526999999999,-29.94455,3.015411,0.606123,0.6279505,0.5169411,-0.09519958,-0.2494048999999999,0.9636993,30.66458,1.58902,-27.64781,3.476852,0.5781809,0.5484865,0.0839982,1.177929,-0.3720853,0.1429466,0.7601491,-0.409194,5.356237,66.26685,33.11
22,-0.09519958,-0.2494048999999999,0.9636993,1.0,-0.2022095,-0.3387909,0.918869,-33.63358,0.6540526999999999,-29.94455,3.015411,0.606123,0.6279505,0.5169411,-0.09519958,-0.2494048999999999,0.9636993,30.66458,1.58902,-27.64781,3.476852,0.5781809,0.5484865,0.08508921,1.171591,-0.3679553,0.1568079,0.7482532,-0.4205367,5.356237,66.26685,33.11
22,-0.09519958,-0.2494048999999999,0.9636993,1.0,-0.2022095,-0.3387909,0.918869,-33.63358,0.6540526999999999,-29.94455,3.015411,0.606123,0.6279505,0.5169411,-0.09519958,-0.2494048999999999,0.9636993,30.66458,1.58902,-27.64781,3.476852,0.5781809,0.5484865,0.08508921,1.171591,-0.3679553,0.1568079,0.7482532,-0.4205367,5.356237,66.26685,33.11
22,-0.09519958,-0.2494048999999999,0.9636993,1.0,-0.2022095,-0.3387909,0.918869,-33.63358,0.6540526999999999,-29.94455,3.015411,0.606123,0.6279505,0.5169411,-0.09519958,-0.2494048999999999,0.9636993,30.66458,1.58902,-27.64781,3.476852,0.5781809,0.5484865,0.08508921,1.171591,-0.3679553,0.1568079,0.7482532,-0.4205367,5.356237,66.26685,33.11
22,-0.245163,-0.3084412,0.9190979,1.0,-0.3067169,-0.3292542,0.8930206,-34.17624,0.6832123000000001,-30.07695,3.051941,0.6388526999999999,0.6281365,1.0,-0.1911774,-0.2893065999999999,0.9379425,30.31395,1.645142,-27.75592,3.48761,0.6014622,0.5535602,0.08629107,1.1659540000000002,-0.3649600999999999,0.1666348,0.7405815,-0.4323392,5.356237,66.26685,33.11
22,-0.245163,-0.3084412,0.9190979,1.0,-0.3067169,-0.3292542,0.8930206,-34.17624,0.6832123000000001,-30.07695,3.051941,0.6388526999999999,0.6281365,1.0,-0.1911774,-0.2893065999999999,0.9379425,30.31395,1.645142,-27.75592,3.48761,0.6014622,0.5535602,0.08629107,1.1659540000000002,-0.3649600999999999,0.1666348,0.7405815,-0.4323392,5.356237,66.26685,33.11
22,-0.245163,-0.3084412,0.9190979,1.0,-0.3067169,-0.3292542,0.8930206,-34.17624,0.6832123000000001,-30.07695,3.051941,0.6388526999999999,0.6281365,1.0,-0.1911774,-0.2893065999999999,0.9379425,30.31395,1.645142,-27.75592,3.48761,0.6014622,0.5535602,0.08629107,1.1659540000000002,-0.3649600999999999,0.1666348,0.7405815,-0.4323392,5.356237,66.26685,33.11
22,-0.2289581,-0.295639,0.9274445,1.0,-0.2917022999999999,-0.3130950999999999,0.9037933,-34.22487,0.883316,-30.02077,2.746063,0.6383339,0.6181976,1.0,-0.1679382,-0.2776184,0.9458923,30.22417,2.020416,-27.5791,3.4791870000000005,0.6016358,0.5376857,0.08809209,1.160346,-0.3632626,0.1777568,0.7369698,-0.440317,5.356237,66.26685,33.11
22,-0.2289581,-0.295639,0.9274445,1.0,-0.2917022999999999,-0.3130950999999999,0.9037933,-34.22487,0.883316,-30.02077,2.746063,0.6383339,0.6181976,1.0,-0.1679382,-0.2776184,0.9458923,30.22417,2.020416,-27.5791,3.4791870000000005,0.6016358,0.5376857,0.08809209,1.160346,-0.3632626,0.1777568,0.7369698,-0.440317,5.356237,66.26685,33.11
22,-0.2289581,-0.295639,0.9274445,1.0,-0.2917022999999999,-0.3130950999999999,0.9037933,-34.22487,0.883316,-30.02077,2.746063,0.6383339,0.6181976,1.0,-0.1679382,-0.2776184,0.9458923,30.22417,2.020416,-27.5791,3.4791870000000005,0.6016358,0.5376857,0.08809209,1.160346,-0.3632626,0.1777568,0.7369698,-0.440317,5.356237,66.26685,33.11
22,-0.2289581,-0.295639,0.9274445,1.0,-0.2917022999999999,-0.3130950999999999,0.9037933,-34.22487,0.883316,-30.02077,2.746063,0.6383339,0.6181976,1.0,-0.1679382,-0.2776184,0.9458923,30.22417,2.020416,-27.5791,3.4791870000000005,0.6016358,0.5376857,0.09028625,1.154114,-0.3619294,0.1929912999999999,0.7330936,-0.4449566,5.356237,66.26685,33.11
22,-0.2289581,-0.295639,0.9274445,1.0,-0.2917022999999999,-0.3130950999999999,0.9037933,-34.22487,0.883316,-30.02077,2.746063,0.6383339,0.6181976,1.0,-0.1679382,-0.2776184,0.9458923,30.22417,2.020416,-27.5791,3.4791870000000005,0.6016358,0.5376857,0.09028625,1.154114,-0.3619294,0.1929912999999999,0.7330936,-0.4449566,5.356237,66.26685,33.11
22,-0.2289581,-0.295639,0.9274445,1.0,-0.2917022999999999,-0.3130950999999999,0.9037933,-34.22487,0.883316,-30.02077,2.746063,0.6383339,0.6181976,1.0,-0.1679382,-0.2776184,0.9458923,30.22417,2.020416,-27.5791,3.4791870000000005,0.6016358,0.5376857,0.09028625,1.154114,-0.3619294,0.1929912999999999,0.7330936,-0.4449566,5.356237,66.26685,33.11
22,-0.2289581,-0.295639,0.9274445,1.0,-0.2917022999999999,-0.3130950999999999,0.9037933,-34.22487,0.883316,-30.02077,2.746063,0.6383339,0.6181976,1.0,-0.1679382,-0.2776184,0.9458923,30.22417,2.020416,-27.5791,3.4791870000000005,0.6016358,0.5376857,0.09197593,1.148248,-0.3601862,0.2105546,0.7262510999999999,-0.4510364,5.356237,28.79144,33.11
22,-0.2289581,-0.295639,0.9274445,1.0,-0.2917022999999999,-0.3130950999999999,0.9037933,-34.22487,0.883316,-30.02077,2.746063,0.6383339,0.6181976,1.0,-0.1679382,-0.2776184,0.9458923,30.22417,2.020416,-27.5791,3.4791870000000005,0.6016358,0.5376857,0.09197593,1.148248,-0.3601862,0.2105546,0.7262510999999999,-0.4510364,5.356237,28.79144,33.11
22,-0.2289581,-0.295639,0.9274445,1.0,-0.2917022999999999,-0.3130950999999999,0.9037933,-34.22487,0.883316,-30.02077,2.746063,0.6383339,0.6181976,1.0,-0.1679382,-0.2776184,0.9458923,30.22417,2.020416,-27.5791,3.4791870000000005,0.6016358,0.5376857,0.09197593,1.148248,-0.3601862,0.2105546,0.7262510999999999,-0.4510364,5.356237,28.79144,33.11
22,-0.1995849999999999,-0.3638152999999999,0.9098206,1.0,-0.208252,-0.3678284,0.9062653,-33.28433,0.2129211,-30.03615,3.035568,0.5949129,0.6482631999999999,1.0,-0.100708,-0.3160553,0.9433746,31.1311,0.8316344999999999,-27.85876,3.547272,0.5630417,0.5843341,0.09399652,1.142654,-0.3581101,0.2246514999999999,0.7184869,-0.4590681,5.326765,28.79144,33.11
22,-0.1995849999999999,-0.3638152999999999,0.9098206,1.0,-0.208252,-0.3678284,0.9062653,-33.28433,0.2129211,-30.03615,3.035568,0.5949129,0.6482631999999999,1.0,-0.100708,-0.3160553,0.9433746,31.1311,0.8316344999999999,-27.85876,3.547272,0.5630417,0.5843341,0.09399652,1.142654,-0.3581101,0.2246514999999999,0.7184869,-0.4590681,5.326765,28.79144,33.11
22,-0.1995849999999999,-0.3638152999999999,0.9098206,1.0,-0.208252,-0.3678284,0.9062653,-33.28433,0.2129211,-30.03615,3.035568,0.5949129,0.6482631999999999,1.0,-0.100708,-0.3160553,0.9433746,31.1311,0.8316344999999999,-27.85876,3.547272,0.5630417,0.5843341,0.09399652,1.142654,-0.3581101,0.2246514999999999,0.7184869,-0.4590681,5.326765,28.79144,33.11
22,-0.1995849999999999,-0.3638152999999999,0.9098206,1.0,-0.208252,-0.3678284,0.9062653,-33.28433,0.2129211,-30.03615,3.035568,0.5949129,0.6482631999999999,1.0,-0.100708,-0.3160553,0.9433746,31.1311,0.8316344999999999,-27.85876,3.547272,0.5630417,0.5843341,0.09692788,1.137641,-0.3565249,0.2335411,0.7144109000000001,-0.4646619,5.326765,28.79144,33.11
22,-0.1995849999999999,-0.3638152999999999,0.9098206,1.0,-0.208252,-0.3678284,0.9062653,-33.28433,0.2129211,-30.03615,3.035568,0.5949129,0.6482631999999999,1.0,-0.100708,-0.3160553,0.9433746,31.1311,0.8316344999999999,-27.85876,3.547272,0.5630417,0.5843341,0.09692788,1.137641,-0.3565249,0.2335411,0.7144109000000001,-0.4646619,5.326765,28.79144,33.11
22,-0.1995849999999999,-0.3638152999999999,0.9098206,1.0,-0.208252,-0.3678284,0.9062653,-33.28433,0.2129211,-30.03615,3.035568,0.5949129,0.6482631999999999,1.0,-0.100708,-0.3160553,0.9433746,31.1311,0.8316344999999999,-27.85876,3.547272,0.5630417,0.5843341,0.09692788,1.137641,-0.3565249,0.2335411,0.7144109000000001,-0.4646619,5.326765,28.79144,33.11
22,-0.2087554999999999,-0.3429107999999999,0.915863,1.0,-0.2271576,-0.3535309,0.9074097,-33.30133,0.3283997,-30.00708,3.226852,0.5979187,0.6420943,1.0,-0.122467,-0.291626,0.9486542,31.30278,1.034424,-27.76878,3.59581,0.5597433,0.5736308000000001,0.09966993,1.133319,-0.3548819,0.2417273999999999,0.709922,-0.4695646,5.326765,28.79144,33.11
22,-0.2087554999999999,-0.3429107999999999,0.915863,1.0,-0.2271576,-0.3535309,0.9074097,-33.30133,0.3283997,-30.00708,3.226852,0.5979187,0.6420943,1.0,-0.122467,-0.291626,0.9486542,31.30278,1.034424,-27.76878,3.59581,0.5597433,0.5736308000000001,0.09966993,1.133319,-0.3548819,0.2417273999999999,0.709922,-0.4695646,5.326765,28.79144,33.11
22,-0.2087554999999999,-0.3429107999999999,0.915863,1.0,-0.2271576,-0.3535309,0.9074097,-33.30133,0.3283997,-30.00708,3.226852,0.5979187,0.6420943,1.0,-0.122467,-0.291626,0.9486542,31.30278,1.034424,-27.76878,3.59581,0.5597433,0.5736308000000001,0.09966993,1.133319,-0.3548819,0.2417273999999999,0.709922,-0.4695646,5.326765,28.79144,33.11
22,-0.1145325,-0.2452393,0.9626617,1.0,-0.180481,-0.2693634,0.9459686,-33.32829,0.5210876,-29.93893,3.312027,0.5927127,0.6229899999999999,1.0,-0.03453064,-0.2145691,0.9760895,31.41858,1.1882629999999998,-27.65891,3.641052,0.5453986999999999,0.5571455,0.1025147,1.129826,-0.3531533,0.2490221,0.7046861,-0.4744912999999999,5.326765,28.79144,33.11
22,-0.1145325,-0.2452393,0.9626617,1.0,-0.180481,-0.2693634,0.9459686,-33.32829,0.5210876,-29.93893,3.312027,0.5927127,0.6229899999999999,1.0,-0.03453064,-0.2145691,0.9760895,31.41858,1.1882629999999998,-27.65891,3.641052,0.5453986999999999,0.5571455,0.1025147,1.129826,-0.3531533,0.2490221,0.7046861,-0.4744912999999999,5.326765,28.79144,33.11
22,-0.1145325,-0.2452393,0.9626617,1.0,-0.180481,-0.2693634,0.9459686,-33.32829,0.5210876,-29.93893,3.312027,0.5927127,0.6229899999999999,1.0,-0.03453064,-0.2145691,0.9760895,31.41858,1.1882629999999998,-27.65891,3.641052,0.5453986999999999,0.5571455,0.1025147,1.129826,-0.3531533,0.2490221,0.7046861,-0.4744912999999999,5.326765,28.79144,33.11
22,-0.1018982,-0.2384796,0.9657745,1.0,-0.1852263999999999,-0.2526093,0.9496613000000002,-33.34291,0.5616302,-29.92809,3.330963,0.5937802,0.6193099,1.0,-0.03944397,-0.2268372,0.9731293,31.41365,1.2893370000000002,-27.64128,3.686295,0.5461071,0.5551578,0.1055198,1.126944,-0.351755,0.2536972,0.7013851,-0.4784167,5.326765,-88.58949,33.13
22,-0.1018982,-0.2384796,0.9657745,1.0,-0.1852263999999999,-0.2526093,0.9496613000000002,-33.34291,0.5616302,-29.92809,3.330963,0.5937802,0.6193099,1.0,-0.03944397,-0.2268372,0.9731293,31.41365,1.2893370000000002,-27.64128,3.686295,0.5461071,0.5551578,0.1055198,1.126944,-0.351755,0.2536972,0.7013851,-0.4784167,5.326765,-88.58949,33.13
22,-0.1018982,-0.2384796,0.9657745,1.0,-0.1852263999999999,-0.2526093,0.9496613000000002,-33.34291,0.5616302,-29.92809,3.330963,0.5937802,0.6193099,1.0,-0.03944397,-0.2268372,0.9731293,31.41365,1.2893370000000002,-27.64128,3.686295,0.5461071,0.5551578,0.1055198,1.126944,-0.351755,0.2536972,0.7013851,-0.4784167,5.326765,-88.58949,33.13
22,-0.09521484,-0.2347412,0.9673767,1.0,-0.1690979,-0.2492828,0.953537,-33.36195,0.5765991,-29.9174,3.3518830000000004,0.592417,0.6181587,1.0,-0.04241943,-0.2235718,0.9737549,31.41364,1.32579,-27.63051,3.752213,0.5463904,0.5534647,0.1085646,1.124808,-0.3504105,0.2579226,0.6990658000000001,-0.481489,5.326765,-88.58949,33.13
22,-0.09521484,-0.2347412,0.9673767,1.0,-0.1690979,-0.2492828,0.953537,-33.36195,0.5765991,-29.9174,3.3518830000000004,0.592417,0.6181587,1.0,-0.04241943,-0.2235718,0.9737549,31.41364,1.32579,-27.63051,3.752213,0.5463904,0.5534647,0.1085646,1.124808,-0.3504105,0.2579226,0.6990658000000001,-0.481489,5.326765,-88.58949,33.13
22,-0.09521484,-0.2347412,0.9673767,1.0,-0.1690979,-0.2492828,0.953537,-33.36195,0.5765991,-29.9174,3.3518830000000004,0.592417,0.6181587,1.0,-0.04241943,-0.2235718,0.9737549,31.41364,1.32579,-27.63051,3.752213,0.5463904,0.5534647,0.1085646,1.124808,-0.3504105,0.2579226,0.6990658000000001,-0.481489,5.326765,-88.58949,33.13
22,-0.09521484,-0.2347412,0.9673767,1.0,-0.1690979,-0.2492828,0.953537,-33.36195,0.5765991,-29.9174,3.3518830000000004,0.592417,0.6181587,1.0,-0.04241943,-0.2235718,0.9737549,31.41364,1.32579,-27.63051,3.752213,0.5463904,0.5534647,0.1113346,1.123038,-0.3493027,0.2621326,0.697245,-0.4828582,5.326765,-88.58949,33.13
22,-0.09521484,-0.2347412,0.9673767,1.0,-0.1690979,-0.2492828,0.953537,-33.36195,0.5765991,-29.9174,3.3518830000000004,0.592417,0.6181587,1.0,-0.04241943,-0.2235718,0.9737549,31.41364,1.32579,-27.63051,3.752213,0.5463904,0.5534647,0.1113346,1.123038,-0.3493027,0.2621326,0.697245,-0.4828582,5.326765,-88.58949,33.13
22,-0.09521484,-0.2347412,0.9673767,1.0,-0.1690979,-0.2492828,0.953537,-33.36195,0.5765991,-29.9174,3.3518830000000004,0.592417,0.6181587,1.0,-0.04241943,-0.2235718,0.9737549,31.41364,1.32579,-27.63051,3.752213,0.5463904,0.5534647,0.1113346,1.123038,-0.3493027,0.2621326,0.697245,-0.4828582,5.326765,-88.58949,33.13
22,-0.09527588,-0.2306824,0.968338,1.0,-0.1769867,-0.2510986,0.9516296,-33.37721,0.5785828000000001,-29.92039,3.302124,0.5939153,0.6183916,1.0,-0.040802,-0.2162323,0.9754791,31.41063,1.3267209999999998,-27.63016,3.668091,0.5463904,0.5524859000000001,0.1140978,1.121532,-0.3485122,0.2661059,0.6957996,-0.4837739,5.326765,-88.58949,33.13
22,-0.09527588,-0.2306824,0.968338,1.0,-0.1769867,-0.2510986,0.9516296,-33.37721,0.5785828000000001,-29.92039,3.302124,0.5939153,0.6183916,1.0,-0.040802,-0.2162323,0.9754791,31.41063,1.3267209999999998,-27.63016,3.668091,0.5463904,0.5524859000000001,0.1140978,1.121532,-0.3485122,0.2661059,0.6957996,-0.4837739,5.326765,-88.58949,33.13
22,-0.09527588,-0.2306824,0.968338,1.0,-0.1769867,-0.2510986,0.9516296,-33.37721,0.5785828000000001,-29.92039,3.302124,0.5939153,0.6183916,1.0,-0.040802,-0.2162323,0.9754791,31.41063,1.3267209999999998,-27.63016,3.668091,0.5463904,0.5524859000000001,0.1140978,1.121532,-0.3485122,0.2661059,0.6957996,-0.4837739,5.326765,-88.58949,33.13
22,-0.09356689,-0.1972504,0.9758759,1.0,-0.17099,-0.2193146,0.9605408,-33.39915,0.5825195,-29.92316,3.338318,0.5938944,0.6141303000000001,1.0,-0.04751587,-0.1835937999999999,0.981842,31.421540000000004,1.30336,-27.64285,3.755493,0.5467156,0.5494161,0.1163154,1.120039,-0.3477572,0.2704675,0.6943363,-0.4848721,5.326765,-88.58949,33.13
22,-0.09356689,-0.1972504,0.9758759,1.0,-0.17099,-0.2193146,0.9605408,-33.39915,0.5825195,-29.92316,3.338318,0.5938944,0.6141303000000001,1.0,-0.04751587,-0.1835937999999999,0.981842,31.421540000000004,1.30336,-27.64285,3.755493,0.5467156,0.5494161,0.1163154,1.120039,-0.3477572,0.2704675,0.6943363,-0.4848721,5.326765,-88.58949,33.13
22,-0.09356689,-0.1972504,0.9758759,1.0,-0.17099,-0.2193146,0.9605408,-33.39915,0.5825195,-29.92316,3.338318,0.5938944,0.6141303000000001,1.0,-0.04751587,-0.1835937999999999,0.981842,31.421540000000004,1.30336,-27.64285,3.755493,0.5467156,0.5494161,0.1163154,1.120039,-0.3477572,0.2704675,0.6943363,-0.4848721,5.326765,-88.58949,33.13
22,-0.09356689,-0.1972504,0.9758759,1.0,-0.17099,-0.2193146,0.9605408,-33.39915,0.5825195,-29.92316,3.338318,0.5938944,0.6141303000000001,1.0,-0.04751587,-0.1835937999999999,0.981842,31.421540000000004,1.30336,-27.64285,3.755493,0.5467156,0.5494161,0.1182704,1.118268,-0.347728,0.2736974,0.6940957,-0.4860494999999999,5.326765,-88.58949,33.13
22,-0.09356689,-0.1972504,0.9758759,1.0,-0.17099,-0.2193146,0.9605408,-33.39915,0.5825195,-29.92316,3.338318,0.5938944,0.6141303000000001,1.0,-0.04751587,-0.1835937999999999,0.981842,31.421540000000004,1.30336,-27.64285,3.755493,0.5467156,0.5494161,0.1182704,1.118268,-0.347728,0.2736974,0.6940957,-0.4860494999999999,5.326765,-88.58949,33.13
22,-0.09356689,-0.1972504,0.9758759,1.0,-0.17099,-0.2193146,0.9605408,-33.39915,0.5825195,-29.92316,3.338318,0.5938944,0.6141303000000001,1.0,-0.04751587,-0.1835937999999999,0.981842,31.421540000000004,1.30336,-27.64285,3.755493,0.5467156,0.5494161,0.1182704,1.118268,-0.347728,0.2736974,0.6940957,-0.4860494999999999,5.326765,-88.58949,33.13
22,-0.09257507,-0.1952515,0.9763641,1.0,-0.1667786,-0.2240295,0.9601898,-33.41089,0.5595245,-29.92746,3.3149260000000003,0.593779,0.6155602,1.0,-0.04737854,-0.1772156,0.983017,31.42357,1.282547,-27.65121,3.739319,0.5466475000000001,0.5493956,0.1194048,1.116624,-0.3488075999999999,0.2755687,0.6954197,-0.4883009,5.326765,-68.98436,33.13
22,-0.09257507,-0.1952515,0.9763641,1.0,-0.1667786,-0.2240295,0.9601898,-33.41089,0.5595245,-29.92746,3.3149260000000003,0.593779,0.6155602,1.0,-0.04737854,-0.1772156,0.983017,31.42357,1.282547,-27.65121,3.739319,0.5466475000000001,0.5493956,0.1194048,1.116624,-0.3488075999999999,0.2755687,0.6954197,-0.4883009,5.326765,-68.98436,33.13
22,-0.09257507,-0.1952515,0.9763641,1.0,-0.1667786,-0.2240295,0.9601898,-33.41089,0.5595245,-29.92746,3.3149260000000003,0.593779,0.6155602,1.0,-0.04737854,-0.1772156,0.983017,31.42357,1.282547,-27.65121,3.739319,0.5466475000000001,0.5493956,0.1194048,1.116624,-0.3488075999999999,0.2755687,0.6954197,-0.4883009,5.326765,-68.98436,33.13
22,-0.09172058,-0.1913605,0.9772186,1.0,-0.1659241,-0.2171783,0.9619141,-33.44041,0.532196,-29.93901,3.206985,0.5946414000000001,0.6156921999999999,1.0,-0.046875,-0.1752472,0.9833984,31.42328,1.275513,-27.65398,3.756287,0.5465795,0.5494161,0.1196579999999999,1.114778,-0.3548679,0.2725402999999999,0.7020518,-0.4949325,5.326765,-68.98436,33.13
22,-0.09172058,-0.1913605,0.9772186,1.0,-0.1659241,-0.2171783,0.9619141,-33.44041,0.532196,-29.93901,3.206985,0.5946414000000001,0.6156921999999999,1.0,-0.046875,-0.1752472,0.9833984,31.42328,1.275513,-27.65398,3.756287,0.5465795,0.5494161,0.1196579999999999,1.114778,-0.3548679,0.2725402999999999,0.7020518,-0.4949325,5.326765,-68.98436,33.13
22,-0.09172058,-0.1913605,0.9772186,1.0,-0.1659241,-0.2171783,0.9619141,-33.44041,0.532196,-29.93901,3.206985,0.5946414000000001,0.6156921999999999,1.0,-0.046875,-0.1752472,0.9833984,31.42328,1.275513,-27.65398,3.756287,0.5465795,0.5494161,0.1196579999999999,1.114778,-0.3548679,0.2725402999999999,0.7020518,-0.4949325,5.326765,-68.98436,33.13
22,-0.09172058,-0.1913605,0.9772186,1.0,-0.1659241,-0.2171783,0.9619141,-33.44041,0.532196,-29.93901,3.206985,0.5946414000000001,0.6156921999999999,1.0,-0.046875,-0.1752472,0.9833984,31.42328,1.275513,-27.65398,3.756287,0.5465795,0.5494161,0.1196579999999999,1.114778,-0.3548679,0.2725402999999999,0.7020518,-0.4949325,5.326765,-68.98436,33.13
22,-0.09172058,-0.1913605,0.9772186,1.0,-0.1659241,-0.2171783,0.9619141,-33.44041,0.532196,-29.93901,3.206985,0.5946414000000001,0.6156921999999999,1.0,-0.046875,-0.1752472,0.9833984,31.42328,1.275513,-27.65398,3.756287,0.5465795,0.5494161,0.1196579999999999,1.114778,-0.3548679,0.2725402999999999,0.7020518,-0.4949325,5.326765,-68.98436,33.13
22,-0.09172058,-0.1913605,0.9772186,1.0,-0.1659241,-0.2171783,0.9619141,-33.44041,0.532196,-29.93901,3.206985,0.5946414000000001,0.6156921999999999,1.0,-0.046875,-0.1752472,0.9833984,31.42328,1.275513,-27.65398,3.756287,0.5465795,0.5494161,0.1196579999999999,1.114778,-0.3548679,0.2725402999999999,0.7020518,-0.4949325,5.326765,-68.98436,33.13
22,-0.09172058,-0.1913605,0.9772186,1.0,-0.1659241,-0.2171783,0.9619141,-33.44041,0.532196,-29.93901,3.206985,0.5946414000000001,0.6156921999999999,1.0,-0.046875,-0.1752472,0.9833984,31.42328,1.275513,-27.65398,3.756287,0.5465795,0.5494161,0.1189325,1.114254,-0.3609757,0.2684164,0.7087544,-0.4953918,5.326765,-68.98436,33.13
22,-0.09172058,-0.1913605,0.9772186,1.0,-0.1659241,-0.2171783,0.9619141,-33.44041,0.532196,-29.93901,3.206985,0.5946414000000001,0.6156921999999999,1.0,-0.046875,-0.1752472,0.9833984,31.42328,1.275513,-27.65398,3.756287,0.5465795,0.5494161,0.1189325,1.114254,-0.3609757,0.2684164,0.7087544,-0.4953918,5.326765,-68.98436,33.13
22,-0.09172058,-0.1913605,0.9772186,1.0,-0.1659241,-0.2171783,0.9619141,-33.44041,0.532196,-29.93901,3.206985,0.5946414000000001,0.6156921999999999,1.0,-0.046875,-0.1752472,0.9833984,31.42328,1.275513,-27.65398,3.756287,0.5465795,0.5494161,0.1189325,1.114254,-0.3609757,0.2684164,0.7087544,-0.4953918,5.326765,-68.98436,33.13
22,-0.2927094,-0.1171416999999999,0.9489899,1.0,-0.4340819999999999,-0.1092682,0.8942108,-34.86403,0.6101837,-30.38489,3.5140230000000003,0.6800584,0.6067672,1.0,-0.2646179,-0.1183472,0.9570465,29.90012,1.401642,-28.01854,3.461288,0.6243854,0.5434536,0.1177335,1.114203,-0.3696615,0.265812,0.7203797,-0.4912983,5.326765,-68.98436,33.13
22,-0.2927094,-0.1171416999999999,0.9489899,1.0,-0.4340819999999999,-0.1092682,0.8942108,-34.86403,0.6101837,-30.38489,3.5140230000000003,0.6800584,0.6067672,1.0,-0.2646179,-0.1183472,0.9570465,29.90012,1.401642,-28.01854,3.461288,0.6243854,0.5434536,0.1177335,1.114203,-0.3696615,0.265812,0.7203797,-0.4912983,5.326765,-68.98436,33.13
22,-0.2927094,-0.1171416999999999,0.9489899,1.0,-0.4340819999999999,-0.1092682,0.8942108,-34.86403,0.6101837,-30.38489,3.5140230000000003,0.6800584,0.6067672,1.0,-0.2646179,-0.1183472,0.9570465,29.90012,1.401642,-28.01854,3.461288,0.6243854,0.5434536,0.1177335,1.114203,-0.3696615,0.265812,0.7203797,-0.4912983,5.326765,-68.98436,33.13
22,-0.3345795,-0.07975769,0.9389801,1.0,-0.4087677,-0.09780884,0.9073792,-34.98735,0.4003143,-30.4399,3.4544980000000005,0.6812471999999999,0.6128435999999999,1.0,-0.2633514,-0.06243896,0.9626617,29.73491,1.39476,-28.04672,3.897446,0.6292066,0.537379,0.1146273999999999,1.114176,-0.379564,0.2631823,0.7343698000000001,-0.490192,5.326765,135.252,33.13
22,-0.3345795,-0.07975769,0.9389801,1.0,-0.4087677,-0.09780884,0.9073792,-34.98735,0.4003143,-30.4399,3.4544980000000005,0.6812471999999999,0.6128435999999999,1.0,-0.2633514,-0.06243896,0.9626617,29.73491,1.39476,-28.04672,3.897446,0.6292066,0.537379,0.1146273999999999,1.114176,-0.379564,0.2631823,0.7343698000000001,-0.490192,5.326765,135.252,33.13
22,-0.3345795,-0.07975769,0.9389801,1.0,-0.4087677,-0.09780884,0.9073792,-34.98735,0.4003143,-30.4399,3.4544980000000005,0.6812471999999999,0.6128435999999999,1.0,-0.2633514,-0.06243896,0.9626617,29.73491,1.39476,-28.04672,3.897446,0.6292066,0.537379,0.1146273999999999,1.114176,-0.379564,0.2631823,0.7343698000000001,-0.490192,5.326765,135.252,33.13
22,-0.2895203,-0.1120453,0.9505768,1.0,-0.3905334,-0.07771301,0.9172974,-34.86958,0.234726,-30.432740000000003,3.543167,0.6746075,0.6158314,1.0,-0.2044373,-0.1390076,0.9689484,29.85199,1.243622,-27.990920000000003,3.257248,0.6190760000000001,0.5503712,0.109972,1.113674,-0.389844,0.2593728,0.7472765,-0.4926726999999999,5.326765,135.252,33.13
22,-0.2895203,-0.1120453,0.9505768,1.0,-0.3905334,-0.07771301,0.9172974,-34.86958,0.234726,-30.432740000000003,3.543167,0.6746075,0.6158314,1.0,-0.2044373,-0.1390076,0.9689484,29.85199,1.243622,-27.990920000000003,3.257248,0.6190760000000001,0.5503712,0.109972,1.113674,-0.389844,0.2593728,0.7472765,-0.4926726999999999,5.326765,135.252,33.13
22,-0.2895203,-0.1120453,0.9505768,1.0,-0.3905334,-0.07771301,0.9172974,-34.86958,0.234726,-30.432740000000003,3.543167,0.6746075,0.6158314,1.0,-0.2044373,-0.1390076,0.9689484,29.85199,1.243622,-27.990920000000003,3.257248,0.6190760000000001,0.5503712,0.109972,1.113674,-0.389844,0.2593728,0.7472765,-0.4926726999999999,5.326765,135.252,33.13
22,-0.2895203,-0.1120453,0.9505768,1.0,-0.3905334,-0.07771301,0.9172974,-34.86958,0.234726,-30.432740000000003,3.543167,0.6746075,0.6158314,1.0,-0.2044373,-0.1390076,0.9689484,29.85199,1.243622,-27.990920000000003,3.257248,0.6190760000000001,0.5503712,0.1047559,1.112935,-0.4005732999999999,0.2561655,0.7585188,-0.4948496,5.326765,135.252,33.13
22,-0.2895203,-0.1120453,0.9505768,1.0,-0.3905334,-0.07771301,0.9172974,-34.86958,0.234726,-30.432740000000003,3.543167,0.6746075,0.6158314,1.0,-0.2044373,-0.1390076,0.9689484,29.85199,1.243622,-27.990920000000003,3.257248,0.6190760000000001,0.5503712,0.1047559,1.112935,-0.4005732999999999,0.2561655,0.7585188,-0.4948496,5.326765,135.252,33.13
22,-0.2895203,-0.1120453,0.9505768,1.0,-0.3905334,-0.07771301,0.9172974,-34.86958,0.234726,-30.432740000000003,3.543167,0.6746075,0.6158314,1.0,-0.2044373,-0.1390076,0.9689484,29.85199,1.243622,-27.990920000000003,3.257248,0.6190760000000001,0.5503712,0.1047559,1.112935,-0.4005732999999999,0.2561655,0.7585188,-0.4948496,5.326765,135.252,33.13
22,-0.2979125999999999,-0.08369446,0.9508972,1.0,-0.3795929,-0.1065216,0.9189911,-34.83719,0.1967773,-30.41148,3.3450010000000003,0.6719998,0.6203028,1.0,-0.2397308,-0.06744385,0.9684906,29.8855,1.197021,-28.03441,3.832672,0.6213514,0.5442179,0.09919977,1.112219,-0.4112795,0.2507179,0.7696937,-0.4968612,5.326765,135.252,33.13
22,-0.2979125999999999,-0.08369446,0.9508972,1.0,-0.3795929,-0.1065216,0.9189911,-34.83719,0.1967773,-30.41148,3.3450010000000003,0.6719998,0.6203028,1.0,-0.2397308,-0.06744385,0.9684906,29.8855,1.197021,-28.03441,3.832672,0.6213514,0.5442179,0.09919977,1.112219,-0.4112795,0.2507179,0.7696937,-0.4968612,5.326765,135.252,33.13
22,-0.2979125999999999,-0.08369446,0.9508972,1.0,-0.3795929,-0.1065216,0.9189911,-34.83719,0.1967773,-30.41148,3.3450010000000003,0.6719998,0.6203028,1.0,-0.2397308,-0.06744385,0.9684906,29.8855,1.197021,-28.03441,3.832672,0.6213514,0.5442179,0.09919977,1.112219,-0.4112795,0.2507179,0.7696937,-0.4968612,5.326765,135.252,33.13
22,-0.2979125999999999,-0.08369446,0.9508972,1.0,-0.3795929,-0.1065216,0.9189911,-34.83719,0.1967773,-30.41148,3.3450010000000003,0.6719998,0.6203028,1.0,-0.2397308,-0.06744385,0.9684906,29.8855,1.197021,-28.03441,3.832672,0.6213514,0.5442179,0.093472,1.111742,-0.4222741,0.2455047,0.7808373000000001,-0.4972592999999999,5.326765,135.252,33.13
22,-0.2979125999999999,-0.08369446,0.9508972,1.0,-0.3795929,-0.1065216,0.9189911,-34.83719,0.1967773,-30.41148,3.3450010000000003,0.6719998,0.6203028,1.0,-0.2397308,-0.06744385,0.9684906,29.8855,1.197021,-28.03441,3.832672,0.6213514,0.5442179,0.093472,1.111742,-0.4222741,0.2455047,0.7808373000000001,-0.4972592999999999,5.326765,135.252,33.13
22,-0.2979125999999999,-0.08369446,0.9508972,1.0,-0.3795929,-0.1065216,0.9189911,-34.83719,0.1967773,-30.41148,3.3450010000000003,0.6719998,0.6203028,1.0,-0.2397308,-0.06744385,0.9684906,29.8855,1.197021,-28.03441,3.832672,0.6213514,0.5442179,0.093472,1.111742,-0.4222741,0.2455047,0.7808373000000001,-0.4972592999999999,5.326765,135.252,33.13
22,-0.4889069,-0.1675568,0.8560790999999999,1.0,-0.5490417,-0.2193451,0.806488,-35.159209999999995,-0.251709,-30.77631,3.427643,0.7087544,0.6584233,1.0,-0.4343414,-0.1223297,0.8923798000000001,29.28877,0.7890166999999999,-28.489320000000003,3.792603,0.6660050000000001,0.5717747,0.08682775,1.111423,-0.4330592,0.2376641,0.7904196,-0.5004415,5.326765,15.00732,33.13
22,-0.4889069,-0.1675568,0.8560790999999999,1.0,-0.5490417,-0.2193451,0.806488,-35.159209999999995,-0.251709,-30.77631,3.427643,0.7087544,0.6584233,1.0,-0.4343414,-0.1223297,0.8923798000000001,29.28877,0.7890166999999999,-28.489320000000003,3.792603,0.6660050000000001,0.5717747,0.08682775,1.111423,-0.4330592,0.2376641,0.7904196,-0.5004415,5.326765,15.00732,33.13
22,-0.4889069,-0.1675568,0.8560790999999999,1.0,-0.5490417,-0.2193451,0.806488,-35.159209999999995,-0.251709,-30.77631,3.427643,0.7087544,0.6584233,1.0,-0.4343414,-0.1223297,0.8923798000000001,29.28877,0.7890166999999999,-28.489320000000003,3.792603,0.6660050000000001,0.5717747,0.08682775,1.111423,-0.4330592,0.2376641,0.7904196,-0.5004415,5.326765,15.00732,33.13
22,-0.4555206,-0.0954895,0.8850708,1.0,-0.5289307,-0.1407471,0.8368988000000002,-35.13268,-0.1419677999999999,-30.73883,3.537628,0.704253,0.6430049,1.0,-0.4259795999999999,-0.07775879,0.9013824,29.45531,0.8563385,-28.41638,4.09874,0.6585951999999999,0.5631834,0.08027411,1.111789,-0.444037,0.2321482999999999,0.7989701,-0.5001079,5.326765,15.00732,33.13
22,-0.4555206,-0.0954895,0.8850708,1.0,-0.5289307,-0.1407471,0.8368988000000002,-35.13268,-0.1419677999999999,-30.73883,3.537628,0.704253,0.6430049,1.0,-0.4259795999999999,-0.07775879,0.9013824,29.45531,0.8563385,-28.41638,4.09874,0.6585951999999999,0.5631834,0.08027411,1.111789,-0.444037,0.2321482999999999,0.7989701,-0.5001079,5.326765,15.00732,33.13
22,-0.4555206,-0.0954895,0.8850708,1.0,-0.5289307,-0.1407471,0.8368988000000002,-35.13268,-0.1419677999999999,-30.73883,3.537628,0.704253,0.6430049,1.0,-0.4259795999999999,-0.07775879,0.9013824,29.45531,0.8563385,-28.41638,4.09874,0.6585951999999999,0.5631834,0.08027411,1.111789,-0.444037,0.2321482999999999,0.7989701,-0.5001079,5.326765,15.00732,33.13
23,-0.4086455999999999,-0.07296753,0.9097595,1.0,-0.4488525,-0.1431732,0.8820495999999999,-35.24002,-0.05541992,-30.65395,3.444046,0.6966959,0.6377649000000001,1.0,-0.3898315,-0.04162598,0.9199371,29.47653,0.9114838,-28.38205,3.861832,0.6537727,0.5558494,0.07289767,1.113244,-0.4557454000000001,0.2242053,0.8096939000000001,-0.4978635,5.326765,15.00732,33.13
23,-0.4086455999999999,-0.07296753,0.9097595,1.0,-0.4488525,-0.1431732,0.8820495999999999,-35.24002,-0.05541992,-30.65395,3.444046,0.6966959,0.6377649000000001,1.0,-0.3898315,-0.04162598,0.9199371,29.47653,0.9114838,-28.38205,3.861832,0.6537727,0.5558494,0.07289767,1.113244,-0.4557454000000001,0.2242053,0.8096939000000001,-0.4978635,5.326765,15.00732,33.13
23,-0.4086455999999999,-0.07296753,0.9097595,1.0,-0.4488525,-0.1431732,0.8820495999999999,-35.24002,-0.05541992,-30.65395,3.444046,0.6966959,0.6377649000000001,1.0,-0.3898315,-0.04162598,0.9199371,29.47653,0.9114838,-28.38205,3.861832,0.6537727,0.5558494,0.07289767,1.113244,-0.4557454000000001,0.2242053,0.8096939000000001,-0.4978635,5.326765,15.00732,33.13
23,-0.3686370999999999,-0.07861328,0.926239,1.0,-0.4554901,-0.1034851,0.884201,-35.18045,-0.06570435,-30.65823,3.5572510000000004,0.6953242,0.6331608,1.0,-0.3374329,-0.06973267,0.9387512,29.4639,1.003616,-28.2776,3.784363,0.6477939,0.5544264,0.06459785,1.115273,-0.4678704000000001,0.2146057,0.8217623,-0.4939894,5.326765,15.00732,33.13
23,-0.3686370999999999,-0.07861328,0.926239,1.0,-0.4554901,-0.1034851,0.884201,-35.18045,-0.06570435,-30.65823,3.5572510000000004,0.6953242,0.6331608,1.0,-0.3374329,-0.06973267,0.9387512,29.4639,1.003616,-28.2776,3.784363,0.6477939,0.5544264,0.06459785,1.115273,-0.4678704000000001,0.2146057,0.8217623,-0.4939894,5.326765,15.00732,33.13
23,-0.3686370999999999,-0.07861328,0.926239,1.0,-0.4554901,-0.1034851,0.884201,-35.18045,-0.06570435,-30.65823,3.5572510000000004,0.6953242,0.6331608,1.0,-0.3374329,-0.06973267,0.9387512,29.4639,1.003616,-28.2776,3.784363,0.6477939,0.5544264,0.06459785,1.115273,-0.4678704000000001,0.2146057,0.8217623,-0.4939894,5.326765,15.00732,33.13
23,-0.3900299,-0.09375,0.9160004,1.0,-0.4414367999999999,-0.08100891,0.8936156999999999,-35.15198,-0.09234619,-30.64391,3.547852,0.6922783,0.6308038,1.0,-0.3023529,-0.1141051999999999,0.9463348,29.39801,1.157852,-28.20248,3.904663,0.6455181,0.5536144000000001,0.05561924,1.117658,-0.480133,0.1991551,0.8339568000000002,-0.491287,5.326765,15.00732,33.13
23,-0.3900299,-0.09375,0.9160004,1.0,-0.4414367999999999,-0.08100891,0.8936156999999999,-35.15198,-0.09234619,-30.64391,3.547852,0.6922783,0.6308038,1.0,-0.3023529,-0.1141051999999999,0.9463348,29.39801,1.157852,-28.20248,3.904663,0.6455181,0.5536144000000001,0.05561924,1.117658,-0.480133,0.1991551,0.8339568000000002,-0.491287,5.326765,15.00732,33.13
23,-0.3900299,-0.09375,0.9160004,1.0,-0.4414367999999999,-0.08100891,0.8936156999999999,-35.15198,-0.09234619,-30.64391,3.547852,0.6922783,0.6308038,1.0,-0.3023529,-0.1141051999999999,0.9463348,29.39801,1.157852,-28.20248,3.904663,0.6455181,0.5536144000000001,0.05561924,1.117658,-0.480133,0.1991551,0.8339568000000002,-0.491287,5.326765,15.00732,33.13
23,-0.3900299,-0.09375,0.9160004,1.0,-0.4414367999999999,-0.08100891,0.8936156999999999,-35.15198,-0.09234619,-30.64391,3.547852,0.6922783,0.6308038,1.0,-0.3023529,-0.1141051999999999,0.9463348,29.39801,1.157852,-28.20248,3.904663,0.6455181,0.5536144000000001,0.0459342,1.119328,-0.4912317,0.1851275,0.8438528000000001,-0.4881409,5.326765,83.0597,33.13
23,-0.3900299,-0.09375,0.9160004,1.0,-0.4414367999999999,-0.08100891,0.8936156999999999,-35.15198,-0.09234619,-30.64391,3.547852,0.6922783,0.6308038,1.0,-0.3023529,-0.1141051999999999,0.9463348,29.39801,1.157852,-28.20248,3.904663,0.6455181,0.5536144000000001,0.0459342,1.119328,-0.4912317,0.1851275,0.8438528000000001,-0.4881409,5.326765,83.0597,33.13
23,-0.3900299,-0.09375,0.9160004,1.0,-0.4414367999999999,-0.08100891,0.8936156999999999,-35.15198,-0.09234619,-30.64391,3.547852,0.6922783,0.6308038,1.0,-0.3023529,-0.1141051999999999,0.9463348,29.39801,1.157852,-28.20248,3.904663,0.6455181,0.5536144000000001,0.0459342,1.119328,-0.4912317,0.1851275,0.8438528000000001,-0.4881409,5.326765,83.0597,33.13
23,-0.3721619,-0.09875488,0.9228821,1.0,-0.4064178,-0.1188811999999999,0.9059143,-35.118759999999995,-0.1137543,-30.5843,3.3825230000000004,0.6862885,0.6351453,1.0,-0.3032837,-0.05889893,0.9510651,29.48105,0.997879,-28.23891,3.958206,0.6427547,0.552623,0.0357491999999999,1.120614,-0.5009606,0.1736124,0.8497966999999998,-0.4883005999999999,5.326765,83.0597,33.13
23,-0.3721619,-0.09875488,0.9228821,1.0,-0.4064178,-0.1188811999999999,0.9059143,-35.118759999999995,-0.1137543,-30.5843,3.3825230000000004,0.6862885,0.6351453,1.0,-0.3032837,-0.05889893,0.9510651,29.48105,0.997879,-28.23891,3.958206,0.6427547,0.552623,0.0357491999999999,1.120614,-0.5009606,0.1736124,0.8497966999999998,-0.4883005999999999,5.326765,83.0597,33.13
23,-0.3721619,-0.09875488,0.9228821,1.0,-0.4064178,-0.1188811999999999,0.9059143,-35.118759999999995,-0.1137543,-30.5843,3.3825230000000004,0.6862885,0.6351453,1.0,-0.3032837,-0.05889893,0.9510651,29.48105,0.997879,-28.23891,3.958206,0.6427547,0.552623,0.0357491999999999,1.120614,-0.5009606,0.1736124,0.8497966999999998,-0.4883005999999999,5.326765,83.0597,33.13
23,-0.3873595999999999,-0.1066437,0.9157257,1.0,-0.4364777,-0.1324615,0.8898925999999999,-35.12018,-0.1306763,-30.602290000000004,3.551743,0.6905332,0.6383098,1.0,-0.3043212999999999,-0.06375122,0.9504242,29.4182,0.9730225,-28.25926,3.949646,0.6450644,0.5542655,0.01624346,1.122186,-0.5175997999999999,0.1551605,0.8568113000000002,-0.4898268,5.326765,83.0597,33.13
23,-0.3873595999999999,-0.1066437,0.9157257,1.0,-0.4364777,-0.1324615,0.8898925999999999,-35.12018,-0.1306763,-30.602290000000004,3.551743,0.6905332,0.6383098,1.0,-0.3043212999999999,-0.06375122,0.9504242,29.4182,0.9730225,-28.25926,3.949646,0.6450644,0.5542655,0.01624346,1.122186,-0.5175997999999999,0.1551605,0.8568113000000002,-0.4898268,5.326765,83.0597,33.13
23,-0.3873595999999999,-0.1066437,0.9157257,1.0,-0.4364777,-0.1324615,0.8898925999999999,-35.12018,-0.1306763,-30.602290000000004,3.551743,0.6905332,0.6383098,1.0,-0.3043212999999999,-0.06375122,0.9504242,29.4182,0.9730225,-28.25926,3.949646,0.6450644,0.5542655,0.01624346,1.122186,-0.5175997999999999,0.1551605,0.8568113000000002,-0.4898268,5.326765,83.0597,33.13
23,-0.3303833,-0.3536224,0.8750763,1.0,-0.3909607,-0.3832092,0.8368225,-34.72279,-1.089905,-30.72641,3.183975,0.6721901,0.7074098000000001,1.0,-0.3056335,-0.341217,0.8889007999999999,29.65291,0.04188538,-28.402240000000003,3.781036,0.6379814,0.622494,0.007158756,1.12242,-0.5248841999999999,0.148274,0.8580728000000001,-0.4911172,5.326765,83.0597,33.13
23,-0.3303833,-0.3536224,0.8750763,1.0,-0.3909607,-0.3832092,0.8368225,-34.72279,-1.089905,-30.72641,3.183975,0.6721901,0.7074098000000001,1.0,-0.3056335,-0.341217,0.8889007999999999,29.65291,0.04188538,-28.402240000000003,3.781036,0.6379814,0.622494,0.007158756,1.12242,-0.5248841999999999,0.148274,0.8580728000000001,-0.4911172,5.326765,83.0597,33.13
23,-0.3303833,-0.3536224,0.8750763,1.0,-0.3909607,-0.3832092,0.8368225,-34.72279,-1.089905,-30.72641,3.183975,0.6721901,0.7074098000000001,1.0,-0.3056335,-0.341217,0.8889007999999999,29.65291,0.04188538,-28.402240000000003,3.781036,0.6379814,0.622494,0.007158756,1.12242,-0.5248841999999999,0.148274,0.8580728000000001,-0.4911172,5.326765,83.0597,33.13
23,-0.2269287,-0.351059,0.9084167,1.0,-0.3351593,-0.3746489999999999,0.8644562,-34.64275,-0.8807678,-30.588420000000003,3.128433,0.6611326,0.6960111,1.0,-0.1770477,-0.3387909,0.9240417,29.732190000000003,0.1660004,-28.26971,3.67421,0.619745,0.6148834,-0.0005986691,1.122187,-0.5317925,0.1369441,0.8598278,-0.4918455,5.326765,83.0597,33.13
23,-0.2269287,-0.351059,0.9084167,1.0,-0.3351593,-0.3746489999999999,0.8644562,-34.64275,-0.8807678,-30.588420000000003,3.128433,0.6611326,0.6960111,1.0,-0.1770477,-0.3387909,0.9240417,29.732190000000003,0.1660004,-28.26971,3.67421,0.619745,0.6148834,-0.0005986691,1.122187,-0.5317925,0.1369441,0.8598278,-0.4918455,5.326765,83.0597,33.13
23,-0.2269287,-0.351059,0.9084167,1.0,-0.3351593,-0.3746489999999999,0.8644562,-34.64275,-0.8807678,-30.588420000000003,3.128433,0.6611326,0.6960111,1.0,-0.1770477,-0.3387909,0.9240417,29.732190000000003,0.1660004,-28.26971,3.67421,0.619745,0.6148834,-0.0005986691,1.122187,-0.5317925,0.1369441,0.8598278,-0.4918455,5.326765,83.0597,33.13
23,-0.2219391,-0.3409729,0.9134827,1.0,-0.3222809,-0.3730927,0.8700104,-34.64641,-0.8270569,-30.56808,3.05275,0.65942,0.6934345000000001,1.0,-0.1706696,-0.3232422,0.9307861,29.76251,0.2187195,-28.25992,3.657669,0.617934,0.6108661999999999,-0.00834012,1.121791,-0.5380228,-0.1222411,-0.8616870999999999,0.492332,5.326765,-137.137,33.13
23,-0.2219391,-0.3409729,0.9134827,1.0,-0.3222809,-0.3730927,0.8700104,-34.64641,-0.8270569,-30.56808,3.05275,0.65942,0.6934345000000001,1.0,-0.1706696,-0.3232422,0.9307861,29.76251,0.2187195,-28.25992,3.657669,0.617934,0.6108661999999999,-0.00834012,1.121791,-0.5380228,-0.1222411,-0.8616870999999999,0.492332,5.326765,-137.137,33.13
23,-0.2219391,-0.3409729,0.9134827,1.0,-0.3222809,-0.3730927,0.8700104,-34.64641,-0.8270569,-30.56808,3.05275,0.65942,0.6934345000000001,1.0,-0.1706696,-0.3232422,0.9307861,29.76251,0.2187195,-28.25992,3.657669,0.617934,0.6108661999999999,-0.00834012,1.121791,-0.5380228,-0.1222411,-0.8616870999999999,0.492332,5.326765,-137.137,33.13
23,-0.2110900999999999,-0.3205109,0.9234161,1.0,-0.3135680999999999,-0.3414307,0.8860474,-34.64987,-0.7598724,-30.53722,3.276321,0.6581707,0.686075,1.0,-0.1538849,-0.3073883,0.9390411,29.82033,0.2223511,-28.24431,3.615662,0.6139720999999999,0.6083335,-0.01578379,1.120996,-0.5431701999999999,-0.1106962,-0.8616999,0.494504,5.326765,-137.137,33.13
23,-0.2110900999999999,-0.3205109,0.9234161,1.0,-0.3135680999999999,-0.3414307,0.8860474,-34.64987,-0.7598724,-30.53722,3.276321,0.6581707,0.686075,1.0,-0.1538849,-0.3073883,0.9390411,29.82033,0.2223511,-28.24431,3.615662,0.6139720999999999,0.6083335,-0.01578379,1.120996,-0.5431701999999999,-0.1106962,-0.8616999,0.494504,5.326765,-137.137,33.13
23,-0.2110900999999999,-0.3205109,0.9234161,1.0,-0.3135680999999999,-0.3414307,0.8860474,-34.64987,-0.7598724,-30.53722,3.276321,0.6581707,0.686075,1.0,-0.1538849,-0.3073883,0.9390411,29.82033,0.2223511,-28.24431,3.615662,0.6139720999999999,0.6083335,-0.01578379,1.120996,-0.5431701999999999,-0.1106962,-0.8616999,0.494504,5.326765,-137.137,33.13
23,-0.2123717999999999,-0.2994385,0.9301605,1.0,-0.319931,-0.342041,0.8835296999999999,-34.65442,-0.6711884,-30.51834,3.194839,0.6590628000000001,0.682852,1.0,-0.1529999,-0.2745361,0.9493103,29.83461,0.2482452,-28.24582,3.608521,0.6133518,0.6031706,-0.0233705,1.120455,-0.5475069,-0.09741361,-0.8608621,0.4977937,5.326765,-137.137,33.13
23,-0.2123717999999999,-0.2994385,0.9301605,1.0,-0.319931,-0.342041,0.8835296999999999,-34.65442,-0.6711884,-30.51834,3.194839,0.6590628000000001,0.682852,1.0,-0.1529999,-0.2745361,0.9493103,29.83461,0.2482452,-28.24582,3.608521,0.6133518,0.6031706,-0.0233705,1.120455,-0.5475069,-0.09741361,-0.8608621,0.4977937,5.326765,-137.137,33.13
23,-0.2123717999999999,-0.2994385,0.9301605,1.0,-0.319931,-0.342041,0.8835296999999999,-34.65442,-0.6711884,-30.51834,3.194839,0.6590628000000001,0.682852,1.0,-0.1529999,-0.2745361,0.9493103,29.83461,0.2482452,-28.24582,3.608521,0.6133518,0.6031706,-0.0233705,1.120455,-0.5475069,-0.09741361,-0.8608621,0.4977937,5.326765,-137.137,33.13
23,-0.3048706,-0.3870697,0.8701781999999999,1.0,-0.3967742999999999,-0.4237212999999999,0.8142548000000001,-34.76213,-1.144318,-30.8244,2.946991,0.6749619000000001,0.7166413,1.0,-0.2647095,-0.3700256,0.8905029000000001,29.4604,0.07862854,-28.44383,3.647644,0.6399219,0.6249779000000001,-0.03078127,1.119889,-0.5513262,-0.08479314,-0.8592504999999999,0.5012954000000001,5.326765,-137.137,33.13
23,-0.3048706,-0.3870697,0.8701781999999999,1.0,-0.3967742999999999,-0.4237212999999999,0.8142548000000001,-34.76213,-1.144318,-30.8244,2.946991,0.6749619000000001,0.7166413,1.0,-0.2647095,-0.3700256,0.8905029000000001,29.4604,0.07862854,-28.44383,3.647644,0.6399219,0.6249779000000001,-0.03078127,1.119889,-0.5513262,-0.08479314,-0.8592504999999999,0.5012954000000001,5.326765,-137.137,33.13
23,-0.3048706,-0.3870697,0.8701781999999999,1.0,-0.3967742999999999,-0.4237212999999999,0.8142548000000001,-34.76213,-1.144318,-30.8244,2.946991,0.6749619000000001,0.7166413,1.0,-0.2647095,-0.3700256,0.8905029000000001,29.4604,0.07862854,-28.44383,3.647644,0.6399219,0.6249779000000001,-0.03078127,1.119889,-0.5513262,-0.08479314,-0.8592504999999999,0.5012954000000001,5.326765,-137.137,33.13
23,-0.280777,-0.4548645,0.8451233,1.0,-0.4048462,-0.4668121,0.7862395999999999,-34.8427,-1.447983,-30.98201,3.213058,0.6802729999999999,0.7364921,1.0,-0.2637177,-0.4526062,0.8518065999999999,29.25108,-0.06852722,-28.55974,3.520767,0.6476350000000001,0.6427683000000001,-0.03804111,1.119536,-0.5547925,-0.072726,-0.8575165000000001,0.504106,5.326765,-137.137,33.13
23,-0.280777,-0.4548645,0.8451233,1.0,-0.4048462,-0.4668121,0.7862395999999999,-34.8427,-1.447983,-30.98201,3.213058,0.6802729999999999,0.7364921,1.0,-0.2637177,-0.4526062,0.8518065999999999,29.25108,-0.06852722,-28.55974,3.520767,0.6476350000000001,0.6427683000000001,-0.03804111,1.119536,-0.5547925,-0.072726,-0.8575165000000001,0.504106,5.326765,-137.137,33.13
23,-0.280777,-0.4548645,0.8451233,1.0,-0.4048462,-0.4668121,0.7862395999999999,-34.8427,-1.447983,-30.98201,3.213058,0.6802729999999999,0.7364921,1.0,-0.2637177,-0.4526062,0.8518065999999999,29.25108,-0.06852722,-28.55974,3.520767,0.6476350000000001,0.6427683000000001,-0.03804111,1.119536,-0.5547925,-0.072726,-0.8575165000000001,0.504106,5.326765,-137.137,33.13
23,-1.0,-1.0,-1.0,1.0,0.0,0.0,0.0,-34.763000000000005,-1.45697,-31.01868,-1.0,0.6810512,0.7565353,1.0,0.0,0.0,0.0,29.284740000000003,-0.1827697999999999,-28.688370000000003,-1.0,0.6530919,0.6660063,-0.04427481,1.119376,-0.5578465,-0.06622508,-0.8561054,0.505549,5.326765,-137.137,33.13
23,-1.0,-1.0,-1.0,1.0,0.0,0.0,0.0,-34.763000000000005,-1.45697,-31.01868,-1.0,0.6810512,0.7565353,1.0,0.0,0.0,0.0,29.284740000000003,-0.1827697999999999,-28.688370000000003,-1.0,0.6530919,0.6660063,-0.04427481,1.119376,-0.5578465,-0.06622508,-0.8561054,0.505549,5.326765,-137.137,33.13
23,-1.0,-1.0,-1.0,1.0,0.0,0.0,0.0,-34.763000000000005,-1.45697,-31.01868,-1.0,0.6810512,0.7565353,1.0,0.0,0.0,0.0,29.284740000000003,-0.1827697999999999,-28.688370000000003,-1.0,0.6530919,0.6660063,-0.04427481,1.119376,-0.5578465,-0.06622508,-0.8561054,0.505549,5.326765,-137.137,33.13
23,-0.2957000999999999,-0.5383453,0.7891235,1.0,0.0,0.0,0.0,-34.867020000000004,-1.384552,-30.99994,-1.0,0.683268,0.74924,1.0,-0.2957000999999999,-0.5383453,0.7891235,29.31,-0.2475891,-28.67331,3.519363,0.6501515,0.6632604999999999,-0.0490973,1.118709,-0.560222,-0.05981813,-0.8541968000000001,0.5080131,5.326765,-145.0288,33.13
23,-0.2957000999999999,-0.5383453,0.7891235,1.0,0.0,0.0,0.0,-34.867020000000004,-1.384552,-30.99994,-1.0,0.683268,0.74924,1.0,-0.2957000999999999,-0.5383453,0.7891235,29.31,-0.2475891,-28.67331,3.519363,0.6501515,0.6632604999999999,-0.0490973,1.118709,-0.560222,-0.05981813,-0.8541968000000001,0.5080131,5.326765,-145.0288,33.13
23,-0.2957000999999999,-0.5383453,0.7891235,1.0,0.0,0.0,0.0,-34.867020000000004,-1.384552,-30.99994,-1.0,0.683268,0.74924,1.0,-0.2957000999999999,-0.5383453,0.7891235,29.31,-0.2475891,-28.67331,3.519363,0.6501515,0.6632604999999999,-0.0490973,1.118709,-0.560222,-0.05981813,-0.8541968000000001,0.5080131,5.326765,-145.0288,33.13
23,-0.2957000999999999,-0.5383453,0.7891235,1.0,0.0,0.0,0.0,-34.867020000000004,-1.384552,-30.99994,-1.0,0.683268,0.74924,1.0,-0.2957000999999999,-0.5383453,0.7891235,29.31,-0.2475891,-28.67331,3.519363,0.6501515,0.6632604999999999,-0.05320096,1.117783,-0.5631378,-0.05463673,-0.8542203000000002,0.5077189000000001,5.326765,-145.0288,33.13
23,-0.2957000999999999,-0.5383453,0.7891235,1.0,0.0,0.0,0.0,-34.867020000000004,-1.384552,-30.99994,-1.0,0.683268,0.74924,1.0,-0.2957000999999999,-0.5383453,0.7891235,29.31,-0.2475891,-28.67331,3.519363,0.6501515,0.6632604999999999,-0.05320096,1.117783,-0.5631378,-0.05463673,-0.8542203000000002,0.5077189000000001,5.326765,-145.0288,33.13
23,-0.2957000999999999,-0.5383453,0.7891235,1.0,0.0,0.0,0.0,-34.867020000000004,-1.384552,-30.99994,-1.0,0.683268,0.74924,1.0,-0.2957000999999999,-0.5383453,0.7891235,29.31,-0.2475891,-28.67331,3.519363,0.6501515,0.6632604999999999,-0.05320096,1.117783,-0.5631378,-0.05463673,-0.8542203000000002,0.5077189000000001,5.326765,-145.0288,33.13
23,-0.2957000999999999,-0.5383453,0.7891235,1.0,0.0,0.0,0.0,-34.867020000000004,-1.384552,-30.99994,-1.0,0.683268,0.74924,1.0,-0.2957000999999999,-0.5383453,0.7891235,29.31,-0.2475891,-28.67331,3.519363,0.6501515,0.6632604999999999,-0.05715799,1.11635,-0.5655249,-0.05011808,-0.8519366,0.5110617000000001,5.326765,-145.0288,33.13
23,-0.2957000999999999,-0.5383453,0.7891235,1.0,0.0,0.0,0.0,-34.867020000000004,-1.384552,-30.99994,-1.0,0.683268,0.74924,1.0,-0.2957000999999999,-0.5383453,0.7891235,29.31,-0.2475891,-28.67331,3.519363,0.6501515,0.6632604999999999,-0.05715799,1.11635,-0.5655249,-0.05011808,-0.8519366,0.5110617000000001,5.326765,-145.0288,33.13
23,-0.2957000999999999,-0.5383453,0.7891235,1.0,0.0,0.0,0.0,-34.867020000000004,-1.384552,-30.99994,-1.0,0.683268,0.74924,1.0,-0.2957000999999999,-0.5383453,0.7891235,29.31,-0.2475891,-28.67331,3.519363,0.6501515,0.6632604999999999,-0.05715799,1.11635,-0.5655249,-0.05011808,-0.8519366,0.5110617000000001,5.326765,-145.0288,33.13
23,-0.307663,-0.4817505,0.8205109,1.0,0.0,0.0,0.0,-34.91255,-1.301056,-30.96648,-1.0,0.6872512,0.7347543000000001,1.0,-0.307663,-0.4817505,0.8205109,29.47969,-0.244278,-28.60812,3.633942,0.6451923,0.654162,-0.06087637,1.114235,-0.5674013000000001,-0.04166587,-0.8484636000000001,0.5162255,5.326765,-145.0288,33.13
23,-0.307663,-0.4817505,0.8205109,1.0,0.0,0.0,0.0,-34.91255,-1.301056,-30.96648,-1.0,0.6872512,0.7347543000000001,1.0,-0.307663,-0.4817505,0.8205109,29.47969,-0.244278,-28.60812,3.633942,0.6451923,0.654162,-0.06087637,1.114235,-0.5674013000000001,-0.04166587,-0.8484636000000001,0.5162255,5.326765,-145.0288,33.13
23,-0.307663,-0.4817505,0.8205109,1.0,0.0,0.0,0.0,-34.91255,-1.301056,-30.96648,-1.0,0.6872512,0.7347543000000001,1.0,-0.307663,-0.4817505,0.8205109,29.47969,-0.244278,-28.60812,3.633942,0.6451923,0.654162,-0.06087637,1.114235,-0.5674013000000001,-0.04166587,-0.8484636000000001,0.5162255,5.326765,-145.0288,33.13
23,-0.3516540999999999,-0.4592438,0.8157196,1.0,0.0,0.0,0.0,-35.138729999999995,-1.112228,-30.92331,-1.0,0.6932743,0.7271501,1.0,-0.3516540999999999,-0.4592438,0.8157196,29.4136,-0.1866302,-28.64014,3.520706,0.6530560000000001,0.6502507,-0.063833,1.111637,-0.5698281999999999,-0.03930692,-0.8453950000000001,0.5210125,5.326765,45.03702,33.13
23,-0.3516540999999999,-0.4592438,0.8157196,1.0,0.0,0.0,0.0,-35.138729999999995,-1.112228,-30.92331,-1.0,0.6932743,0.7271501,1.0,-0.3516540999999999,-0.4592438,0.8157196,29.4136,-0.1866302,-28.64014,3.520706,0.6530560000000001,0.6502507,-0.063833,1.111637,-0.5698281999999999,-0.03930692,-0.8453950000000001,0.5210125,5.326765,45.03702,33.13
23,-0.3516540999999999,-0.4592438,0.8157196,1.0,0.0,0.0,0.0,-35.138729999999995,-1.112228,-30.92331,-1.0,0.6932743,0.7271501,1.0,-0.3516540999999999,-0.4592438,0.8157196,29.4136,-0.1866302,-28.64014,3.520706,0.6530560000000001,0.6502507,-0.063833,1.111637,-0.5698281999999999,-0.03930692,-0.8453950000000001,0.5210125,5.326765,45.03702,33.13
23,-0.3539124,-0.4516449,0.8189850000000001,1.0,0.0,0.0,0.0,-35.107890000000005,-1.043427,-30.88976,-1.0,0.6924264,0.7245752,1.0,-0.3539124,-0.4516449,0.8189850000000001,29.450290000000003,-0.2009125,-28.64014,3.4608,0.6521391,0.6497056999999999,-0.0660677,1.1089440000000002,-0.571829,-0.03415036,-0.843093,0.5250974,5.326765,45.03702,33.13
23,-0.3539124,-0.4516449,0.8189850000000001,1.0,0.0,0.0,0.0,-35.107890000000005,-1.043427,-30.88976,-1.0,0.6924264,0.7245752,1.0,-0.3539124,-0.4516449,0.8189850000000001,29.450290000000003,-0.2009125,-28.64014,3.4608,0.6521391,0.6497056999999999,-0.0660677,1.1089440000000002,-0.571829,-0.03415036,-0.843093,0.5250974,5.326765,45.03702,33.13
23,-0.3539124,-0.4516449,0.8189850000000001,1.0,0.0,0.0,0.0,-35.107890000000005,-1.043427,-30.88976,-1.0,0.6924264,0.7245752,1.0,-0.3539124,-0.4516449,0.8189850000000001,29.450290000000003,-0.2009125,-28.64014,3.4608,0.6521391,0.6497056999999999,-0.0660677,1.1089440000000002,-0.571829,-0.03415036,-0.843093,0.5250974,5.326765,45.03702,33.13
23,-0.3325348,-0.4186554,0.8450622999999999,1.0,0.0,0.0,0.0,-35.21754,-0.9797211,-30.888440000000003,-1.0,0.6955539000000001,0.723819,1.0,-0.3325348,-0.4186554,0.8450622999999999,29.33694,-0.04159546,-28.56154,3.512451,0.6530486,0.638288,-0.06839442,1.10699,-0.5738191999999999,-0.03035209,-0.8409858,0.5285293000000001,5.326765,45.03702,33.13
23,-0.3325348,-0.4186554,0.8450622999999999,1.0,0.0,0.0,0.0,-35.21754,-0.9797211,-30.888440000000003,-1.0,0.6955539000000001,0.723819,1.0,-0.3325348,-0.4186554,0.8450622999999999,29.33694,-0.04159546,-28.56154,3.512451,0.6530486,0.638288,-0.06839442,1.10699,-0.5738191999999999,-0.03035209,-0.8409858,0.5285293000000001,5.326765,45.03702,33.13
23,-0.3325348,-0.4186554,0.8450622999999999,1.0,0.0,0.0,0.0,-35.21754,-0.9797211,-30.888440000000003,-1.0,0.6955539000000001,0.723819,1.0,-0.3325348,-0.4186554,0.8450622999999999,29.33694,-0.04159546,-28.56154,3.512451,0.6530486,0.638288,-0.06839442,1.10699,-0.5738191999999999,-0.03035209,-0.8409858,0.5285293000000001,5.326765,45.03702,33.13
23,-0.2871552,-0.4642029,0.8378754,1.0,-0.3449554,-0.4842377,0.8040466,-34.77751,-1.328156,-30.89136,3.054138,0.6692606,0.7323673,1.0,-0.2258147999999999,-0.4410553,0.8685913000000001,29.655240000000003,-0.1854095,-28.45908,3.5811610000000003,0.6288444000000001,0.6433462,-0.07037377,1.105537,-0.5754866999999999,-0.02979266,-0.8393995999999999,0.5310823,5.326765,45.03702,33.13
23,-0.2871552,-0.4642029,0.8378754,1.0,-0.3449554,-0.4842377,0.8040466,-34.77751,-1.328156,-30.89136,3.054138,0.6692606,0.7323673,1.0,-0.2258147999999999,-0.4410553,0.8685913000000001,29.655240000000003,-0.1854095,-28.45908,3.5811610000000003,0.6288444000000001,0.6433462,-0.07037377,1.105537,-0.5754866999999999,-0.02979266,-0.8393995999999999,0.5310823,5.326765,45.03702,33.13
23,-0.2871552,-0.4642029,0.8378754,1.0,-0.3449554,-0.4842377,0.8040466,-34.77751,-1.328156,-30.89136,3.054138,0.6692606,0.7323673,1.0,-0.2258147999999999,-0.4410553,0.8685913000000001,29.655240000000003,-0.1854095,-28.45908,3.5811610000000003,0.6288444000000001,0.6433462,-0.07037377,1.105537,-0.5754866999999999,-0.02979266,-0.8393995999999999,0.5310823,5.326765,45.03702,33.13
23,-0.2553101,-0.4909363,0.8329315,1.0,-0.313797,-0.5065765,0.8030548000000001,-34.65421,-1.257309,-30.78697,3.170502,0.6604041,0.7312924,1.0,-0.1787109,-0.4676514,0.8656464,29.81017,-0.1540375,-28.40416,3.418701,0.618037,0.6448463000000001,-0.07165694,1.104443,-0.5768488,-0.02967025,-0.8376251,0.5340011,5.326765,45.03702,33.13
23,-0.2553101,-0.4909363,0.8329315,1.0,-0.313797,-0.5065765,0.8030548000000001,-34.65421,-1.257309,-30.78697,3.170502,0.6604041,0.7312924,1.0,-0.1787109,-0.4676514,0.8656464,29.81017,-0.1540375,-28.40416,3.418701,0.618037,0.6448463000000001,-0.07165694,1.104443,-0.5768488,-0.02967025,-0.8376251,0.5340011,5.326765,45.03702,33.13
23,-0.2553101,-0.4909363,0.8329315,1.0,-0.313797,-0.5065765,0.8030548000000001,-34.65421,-1.257309,-30.78697,3.170502,0.6604041,0.7312924,1.0,-0.1787109,-0.4676514,0.8656464,29.81017,-0.1540375,-28.40416,3.418701,0.618037,0.6448463000000001,-0.07165694,1.104443,-0.5768488,-0.02967025,-0.8376251,0.5340011,5.326765,45.03702,33.13
23,-0.2282562,-0.4815979,0.8461304000000001,1.0,-0.3059692,-0.5111084,0.8032074,-34.69305,-1.235306,-30.79395,3.222305,0.6608119,0.7311472,1.0,-0.1743622,-0.4591675,0.8710631999999999,29.80344,-0.2137146,-28.42538,3.358749,0.6178209,0.6458816999999999,-0.07258892,1.103255,-0.5779307,-0.02845338,-0.8372856,0.5352108,5.297292,41.97703,33.13
23,-0.2282562,-0.4815979,0.8461304000000001,1.0,-0.3059692,-0.5111084,0.8032074,-34.69305,-1.235306,-30.79395,3.222305,0.6608119,0.7311472,1.0,-0.1743622,-0.4591675,0.8710631999999999,29.80344,-0.2137146,-28.42538,3.358749,0.6178209,0.6458816999999999,-0.07258892,1.103255,-0.5779307,-0.02845338,-0.8372856,0.5352108,5.297292,41.97703,33.13
23,-0.2282562,-0.4815979,0.8461304000000001,1.0,-0.3059692,-0.5111084,0.8032074,-34.69305,-1.235306,-30.79395,3.222305,0.6608119,0.7311472,1.0,-0.1743622,-0.4591675,0.8710631999999999,29.80344,-0.2137146,-28.42538,3.358749,0.6178209,0.6458816999999999,-0.07258892,1.103255,-0.5779307,-0.02845338,-0.8372856,0.5352108,5.297292,41.97703,33.13
23,-0.2288971,-0.4654388,0.85495,1.0,-0.3146057,-0.4867706,0.8148956,-34.69637,-1.237762,-30.79126,3.223434,0.6618781,0.7275955,1.0,-0.1766662999999999,-0.4506073,0.8750458000000001,29.78912,-0.2172852,-28.421540000000004,3.418427,0.6184863,0.6447589,-0.07277918,1.102807,-0.5789911,-0.02725259,-0.837325,0.5356691,5.297292,41.97703,33.13
23,-0.2288971,-0.4654388,0.85495,1.0,-0.3146057,-0.4867706,0.8148956,-34.69637,-1.237762,-30.79126,3.223434,0.6618781,0.7275955,1.0,-0.1766662999999999,-0.4506073,0.8750458000000001,29.78912,-0.2172852,-28.421540000000004,3.418427,0.6184863,0.6447589,-0.07277918,1.102807,-0.5789911,-0.02725259,-0.837325,0.5356691,5.297292,41.97703,33.13
23,-0.2288971,-0.4654388,0.85495,1.0,-0.3146057,-0.4867706,0.8148956,-34.69637,-1.237762,-30.79126,3.223434,0.6618781,0.7275955,1.0,-0.1766662999999999,-0.4506073,0.8750458000000001,29.78912,-0.2172852,-28.421540000000004,3.418427,0.6184863,0.6447589,-0.07277918,1.102807,-0.5789911,-0.02725259,-0.837325,0.5356691,5.297292,41.97703,33.13
23,-0.2288971,-0.4654388,0.85495,1.0,-0.3146057,-0.4867706,0.8148956,-34.69637,-1.237762,-30.79126,3.223434,0.6618781,0.7275955,1.0,-0.1766662999999999,-0.4506073,0.8750458000000001,29.78912,-0.2172852,-28.421540000000004,3.418427,0.6184863,0.6447589,-0.07260799,1.102553,-0.5792596,-0.02698389,-0.8378081000000001,0.5356565999999999,5.297292,41.97703,33.13
23,-0.2288971,-0.4654388,0.85495,1.0,-0.3146057,-0.4867706,0.8148956,-34.69637,-1.237762,-30.79126,3.223434,0.6618781,0.7275955,1.0,-0.1766662999999999,-0.4506073,0.8750458000000001,29.78912,-0.2172852,-28.421540000000004,3.418427,0.6184863,0.6447589,-0.07260799,1.102553,-0.5792596,-0.02698389,-0.8378081000000001,0.5356565999999999,5.297292,41.97703,33.13
23,-0.2288971,-0.4654388,0.85495,1.0,-0.3146057,-0.4867706,0.8148956,-34.69637,-1.237762,-30.79126,3.223434,0.6618781,0.7275955,1.0,-0.1766662999999999,-0.4506073,0.8750458000000001,29.78912,-0.2172852,-28.421540000000004,3.418427,0.6184863,0.6447589,-0.07260799,1.102553,-0.5792596,-0.02698389,-0.8378081000000001,0.5356565999999999,5.297292,41.97703,33.13
23,-0.2288971,-0.4654388,0.85495,1.0,-0.3146057,-0.4867706,0.8148956,-34.69637,-1.237762,-30.79126,3.223434,0.6618781,0.7275955,1.0,-0.1766662999999999,-0.4506073,0.8750458000000001,29.78912,-0.2172852,-28.421540000000004,3.418427,0.6184863,0.6447589,-0.07235003,1.103146,-0.5795392,-0.02790168,-0.8386913,0.5343968000000001,5.297292,41.97703,33.13
23,-0.2288971,-0.4654388,0.85495,1.0,-0.3146057,-0.4867706,0.8148956,-34.69637,-1.237762,-30.79126,3.223434,0.6618781,0.7275955,1.0,-0.1766662999999999,-0.4506073,0.8750458000000001,29.78912,-0.2172852,-28.421540000000004,3.418427,0.6184863,0.6447589,-0.07235003,1.103146,-0.5795392,-0.02790168,-0.8386913,0.5343968000000001,5.297292,41.97703,33.13
23,-0.2288971,-0.4654388,0.85495,1.0,-0.3146057,-0.4867706,0.8148956,-34.69637,-1.237762,-30.79126,3.223434,0.6618781,0.7275955,1.0,-0.1766662999999999,-0.4506073,0.8750458000000001,29.78912,-0.2172852,-28.421540000000004,3.418427,0.6184863,0.6447589,-0.07235003,1.103146,-0.5795392,-0.02790168,-0.8386913,0.5343968000000001,5.297292,41.97703,33.13
23,-0.2627716,-0.4399414000000001,0.8587036,1.0,-0.3307037,-0.4674072,0.8198395,-34.78139,-1.265625,-30.83046,3.397293,0.6671866999999999,0.7264333000000001,1.0,-0.2188873,-0.4210051999999999,0.8802338,29.83469,-0.2431641,-28.44276,3.568283,0.6217836999999999,0.6422041,-0.07156754,1.103759,-0.5790425,-0.02964801,-0.8392301999999999,0.5340961999999999,5.297292,41.97703,33.13
23,-0.2627716,-0.4399414000000001,0.8587036,1.0,-0.3307037,-0.4674072,0.8198395,-34.78139,-1.265625,-30.83046,3.397293,0.6671866999999999,0.7264333000000001,1.0,-0.2188873,-0.4210051999999999,0.8802338,29.83469,-0.2431641,-28.44276,3.568283,0.6217836999999999,0.6422041,-0.07156754,1.103759,-0.5790425,-0.02964801,-0.8392301999999999,0.5340961999999999,5.297292,41.97703,33.13
23,-0.2627716,-0.4399414000000001,0.8587036,1.0,-0.3307037,-0.4674072,0.8198395,-34.78139,-1.265625,-30.83046,3.397293,0.6671866999999999,0.7264333000000001,1.0,-0.2188873,-0.4210051999999999,0.8802338,29.83469,-0.2431641,-28.44276,3.568283,0.6217836999999999,0.6422041,-0.07156754,1.103759,-0.5790425,-0.02964801,-0.8392301999999999,0.5340961999999999,5.297292,41.97703,33.13
23,-0.2382355,-0.4322968,0.8696746999999999,1.0,-0.3299712999999999,-0.4615479,0.8234405999999999,-34.650940000000006,-1.235672,-30.81815,3.280502,0.6621739999999999,0.7241943000000001,1.0,-0.1741791,-0.4095459,0.8954926,29.81461,-0.1553802,-28.38298,3.591461,0.6169434,0.636451,-0.07013822,1.1048209999999998,-0.5790945,-0.03121708,-0.8416524999999999,0.5307310000000001,5.297292,41.97703,33.13
23,-0.2382355,-0.4322968,0.8696746999999999,1.0,-0.3299712999999999,-0.4615479,0.8234405999999999,-34.650940000000006,-1.235672,-30.81815,3.280502,0.6621739999999999,0.7241943000000001,1.0,-0.1741791,-0.4095459,0.8954926,29.81461,-0.1553802,-28.38298,3.591461,0.6169434,0.636451,-0.07013822,1.1048209999999998,-0.5790945,-0.03121708,-0.8416524999999999,0.5307310000000001,5.297292,41.97703,33.13
23,-0.2382355,-0.4322968,0.8696746999999999,1.0,-0.3299712999999999,-0.4615479,0.8234405999999999,-34.650940000000006,-1.235672,-30.81815,3.280502,0.6621739999999999,0.7241943000000001,1.0,-0.1741791,-0.4095459,0.8954926,29.81461,-0.1553802,-28.38298,3.591461,0.6169434,0.636451,-0.07013822,1.1048209999999998,-0.5790945,-0.03121708,-0.8416524999999999,0.5307310000000001,5.297292,41.97703,33.13
24,-0.2382355,-0.4322968,0.8696746999999999,1.0,-0.3299712999999999,-0.4615479,0.8234405999999999,-34.650940000000006,-1.235672,-30.81815,3.280502,0.6621739999999999,0.7241943000000001,1.0,-0.1741791,-0.4095459,0.8954926,29.81461,-0.1553802,-28.38298,3.591461,0.6169434,0.636451,-0.06780839,1.106048,-0.5780416,-0.03352226,-0.8436459999999999,0.5284353,5.297292,-24.31692,33.13
24,-0.2382355,-0.4322968,0.8696746999999999,1.0,-0.3299712999999999,-0.4615479,0.8234405999999999,-34.650940000000006,-1.235672,-30.81815,3.280502,0.6621739999999999,0.7241943000000001,1.0,-0.1741791,-0.4095459,0.8954926,29.81461,-0.1553802,-28.38298,3.591461,0.6169434,0.636451,-0.06780839,1.106048,-0.5780416,-0.03352226,-0.8436459999999999,0.5284353,5.297292,-24.31692,33.13
24,-0.2382355,-0.4322968,0.8696746999999999,1.0,-0.3299712999999999,-0.4615479,0.8234405999999999,-34.650940000000006,-1.235672,-30.81815,3.280502,0.6621739999999999,0.7241943000000001,1.0,-0.1741791,-0.4095459,0.8954926,29.81461,-0.1553802,-28.38298,3.591461,0.6169434,0.636451,-0.06780839,1.106048,-0.5780416,-0.03352226,-0.8436459999999999,0.5284353,5.297292,-24.31692,33.13
24,-0.2382355,-0.4322968,0.8696746999999999,1.0,-0.3299712999999999,-0.4615479,0.8234405999999999,-34.650940000000006,-1.235672,-30.81815,3.280502,0.6621739999999999,0.7241943000000001,1.0,-0.1741791,-0.4095459,0.8954926,29.81461,-0.1553802,-28.38298,3.591461,0.6169434,0.636451,-0.0644803,1.107891,-0.5767714,-0.03471565,-0.8456546999999999,0.5261766999999999,5.297292,-24.31692,33.13
24,-0.2382355,-0.4322968,0.8696746999999999,1.0,-0.3299712999999999,-0.4615479,0.8234405999999999,-34.650940000000006,-1.235672,-30.81815,3.280502,0.6621739999999999,0.7241943000000001,1.0,-0.1741791,-0.4095459,0.8954926,29.81461,-0.1553802,-28.38298,3.591461,0.6169434,0.636451,-0.0644803,1.107891,-0.5767714,-0.03471565,-0.8456546999999999,0.5261766999999999,5.297292,-24.31692,33.13
24,-0.2382355,-0.4322968,0.8696746999999999,1.0,-0.3299712999999999,-0.4615479,0.8234405999999999,-34.650940000000006,-1.235672,-30.81815,3.280502,0.6621739999999999,0.7241943000000001,1.0,-0.1741791,-0.4095459,0.8954926,29.81461,-0.1553802,-28.38298,3.591461,0.6169434,0.636451,-0.0644803,1.107891,-0.5767714,-0.03471565,-0.8456546999999999,0.5261766999999999,5.297292,-24.31692,33.13
24,-0.2382355,-0.4322968,0.8696746999999999,1.0,-0.3299712999999999,-0.4615479,0.8234405999999999,-34.650940000000006,-1.235672,-30.81815,3.280502,0.6621739999999999,0.7241943000000001,1.0,-0.1741791,-0.4095459,0.8954926,29.81461,-0.1553802,-28.38298,3.591461,0.6169434,0.636451,-0.06025004,1.11026,-0.5752283,-0.03849843,-0.8492035,0.5214395000000001,5.297292,-24.31692,33.13
24,-0.2382355,-0.4322968,0.8696746999999999,1.0,-0.3299712999999999,-0.4615479,0.8234405999999999,-34.650940000000006,-1.235672,-30.81815,3.280502,0.6621739999999999,0.7241943000000001,1.0,-0.1741791,-0.4095459,0.8954926,29.81461,-0.1553802,-28.38298,3.591461,0.6169434,0.636451,-0.06025004,1.11026,-0.5752283,-0.03849843,-0.8492035,0.5214395000000001,5.297292,-24.31692,33.13
24,-0.2382355,-0.4322968,0.8696746999999999,1.0,-0.3299712999999999,-0.4615479,0.8234405999999999,-34.650940000000006,-1.235672,-30.81815,3.280502,0.6621739999999999,0.7241943000000001,1.0,-0.1741791,-0.4095459,0.8954926,29.81461,-0.1553802,-28.38298,3.591461,0.6169434,0.636451,-0.06025004,1.11026,-0.5752283,-0.03849843,-0.8492035,0.5214395000000001,5.297292,-24.31692,33.13
24,0.09599304,-0.01986694,0.9951782,1.0,0.09599304,-0.01986694,0.9951782,-33.1265,0.7039032,-31.23817,3.415054,0.5526493,0.5973685999999999,0.5220237,0.2399445,0.02500916,0.970459,31.56961,1.631104,-28.11877,3.750931,0.5079258,0.5173634,-0.05534697,1.112741,-0.5728378000000001,-0.04050068,-0.8529459,0.5162515999999999,5.297292,-24.31692,33.13
24,0.09599304,-0.01986694,0.9951782,1.0,0.09599304,-0.01986694,0.9951782,-33.1265,0.7039032,-31.23817,3.415054,0.5526493,0.5973685999999999,0.5220237,0.2399445,0.02500916,0.970459,31.56961,1.631104,-28.11877,3.750931,0.5079258,0.5173634,-0.05534697,1.112741,-0.5728378000000001,-0.04050068,-0.8529459,0.5162515999999999,5.297292,-24.31692,33.13
24,0.09599304,-0.01986694,0.9951782,1.0,0.09599304,-0.01986694,0.9951782,-33.1265,0.7039032,-31.23817,3.415054,0.5526493,0.5973685999999999,0.5220237,0.2399445,0.02500916,0.970459,31.56961,1.631104,-28.11877,3.750931,0.5079258,0.5173634,-0.05534697,1.112741,-0.5728378000000001,-0.04050068,-0.8529459,0.5162515999999999,5.297292,-24.31692,33.13
24,0.06584167,-0.05044556,0.9965515,1.0,0.06584167,-0.05044556,0.9965515,-33.21841,0.5569458,-31.06134,3.533249,0.5595926,0.6046541,1.0,0.2123107999999999,0.01664734,0.9770508,31.53226,1.3755190000000002,-27.54907,3.731857,0.5125022,0.5218748,-0.04978967,1.1153959999999998,-0.5699859,-0.04499206,-0.8566292999999999,0.510973,5.297292,101.8975,33.13
24,0.06584167,-0.05044556,0.9965515,1.0,0.06584167,-0.05044556,0.9965515,-33.21841,0.5569458,-31.06134,3.533249,0.5595926,0.6046541,1.0,0.2123107999999999,0.01664734,0.9770508,31.53226,1.3755190000000002,-27.54907,3.731857,0.5125022,0.5218748,-0.04978967,1.1153959999999998,-0.5699859,-0.04499206,-0.8566292999999999,0.510973,5.297292,101.8975,33.13
24,0.06584167,-0.05044556,0.9965515,1.0,0.06584167,-0.05044556,0.9965515,-33.21841,0.5569458,-31.06134,3.533249,0.5595926,0.6046541,1.0,0.2123107999999999,0.01664734,0.9770508,31.53226,1.3755190000000002,-27.54907,3.731857,0.5125022,0.5218748,-0.04978967,1.1153959999999998,-0.5699859,-0.04499206,-0.8566292999999999,0.510973,5.297292,101.8975,33.13
24,0.200882,0.0050354,0.979599,1.0,0.06187439,-0.05955505,0.9962921,-33.241640000000004,0.5270233,-31.02202,3.438538,0.5607359000000001,0.6063515,1.0,0.2095032,0.009109497,0.9777527,31.52071,1.3515469999999998,-27.494090000000003,3.730621,0.5132225,0.5230806,-0.04331851,1.118667,-0.5664269000000001,-0.0508632,-0.8597043,0.5063658,5.297292,101.8975,33.13
24,0.200882,0.0050354,0.979599,1.0,0.06187439,-0.05955505,0.9962921,-33.241640000000004,0.5270233,-31.02202,3.438538,0.5607359000000001,0.6063515,1.0,0.2095032,0.009109497,0.9777527,31.52071,1.3515469999999998,-27.494090000000003,3.730621,0.5132225,0.5230806,-0.04331851,1.118667,-0.5664269000000001,-0.0508632,-0.8597043,0.5063658,5.297292,101.8975,33.13
24,0.200882,0.0050354,0.979599,1.0,0.06187439,-0.05955505,0.9962921,-33.241640000000004,0.5270233,-31.02202,3.438538,0.5607359000000001,0.6063515,1.0,0.2095032,0.009109497,0.9777527,31.52071,1.3515469999999998,-27.494090000000003,3.730621,0.5132225,0.5230806,-0.04331851,1.118667,-0.5664269000000001,-0.0508632,-0.8597043,0.5063658,5.297292,101.8975,33.13
24,0.0349884,-0.04750061,0.9982452,1.0,0.03486633,-0.04754639,0.9982452,-33.26663,0.4093475,-30.94092,3.455338,0.5648745,0.6081581,1.0,0.1697845,0.001586914,0.9854736,31.57912,1.5923770000000002,-28.54305,3.692612,0.516003,0.5249510000000001,-0.03610826,1.122363,-0.562329,-0.05559167,-0.8630448000000001,0.5012456,5.297292,101.8975,33.13
24,0.0349884,-0.04750061,0.9982452,1.0,0.03486633,-0.04754639,0.9982452,-33.26663,0.4093475,-30.94092,3.455338,0.5648745,0.6081581,1.0,0.1697845,0.001586914,0.9854736,31.57912,1.5923770000000002,-28.54305,3.692612,0.516003,0.5249510000000001,-0.03610826,1.122363,-0.562329,-0.05559167,-0.8630448000000001,0.5012456,5.297292,101.8975,33.13
24,0.0349884,-0.04750061,0.9982452,1.0,0.03486633,-0.04754639,0.9982452,-33.26663,0.4093475,-30.94092,3.455338,0.5648745,0.6081581,1.0,0.1697845,0.001586914,0.9854736,31.57912,1.5923770000000002,-28.54305,3.692612,0.516003,0.5249510000000001,-0.03610826,1.122363,-0.562329,-0.05559167,-0.8630448000000001,0.5012456,5.297292,101.8975,33.13
24,0.01570129,-0.06451416,0.9977875,1.0,0.01564026,-0.06452942,0.9977875,-33.29951,0.5017395,-31.304640000000003,3.389069,0.5686278,0.6105688,1.0,0.1674805,-0.0199585,0.985672,31.44527,1.47699,-28.001240000000003,3.693542,0.5207762,0.526673,-0.02839947,1.126508,-0.5583374,-0.05916093,-0.867518,0.4937097,5.297292,101.8975,33.13
24,0.01570129,-0.06451416,0.9977875,1.0,0.01564026,-0.06452942,0.9977875,-33.29951,0.5017395,-31.304640000000003,3.389069,0.5686278,0.6105688,1.0,0.1674805,-0.0199585,0.985672,31.44527,1.47699,-28.001240000000003,3.693542,0.5207762,0.526673,-0.02839947,1.126508,-0.5583374,-0.05916093,-0.867518,0.4937097,5.297292,101.8975,33.13
24,0.01570129,-0.06451416,0.9977875,1.0,0.01564026,-0.06452942,0.9977875,-33.29951,0.5017395,-31.304640000000003,3.389069,0.5686278,0.6105688,1.0,0.1674805,-0.0199585,0.985672,31.44527,1.47699,-28.001240000000003,3.693542,0.5207762,0.526673,-0.02839947,1.126508,-0.5583374,-0.05916093,-0.867518,0.4937097,5.297292,101.8975,33.13
24,0.008529663,-0.09210205,0.995697,1.0,-0.0018463129999999,-0.09561157,0.9954071,-33.51659,0.1640625,-30.71695,3.336838,0.5778300999999999,0.6204824999999999,1.0,0.1168976,-0.05490112,0.9916229,31.336270000000003,1.532516,-28.48352,3.751633,0.5304433000000001,0.533266,-0.0208620999999999,1.13105,-0.5530636,0.06284487,0.8715424,-0.4862667999999999,5.297292,101.8975,33.13
24,0.008529663,-0.09210205,0.995697,1.0,-0.0018463129999999,-0.09561157,0.9954071,-33.51659,0.1640625,-30.71695,3.336838,0.5778300999999999,0.6204824999999999,1.0,0.1168976,-0.05490112,0.9916229,31.336270000000003,1.532516,-28.48352,3.751633,0.5304433000000001,0.533266,-0.0208620999999999,1.13105,-0.5530636,0.06284487,0.8715424,-0.4862667999999999,5.297292,101.8975,33.13
24,0.008529663,-0.09210205,0.995697,1.0,-0.0018463129999999,-0.09561157,0.9954071,-33.51659,0.1640625,-30.71695,3.336838,0.5778300999999999,0.6204824999999999,1.0,0.1168976,-0.05490112,0.9916229,31.336270000000003,1.532516,-28.48352,3.751633,0.5304433000000001,0.533266,-0.0208620999999999,1.13105,-0.5530636,0.06284487,0.8715424,-0.4862667999999999,5.297292,101.8975,33.13
24,-0.001586914,-0.05310059,0.9985809,1.0,-0.003051758,-0.0531311,0.9985809,-33.44978,0.3967285,-31.10941,3.388885,0.5760349,0.6109228,1.0,0.146637,-0.04992676,0.987915,31.28487,1.4367219999999998,-27.74706,3.659225,0.5286376,0.529349,-0.01376104,1.135797,-0.5477031,0.06810922,0.8754259,-0.4782335,5.297292,-23.27665,33.13
24,-0.001586914,-0.05310059,0.9985809,1.0,-0.003051758,-0.0531311,0.9985809,-33.44978,0.3967285,-31.10941,3.388885,0.5760349,0.6109228,1.0,0.146637,-0.04992676,0.987915,31.28487,1.4367219999999998,-27.74706,3.659225,0.5286376,0.529349,-0.01376104,1.135797,-0.5477031,0.06810922,0.8754259,-0.4782335,5.297292,-23.27665,33.13
24,-0.001586914,-0.05310059,0.9985809,1.0,-0.003051758,-0.0531311,0.9985809,-33.44978,0.3967285,-31.10941,3.388885,0.5760349,0.6109228,1.0,0.146637,-0.04992676,0.987915,31.28487,1.4367219999999998,-27.74706,3.659225,0.5286376,0.529349,-0.01376104,1.135797,-0.5477031,0.06810922,0.8754259,-0.4782335,5.297292,-23.27665,33.13
24,0.04260254,-0.008651733,0.999054,1.0,0.03979492,-0.009140015,0.9991608,-33.22614,0.8005371,-31.45161,3.351089,0.5631493000000001,0.594592,1.0,0.1916656,0.01721191,0.981308,31.36163,1.7344970000000002,-27.89586,3.795074,0.5207301999999999,0.5128814,-0.007189274,1.140165,-0.5417798,0.07482203,0.8794559000000001,-0.4692098,5.297292,-23.27665,33.13
24,0.04260254,-0.008651733,0.999054,1.0,0.03979492,-0.009140015,0.9991608,-33.22614,0.8005371,-31.45161,3.351089,0.5631493000000001,0.594592,1.0,0.1916656,0.01721191,0.981308,31.36163,1.7344970000000002,-27.89586,3.795074,0.5207301999999999,0.5128814,-0.007189274,1.140165,-0.5417798,0.07482203,0.8794559000000001,-0.4692098,5.297292,-23.27665,33.13
24,0.04260254,-0.008651733,0.999054,1.0,0.03979492,-0.009140015,0.9991608,-33.22614,0.8005371,-31.45161,3.351089,0.5631493000000001,0.594592,1.0,0.1916656,0.01721191,0.981308,31.36163,1.7344970000000002,-27.89586,3.795074,0.5207301999999999,0.5128814,-0.007189274,1.140165,-0.5417798,0.07482203,0.8794559000000001,-0.4692098,5.297292,-23.27665,33.13
24,0.04260254,-0.008651733,0.999054,1.0,0.03979492,-0.009140015,0.9991608,-33.22614,0.8005371,-31.45161,3.351089,0.5631493000000001,0.594592,1.0,0.1916656,0.01721191,0.981308,31.36163,1.7344970000000002,-27.89586,3.795074,0.5207301999999999,0.5128814,-0.0009245872,1.144132,-0.5352851,0.0809155,0.8822677,-0.4620297,5.297292,-23.27665,33.13
24,0.04260254,-0.008651733,0.999054,1.0,0.03979492,-0.009140015,0.9991608,-33.22614,0.8005371,-31.45161,3.351089,0.5631493000000001,0.594592,1.0,0.1916656,0.01721191,0.981308,31.36163,1.7344970000000002,-27.89586,3.795074,0.5207301999999999,0.5128814,-0.0009245872,1.144132,-0.5352851,0.0809155,0.8822677,-0.4620297,5.297292,-23.27665,33.13
24,0.04260254,-0.008651733,0.999054,1.0,0.03979492,-0.009140015,0.9991608,-33.22614,0.8005371,-31.45161,3.351089,0.5631493000000001,0.594592,1.0,0.1916656,0.01721191,0.981308,31.36163,1.7344970000000002,-27.89586,3.795074,0.5207301999999999,0.5128814,-0.0009245872,1.144132,-0.5352851,0.0809155,0.8822677,-0.4620297,5.297292,-23.27665,33.13
24,0.05082703,-0.009185791,0.9986572,1.0,0.05047607,-0.009246826,0.9986725,-33.268370000000004,0.8162231,-31.60681,3.299789,0.5633805000000001,0.5955427,1.0,0.1726378999999999,0.01344299,0.9848785,31.56161,2.068512,-29.439590000000003,3.634857,0.5163365,0.5152701,0.004853487,1.147373,-0.5283956,0.08481006,0.8842403,-0.4565278,5.297292,-23.27665,33.13
24,0.05082703,-0.009185791,0.9986572,1.0,0.05047607,-0.009246826,0.9986725,-33.268370000000004,0.8162231,-31.60681,3.299789,0.5633805000000001,0.5955427,1.0,0.1726378999999999,0.01344299,0.9848785,31.56161,2.068512,-29.439590000000003,3.634857,0.5163365,0.5152701,0.004853487,1.147373,-0.5283956,0.08481006,0.8842403,-0.4565278,5.297292,-23.27665,33.13
24,0.05082703,-0.009185791,0.9986572,1.0,0.05047607,-0.009246826,0.9986725,-33.268370000000004,0.8162231,-31.60681,3.299789,0.5633805000000001,0.5955427,1.0,0.1726378999999999,0.01344299,0.9848785,31.56161,2.068512,-29.439590000000003,3.634857,0.5163365,0.5152701,0.004853487,1.147373,-0.5283956,0.08481006,0.8842403,-0.4565278,5.297292,-23.27665,33.13
24,0.03759766,-0.05265808,0.9978943,1.0,0.03749084,-0.0526885999999999,0.9978943,-33.395070000000004,0.6025391,-31.36948,3.321518,0.5692748000000001,0.6061729,1.0,0.1690979,-0.0068511959999999,0.9855652,31.451490000000003,1.830185,-28.60442,3.681641,0.5204445,0.5185082999999999,0.009947062,1.149892,-0.5215281,0.08616824,0.8855433000000001,-0.4528712,5.297292,-23.27665,33.13
24,0.03759766,-0.05265808,0.9978943,1.0,0.03749084,-0.0526885999999999,0.9978943,-33.395070000000004,0.6025391,-31.36948,3.321518,0.5692748000000001,0.6061729,1.0,0.1690979,-0.0068511959999999,0.9855652,31.451490000000003,1.830185,-28.60442,3.681641,0.5204445,0.5185082999999999,0.009947062,1.149892,-0.5215281,0.08616824,0.8855433000000001,-0.4528712,5.297292,-23.27665,33.13
24,0.03759766,-0.05265808,0.9978943,1.0,0.03749084,-0.0526885999999999,0.9978943,-33.395070000000004,0.6025391,-31.36948,3.321518,0.5692748000000001,0.6061729,1.0,0.1690979,-0.0068511959999999,0.9855652,31.451490000000003,1.830185,-28.60442,3.681641,0.5204445,0.5185082999999999,0.009947062,1.149892,-0.5215281,0.08616824,0.8855433000000001,-0.4528712,5.297292,-23.27665,33.13
24,0.02125549,-0.06391907,0.9977264,1.0,0.02113342,-0.0639801,0.9977264,-33.432390000000005,0.6506195,-31.51544,3.226974,0.5726278,0.6072348000000001,1.0,0.1510925,-0.01087952,0.9884491,31.40831,1.777893,-28.44792,3.5761260000000004,0.5240974,0.519267,0.01423407,1.152152,-0.5151121,0.09001003,0.8862575999999999,-0.4493672999999999,5.297292,-23.27665,33.13
24,0.02125549,-0.06391907,0.9977264,1.0,0.02113342,-0.0639801,0.9977264,-33.432390000000005,0.6506195,-31.51544,3.226974,0.5726278,0.6072348000000001,1.0,0.1510925,-0.01087952,0.9884491,31.40831,1.777893,-28.44792,3.5761260000000004,0.5240974,0.519267,0.01423407,1.152152,-0.5151121,0.09001003,0.8862575999999999,-0.4493672999999999,5.297292,-23.27665,33.13
24,0.02125549,-0.06391907,0.9977264,1.0,0.02113342,-0.0639801,0.9977264,-33.432390000000005,0.6506195,-31.51544,3.226974,0.5726278,0.6072348000000001,1.0,0.1510925,-0.01087952,0.9884491,31.40831,1.777893,-28.44792,3.5761260000000004,0.5240974,0.519267,0.01423407,1.152152,-0.5151121,0.09001003,0.8862575999999999,-0.4493672999999999,5.297292,-23.27665,33.13
24,0.08699036,-0.04484558,0.9951935,1.0,0.007659912,-0.07015991,0.9974976,-33.54776,0.5837859999999999,-31.136,3.289963,0.5780738000000001,0.6066917,1.0,0.1333922999999999,-0.02980042,0.9906006,31.338590000000003,1.864471,-28.48494,3.561768,0.5285819,0.518934,0.01423407,1.152152,-0.5151121,0.09001003,0.8862575999999999,-0.4493672999999999,5.297292,-77.04919,33.13
24,0.08699036,-0.04484558,0.9951935,1.0,0.007659912,-0.07015991,0.9974976,-33.54776,0.5837859999999999,-31.136,3.289963,0.5780738000000001,0.6066917,1.0,0.1333922999999999,-0.02980042,0.9906006,31.338590000000003,1.864471,-28.48494,3.561768,0.5285819,0.518934,0.01423407,1.152152,-0.5151121,0.09001003,0.8862575999999999,-0.4493672999999999,5.297292,-77.04919,33.13
24,0.08699036,-0.04484558,0.9951935,1.0,0.007659912,-0.07015991,0.9974976,-33.54776,0.5837859999999999,-31.136,3.289963,0.5780738000000001,0.6066917,1.0,0.1333922999999999,-0.02980042,0.9906006,31.338590000000003,1.864471,-28.48494,3.561768,0.5285819,0.518934,0.01423407,1.152152,-0.5151121,0.09001003,0.8862575999999999,-0.4493672999999999,5.297292,-77.04919,33.13
24,-0.005065918,-0.06134033,0.9980927,1.0,-0.005310059,-0.06138611,0.9980927,-33.66533,0.5941466999999999,-31.17288,3.214859,0.5837572,0.6055493000000001,1.0,0.1477966,-0.03193665,0.9884949,31.10068,1.6783290000000002,-27.45862,3.625641,0.5347257,0.5166430000000001,0.01958179,1.156257,-0.5049532999999999,0.09147613,0.8875794,-0.4450140999999999,5.297292,-77.04919,33.13
24,-0.005065918,-0.06134033,0.9980927,1.0,-0.005310059,-0.06138611,0.9980927,-33.66533,0.5941466999999999,-31.17288,3.214859,0.5837572,0.6055493000000001,1.0,0.1477966,-0.03193665,0.9884949,31.10068,1.6783290000000002,-27.45862,3.625641,0.5347257,0.5166430000000001,0.01958179,1.156257,-0.5049532999999999,0.09147613,0.8875794,-0.4450140999999999,5.297292,-77.04919,33.13
24,-0.005065918,-0.06134033,0.9980927,1.0,-0.005310059,-0.06138611,0.9980927,-33.66533,0.5941466999999999,-31.17288,3.214859,0.5837572,0.6055493000000001,1.0,0.1477966,-0.03193665,0.9884949,31.10068,1.6783290000000002,-27.45862,3.625641,0.5347257,0.5166430000000001,0.01958179,1.156257,-0.5049532999999999,0.09147613,0.8875794,-0.4450140999999999,5.297292,-77.04919,33.13
24,-0.01303101,-0.07275391,0.9972534,1.0,-0.01304626,-0.07275391,0.9972534,-33.68892,0.6369629,-31.09822,3.162323,0.5854132,0.6046984000000001,1.0,0.1481627999999999,-0.03851318,0.988205,31.08479,1.7617029999999998,-27.54407,3.622971,0.5352366999999999,0.5153781,0.02141714,1.157773,-0.5016193,0.09262668,0.8888914000000001,-0.4417314999999999,5.297292,-77.04919,33.13
24,-0.01303101,-0.07275391,0.9972534,1.0,-0.01304626,-0.07275391,0.9972534,-33.68892,0.6369629,-31.09822,3.162323,0.5854132,0.6046984000000001,1.0,0.1481627999999999,-0.03851318,0.988205,31.08479,1.7617029999999998,-27.54407,3.622971,0.5352366999999999,0.5153781,0.02141714,1.157773,-0.5016193,0.09262668,0.8888914000000001,-0.4417314999999999,5.297292,-77.04919,33.13
24,-0.01303101,-0.07275391,0.9972534,1.0,-0.01304626,-0.07275391,0.9972534,-33.68892,0.6369629,-31.09822,3.162323,0.5854132,0.6046984000000001,1.0,0.1481627999999999,-0.03851318,0.988205,31.08479,1.7617029999999998,-27.54407,3.622971,0.5352366999999999,0.5153781,0.02141714,1.157773,-0.5016193,0.09262668,0.8888914000000001,-0.4417314999999999,5.297292,-77.04919,33.13
24,0.03863525,-0.06816101,0.9969177,1.0,-0.01837158,-0.07546997,0.9969635,-33.705659999999995,0.6218262,-31.02991,3.189835,0.5866203000000001,0.6049265,1.0,0.1462707999999999,-0.05371094,0.9877777,31.07916,1.758514,-27.5172,3.626526,0.5356366,0.5170654,0.02254605,1.158108,-0.4990385999999999,0.09419447,0.8890321,-0.4407772,5.297292,-77.04919,33.13
24,0.03863525,-0.06816101,0.9969177,1.0,-0.01837158,-0.07546997,0.9969635,-33.705659999999995,0.6218262,-31.02991,3.189835,0.5866203000000001,0.6049265,1.0,0.1462707999999999,-0.05371094,0.9877777,31.07916,1.758514,-27.5172,3.626526,0.5356366,0.5170654,0.02254605,1.158108,-0.4990385999999999,0.09419447,0.8890321,-0.4407772,5.297292,-77.04919,33.13
24,0.03863525,-0.06816101,0.9969177,1.0,-0.01837158,-0.07546997,0.9969635,-33.705659999999995,0.6218262,-31.02991,3.189835,0.5866203000000001,0.6049265,1.0,0.1462707999999999,-0.05371094,0.9877777,31.07916,1.758514,-27.5172,3.626526,0.5356366,0.5170654,0.02254605,1.158108,-0.4990385999999999,0.09419447,0.8890321,-0.4407772,5.297292,-77.04919,33.13
24,0.1189423,-0.05334473,0.9914551,1.0,-0.01586914,-0.07028198,0.9973907,-33.68913,0.5933075,-31.26093,3.196167,0.5859781,0.6075588000000001,1.0,0.1392212,-0.0506897,0.9889526,31.10091,1.672363,-27.56508,3.565414,0.5357673000000001,0.5199381,0.02365041,1.157995,-0.4964226,0.0961116,0.8881155999999999,-0.4417366,5.297292,77.99905,33.13
24,0.1189423,-0.05334473,0.9914551,1.0,-0.01586914,-0.07028198,0.9973907,-33.68913,0.5933075,-31.26093,3.196167,0.5859781,0.6075588000000001,1.0,0.1392212,-0.0506897,0.9889526,31.10091,1.672363,-27.56508,3.565414,0.5357673000000001,0.5199381,0.02365041,1.157995,-0.4964226,0.0961116,0.8881155999999999,-0.4417366,5.297292,77.99905,33.13
24,0.1189423,-0.05334473,0.9914551,1.0,-0.01586914,-0.07028198,0.9973907,-33.68913,0.5933075,-31.26093,3.196167,0.5859781,0.6075588000000001,1.0,0.1392212,-0.0506897,0.9889526,31.10091,1.672363,-27.56508,3.565414,0.5357673000000001,0.5199381,0.02365041,1.157995,-0.4964226,0.0961116,0.8881155999999999,-0.4417366,5.297292,77.99905,33.13
24,0.1255035,-0.05851746,0.9903564,1.0,-0.01849365,-0.07652283,0.9968872,-33.68425,0.5935669,-31.26093,3.154099,0.5860875,0.6082938,1.0,0.1380005,-0.05686951,0.9887848,31.1067,1.662766,-27.537540000000003,3.575073,0.5357050999999999,0.5207595,0.0247016,1.15737,-0.494535,0.09791865,0.8868341000000001,-0.4432965999999999,5.297292,77.99905,33.13
24,0.1255035,-0.05851746,0.9903564,1.0,-0.01849365,-0.07652283,0.9968872,-33.68425,0.5935669,-31.26093,3.154099,0.5860875,0.6082938,1.0,0.1380005,-0.05686951,0.9887848,31.1067,1.662766,-27.537540000000003,3.575073,0.5357050999999999,0.5207595,0.0247016,1.15737,-0.494535,0.09791865,0.8868341000000001,-0.4432965999999999,5.297292,77.99905,33.13
24,0.1255035,-0.05851746,0.9903564,1.0,-0.01849365,-0.07652283,0.9968872,-33.68425,0.5935669,-31.26093,3.154099,0.5860875,0.6082938,1.0,0.1380005,-0.05686951,0.9887848,31.1067,1.662766,-27.537540000000003,3.575073,0.5357050999999999,0.5207595,0.0247016,1.15737,-0.494535,0.09791865,0.8868341000000001,-0.4432965999999999,5.297292,77.99905,33.13
24,0.1255035,-0.05851746,0.9903564,1.0,-0.01849365,-0.07652283,0.9968872,-33.68425,0.5935669,-31.26093,3.154099,0.5860875,0.6082938,1.0,0.1380005,-0.05686951,0.9887848,31.1067,1.662766,-27.537540000000003,3.575073,0.5357050999999999,0.5207595,0.02596545,1.156125,-0.493221,0.1001078,0.8843924000000001,-0.4466507,5.297292,77.99905,33.13
24,0.1255035,-0.05851746,0.9903564,1.0,-0.01849365,-0.07652283,0.9968872,-33.68425,0.5935669,-31.26093,3.154099,0.5860875,0.6082938,1.0,0.1380005,-0.05686951,0.9887848,31.1067,1.662766,-27.537540000000003,3.575073,0.5357050999999999,0.5207595,0.02596545,1.156125,-0.493221,0.1001078,0.8843924000000001,-0.4466507,5.297292,77.99905,33.13
24,0.1255035,-0.05851746,0.9903564,1.0,-0.01849365,-0.07652283,0.9968872,-33.68425,0.5935669,-31.26093,3.154099,0.5860875,0.6082938,1.0,0.1380005,-0.05686951,0.9887848,31.1067,1.662766,-27.537540000000003,3.575073,0.5357050999999999,0.5207595,0.02596545,1.156125,-0.493221,0.1001078,0.8843924000000001,-0.4466507,5.297292,77.99905,33.13
24,0.2276306,-0.3433837999999999,0.9111786,1.0,0.2132567999999999,-0.3510895,0.9117126,-32.23453,-0.008758545,-31.454790000000003,2.785416,0.505426,0.6685061,1.0,0.3826140999999999,-0.2519073,0.8888855,32.05556,0.9762115,-28.06479,3.413239,0.4734929,0.5733234,0.02784967,1.154919,-0.4917139,0.1026869999999999,0.8809129000000001,-0.451506,5.297292,77.99905,33.13
24,0.2276306,-0.3433837999999999,0.9111786,1.0,0.2132567999999999,-0.3510895,0.9117126,-32.23453,-0.008758545,-31.454790000000003,2.785416,0.505426,0.6685061,1.0,0.3826140999999999,-0.2519073,0.8888855,32.05556,0.9762115,-28.06479,3.413239,0.4734929,0.5733234,0.02784967,1.154919,-0.4917139,0.1026869999999999,0.8809129000000001,-0.451506,5.297292,77.99905,33.13
24,0.2276306,-0.3433837999999999,0.9111786,1.0,0.2132567999999999,-0.3510895,0.9117126,-32.23453,-0.008758545,-31.454790000000003,2.785416,0.505426,0.6685061,1.0,0.3826140999999999,-0.2519073,0.8888855,32.05556,0.9762115,-28.06479,3.413239,0.4734929,0.5733234,0.02784967,1.154919,-0.4917139,0.1026869999999999,0.8809129000000001,-0.451506,5.297292,77.99905,33.13
24,0.2130737,-0.3189087,0.9235229,1.0,0.2106933999999999,-0.3194885,0.9238586,-32.28708,-0.01341248,-31.45256,3.020493,0.5080548,0.6641583000000001,1.0,0.3660430999999999,-0.276413,0.8885803,32.066790000000005,0.9380798,-28.06065,3.333374,0.4751282999999999,0.5775560000000001,0.02979469,1.15274,-0.491083,0.1055341,0.8767889999999999,-0.4574122,5.297292,77.99905,33.13
24,0.2130737,-0.3189087,0.9235229,1.0,0.2106933999999999,-0.3194885,0.9238586,-32.28708,-0.01341248,-31.45256,3.020493,0.5080548,0.6641583000000001,1.0,0.3660430999999999,-0.276413,0.8885803,32.066790000000005,0.9380798,-28.06065,3.333374,0.4751282999999999,0.5775560000000001,0.02979469,1.15274,-0.491083,0.1055341,0.8767889999999999,-0.4574122,5.297292,77.99905,33.13
24,0.2130737,-0.3189087,0.9235229,1.0,0.2106933999999999,-0.3194885,0.9238586,-32.28708,-0.01341248,-31.45256,3.020493,0.5080548,0.6641583000000001,1.0,0.3660430999999999,-0.276413,0.8885803,32.066790000000005,0.9380798,-28.06065,3.333374,0.4751282999999999,0.5775560000000001,0.02979469,1.15274,-0.491083,0.1055341,0.8767889999999999,-0.4574122,5.297292,77.99905,33.13
24,0.2130737,-0.3189087,0.9235229,1.0,0.2106933999999999,-0.3194885,0.9238586,-32.28708,-0.01341248,-31.45256,3.020493,0.5080548,0.6641583000000001,1.0,0.3660430999999999,-0.276413,0.8885803,32.066790000000005,0.9380798,-28.06065,3.333374,0.4751282999999999,0.5775560000000001,0.03226972,1.150708,-0.4905635999999999,0.110397,0.8717254000000001,-0.4630180999999999,5.297292,77.99905,33.13
24,0.2130737,-0.3189087,0.9235229,1.0,0.2106933999999999,-0.3194885,0.9238586,-32.28708,-0.01341248,-31.45256,3.020493,0.5080548,0.6641583000000001,1.0,0.3660430999999999,-0.276413,0.8885803,32.066790000000005,0.9380798,-28.06065,3.333374,0.4751282999999999,0.5775560000000001,0.03226972,1.150708,-0.4905635999999999,0.110397,0.8717254000000001,-0.4630180999999999,5.297292,77.99905,33.13
24,0.2130737,-0.3189087,0.9235229,1.0,0.2106933999999999,-0.3194885,0.9238586,-32.28708,-0.01341248,-31.45256,3.020493,0.5080548,0.6641583000000001,1.0,0.3660430999999999,-0.276413,0.8885803,32.066790000000005,0.9380798,-28.06065,3.333374,0.4751282999999999,0.5775560000000001,0.03226972,1.150708,-0.4905635999999999,0.110397,0.8717254000000001,-0.4630180999999999,5.297292,77.99905,33.13
24,0.207901,-0.2586212,0.9433289,1.0,0.1956177,-0.2596893,0.9456635,-32.37308,0.1539000999999999,-31.39835,2.953003,0.5129684,0.6493208,1.0,0.3399811,-0.2443847999999999,0.9081116,32.1983,1.038406,-28.05415,3.434235,0.4740627,0.5697373,0.03521729,1.148776,-0.4905403,0.1129498,0.8663059999999999,-0.4696149999999999,5.297292,-154.5868,33.13
24,0.207901,-0.2586212,0.9433289,1.0,0.1956177,-0.2596893,0.9456635,-32.37308,0.1539000999999999,-31.39835,2.953003,0.5129684,0.6493208,1.0,0.3399811,-0.2443847999999999,0.9081116,32.1983,1.038406,-28.05415,3.434235,0.4740627,0.5697373,0.03521729,1.148776,-0.4905403,0.1129498,0.8663059999999999,-0.4696149999999999,5.297292,-154.5868,33.13
24,0.207901,-0.2586212,0.9433289,1.0,0.1956177,-0.2596893,0.9456635,-32.37308,0.1539000999999999,-31.39835,2.953003,0.5129684,0.6493208,1.0,0.3399811,-0.2443847999999999,0.9081116,32.1983,1.038406,-28.05415,3.434235,0.4740627,0.5697373,0.03521729,1.148776,-0.4905403,0.1129498,0.8663059999999999,-0.4696149999999999,5.297292,-154.5868,33.13
24,0.2806396,-0.2312927,0.9315186,1.0,0.1726837,-0.244278,0.9541931,-32.42897,0.1811371,-31.37607,3.024979,0.5179533,0.6459001,1.0,0.3299561,-0.2242432,0.9169617,32.18285,1.111252,-28.03447,3.393921,0.4759026,0.5644569,0.03798699,1.145621,-0.4906920999999999,0.1178874,0.8601118000000001,-0.4756664,5.297292,-154.5868,33.13
24,0.2806396,-0.2312927,0.9315186,1.0,0.1726837,-0.244278,0.9541931,-32.42897,0.1811371,-31.37607,3.024979,0.5179533,0.6459001,1.0,0.3299561,-0.2242432,0.9169617,32.18285,1.111252,-28.03447,3.393921,0.4759026,0.5644569,0.03798699,1.145621,-0.4906920999999999,0.1178874,0.8601118000000001,-0.4756664,5.297292,-154.5868,33.13
24,0.2806396,-0.2312927,0.9315186,1.0,0.1726837,-0.244278,0.9541931,-32.42897,0.1811371,-31.37607,3.024979,0.5179533,0.6459001,1.0,0.3299561,-0.2242432,0.9169617,32.18285,1.111252,-28.03447,3.393921,0.4759026,0.5644569,0.03798699,1.145621,-0.4906920999999999,0.1178874,0.8601118000000001,-0.4756664,5.297292,-154.5868,33.13
24,0.2474212999999999,-0.2187195,0.9438934,1.0,0.1527557,-0.2371367999999999,0.9593811,-32.52293,0.1720886,-31.35327,3.003525,0.5237265999999999,0.6449193,1.0,0.3041687,-0.2064362,0.9299774,32.10287,1.115738,-28.01006,3.467133,0.4818399,0.5617055000000001,0.0405407,1.143586,-0.4908398,0.1168136999999999,0.8545915000000001,-0.4830534999999999,5.297292,-154.5868,33.13
24,0.2474212999999999,-0.2187195,0.9438934,1.0,0.1527557,-0.2371367999999999,0.9593811,-32.52293,0.1720886,-31.35327,3.003525,0.5237265999999999,0.6449193,1.0,0.3041687,-0.2064362,0.9299774,32.10287,1.115738,-28.01006,3.467133,0.4818399,0.5617055000000001,0.0405407,1.143586,-0.4908398,0.1168136999999999,0.8545915000000001,-0.4830534999999999,5.297292,-154.5868,33.13
24,0.2474212999999999,-0.2187195,0.9438934,1.0,0.1527557,-0.2371367999999999,0.9593811,-32.52293,0.1720886,-31.35327,3.003525,0.5237265999999999,0.6449193,1.0,0.3041687,-0.2064362,0.9299774,32.10287,1.115738,-28.01006,3.467133,0.4818399,0.5617055000000001,0.0405407,1.143586,-0.4908398,0.1168136999999999,0.8545915000000001,-0.4830534999999999,5.297292,-154.5868,33.13
24,0.2262114999999999,-0.1857452,0.956192,1.0,0.1473693999999999,-0.2340087999999999,0.9609833,-32.70061,0.2111359,-31.32091,3.035645,0.5306966,0.642813,1.0,0.287384,-0.1463165,0.9465637,31.93761,1.269882,-27.9539,3.404556,0.4896356,0.5484486,0.04264808,1.141118,-0.4916134,0.1188148,0.8495242000000001,-0.4886482,5.297292,-154.5868,33.13
24,0.2262114999999999,-0.1857452,0.956192,1.0,0.1473693999999999,-0.2340087999999999,0.9609833,-32.70061,0.2111359,-31.32091,3.035645,0.5306966,0.642813,1.0,0.287384,-0.1463165,0.9465637,31.93761,1.269882,-27.9539,3.404556,0.4896356,0.5484486,0.04264808,1.141118,-0.4916134,0.1188148,0.8495242000000001,-0.4886482,5.297292,-154.5868,33.13
24,0.2262114999999999,-0.1857452,0.956192,1.0,0.1473693999999999,-0.2340087999999999,0.9609833,-32.70061,0.2111359,-31.32091,3.035645,0.5306966,0.642813,1.0,0.287384,-0.1463165,0.9465637,31.93761,1.269882,-27.9539,3.404556,0.4896356,0.5484486,0.04264808,1.141118,-0.4916134,0.1188148,0.8495242000000001,-0.4886482,5.297292,-154.5868,33.13
24,0.2012939,-0.1664428999999999,0.965271,1.0,0.1235351999999999,-0.2112427,0.9695892,-32.77176,0.2803345,-31.29396,3.16684,0.5363851,0.637027,1.0,0.2680817,-0.1260986,0.9550934,31.86644,1.25946,-27.93748,3.4905699999999995,0.4944125,0.5461535,0.0445385,1.139228,-0.4926367,0.1239364,0.8461318999999999,-0.4906014,5.297292,-154.5868,33.13
24,0.2012939,-0.1664428999999999,0.965271,1.0,0.1235351999999999,-0.2112427,0.9695892,-32.77176,0.2803345,-31.29396,3.16684,0.5363851,0.637027,1.0,0.2680817,-0.1260986,0.9550934,31.86644,1.25946,-27.93748,3.4905699999999995,0.4944125,0.5461535,0.0445385,1.139228,-0.4926367,0.1239364,0.8461318999999999,-0.4906014,5.297292,-154.5868,33.13
24,0.2012939,-0.1664428999999999,0.965271,1.0,0.1235351999999999,-0.2112427,0.9695892,-32.77176,0.2803345,-31.29396,3.16684,0.5363851,0.637027,1.0,0.2680817,-0.1260986,0.9550934,31.86644,1.25946,-27.93748,3.4905699999999995,0.4944125,0.5461535,0.0445385,1.139228,-0.4926367,0.1239364,0.8461318999999999,-0.4906014,5.297292,-154.5868,33.13
24,0.193573,-0.1709595,0.9660645,1.0,0.1008606,-0.195694,0.9754486,-32.9249,0.3335724,-31.30077,3.172974,0.5446236999999999,0.6331118,1.0,0.2691192999999999,-0.1492462,0.9514618,31.69435,1.429184,-27.87279,3.551712,0.5000957,0.5427985,0.0460341,1.138294,-0.4940104999999999,0.1262693,0.8444345999999999,-0.491758,5.297292,115.2866,33.13
24,0.193573,-0.1709595,0.9660645,1.0,0.1008606,-0.195694,0.9754486,-32.9249,0.3335724,-31.30077,3.172974,0.5446236999999999,0.6331118,1.0,0.2691192999999999,-0.1492462,0.9514618,31.69435,1.429184,-27.87279,3.551712,0.5000957,0.5427985,0.0460341,1.138294,-0.4940104999999999,0.1262693,0.8444345999999999,-0.491758,5.297292,115.2866,33.13
24,0.193573,-0.1709595,0.9660645,1.0,0.1008606,-0.195694,0.9754486,-32.9249,0.3335724,-31.30077,3.172974,0.5446236999999999,0.6331118,1.0,0.2691192999999999,-0.1492462,0.9514618,31.69435,1.429184,-27.87279,3.551712,0.5000957,0.5427985,0.0460341,1.138294,-0.4940104999999999,0.1262693,0.8444345999999999,-0.491758,5.297292,115.2866,33.13
25,0.1894072999999999,-0.1493683,0.970459,1.0,0.09875488,-0.1903229,0.9767303,-32.93408,0.3153229,-31.33153,3.207779,0.5452829,0.6333850000000001,1.0,0.256897,-0.1173096,0.9592743,31.719890000000003,1.362686,-27.9182,3.530472,0.5007404000000001,0.5414644000000001,0.04775,1.137806,-0.4945127,0.1302957,0.8422984,-0.4925149,5.297292,115.2866,33.13
25,0.1894072999999999,-0.1493683,0.970459,1.0,0.09875488,-0.1903229,0.9767303,-32.93408,0.3153229,-31.33153,3.207779,0.5452829,0.6333850000000001,1.0,0.256897,-0.1173096,0.9592743,31.719890000000003,1.362686,-27.9182,3.530472,0.5007404000000001,0.5414644000000001,0.04775,1.137806,-0.4945127,0.1302957,0.8422984,-0.4925149,5.297292,115.2866,33.13
25,0.1894072999999999,-0.1493683,0.970459,1.0,0.09875488,-0.1903229,0.9767303,-32.93408,0.3153229,-31.33153,3.207779,0.5452829,0.6333850000000001,1.0,0.256897,-0.1173096,0.9592743,31.719890000000003,1.362686,-27.9182,3.530472,0.5007404000000001,0.5414644000000001,0.04775,1.137806,-0.4945127,0.1302957,0.8422984,-0.4925149,5.297292,115.2866,33.13
25,0.1665497,-0.1421051,0.9757233,1.0,0.08085632,-0.1684723,0.9823761,-32.96211,0.2884979,-31.314740000000004,3.154587,0.5484150999999999,0.6312395000000001,1.0,0.2401886,-0.1181641,0.963501,31.714340000000004,1.337479,-27.933000000000003,3.487457,0.5029591,0.5424561,0.04909921,1.137465,-0.4946650999999999,0.1326789,0.8407546999999999,-0.4930623999999999,5.297292,115.2866,33.13
25,0.1665497,-0.1421051,0.9757233,1.0,0.08085632,-0.1684723,0.9823761,-32.96211,0.2884979,-31.314740000000004,3.154587,0.5484150999999999,0.6312395000000001,1.0,0.2401886,-0.1181641,0.963501,31.714340000000004,1.337479,-27.933000000000003,3.487457,0.5029591,0.5424561,0.04909921,1.137465,-0.4946650999999999,0.1326789,0.8407546999999999,-0.4930623999999999,5.297292,115.2866,33.13
25,0.1665497,-0.1421051,0.9757233,1.0,0.08085632,-0.1684723,0.9823761,-32.96211,0.2884979,-31.314740000000004,3.154587,0.5484150999999999,0.6312395000000001,1.0,0.2401886,-0.1181641,0.963501,31.714340000000004,1.337479,-27.933000000000003,3.487457,0.5029591,0.5424561,0.04909921,1.137465,-0.4946650999999999,0.1326789,0.8407546999999999,-0.4930623999999999,5.297292,115.2866,33.13
25,0.1688232,-0.1348114,0.9763794,1.0,0.08120728,-0.1701812999999999,0.9820557,-32.96138,0.2816925,-31.31908,3.143814,0.5483342,0.6317409,1.0,0.2392426,-0.1050415,0.9652557,31.72751,1.323334,-27.98653,3.53981,0.5026172000000001,0.5418408,0.05128551,1.1371870000000002,-0.4945688,0.1347099,0.8384485,-0.4938952,5.297292,115.2866,33.13
25,0.1688232,-0.1348114,0.9763794,1.0,0.08120728,-0.1701812999999999,0.9820557,-32.96138,0.2816925,-31.31908,3.143814,0.5483342,0.6317409,1.0,0.2392426,-0.1050415,0.9652557,31.72751,1.323334,-27.98653,3.53981,0.5026172000000001,0.5418408,0.05128551,1.1371870000000002,-0.4945688,0.1347099,0.8384485,-0.4938952,5.297292,115.2866,33.13
25,0.1688232,-0.1348114,0.9763794,1.0,0.08120728,-0.1701812999999999,0.9820557,-32.96138,0.2816925,-31.31908,3.143814,0.5483342,0.6317409,1.0,0.2392426,-0.1050415,0.9652557,31.72751,1.323334,-27.98653,3.53981,0.5026172000000001,0.5418408,0.05128551,1.1371870000000002,-0.4945688,0.1347099,0.8384485,-0.4938952,5.297292,115.2866,33.13
25,0.1663361,-0.120575,0.978653,1.0,0.07215881,-0.1591339,0.9846039,-32.85992,0.2857666,-31.43115,3.2472990000000004,0.5461104999999999,0.631317,1.0,0.219574,-0.09788513,0.9706573,31.863740000000004,1.225357,-27.98216,3.514435,0.5004002000000001,0.5441136999999999,0.05474949,1.136694,-0.4934337,0.1388094,0.8349165999999999,-0.4945,5.297292,115.2866,33.13
25,0.1663361,-0.120575,0.978653,1.0,0.07215881,-0.1591339,0.9846039,-32.85992,0.2857666,-31.43115,3.2472990000000004,0.5461104999999999,0.631317,1.0,0.219574,-0.09788513,0.9706573,31.863740000000004,1.225357,-27.98216,3.514435,0.5004002000000001,0.5441136999999999,0.05474949,1.136694,-0.4934337,0.1388094,0.8349165999999999,-0.4945,5.297292,115.2866,33.13
25,0.1663361,-0.120575,0.978653,1.0,0.07215881,-0.1591339,0.9846039,-32.85992,0.2857666,-31.43115,3.2472990000000004,0.5461104999999999,0.631317,1.0,0.219574,-0.09788513,0.9706573,31.863740000000004,1.225357,-27.98216,3.514435,0.5004002000000001,0.5441136999999999,0.05474949,1.136694,-0.4934337,0.1388094,0.8349165999999999,-0.4945,5.297292,115.2866,33.13
25,0.1778717,-0.08479309,0.9803772,1.0,0.05157471,-0.1477966,0.9876556,-32.775040000000004,0.3274384,-31.5511,3.17955,0.5456755999999999,0.6294839,1.0,0.209259,-0.06858826,0.9754486,31.961270000000003,1.137405,-28.11302,3.460175,0.4983605,0.544586,0.05926299,1.135451,-0.4910465,0.145443,0.8299197,-0.4951332999999999,5.297292,56.35191,33.13
25,0.1778717,-0.08479309,0.9803772,1.0,0.05157471,-0.1477966,0.9876556,-32.775040000000004,0.3274384,-31.5511,3.17955,0.5456755999999999,0.6294839,1.0,0.209259,-0.06858826,0.9754486,31.961270000000003,1.137405,-28.11302,3.460175,0.4983605,0.544586,0.05926299,1.135451,-0.4910465,0.145443,0.8299197,-0.4951332999999999,5.297292,56.35191,33.13
25,0.1778717,-0.08479309,0.9803772,1.0,0.05157471,-0.1477966,0.9876556,-32.775040000000004,0.3274384,-31.5511,3.17955,0.5456755999999999,0.6294839,1.0,0.209259,-0.06858826,0.9754486,31.961270000000003,1.137405,-28.11302,3.460175,0.4983605,0.544586,0.05926299,1.135451,-0.4910465,0.145443,0.8299197,-0.4951332999999999,5.297292,56.35191,33.13
25,0.09553528,-0.1273193,0.9872437,1.0,0.04458618,-0.1524047999999999,0.9873046999999998,-32.751740000000005,0.3035277999999999,-31.520840000000003,3.178329,0.5456994000000001,0.6306126,1.0,0.1888427999999999,-0.07989502,0.9787445,31.96843,1.147598,-28.27873,3.495178,0.5005326,0.5470799,0.06468153,1.134043,-0.4876947,0.1526667,0.823942,-0.4959032999999999,5.297292,56.35191,33.13
25,0.09553528,-0.1273193,0.9872437,1.0,0.04458618,-0.1524047999999999,0.9873046999999998,-32.751740000000005,0.3035277999999999,-31.520840000000003,3.178329,0.5456994000000001,0.6306126,1.0,0.1888427999999999,-0.07989502,0.9787445,31.96843,1.147598,-28.27873,3.495178,0.5005326,0.5470799,0.06468153,1.134043,-0.4876947,0.1526667,0.823942,-0.4959032999999999,5.297292,56.35191,33.13
25,0.09553528,-0.1273193,0.9872437,1.0,0.04458618,-0.1524047999999999,0.9873046999999998,-32.751740000000005,0.3035277999999999,-31.520840000000003,3.178329,0.5456994000000001,0.6306126,1.0,0.1888427999999999,-0.07989502,0.9787445,31.96843,1.147598,-28.27873,3.495178,0.5005326,0.5470799,0.06468153,1.134043,-0.4876947,0.1526667,0.823942,-0.4959032999999999,5.297292,56.35191,33.13
25,0.04110718,-0.1281281,0.9908905,1.0,0.01992798,-0.1361084,0.9904785,-32.77795,0.2781219,-31.47311,3.197708,0.5496753000000001,0.6289145,1.0,0.1607819,-0.081604,0.9835968,31.915940000000003,1.214569,-28.47556,3.49617,0.5056662999999999,0.5467774000000001,0.07094717,1.132549,-0.4839062,0.1603693,0.8177189,-0.4949587,5.297292,56.35191,33.13
25,0.04110718,-0.1281281,0.9908905,1.0,0.01992798,-0.1361084,0.9904785,-32.77795,0.2781219,-31.47311,3.197708,0.5496753000000001,0.6289145,1.0,0.1607819,-0.081604,0.9835968,31.915940000000003,1.214569,-28.47556,3.49617,0.5056662999999999,0.5467774000000001,0.07094717,1.132549,-0.4839062,0.1603693,0.8177189,-0.4949587,5.297292,56.35191,33.13
25,0.04110718,-0.1281281,0.9908905,1.0,0.01992798,-0.1361084,0.9904785,-32.77795,0.2781219,-31.47311,3.197708,0.5496753000000001,0.6289145,1.0,0.1607819,-0.081604,0.9835968,31.915940000000003,1.214569,-28.47556,3.49617,0.5056662999999999,0.5467774000000001,0.07094717,1.132549,-0.4839062,0.1603693,0.8177189,-0.4949587,5.297292,56.35191,33.13
25,0.0267334,-0.1159515,0.9928894,1.0,-0.003112793,-0.1276398,0.991806,-32.825959999999995,0.2933655,-31.35951,3.130142,0.5540643,0.6260984,1.0,0.1381531,-0.07122803,0.9878386999999998,31.80943,1.271729,-28.69467,3.36911,0.5120562,0.5454621999999999,0.078058,1.131111,-0.4781502,0.1674505,0.808964,-0.4955187,5.297292,56.35191,33.13
25,0.0267334,-0.1159515,0.9928894,1.0,-0.003112793,-0.1276398,0.991806,-32.825959999999995,0.2933655,-31.35951,3.130142,0.5540643,0.6260984,1.0,0.1381531,-0.07122803,0.9878386999999998,31.80943,1.271729,-28.69467,3.36911,0.5120562,0.5454621999999999,0.078058,1.131111,-0.4781502,0.1674505,0.808964,-0.4955187,5.297292,56.35191,33.13
25,0.0267334,-0.1159515,0.9928894,1.0,-0.003112793,-0.1276398,0.991806,-32.825959999999995,0.2933655,-31.35951,3.130142,0.5540643,0.6260984,1.0,0.1381531,-0.07122803,0.9878386999999998,31.80943,1.271729,-28.69467,3.36911,0.5120562,0.5454621999999999,0.078058,1.131111,-0.4781502,0.1674505,0.808964,-0.4955187,5.297292,56.35191,33.13
25,0.09159851,-0.1001587,0.9907379,1.0,0.0003662109,-0.1372375,0.9905243,-32.67337,0.2697449,-31.63773,3.058517,0.5483803,0.6308826999999999,1.0,0.1670837,-0.06846619,0.983551,31.88203,1.21611,-28.834090000000003,3.497955,0.5060198,0.5483667,0.08591819,1.1299549999999998,-0.4713129,0.1754654,0.799172,-0.4948915,5.262694,56.35191,33.13
25,0.09159851,-0.1001587,0.9907379,1.0,0.0003662109,-0.1372375,0.9905243,-32.67337,0.2697449,-31.63773,3.058517,0.5483803,0.6308826999999999,1.0,0.1670837,-0.06846619,0.983551,31.88203,1.21611,-28.834090000000003,3.497955,0.5060198,0.5483667,0.08591819,1.1299549999999998,-0.4713129,0.1754654,0.799172,-0.4948915,5.262694,56.35191,33.13
25,0.09159851,-0.1001587,0.9907379,1.0,0.0003662109,-0.1372375,0.9905243,-32.67337,0.2697449,-31.63773,3.058517,0.5483803,0.6308826999999999,1.0,0.1670837,-0.06846619,0.983551,31.88203,1.21611,-28.834090000000003,3.497955,0.5060198,0.5483667,0.08591819,1.1299549999999998,-0.4713129,0.1754654,0.799172,-0.4948915,5.262694,56.35191,33.13
25,0.1068115,-0.1391753999999999,0.9844818,1.0,0.04360962,-0.1434783999999999,0.988678,-32.38354,0.2825012,-31.68588,3.191177,0.5329673,0.6317856,1.0,0.2238922,-0.1295928999999999,0.9659576,31.95496,0.8358306999999999,-27.55684,3.552246,0.4967630999999999,0.5572504,0.09423995,1.129225,-0.463614,0.1846185,0.7882943,-0.4923692,5.262694,56.35191,33.13
25,0.1068115,-0.1391753999999999,0.9844818,1.0,0.04360962,-0.1434783999999999,0.988678,-32.38354,0.2825012,-31.68588,3.191177,0.5329673,0.6317856,1.0,0.2238922,-0.1295928999999999,0.9659576,31.95496,0.8358306999999999,-27.55684,3.552246,0.4967630999999999,0.5572504,0.09423995,1.129225,-0.463614,0.1846185,0.7882943,-0.4923692,5.262694,56.35191,33.13
25,0.1068115,-0.1391753999999999,0.9844818,1.0,0.04360962,-0.1434783999999999,0.988678,-32.38354,0.2825012,-31.68588,3.191177,0.5329673,0.6317856,1.0,0.2238922,-0.1295928999999999,0.9659576,31.95496,0.8358306999999999,-27.55684,3.552246,0.4967630999999999,0.5572504,0.09423995,1.129225,-0.463614,0.1846185,0.7882943,-0.4923692,5.262694,56.35191,33.13
25,0.1270446999999999,-0.1811066,0.9752045,1.0,0.09381104,-0.1911926,0.9770508,-32.1356,0.01756287,-31.5499,3.043228,0.5176536,0.6459512,1.0,0.2603302,-0.1379547,0.9555969,32.18373,0.5978088,-28.4637,3.5319519999999995,0.4843228,0.5745873,0.1024331999999999,1.128853,-0.4542941,0.1924827,0.7752329000000001,-0.4913145,5.262694,-39.05548,33.13
25,0.1270446999999999,-0.1811066,0.9752045,1.0,0.09381104,-0.1911926,0.9770508,-32.1356,0.01756287,-31.5499,3.043228,0.5176536,0.6459512,1.0,0.2603302,-0.1379547,0.9555969,32.18373,0.5978088,-28.4637,3.5319519999999995,0.4843228,0.5745873,0.1024331999999999,1.128853,-0.4542941,0.1924827,0.7752329000000001,-0.4913145,5.262694,-39.05548,33.13
25,0.1270446999999999,-0.1811066,0.9752045,1.0,0.09381104,-0.1911926,0.9770508,-32.1356,0.01756287,-31.5499,3.043228,0.5176536,0.6459512,1.0,0.2603302,-0.1379547,0.9555969,32.18373,0.5978088,-28.4637,3.5319519999999995,0.4843228,0.5745873,0.1024331999999999,1.128853,-0.4542941,0.1924827,0.7752329000000001,-0.4913145,5.262694,-39.05548,33.13
25,0.1098785,-0.2348175,0.9658051,1.0,0.1003571,-0.2372284,0.9662476,-32.13889,-0.1011353,-31.54727,3.067749,0.5169231,0.6562796999999999,1.0,0.2744293,-0.1891022,0.9428253,32.171479999999995,0.4829254,-28.48253,3.369522,0.4829229,0.5850092,0.1105216,1.129115,-0.4445702,0.1988705,0.7628759,-0.4890247,5.262694,-39.05548,33.13
25,0.1098785,-0.2348175,0.9658051,1.0,0.1003571,-0.2372284,0.9662476,-32.13889,-0.1011353,-31.54727,3.067749,0.5169231,0.6562796999999999,1.0,0.2744293,-0.1891022,0.9428253,32.171479999999995,0.4829254,-28.48253,3.369522,0.4829229,0.5850092,0.1105216,1.129115,-0.4445702,0.1988705,0.7628759,-0.4890247,5.262694,-39.05548,33.13
25,0.1098785,-0.2348175,0.9658051,1.0,0.1003571,-0.2372284,0.9662476,-32.13889,-0.1011353,-31.54727,3.067749,0.5169231,0.6562796999999999,1.0,0.2744293,-0.1891022,0.9428253,32.171479999999995,0.4829254,-28.48253,3.369522,0.4829229,0.5850092,0.1105216,1.129115,-0.4445702,0.1988705,0.7628759,-0.4890247,5.262694,-39.05548,33.13
25,0.1098785,-0.2348175,0.9658051,1.0,0.1003571,-0.2372284,0.9662476,-32.13889,-0.1011353,-31.54727,3.067749,0.5169231,0.6562796999999999,1.0,0.2744293,-0.1891022,0.9428253,32.171479999999995,0.4829254,-28.48253,3.369522,0.4829229,0.5850092,0.118397,1.1298700000000002,-0.4340649,0.2026831,0.7507590000000001,-0.4863109,5.262694,-39.05548,33.13
25,0.1098785,-0.2348175,0.9658051,1.0,0.1003571,-0.2372284,0.9662476,-32.13889,-0.1011353,-31.54727,3.067749,0.5169231,0.6562796999999999,1.0,0.2744293,-0.1891022,0.9428253,32.171479999999995,0.4829254,-28.48253,3.369522,0.4829229,0.5850092,0.118397,1.1298700000000002,-0.4340649,0.2026831,0.7507590000000001,-0.4863109,5.262694,-39.05548,33.13
25,0.1098785,-0.2348175,0.9658051,1.0,0.1003571,-0.2372284,0.9662476,-32.13889,-0.1011353,-31.54727,3.067749,0.5169231,0.6562796999999999,1.0,0.2744293,-0.1891022,0.9428253,32.171479999999995,0.4829254,-28.48253,3.369522,0.4829229,0.5850092,0.118397,1.1298700000000002,-0.4340649,0.2026831,0.7507590000000001,-0.4863109,5.262694,-39.05548,33.13
25,0.099823,-0.1897736,0.9767303,1.0,0.03153992,-0.2092896,0.9773407,-32.7381,-0.1548462,-31.38373,3.054977,0.5465899000000001,0.6527510999999999,1.0,0.1604767,-0.171524,0.9720154,31.870990000000003,0.5280151,-28.22083,3.401688,0.5070863,0.5786110999999999,0.1255136,1.130937,-0.4232165,0.2075731999999999,0.7367362,-0.483951,5.262694,-39.05548,33.13
25,0.099823,-0.1897736,0.9767303,1.0,0.03153992,-0.2092896,0.9773407,-32.7381,-0.1548462,-31.38373,3.054977,0.5465899000000001,0.6527510999999999,1.0,0.1604767,-0.171524,0.9720154,31.870990000000003,0.5280151,-28.22083,3.401688,0.5070863,0.5786110999999999,0.1255136,1.130937,-0.4232165,0.2075731999999999,0.7367362,-0.483951,5.262694,-39.05548,33.13
25,0.099823,-0.1897736,0.9767303,1.0,0.03153992,-0.2092896,0.9773407,-32.7381,-0.1548462,-31.38373,3.054977,0.5465899000000001,0.6527510999999999,1.0,0.1604767,-0.171524,0.9720154,31.870990000000003,0.5280151,-28.22083,3.401688,0.5070863,0.5786110999999999,0.1255136,1.130937,-0.4232165,0.2075731999999999,0.7367362,-0.483951,5.262694,-39.05548,33.13
25,-0.01803589,-0.2137755999999999,0.9766998,1.0,-0.02041626,-0.2145691,0.9764862,-32.98103,-0.2102203,-31.1378,3.036972,0.5614526,0.6529182,1.0,0.1217193999999999,-0.1647797,0.978775,31.665440000000004,0.3860168,-27.665190000000003,3.442856,0.5186626,0.5775176,0.1320636,1.132403,-0.4122205,0.2117577,0.7233377,-0.4801003,5.262694,-19.91692,33.13
25,-0.01803589,-0.2137755999999999,0.9766998,1.0,-0.02041626,-0.2145691,0.9764862,-32.98103,-0.2102203,-31.1378,3.036972,0.5614526,0.6529182,1.0,0.1217193999999999,-0.1647797,0.978775,31.665440000000004,0.3860168,-27.665190000000003,3.442856,0.5186626,0.5775176,0.1320636,1.132403,-0.4122205,0.2117577,0.7233377,-0.4801003,5.262694,-19.91692,33.13
25,-0.01803589,-0.2137755999999999,0.9766998,1.0,-0.02041626,-0.2145691,0.9764862,-32.98103,-0.2102203,-31.1378,3.036972,0.5614526,0.6529182,1.0,0.1217193999999999,-0.1647797,0.978775,31.665440000000004,0.3860168,-27.665190000000003,3.442856,0.5186626,0.5775176,0.1320636,1.132403,-0.4122205,0.2117577,0.7233377,-0.4801003,5.262694,-19.91692,33.13
25,-0.04190063,-0.2124938999999999,0.9762573,1.0,-0.04586792,-0.2139587,0.9757538,-33.09596,-0.2234954999999999,-31.05446,3.005112,0.568574,0.6524898,1.0,0.1217041,-0.1487732,0.9813385,31.55092,0.6899261,-28.76442,3.401642,0.5226208,0.5754001,0.1383312,1.134077,-0.4010953,0.2157731,0.7110838,-0.475333,5.262694,-19.91692,33.13
25,-0.04190063,-0.2124938999999999,0.9762573,1.0,-0.04586792,-0.2139587,0.9757538,-33.09596,-0.2234954999999999,-31.05446,3.005112,0.568574,0.6524898,1.0,0.1217041,-0.1487732,0.9813385,31.55092,0.6899261,-28.76442,3.401642,0.5226208,0.5754001,0.1383312,1.134077,-0.4010953,0.2157731,0.7110838,-0.475333,5.262694,-19.91692,33.13
25,-0.04190063,-0.2124938999999999,0.9762573,1.0,-0.04586792,-0.2139587,0.9757538,-33.09596,-0.2234954999999999,-31.05446,3.005112,0.568574,0.6524898,1.0,0.1217041,-0.1487732,0.9813385,31.55092,0.6899261,-28.76442,3.401642,0.5226208,0.5754001,0.1383312,1.134077,-0.4010953,0.2157731,0.7110838,-0.475333,5.262694,-19.91692,33.13
25,-0.04190063,-0.2124938999999999,0.9762573,1.0,-0.04586792,-0.2139587,0.9757538,-33.09596,-0.2234954999999999,-31.05446,3.005112,0.568574,0.6524898,1.0,0.1217041,-0.1487732,0.9813385,31.55092,0.6899261,-28.76442,3.401642,0.5226208,0.5754001,0.1434665,1.135852,-0.3901123,0.2212994,0.6978201999999999,-0.4706255999999999,5.262694,-19.91692,33.13
25,-0.04190063,-0.2124938999999999,0.9762573,1.0,-0.04586792,-0.2139587,0.9757538,-33.09596,-0.2234954999999999,-31.05446,3.005112,0.568574,0.6524898,1.0,0.1217041,-0.1487732,0.9813385,31.55092,0.6899261,-28.76442,3.401642,0.5226208,0.5754001,0.1434665,1.135852,-0.3901123,0.2212994,0.6978201999999999,-0.4706255999999999,5.262694,-19.91692,33.13
25,-0.04190063,-0.2124938999999999,0.9762573,1.0,-0.04586792,-0.2139587,0.9757538,-33.09596,-0.2234954999999999,-31.05446,3.005112,0.568574,0.6524898,1.0,0.1217041,-0.1487732,0.9813385,31.55092,0.6899261,-28.76442,3.401642,0.5226208,0.5754001,0.1434665,1.135852,-0.3901123,0.2212994,0.6978201999999999,-0.4706255999999999,5.262694,-19.91692,33.13
25,0.01072693,-0.2465362999999999,0.9690704,1.0,0.0099334719999999,-0.2467651,0.9690094,-32.63834,-0.2815247,-31.36996,2.99295,0.5456988,0.6620148,1.0,0.155304,-0.2003174,0.9673309,31.771320000000003,0.4036255,-28.286790000000003,3.334961,0.5110569,0.5870135000000001,0.1485517,1.137781,-0.3794116,0.2269777,0.6851055,-0.4639180999999999,5.262694,-19.91692,33.13
25,0.01072693,-0.2465362999999999,0.9690704,1.0,0.0099334719999999,-0.2467651,0.9690094,-32.63834,-0.2815247,-31.36996,2.99295,0.5456988,0.6620148,1.0,0.155304,-0.2003174,0.9673309,31.771320000000003,0.4036255,-28.286790000000003,3.334961,0.5110569,0.5870135000000001,0.1485517,1.137781,-0.3794116,0.2269777,0.6851055,-0.4639180999999999,5.262694,-19.91692,33.13
25,0.01072693,-0.2465362999999999,0.9690704,1.0,0.0099334719999999,-0.2467651,0.9690094,-32.63834,-0.2815247,-31.36996,2.99295,0.5456988,0.6620148,1.0,0.155304,-0.2003174,0.9673309,31.771320000000003,0.4036255,-28.286790000000003,3.334961,0.5110569,0.5870135000000001,0.1485517,1.137781,-0.3794116,0.2269777,0.6851055,-0.4639180999999999,5.262694,-19.91692,33.13
25,0.09858704,-0.291687,0.951416,1.0,0.09092712,-0.2953949,0.9510345,-32.31308,-0.3120575,-31.44019,2.903152,0.5239105,0.6705211,1.0,0.2230072,-0.2279357999999999,0.9477844,31.977840000000004,0.2453612999999999,-28.3716,3.426422,0.4957037999999999,0.5967844,0.1533124,1.139424,-0.368915,0.2325321,0.6736779,-0.4564989,5.262694,-19.91692,33.13
25,0.09858704,-0.291687,0.951416,1.0,0.09092712,-0.2953949,0.9510345,-32.31308,-0.3120575,-31.44019,2.903152,0.5239105,0.6705211,1.0,0.2230072,-0.2279357999999999,0.9477844,31.977840000000004,0.2453612999999999,-28.3716,3.426422,0.4957037999999999,0.5967844,0.1533124,1.139424,-0.368915,0.2325321,0.6736779,-0.4564989,5.262694,-19.91692,33.13
25,0.09858704,-0.291687,0.951416,1.0,0.09092712,-0.2953949,0.9510345,-32.31308,-0.3120575,-31.44019,2.903152,0.5239105,0.6705211,1.0,0.2230072,-0.2279357999999999,0.9477844,31.977840000000004,0.2453612999999999,-28.3716,3.426422,0.4957037999999999,0.5967844,0.1533124,1.139424,-0.368915,0.2325321,0.6736779,-0.4564989,5.262694,-19.91692,33.13
25,0.2416687,-0.3799132999999999,0.8928833,1.0,0.1334686,-0.4160156,0.8994904,-32.09253,-0.5473938,-31.56915,2.8168490000000004,0.5105346,0.6976485,1.0,0.3199921,-0.349884,0.8804320999999999,32.17326,-0.0743866,-28.52351,3.368225,0.4767005999999999,0.6255385,0.1577418,1.140693,-0.3587232,0.2387880999999999,0.6623992,-0.4487196,5.262694,-19.91692,33.13
25,0.2416687,-0.3799132999999999,0.8928833,1.0,0.1334686,-0.4160156,0.8994904,-32.09253,-0.5473938,-31.56915,2.8168490000000004,0.5105346,0.6976485,1.0,0.3199921,-0.349884,0.8804320999999999,32.17326,-0.0743866,-28.52351,3.368225,0.4767005999999999,0.6255385,0.1577418,1.140693,-0.3587232,0.2387880999999999,0.6623992,-0.4487196,5.262694,-19.91692,33.13
25,0.2416687,-0.3799132999999999,0.8928833,1.0,0.1334686,-0.4160156,0.8994904,-32.09253,-0.5473938,-31.56915,2.8168490000000004,0.5105346,0.6976485,1.0,0.3199921,-0.349884,0.8804320999999999,32.17326,-0.0743866,-28.52351,3.368225,0.4767005999999999,0.6255385,0.1577418,1.140693,-0.3587232,0.2387880999999999,0.6623992,-0.4487196,5.262694,-19.91692,33.13
25,0.2212067,-0.3549042,0.9083405,1.0,0.119278,-0.3665314,0.9227142,-32.23254,-0.5945282,-31.55406,2.828094,0.5173455,0.6919469,1.0,0.2874450999999999,-0.3451079999999999,0.8934479,32.20023,-0.08044434,-28.5153,3.418121,0.4798742,0.6247668000000001,0.1611977,1.141512,-0.3487485999999999,0.2445119999999999,0.6508725999999999,-0.4425444999999999,5.262694,36.01768,33.13
25,0.2212067,-0.3549042,0.9083405,1.0,0.119278,-0.3665314,0.9227142,-32.23254,-0.5945282,-31.55406,2.828094,0.5173455,0.6919469,1.0,0.2874450999999999,-0.3451079999999999,0.8934479,32.20023,-0.08044434,-28.5153,3.418121,0.4798742,0.6247668000000001,0.1611977,1.141512,-0.3487485999999999,0.2445119999999999,0.6508725999999999,-0.4425444999999999,5.262694,36.01768,33.13
25,0.2212067,-0.3549042,0.9083405,1.0,0.119278,-0.3665314,0.9227142,-32.23254,-0.5945282,-31.55406,2.828094,0.5173455,0.6919469,1.0,0.2874450999999999,-0.3451079999999999,0.8934479,32.20023,-0.08044434,-28.5153,3.418121,0.4798742,0.6247668000000001,0.1611977,1.141512,-0.3487485999999999,0.2445119999999999,0.6508725999999999,-0.4425444999999999,5.262694,36.01768,33.13
25,0.2083587999999999,-0.3454284999999999,0.9150085,1.0,0.1065216,-0.3501892,0.9305878,-32.33051,-0.6387329,-31.55566,3.014053,0.5227102,0.6911710999999999,1.0,0.2659149,-0.3410187,0.9016571,32.20262,-0.09367371,-28.50436,3.452667,0.4824753,0.6244231,0.1637011,1.142162,-0.3391898,0.2510845,0.6389118,-0.4372632000000001,5.262694,36.01768,33.13
25,0.2083587999999999,-0.3454284999999999,0.9150085,1.0,0.1065216,-0.3501892,0.9305878,-32.33051,-0.6387329,-31.55566,3.014053,0.5227102,0.6911710999999999,1.0,0.2659149,-0.3410187,0.9016571,32.20262,-0.09367371,-28.50436,3.452667,0.4824753,0.6244231,0.1637011,1.142162,-0.3391898,0.2510845,0.6389118,-0.4372632000000001,5.262694,36.01768,33.13
25,0.2083587999999999,-0.3454284999999999,0.9150085,1.0,0.1065216,-0.3501892,0.9305878,-32.33051,-0.6387329,-31.55566,3.014053,0.5227102,0.6911710999999999,1.0,0.2659149,-0.3410187,0.9016571,32.20262,-0.09367371,-28.50436,3.452667,0.4824753,0.6244231,0.1637011,1.142162,-0.3391898,0.2510845,0.6389118,-0.4372632000000001,5.262694,36.01768,33.13
25,0.2047119,-0.3456573,0.915741,1.0,0.1001891999999999,-0.3535156,0.9300385,-32.37633,-0.627182,-31.54111,2.973953,0.5250722,0.6910480999999999,1.0,0.2605896,-0.3397675,0.9036713,32.20142,-0.09927368,-28.50467,3.4516910000000003,0.4831794,0.6244231,0.1654904,1.1432,-0.329732,0.2577073,0.6272043,-0.432981,5.262694,36.01768,33.13
25,0.2047119,-0.3456573,0.915741,1.0,0.1001891999999999,-0.3535156,0.9300385,-32.37633,-0.627182,-31.54111,2.973953,0.5250722,0.6910480999999999,1.0,0.2605896,-0.3397675,0.9036713,32.20142,-0.09927368,-28.50467,3.4516910000000003,0.4831794,0.6244231,0.1654904,1.1432,-0.329732,0.2577073,0.6272043,-0.432981,5.262694,36.01768,33.13
25,0.2047119,-0.3456573,0.915741,1.0,0.1001891999999999,-0.3535156,0.9300385,-32.37633,-0.627182,-31.54111,2.973953,0.5250722,0.6910480999999999,1.0,0.2605896,-0.3397675,0.9036713,32.20142,-0.09927368,-28.50467,3.4516910000000003,0.4831794,0.6244231,0.1654904,1.1432,-0.329732,0.2577073,0.6272043,-0.432981,5.262694,36.01768,33.13
25,0.1576385,-0.334671,0.9290466,1.0,0.08467102,-0.3458405,0.9344482,-32.45456,-0.5982360999999999,-31.51744,2.924759,0.5297377,0.6886194,1.0,0.2016602,-0.3269805999999999,0.9232483,32.18793,-0.06132507,-28.44681,3.469177,0.4909358,0.6206069000000001,0.1672609,1.144458,-0.3212762,0.2626103,0.6169306,-0.4282644,5.262694,36.01768,33.13
25,0.1576385,-0.334671,0.9290466,1.0,0.08467102,-0.3458405,0.9344482,-32.45456,-0.5982360999999999,-31.51744,2.924759,0.5297377,0.6886194,1.0,0.2016602,-0.3269805999999999,0.9232483,32.18793,-0.06132507,-28.44681,3.469177,0.4909358,0.6206069000000001,0.1672609,1.144458,-0.3212762,0.2626103,0.6169306,-0.4282644,5.262694,36.01768,33.13
25,0.1576385,-0.334671,0.9290466,1.0,0.08467102,-0.3458405,0.9344482,-32.45456,-0.5982360999999999,-31.51744,2.924759,0.5297377,0.6886194,1.0,0.2016602,-0.3269805999999999,0.9232483,32.18793,-0.06132507,-28.44681,3.469177,0.4909358,0.6206069000000001,0.1672609,1.144458,-0.3212762,0.2626103,0.6169306,-0.4282644,5.262694,36.01768,33.13
25,0.1434631,-0.3083649,0.9403839,1.0,0.05993652,-0.3521118,0.934021,-32.52515,-0.5130768,-31.47591,3.012772,0.5354720000000001,0.6859460000000001,1.0,0.2026672,-0.2752228,0.9397583,32.173320000000004,0.05155945,-28.40375,3.539642,0.4913907999999999,0.6096226,0.1689786,1.14585,-0.3132245999999999,0.2673747,0.6073071999999999,-0.4220738,5.262694,-62.44814,33.13
25,0.1434631,-0.3083649,0.9403839,1.0,0.05993652,-0.3521118,0.934021,-32.52515,-0.5130768,-31.47591,3.012772,0.5354720000000001,0.6859460000000001,1.0,0.2026672,-0.2752228,0.9397583,32.173320000000004,0.05155945,-28.40375,3.539642,0.4913907999999999,0.6096226,0.1689786,1.14585,-0.3132245999999999,0.2673747,0.6073071999999999,-0.4220738,5.262694,-62.44814,33.13
25,0.1434631,-0.3083649,0.9403839,1.0,0.05993652,-0.3521118,0.934021,-32.52515,-0.5130768,-31.47591,3.012772,0.5354720000000001,0.6859460000000001,1.0,0.2026672,-0.2752228,0.9397583,32.173320000000004,0.05155945,-28.40375,3.539642,0.4913907999999999,0.6096226,0.1689786,1.14585,-0.3132245999999999,0.2673747,0.6073071999999999,-0.4220738,5.262694,-62.44814,33.13
25,0.02246094,-0.3672790999999999,0.9298248,1.0,-0.07455444,-0.3792877,0.9222565,-32.794979999999995,-0.5006104,-31.43245,3.0294950000000003,0.562138,0.6889036000000001,1.0,0.09591675,-0.3558197,0.9296112,31.56131,-0.09082031,-28.33754,3.581696,0.5249761,0.6243694000000001,0.1705958,1.147567,-0.3055189,0.2703837,0.5989846999999999,-0.4152165,5.262694,-62.44814,33.13
25,0.02246094,-0.3672790999999999,0.9298248,1.0,-0.07455444,-0.3792877,0.9222565,-32.794979999999995,-0.5006104,-31.43245,3.0294950000000003,0.562138,0.6889036000000001,1.0,0.09591675,-0.3558197,0.9296112,31.56131,-0.09082031,-28.33754,3.581696,0.5249761,0.6243694000000001,0.1705958,1.147567,-0.3055189,0.2703837,0.5989846999999999,-0.4152165,5.262694,-62.44814,33.13
25,0.02246094,-0.3672790999999999,0.9298248,1.0,-0.07455444,-0.3792877,0.9222565,-32.794979999999995,-0.5006104,-31.43245,3.0294950000000003,0.562138,0.6889036000000001,1.0,0.09591675,-0.3558197,0.9296112,31.56131,-0.09082031,-28.33754,3.581696,0.5249761,0.6243694000000001,0.1705958,1.147567,-0.3055189,0.2703837,0.5989846999999999,-0.4152165,5.262694,-62.44814,33.13
25,-0.1044464,-0.4014587,0.9098815999999998,1.0,-0.1381378,-0.4236145,0.8952332000000001,-33.20364,-0.5814514000000001,-31.43893,2.773666,0.5847784,0.6987576999999999,1.0,-0.04290771,-0.359436,0.9321747,31.15491,-0.2288817999999999,-28.44377,3.848419,0.5551325,0.6311471,0.1717173,1.149556,-0.2983883,0.273248,0.5907923,-0.4085379,5.262694,-62.44814,33.13
25,-0.1044464,-0.4014587,0.9098815999999998,1.0,-0.1381378,-0.4236145,0.8952332000000001,-33.20364,-0.5814514000000001,-31.43893,2.773666,0.5847784,0.6987576999999999,1.0,-0.04290771,-0.359436,0.9321747,31.15491,-0.2288817999999999,-28.44377,3.848419,0.5551325,0.6311471,0.1717173,1.149556,-0.2983883,0.273248,0.5907923,-0.4085379,5.262694,-62.44814,33.13
25,-0.1044464,-0.4014587,0.9098815999999998,1.0,-0.1381378,-0.4236145,0.8952332000000001,-33.20364,-0.5814514000000001,-31.43893,2.773666,0.5847784,0.6987576999999999,1.0,-0.04290771,-0.359436,0.9321747,31.15491,-0.2288817999999999,-28.44377,3.848419,0.5551325,0.6311471,0.1717173,1.149556,-0.2983883,0.273248,0.5907923,-0.4085379,5.262694,-62.44814,33.13
25,-0.09020996,-0.3971863,0.9132843,1.0,-0.142334,-0.4120026,0.8999939,-33.24577,-0.6100922,-31.44327,2.897263,0.5868888000000001,0.6981503000000001,1.0,-0.03677368,-0.3808136,0.9239197,31.12617,-0.2522278,-28.427190000000003,3.742722,0.5554878000000001,0.634604,0.1723456,1.151435,-0.291339,0.2761835,0.582616,-0.4020584,5.262694,-62.44814,33.13
25,-0.09020996,-0.3971863,0.9132843,1.0,-0.142334,-0.4120026,0.8999939,-33.24577,-0.6100922,-31.44327,2.897263,0.5868888000000001,0.6981503000000001,1.0,-0.03677368,-0.3808136,0.9239197,31.12617,-0.2522278,-28.427190000000003,3.742722,0.5554878000000001,0.634604,0.1723456,1.151435,-0.291339,0.2761835,0.582616,-0.4020584,5.262694,-62.44814,33.13
25,-0.09020996,-0.3971863,0.9132843,1.0,-0.142334,-0.4120026,0.8999939,-33.24577,-0.6100922,-31.44327,2.897263,0.5868888000000001,0.6981503000000001,1.0,-0.03677368,-0.3808136,0.9239197,31.12617,-0.2522278,-28.427190000000003,3.742722,0.5554878000000001,0.634604,0.1723456,1.151435,-0.291339,0.2761835,0.582616,-0.4020584,5.262694,-62.44814,33.13
25,-0.09268188,-0.3933868,0.9146729,1.0,-0.1914978,-0.372467,0.9080658,-33.2532,-0.6191559,-31.4481,3.1061400000000003,0.5935615,0.693194,1.0,-0.04692078,-0.4016724,0.914566,31.16371,-0.2468109,-28.42661,3.848892,0.5553107,0.6372374,0.1730999,1.153713,-0.2844792,0.2766212999999999,0.5764213,-0.3954139,5.262694,-62.44814,33.13
25,-0.09268188,-0.3933868,0.9146729,1.0,-0.1914978,-0.372467,0.9080658,-33.2532,-0.6191559,-31.4481,3.1061400000000003,0.5935615,0.693194,1.0,-0.04692078,-0.4016724,0.914566,31.16371,-0.2468109,-28.42661,3.848892,0.5553107,0.6372374,0.1730999,1.153713,-0.2844792,0.2766212999999999,0.5764213,-0.3954139,5.262694,-62.44814,33.13
25,-0.09268188,-0.3933868,0.9146729,1.0,-0.1914978,-0.372467,0.9080658,-33.2532,-0.6191559,-31.4481,3.1061400000000003,0.5935615,0.693194,1.0,-0.04692078,-0.4016724,0.914566,31.16371,-0.2468109,-28.42661,3.848892,0.5553107,0.6372374,0.1730999,1.153713,-0.2844792,0.2766212999999999,0.5764213,-0.3954139,5.262694,-62.44814,33.13
26,-0.08810425,-0.3915863,0.9159088,1.0,-0.1621552,-0.4016571,0.9013062,-33.38885,-0.649231,-31.4429,3.099609,0.5946840999999999,0.6982301,1.0,-0.0405426,-0.3839722,0.9224396,31.150740000000003,-0.2079619999999999,-28.41512,3.842453,0.5549960999999999,0.6333981,0.1736211,1.156468,-0.2786923,0.2757219999999999,0.5714100000000001,-0.3891790999999999,5.262694,-62.44814,33.13
26,-0.08810425,-0.3915863,0.9159088,1.0,-0.1621552,-0.4016571,0.9013062,-33.38885,-0.649231,-31.4429,3.099609,0.5946840999999999,0.6982301,1.0,-0.0405426,-0.3839722,0.9224396,31.150740000000003,-0.2079619999999999,-28.41512,3.842453,0.5549960999999999,0.6333981,0.1736211,1.156468,-0.2786923,0.2757219999999999,0.5714100000000001,-0.3891790999999999,5.262694,-62.44814,33.13
26,-0.08810425,-0.3915863,0.9159088,1.0,-0.1621552,-0.4016571,0.9013062,-33.38885,-0.649231,-31.4429,3.099609,0.5946840999999999,0.6982301,1.0,-0.0405426,-0.3839722,0.9224396,31.150740000000003,-0.2079619999999999,-28.41512,3.842453,0.5549960999999999,0.6333981,0.1736211,1.156468,-0.2786923,0.2757219999999999,0.5714100000000001,-0.3891790999999999,5.262694,-62.44814,33.13
26,-0.09091187,-0.3987427,0.9125366,1.0,-0.1838837,-0.416687,0.8902435,-33.38597,-0.6059875,-31.43295,3.210907,0.597498,0.698889,1.0,-0.04199219,-0.3878784,0.9207458,31.150740000000003,-0.197113,-28.4144,3.842773,0.5551704000000001,0.6335468000000001,0.1743433,1.160304,-0.2731768,0.2737140999999999,0.5665508,-0.3802724,5.262694,-106.6476,33.13
26,-0.09091187,-0.3987427,0.9125366,1.0,-0.1838837,-0.416687,0.8902435,-33.38597,-0.6059875,-31.43295,3.210907,0.597498,0.698889,1.0,-0.04199219,-0.3878784,0.9207458,31.150740000000003,-0.197113,-28.4144,3.842773,0.5551704000000001,0.6335468000000001,0.1743433,1.160304,-0.2731768,0.2737140999999999,0.5665508,-0.3802724,5.262694,-106.6476,33.13
26,-0.09091187,-0.3987427,0.9125366,1.0,-0.1838837,-0.416687,0.8902435,-33.38597,-0.6059875,-31.43295,3.210907,0.597498,0.698889,1.0,-0.04199219,-0.3878784,0.9207458,31.150740000000003,-0.197113,-28.4144,3.842773,0.5551704000000001,0.6335468000000001,0.1743433,1.160304,-0.2731768,0.2737140999999999,0.5665508,-0.3802724,5.262694,-106.6476,33.13
26,-0.1195678999999999,-0.4064331,0.9058075,1.0,-0.1816711,-0.4344787999999999,0.8821564000000001,-33.40485,-0.3691100999999999,-31.33704,3.105927,0.5977003000000001,0.6919068,1.0,-0.08227539,-0.3887177,0.9176636,31.36688,-0.004074097,-28.3228,3.755936,0.5526899000000001,0.6264135999999999,0.1751835,1.165055,-0.2682438,0.2678758,0.5638898,-0.3702719,5.262694,-106.6476,33.13
26,-0.1195678999999999,-0.4064331,0.9058075,1.0,-0.1816711,-0.4344787999999999,0.8821564000000001,-33.40485,-0.3691100999999999,-31.33704,3.105927,0.5977003000000001,0.6919068,1.0,-0.08227539,-0.3887177,0.9176636,31.36688,-0.004074097,-28.3228,3.755936,0.5526899000000001,0.6264135999999999,0.1751835,1.165055,-0.2682438,0.2678758,0.5638898,-0.3702719,5.262694,-106.6476,33.13
26,-0.1195678999999999,-0.4064331,0.9058075,1.0,-0.1816711,-0.4344787999999999,0.8821564000000001,-33.40485,-0.3691100999999999,-31.33704,3.105927,0.5977003000000001,0.6919068,1.0,-0.08227539,-0.3887177,0.9176636,31.36688,-0.004074097,-28.3228,3.755936,0.5526899000000001,0.6264135999999999,0.1751835,1.165055,-0.2682438,0.2678758,0.5638898,-0.3702719,5.262694,-106.6476,33.13
26,0.01847839,-0.2402496,0.97052,1.0,-0.07872009,-0.2736664,0.9585876,-32.74149,0.4556274,-30.9774,3.197083,0.5603392,0.6356837,1.0,0.09455872,-0.212265,0.9726105,31.8391,0.9736633,-28.038120000000003,3.888702,0.5158007,0.5671754,0.1765156,1.171386,-0.2635636,0.2586479,0.5628018,-0.3558302,5.262694,-106.6476,33.13
26,0.01847839,-0.2402496,0.97052,1.0,-0.07872009,-0.2736664,0.9585876,-32.74149,0.4556274,-30.9774,3.197083,0.5603392,0.6356837,1.0,0.09455872,-0.212265,0.9726105,31.8391,0.9736633,-28.038120000000003,3.888702,0.5158007,0.5671754,0.1765156,1.171386,-0.2635636,0.2586479,0.5628018,-0.3558302,5.262694,-106.6476,33.13
26,0.01847839,-0.2402496,0.97052,1.0,-0.07872009,-0.2736664,0.9585876,-32.74149,0.4556274,-30.9774,3.197083,0.5603392,0.6356837,1.0,0.09455872,-0.212265,0.9726105,31.8391,0.9736633,-28.038120000000003,3.888702,0.5158007,0.5671754,0.1765156,1.171386,-0.2635636,0.2586479,0.5628018,-0.3558302,5.262694,-106.6476,33.13
26,0.08943176,-0.1551818999999999,0.9838257,1.0,-0.01309204,-0.1727142,0.9848785,-32.36922,1.384293,-32.0407,2.99884,0.539604,0.6000845,1.0,0.168045,-0.1404724,0.975708,32.2648,1.444717,-27.20255,3.985977,0.4930542,0.5351209,0.1776044,1.178628,-0.259128,0.2458791,0.5624846,-0.3407987999999999,5.262694,-106.6476,33.13
26,0.08943176,-0.1551818999999999,0.9838257,1.0,-0.01309204,-0.1727142,0.9848785,-32.36922,1.384293,-32.0407,2.99884,0.539604,0.6000845,1.0,0.168045,-0.1404724,0.975708,32.2648,1.444717,-27.20255,3.985977,0.4930542,0.5351209,0.1776044,1.178628,-0.259128,0.2458791,0.5624846,-0.3407987999999999,5.262694,-106.6476,33.13
26,0.08943176,-0.1551818999999999,0.9838257,1.0,-0.01309204,-0.1727142,0.9848785,-32.36922,1.384293,-32.0407,2.99884,0.539604,0.6000845,1.0,0.168045,-0.1404724,0.975708,32.2648,1.444717,-27.20255,3.985977,0.4930542,0.5351209,0.1776044,1.178628,-0.259128,0.2458791,0.5624846,-0.3407987999999999,5.262694,-106.6476,33.13
26,0.1974487,-0.04649353,0.9792023,1.0,0.1697693,-0.01719666,0.985321,-31.85066,2.404694,-33.76126,3.698441,0.5003337,0.5618227,0.4337496,0.1974487,-0.04649353,0.9792023,32.77115,2.323105,-28.12569,3.999832,0.4725696,0.5024517,0.1786052,1.187283,-0.2547267,0.2297862999999999,0.5627654000000001,-0.3237663,5.262694,-106.6476,33.13
26,0.1974487,-0.04649353,0.9792023,1.0,0.1697693,-0.01719666,0.985321,-31.85066,2.404694,-33.76126,3.698441,0.5003337,0.5618227,0.4337496,0.1974487,-0.04649353,0.9792023,32.77115,2.323105,-28.12569,3.999832,0.4725696,0.5024517,0.1786052,1.187283,-0.2547267,0.2297862999999999,0.5627654000000001,-0.3237663,5.262694,-106.6476,33.13
26,0.1974487,-0.04649353,0.9792023,1.0,0.1697693,-0.01719666,0.985321,-31.85066,2.404694,-33.76126,3.698441,0.5003337,0.5618227,0.4337496,0.1974487,-0.04649353,0.9792023,32.77115,2.323105,-28.12569,3.999832,0.4725696,0.5024517,0.1786052,1.187283,-0.2547267,0.2297862999999999,0.5627654000000001,-0.3237663,5.262694,-106.6476,33.13
26,0.3004761,0.04534912,0.9526978000000002,1.0,0.2082214,0.04733276,0.9769287,-31.44872,2.128235,-31.59116,3.83197,0.4811269,0.5432891,0.2946202,0.3005065999999999,0.04534912,0.9526825,33.14268,2.613556,-28.00833,4.09169,0.4478619,0.4812316,0.1787739,1.196622,-0.2500796,0.2108,0.5623901,-0.3079745,5.262694,-15.77483,33.13
26,0.3004761,0.04534912,0.9526978000000002,1.0,0.2082214,0.04733276,0.9769287,-31.44872,2.128235,-31.59116,3.83197,0.4811269,0.5432891,0.2946202,0.3005065999999999,0.04534912,0.9526825,33.14268,2.613556,-28.00833,4.09169,0.4478619,0.4812316,0.1787739,1.196622,-0.2500796,0.2108,0.5623901,-0.3079745,5.262694,-15.77483,33.13
26,0.3004761,0.04534912,0.9526978000000002,1.0,0.2082214,0.04733276,0.9769287,-31.44872,2.128235,-31.59116,3.83197,0.4811269,0.5432891,0.2946202,0.3005065999999999,0.04534912,0.9526825,33.14268,2.613556,-28.00833,4.09169,0.4478619,0.4812316,0.1787739,1.196622,-0.2500796,0.2108,0.5623901,-0.3079745,5.262694,-15.77483,33.13
26,0.3004761,0.04534912,0.9526978000000002,1.0,0.2082214,0.04733276,0.9769287,-31.44872,2.128235,-31.59116,3.83197,0.4811269,0.5432891,0.2946202,0.3005065999999999,0.04534912,0.9526825,33.14268,2.613556,-28.00833,4.09169,0.4478619,0.4812316,0.178871,1.207707,-0.2448662,0.1873108,0.5596485999999999,-0.2883011,5.262694,-15.77483,33.13
26,0.3004761,0.04534912,0.9526978000000002,1.0,0.2082214,0.04733276,0.9769287,-31.44872,2.128235,-31.59116,3.83197,0.4811269,0.5432891,0.2946202,0.3005065999999999,0.04534912,0.9526825,33.14268,2.613556,-28.00833,4.09169,0.4478619,0.4812316,0.178871,1.207707,-0.2448662,0.1873108,0.5596485999999999,-0.2883011,5.262694,-15.77483,33.13
26,0.3004761,0.04534912,0.9526978000000002,1.0,0.2082214,0.04733276,0.9769287,-31.44872,2.128235,-31.59116,3.83197,0.4811269,0.5432891,0.2946202,0.3005065999999999,0.04534912,0.9526825,33.14268,2.613556,-28.00833,4.09169,0.4478619,0.4812316,0.178871,1.207707,-0.2448662,0.1873108,0.5596485999999999,-0.2883011,5.262694,-15.77483,33.13
26,0.2904816,0.02516174,0.956543,1.0,0.1889037999999999,-0.004501343,0.9819794,-31.37433,2.189362,-31.55934,3.866592,0.4809164000000001,0.5470797,0.2946202,0.2904816,0.02516174,0.956543,33.20767,2.550308,-28.008190000000003,3.811554,0.4469167999999999,0.4853697,0.1778147,1.219061,-0.2396926,0.1643297999999999,0.5537602,-0.2672989,5.262694,-15.77483,33.13
26,0.2904816,0.02516174,0.956543,1.0,0.1889037999999999,-0.004501343,0.9819794,-31.37433,2.189362,-31.55934,3.866592,0.4809164000000001,0.5470797,0.2946202,0.2904816,0.02516174,0.956543,33.20767,2.550308,-28.008190000000003,3.811554,0.4469167999999999,0.4853697,0.1778147,1.219061,-0.2396926,0.1643297999999999,0.5537602,-0.2672989,5.262694,-15.77483,33.13
26,0.2904816,0.02516174,0.956543,1.0,0.1889037999999999,-0.004501343,0.9819794,-31.37433,2.189362,-31.55934,3.866592,0.4809164000000001,0.5470797,0.2946202,0.2904816,0.02516174,0.956543,33.20767,2.550308,-28.008190000000003,3.811554,0.4469167999999999,0.4853697,0.1778147,1.219061,-0.2396926,0.1643297999999999,0.5537602,-0.2672989,5.262694,-15.77483,33.13
26,0.2904816,0.02516174,0.956543,1.0,0.1889037999999999,-0.004501343,0.9819794,-31.37433,2.189362,-31.55934,3.866592,0.4809164000000001,0.5470797,0.2946202,0.2904816,0.02516174,0.956543,33.20767,2.550308,-28.008190000000003,3.811554,0.4469167999999999,0.4853697,0.1756737,1.23015,-0.2350288,0.1428149,0.5482595,-0.2470041,5.262694,-15.77483,33.13
26,0.2904816,0.02516174,0.956543,1.0,0.1889037999999999,-0.004501343,0.9819794,-31.37433,2.189362,-31.55934,3.866592,0.4809164000000001,0.5470797,0.2946202,0.2904816,0.02516174,0.956543,33.20767,2.550308,-28.008190000000003,3.811554,0.4469167999999999,0.4853697,0.1756737,1.23015,-0.2350288,0.1428149,0.5482595,-0.2470041,5.262694,-15.77483,33.13
26,0.2904816,0.02516174,0.956543,1.0,0.1889037999999999,-0.004501343,0.9819794,-31.37433,2.189362,-31.55934,3.866592,0.4809164000000001,0.5470797,0.2946202,0.2904816,0.02516174,0.956543,33.20767,2.550308,-28.008190000000003,3.811554,0.4469167999999999,0.4853697,0.1756737,1.23015,-0.2350288,0.1428149,0.5482595,-0.2470041,5.262694,-15.77483,33.13
26,0.2887573,-0.0874939,0.9533844,1.0,0.1382599,-0.1008911,0.9852295,-31.69791,1.54274,-32.036390000000004,3.446136,0.4977585,0.5857039,1.0,0.3025817999999999,-0.08613586,0.9492188,33.18922,1.601334,-28.07968,3.778519,0.4456474,0.5310683,0.172343,1.240407,-0.2305257,0.1222441,0.5432698,-0.2306246,5.262694,-15.77483,33.13
26,0.2887573,-0.0874939,0.9533844,1.0,0.1382599,-0.1008911,0.9852295,-31.69791,1.54274,-32.036390000000004,3.446136,0.4977585,0.5857039,1.0,0.3025817999999999,-0.08613586,0.9492188,33.18922,1.601334,-28.07968,3.778519,0.4456474,0.5310683,0.172343,1.240407,-0.2305257,0.1222441,0.5432698,-0.2306246,5.262694,-15.77483,33.13
26,0.2887573,-0.0874939,0.9533844,1.0,0.1382599,-0.1008911,0.9852295,-31.69791,1.54274,-32.036390000000004,3.446136,0.4977585,0.5857039,1.0,0.3025817999999999,-0.08613586,0.9492188,33.18922,1.601334,-28.07968,3.778519,0.4456474,0.5310683,0.172343,1.240407,-0.2305257,0.1222441,0.5432698,-0.2306246,5.262694,-15.77483,33.13
26,0.2887573,-0.0874939,0.9533844,1.0,0.1382599,-0.1008911,0.9852295,-31.69791,1.54274,-32.036390000000004,3.446136,0.4977585,0.5857039,1.0,0.3025817999999999,-0.08613586,0.9492188,33.18922,1.601334,-28.07968,3.778519,0.4456474,0.5310683,0.1688558,1.250514,-0.2265161,0.1022366,0.5388715000000001,-0.2118037,5.262694,106.535,33.13
26,0.2887573,-0.0874939,0.9533844,1.0,0.1382599,-0.1008911,0.9852295,-31.69791,1.54274,-32.036390000000004,3.446136,0.4977585,0.5857039,1.0,0.3025817999999999,-0.08613586,0.9492188,33.18922,1.601334,-28.07968,3.778519,0.4456474,0.5310683,0.1688558,1.250514,-0.2265161,0.1022366,0.5388715000000001,-0.2118037,5.262694,106.535,33.13
26,0.2887573,-0.0874939,0.9533844,1.0,0.1382599,-0.1008911,0.9852295,-31.69791,1.54274,-32.036390000000004,3.446136,0.4977585,0.5857039,1.0,0.3025817999999999,-0.08613586,0.9492188,33.18922,1.601334,-28.07968,3.778519,0.4456474,0.5310683,0.1688558,1.250514,-0.2265161,0.1022366,0.5388715000000001,-0.2118037,5.262694,106.535,33.13
26,0.2887573,-0.0874939,0.9533844,1.0,0.1382599,-0.1008911,0.9852295,-31.69791,1.54274,-32.036390000000004,3.446136,0.4977585,0.5857039,1.0,0.3025817999999999,-0.08613586,0.9492188,33.18922,1.601334,-28.07968,3.778519,0.4456474,0.5310683,0.1651964,1.259429,-0.2221649,0.08586014,0.5318042,-0.1907293,5.262694,106.535,33.13
26,0.2887573,-0.0874939,0.9533844,1.0,0.1382599,-0.1008911,0.9852295,-31.69791,1.54274,-32.036390000000004,3.446136,0.4977585,0.5857039,1.0,0.3025817999999999,-0.08613586,0.9492188,33.18922,1.601334,-28.07968,3.778519,0.4456474,0.5310683,0.1651964,1.259429,-0.2221649,0.08586014,0.5318042,-0.1907293,5.262694,106.535,33.13
26,0.2887573,-0.0874939,0.9533844,1.0,0.1382599,-0.1008911,0.9852295,-31.69791,1.54274,-32.036390000000004,3.446136,0.4977585,0.5857039,1.0,0.3025817999999999,-0.08613586,0.9492188,33.18922,1.601334,-28.07968,3.778519,0.4456474,0.5310683,0.1651964,1.259429,-0.2221649,0.08586014,0.5318042,-0.1907293,5.262694,106.535,33.13
26,0.3052368,0.0099334719999999,0.9522095,1.0,0.1495667,-0.009155273,0.9886932,-31.46767,2.158188,-31.69821,3.546646,0.4885474,0.5495827,1.0,0.3214874,0.01196289,0.9468231,33.174440000000004,2.197495,-28.07327,4.036331,0.4440768,0.4996587999999999,0.1607285,1.267588,-0.2176777,0.07021861,0.5251749,-0.1743212,5.262694,106.535,33.13
26,0.3052368,0.0099334719999999,0.9522095,1.0,0.1495667,-0.009155273,0.9886932,-31.46767,2.158188,-31.69821,3.546646,0.4885474,0.5495827,1.0,0.3214874,0.01196289,0.9468231,33.174440000000004,2.197495,-28.07327,4.036331,0.4440768,0.4996587999999999,0.1607285,1.267588,-0.2176777,0.07021861,0.5251749,-0.1743212,5.262694,106.535,33.13
26,0.3052368,0.0099334719999999,0.9522095,1.0,0.1495667,-0.009155273,0.9886932,-31.46767,2.158188,-31.69821,3.546646,0.4885474,0.5495827,1.0,0.3214874,0.01196289,0.9468231,33.174440000000004,2.197495,-28.07327,4.036331,0.4440768,0.4996587999999999,0.1607285,1.267588,-0.2176777,0.07021861,0.5251749,-0.1743212,5.262694,106.535,33.13
26,0.3134155,0.068573,0.9471283,1.0,0.1568756,0.05543518,0.9860535,-31.45401,2.364975,-31.68816,3.691299,0.4874572,0.5345809,1.0,0.3363037,0.07040405,0.9391022,33.18549,2.469864,-28.09966,3.969131,0.4419712,0.4839170999999999,0.1564968,1.275619,-0.2131014,0.05502806,0.5172492999999999,-0.154656,5.262694,106.535,33.13
26,0.3134155,0.068573,0.9471283,1.0,0.1568756,0.05543518,0.9860535,-31.45401,2.364975,-31.68816,3.691299,0.4874572,0.5345809,1.0,0.3363037,0.07040405,0.9391022,33.18549,2.469864,-28.09966,3.969131,0.4419712,0.4839170999999999,0.1564968,1.275619,-0.2131014,0.05502806,0.5172492999999999,-0.154656,5.262694,106.535,33.13
26,0.3134155,0.068573,0.9471283,1.0,0.1568756,0.05543518,0.9860535,-31.45401,2.364975,-31.68816,3.691299,0.4874572,0.5345809,1.0,0.3363037,0.07040405,0.9391022,33.18549,2.469864,-28.09966,3.969131,0.4419712,0.4839170999999999,0.1564968,1.275619,-0.2131014,0.05502806,0.5172492999999999,-0.154656,5.262694,106.535,33.13
26,0.2587891,0.01858521,0.965744,1.0,0.08007813,-0.006164551,0.9967651,-31.775890000000004,2.507294,-32.53143,3.506638,0.5081518,0.5446416999999999,1.0,0.2588654,0.01860046,0.9657288,33.13361,2.353729,-28.10326,3.753342,0.4531456,0.4933734999999999,0.1443379,1.286903,-0.203738,0.04140658,0.4989885,-0.1280304,5.262694,106.535,33.13
26,0.2587891,0.01858521,0.965744,1.0,0.08007813,-0.006164551,0.9967651,-31.775890000000004,2.507294,-32.53143,3.506638,0.5081518,0.5446416999999999,1.0,0.2588654,0.01860046,0.9657288,33.13361,2.353729,-28.10326,3.753342,0.4531456,0.4933734999999999,0.1443379,1.286903,-0.203738,0.04140658,0.4989885,-0.1280304,5.262694,106.535,33.13
26,0.2587891,0.01858521,0.965744,1.0,0.08007813,-0.006164551,0.9967651,-31.775890000000004,2.507294,-32.53143,3.506638,0.5081518,0.5446416999999999,1.0,0.2588654,0.01860046,0.9657288,33.13361,2.353729,-28.10326,3.753342,0.4531456,0.4933734999999999,0.1443379,1.286903,-0.203738,0.04140658,0.4989885,-0.1280304,5.262694,106.535,33.13
26,0.2276306,0.007339478,0.9737091,1.0,0.06463623,-0.07789612,0.9948578,-31.98267,2.260391,-31.7347,3.3139190000000003,0.5166957999999999,0.5545229,1.0,0.2276917,0.007369995,0.9736938,33.08331,2.367157,-28.31,3.875961,0.4584487,0.4960552,0.1378772,1.292184,-0.1981876,0.03614652,0.4898099,-0.1151479,5.262694,107.1219,33.13
26,0.2276306,0.007339478,0.9737091,1.0,0.06463623,-0.07789612,0.9948578,-31.98267,2.260391,-31.7347,3.3139190000000003,0.5166957999999999,0.5545229,1.0,0.2276917,0.007369995,0.9736938,33.08331,2.367157,-28.31,3.875961,0.4584487,0.4960552,0.1378772,1.292184,-0.1981876,0.03614652,0.4898099,-0.1151479,5.262694,107.1219,33.13
26,0.2276306,0.007339478,0.9737091,1.0,0.06463623,-0.07789612,0.9948578,-31.98267,2.260391,-31.7347,3.3139190000000003,0.5166957999999999,0.5545229,1.0,0.2276917,0.007369995,0.9736938,33.08331,2.367157,-28.31,3.875961,0.4584487,0.4960552,0.1378772,1.292184,-0.1981876,0.03614652,0.4898099,-0.1151479,5.262694,107.1219,33.13
26,0.1944275,-0.06661987,0.9786377,1.0,0.02079773,-0.03375244,0.9992065,-32.154920000000004,2.238083,-31.254140000000003,3.583481,0.5281854,0.5455508000000001,1.0,0.1944733,-0.06663513,0.9786377,32.94768,2.527924,-28.37085,3.810013,0.4669864,0.499868,0.1294363,1.2963360000000002,-0.1923104,0.03357311,0.4757555,-0.09469038,5.262694,107.1219,33.13
26,0.1944275,-0.06661987,0.9786377,1.0,0.02079773,-0.03375244,0.9992065,-32.154920000000004,2.238083,-31.254140000000003,3.583481,0.5281854,0.5455508000000001,1.0,0.1944733,-0.06663513,0.9786377,32.94768,2.527924,-28.37085,3.810013,0.4669864,0.499868,0.1294363,1.2963360000000002,-0.1923104,0.03357311,0.4757555,-0.09469038,5.262694,107.1219,33.13
26,0.1944275,-0.06661987,0.9786377,1.0,0.02079773,-0.03375244,0.9992065,-32.154920000000004,2.238083,-31.254140000000003,3.583481,0.5281854,0.5455508000000001,1.0,0.1944733,-0.06663513,0.9786377,32.94768,2.527924,-28.37085,3.810013,0.4669864,0.499868,0.1294363,1.2963360000000002,-0.1923104,0.03357311,0.4757555,-0.09469038,5.262694,107.1219,33.13
26,-1.0,-1.0,-1.0,1.0,0.0,0.0,0.0,-31.65672,3.408081,-33.29622,-1.0,0.5068593,0.5256064,1.0,0.0,0.0,0.0,33.32793,2.895187,-28.2567,-1.0,0.4469021999999999,0.4757416,0.1224642,1.300582,-0.1856566,0.03235025,0.4570356,-0.07469087,5.262694,107.1219,33.13
26,-1.0,-1.0,-1.0,1.0,0.0,0.0,0.0,-31.65672,3.408081,-33.29622,-1.0,0.5068593,0.5256064,1.0,0.0,0.0,0.0,33.32793,2.895187,-28.2567,-1.0,0.4469021999999999,0.4757416,0.1224642,1.300582,-0.1856566,0.03235025,0.4570356,-0.07469087,5.262694,107.1219,33.13
26,-1.0,-1.0,-1.0,1.0,0.0,0.0,0.0,-31.65672,3.408081,-33.29622,-1.0,0.5068593,0.5256064,1.0,0.0,0.0,0.0,33.32793,2.895187,-28.2567,-1.0,0.4469021999999999,0.4757416,0.1224642,1.300582,-0.1856566,0.03235025,0.4570356,-0.07469087,5.262694,107.1219,33.13
26,-1.0,-1.0,-1.0,1.0,0.0,0.0,0.0,-31.50726,3.190964,-31.75301,-1.0,0.4896706,0.5054795999999999,1.0,0.0,0.0,0.0,33.35094,3.190506,-28.2664,-1.0,0.4424505,0.4619443,0.1156461,1.304158,-0.1795364,0.02737534,0.440455,-0.06249928,5.262694,107.1219,33.13
26,-1.0,-1.0,-1.0,1.0,0.0,0.0,0.0,-31.50726,3.190964,-31.75301,-1.0,0.4896706,0.5054795999999999,1.0,0.0,0.0,0.0,33.35094,3.190506,-28.2664,-1.0,0.4424505,0.4619443,0.1156461,1.304158,-0.1795364,0.02737534,0.440455,-0.06249928,5.262694,107.1219,33.13
26,-1.0,-1.0,-1.0,1.0,0.0,0.0,0.0,-31.50726,3.190964,-31.75301,-1.0,0.4896706,0.5054795999999999,1.0,0.0,0.0,0.0,33.35094,3.190506,-28.2664,-1.0,0.4424505,0.4619443,0.1156461,1.304158,-0.1795364,0.02737534,0.440455,-0.06249928,5.262694,107.1219,33.13
26,0.2698364,0.0738678,0.9600525,1.0,0.095047,-0.005371094,0.9954529,-31.8634,3.3573150000000003,-32.74472,3.202332,0.5092219,0.5164283,1.0,0.2698517,0.07388306,0.9600525,33.11557,3.303146,-28.24748,3.845215,0.4525981,0.4564449,0.1156461,1.304158,-0.1795364,0.02737534,0.440455,-0.06249928,5.262694,107.1219,33.13
26,0.2698364,0.0738678,0.9600525,1.0,0.095047,-0.005371094,0.9954529,-31.8634,3.3573150000000003,-32.74472,3.202332,0.5092219,0.5164283,1.0,0.2698517,0.07388306,0.9600525,33.11557,3.303146,-28.24748,3.845215,0.4525981,0.4564449,0.1156461,1.304158,-0.1795364,0.02737534,0.440455,-0.06249928,5.262694,107.1219,33.13
26,0.2698364,0.0738678,0.9600525,1.0,0.095047,-0.005371094,0.9954529,-31.8634,3.3573150000000003,-32.74472,3.202332,0.5092219,0.5164283,1.0,0.2698517,0.07388306,0.9600525,33.11557,3.303146,-28.24748,3.845215,0.4525981,0.4564449,0.1156461,1.304158,-0.1795364,0.02737534,0.440455,-0.06249928,5.262694,107.1219,33.13
26,0.1834564,0.007003784,0.9829865,1.0,0.05696106,-0.03691101,0.9976807,-32.30272,2.776886,-31.206090000000003,3.283157,0.52863,0.5265795999999999,1.0,0.1929016,0.01031494,0.9811554,32.84045,3.303055,-28.754590000000004,3.78653,0.4708992,0.4679537,0.1030736,1.309222,-0.1682885,0.02089151,0.4077908,-0.0473211,5.262694,-69.19387,33.13
26,0.1834564,0.007003784,0.9829865,1.0,0.05696106,-0.03691101,0.9976807,-32.30272,2.776886,-31.206090000000003,3.283157,0.52863,0.5265795999999999,1.0,0.1929016,0.01031494,0.9811554,32.84045,3.303055,-28.754590000000004,3.78653,0.4708992,0.4679537,0.1030736,1.309222,-0.1682885,0.02089151,0.4077908,-0.0473211,5.262694,-69.19387,33.13
26,0.1834564,0.007003784,0.9829865,1.0,0.05696106,-0.03691101,0.9976807,-32.30272,2.776886,-31.206090000000003,3.283157,0.52863,0.5265795999999999,1.0,0.1929016,0.01031494,0.9811554,32.84045,3.303055,-28.754590000000004,3.78653,0.4708992,0.4679537,0.1030736,1.309222,-0.1682885,0.02089151,0.4077908,-0.0473211,5.262694,-69.19387,33.13
26,0.1492157,0.01361084,0.9887085,1.0,-0.0028228759999999,-0.03001404,0.9995421999999998,-32.55165,2.638809,-30.96449,3.344467,0.5445270000000001,0.528349,1.0,0.1558685,0.01553345,0.9876404,32.62126,3.084396,-28.201,3.717163,0.4828973,0.4700188,0.1030736,1.309222,-0.1682885,0.02089151,0.4077908,-0.0473211,5.208875,-69.19387,33.13
26,0.1492157,0.01361084,0.9887085,1.0,-0.0028228759999999,-0.03001404,0.9995421999999998,-32.55165,2.638809,-30.96449,3.344467,0.5445270000000001,0.528349,1.0,0.1558685,0.01553345,0.9876404,32.62126,3.084396,-28.201,3.717163,0.4828973,0.4700188,0.1030736,1.309222,-0.1682885,0.02089151,0.4077908,-0.0473211,5.208875,-69.19387,33.13
26,0.1492157,0.01361084,0.9887085,1.0,-0.0028228759999999,-0.03001404,0.9995421999999998,-32.55165,2.638809,-30.96449,3.344467,0.5445270000000001,0.528349,1.0,0.1558685,0.01553345,0.9876404,32.62126,3.084396,-28.201,3.717163,0.4828973,0.4700188,0.1030736,1.309222,-0.1682885,0.02089151,0.4077908,-0.0473211,5.208875,-69.19387,33.13
26,0.1492157,0.01361084,0.9887085,1.0,-0.0028228759999999,-0.03001404,0.9995421999999998,-32.55165,2.638809,-30.96449,3.344467,0.5445270000000001,0.528349,1.0,0.1558685,0.01553345,0.9876404,32.62126,3.084396,-28.201,3.717163,0.4828973,0.4700188,0.08867741,1.309618,-0.1602669,0.02085617,0.3757197,-0.03747082,5.208875,-69.19387,33.13
26,0.1492157,0.01361084,0.9887085,1.0,-0.0028228759999999,-0.03001404,0.9995421999999998,-32.55165,2.638809,-30.96449,3.344467,0.5445270000000001,0.528349,1.0,0.1558685,0.01553345,0.9876404,32.62126,3.084396,-28.201,3.717163,0.4828973,0.4700188,0.08867741,1.309618,-0.1602669,0.02085617,0.3757197,-0.03747082,5.208875,-69.19387,33.13
26,0.1492157,0.01361084,0.9887085,1.0,-0.0028228759999999,-0.03001404,0.9995421999999998,-32.55165,2.638809,-30.96449,3.344467,0.5445270000000001,0.528349,1.0,0.1558685,0.01553345,0.9876404,32.62126,3.084396,-28.201,3.717163,0.4828973,0.4700188,0.08867741,1.309618,-0.1602669,0.02085617,0.3757197,-0.03747082,5.208875,-69.19387,33.13
26,0.1492157,0.01361084,0.9887085,1.0,-0.0028228759999999,-0.03001404,0.9995421999999998,-32.55165,2.638809,-30.96449,3.344467,0.5445270000000001,0.528349,1.0,0.1558685,0.01553345,0.9876404,32.62126,3.084396,-28.201,3.717163,0.4828973,0.4700188,0.08867741,1.309618,-0.1602669,0.02085617,0.3757197,-0.03747082,5.208875,-69.19387,33.13
26,0.1492157,0.01361084,0.9887085,1.0,-0.0028228759999999,-0.03001404,0.9995421999999998,-32.55165,2.638809,-30.96449,3.344467,0.5445270000000001,0.528349,1.0,0.1558685,0.01553345,0.9876404,32.62126,3.084396,-28.201,3.717163,0.4828973,0.4700188,0.08867741,1.309618,-0.1602669,0.02085617,0.3757197,-0.03747082,5.208875,-69.19387,33.13
26,0.1492157,0.01361084,0.9887085,1.0,-0.0028228759999999,-0.03001404,0.9995421999999998,-32.55165,2.638809,-30.96449,3.344467,0.5445270000000001,0.528349,1.0,0.1558685,0.01553345,0.9876404,32.62126,3.084396,-28.201,3.717163,0.4828973,0.4700188,0.08867741,1.309618,-0.1602669,0.02085617,0.3757197,-0.03747082,5.208875,-69.19387,33.13
26,-0.1065368999999999,-0.01281738,0.9942169,1.0,-0.1152953999999999,-0.01402283,0.9932251,-33.20818,2.455444,-30.32616,3.325638,0.5805927,0.5271226999999999,1.0,0.0607605,0.01005554,0.9980927,31.91357,3.0541080000000003,-28.36542,3.705795,0.5179411,0.4732897,0.0829978,1.310105,-0.1558829,0.02112346,0.3596034999999999,-0.03374046,5.208875,-69.19387,33.13
26,-0.1065368999999999,-0.01281738,0.9942169,1.0,-0.1152953999999999,-0.01402283,0.9932251,-33.20818,2.455444,-30.32616,3.325638,0.5805927,0.5271226999999999,1.0,0.0607605,0.01005554,0.9980927,31.91357,3.0541080000000003,-28.36542,3.705795,0.5179411,0.4732897,0.0829978,1.310105,-0.1558829,0.02112346,0.3596034999999999,-0.03374046,5.208875,-69.19387,33.13
26,-0.1065368999999999,-0.01281738,0.9942169,1.0,-0.1152953999999999,-0.01402283,0.9932251,-33.20818,2.455444,-30.32616,3.325638,0.5805927,0.5271226999999999,1.0,0.0607605,0.01005554,0.9980927,31.91357,3.0541080000000003,-28.36542,3.705795,0.5179411,0.4732897,0.0829978,1.310105,-0.1558829,0.02112346,0.3596034999999999,-0.03374046,5.208875,-69.19387,33.13
26,-0.1213226,-0.05769348,0.990921,1.0,-0.1213226,-0.05769348,0.990921,-33.31783,2.470703,-30.20569,3.264542,0.5849838,0.5308281,1.0,0.04901123,-0.008544922,0.9987488,31.732440000000004,3.3327480000000005,-29.33533,3.572449,0.525608,0.4741746,0.0781827,1.310546,-0.1518727,0.02174668,0.3467297,-0.03193883,5.208875,-69.19387,33.13
26,-0.1213226,-0.05769348,0.990921,1.0,-0.1213226,-0.05769348,0.990921,-33.31783,2.470703,-30.20569,3.264542,0.5849838,0.5308281,1.0,0.04901123,-0.008544922,0.9987488,31.732440000000004,3.3327480000000005,-29.33533,3.572449,0.525608,0.4741746,0.0781827,1.310546,-0.1518727,0.02174668,0.3467297,-0.03193883,5.208875,-69.19387,33.13
26,-0.1213226,-0.05769348,0.990921,1.0,-0.1213226,-0.05769348,0.990921,-33.31783,2.470703,-30.20569,3.264542,0.5849838,0.5308281,1.0,0.04901123,-0.008544922,0.9987488,31.732440000000004,3.3327480000000005,-29.33533,3.572449,0.525608,0.4741746,0.0781827,1.310546,-0.1518727,0.02174668,0.3467297,-0.03193883,5.208875,-69.19387,33.13
26,-0.1669464,-0.05950928,0.9841614,1.0,-0.1669617,-0.05950928,0.9841614,-33.340990000000005,2.7381290000000003,-30.93088,3.338364,0.5922270000000001,0.528623,1.0,0.03666687,-0.002441406,0.9993134,31.593020000000003,3.466064,-29.701290000000004,3.475052,0.5319545999999999,0.4719851,0.07346845,1.310755,-0.149147,0.02117454,0.3367138,-0.027985,5.208875,-6.658905,33.13
26,-0.1669464,-0.05950928,0.9841614,1.0,-0.1669617,-0.05950928,0.9841614,-33.340990000000005,2.7381290000000003,-30.93088,3.338364,0.5922270000000001,0.528623,1.0,0.03666687,-0.002441406,0.9993134,31.593020000000003,3.466064,-29.701290000000004,3.475052,0.5319545999999999,0.4719851,0.07346845,1.310755,-0.149147,0.02117454,0.3367138,-0.027985,5.208875,-6.658905,33.13
26,-0.1669464,-0.05950928,0.9841614,1.0,-0.1669617,-0.05950928,0.9841614,-33.340990000000005,2.7381290000000003,-30.93088,3.338364,0.5922270000000001,0.528623,1.0,0.03666687,-0.002441406,0.9993134,31.593020000000003,3.466064,-29.701290000000004,3.475052,0.5319545999999999,0.4719851,0.07346845,1.310755,-0.149147,0.02117454,0.3367138,-0.027985,5.208875,-6.658905,33.13
26,-0.1669464,-0.05950928,0.9841614,1.0,-0.1669617,-0.05950928,0.9841614,-33.340990000000005,2.7381290000000003,-30.93088,3.338364,0.5922270000000001,0.528623,1.0,0.03666687,-0.002441406,0.9993134,31.593020000000003,3.466064,-29.701290000000004,3.475052,0.5319545999999999,0.4719851,0.06964898,1.310863,-0.1470984,0.02063855,0.3314424,-0.02484873,5.208875,-6.658905,33.13
26,-0.1669464,-0.05950928,0.9841614,1.0,-0.1669617,-0.05950928,0.9841614,-33.340990000000005,2.7381290000000003,-30.93088,3.338364,0.5922270000000001,0.528623,1.0,0.03666687,-0.002441406,0.9993134,31.593020000000003,3.466064,-29.701290000000004,3.475052,0.5319545999999999,0.4719851,0.06964898,1.310863,-0.1470984,0.02063855,0.3314424,-0.02484873,5.208875,-6.658905,33.13
26,-0.1669464,-0.05950928,0.9841614,1.0,-0.1669617,-0.05950928,0.9841614,-33.340990000000005,2.7381290000000003,-30.93088,3.338364,0.5922270000000001,0.528623,1.0,0.03666687,-0.002441406,0.9993134,31.593020000000003,3.466064,-29.701290000000004,3.475052,0.5319545999999999,0.4719851,0.06964898,1.310863,-0.1470984,0.02063855,0.3314424,-0.02484873,5.208875,-6.658905,33.13
26,-0.1808472,-0.07418823,0.9806976,1.0,-0.1808624,-0.07420349,0.9806976,-33.909440000000004,2.680801,-30.89653,3.014328,0.6136675,0.5320132,1.0,-0.03233337,0.01057434,0.9994202,31.08415,3.60434,-30.06001,3.4743800000000005,0.5576789000000001,0.4690632999999999,0.06735563,1.311513,-0.1459688999999999,0.02001246,0.3315762,-0.02090042,5.208875,-6.658905,33.13
26,-0.1808472,-0.07418823,0.9806976,1.0,-0.1808624,-0.07420349,0.9806976,-33.909440000000004,2.680801,-30.89653,3.014328,0.6136675,0.5320132,1.0,-0.03233337,0.01057434,0.9994202,31.08415,3.60434,-30.06001,3.4743800000000005,0.5576789000000001,0.4690632999999999,0.06735563,1.311513,-0.1459688999999999,0.02001246,0.3315762,-0.02090042,5.208875,-6.658905,33.13
26,-0.1808472,-0.07418823,0.9806976,1.0,-0.1808624,-0.07420349,0.9806976,-33.909440000000004,2.680801,-30.89653,3.014328,0.6136675,0.5320132,1.0,-0.03233337,0.01057434,0.9994202,31.08415,3.60434,-30.06001,3.4743800000000005,0.5576789000000001,0.4690632999999999,0.06735563,1.311513,-0.1459688999999999,0.02001246,0.3315762,-0.02090042,5.208875,-6.658905,33.13
27,-0.219696,-0.06202698,0.973587,1.0,-0.2220306,-0.06297302,0.9729919,-34.00217,2.736526,-30.996990000000004,3.153809,0.6223319,0.5299162,1.0,-0.04399109,0.007629395,0.9989929,30.99435,3.614365,-29.922940000000004,3.4221800000000004,0.5621583,0.4679358,0.06552243,1.312644,-0.1456073,0.01817085,0.3354767,-0.01584471,5.208875,-6.658905,33.13
27,-0.219696,-0.06202698,0.973587,1.0,-0.2220306,-0.06297302,0.9729919,-34.00217,2.736526,-30.996990000000004,3.153809,0.6223319,0.5299162,1.0,-0.04399109,0.007629395,0.9989929,30.99435,3.614365,-29.922940000000004,3.4221800000000004,0.5621583,0.4679358,0.06552243,1.312644,-0.1456073,0.01817085,0.3354767,-0.01584471,5.208875,-6.658905,33.13
27,-0.219696,-0.06202698,0.973587,1.0,-0.2220306,-0.06297302,0.9729919,-34.00217,2.736526,-30.996990000000004,3.153809,0.6223319,0.5299162,1.0,-0.04399109,0.007629395,0.9989929,30.99435,3.614365,-29.922940000000004,3.4221800000000004,0.5621583,0.4679358,0.06552243,1.312644,-0.1456073,0.01817085,0.3354767,-0.01584471,5.208875,-6.658905,33.13
27,-0.09492493,-0.0184020999999999,0.9953003,1.0,-0.1986847,-0.06156921,0.9781189,-34.00468,2.690918,-30.8663,3.092712,0.6192592,0.5299621999999999,1.0,-0.03967285,0.004470825,0.9991913,30.98448,3.623978,-29.95271,3.4491120000000004,0.5619571999999999,0.4682437,0.06452584,1.314133,-0.1462639,0.01519812,0.3444857,-0.01111644,5.208875,-6.658905,33.13
27,-0.09492493,-0.0184020999999999,0.9953003,1.0,-0.1986847,-0.06156921,0.9781189,-34.00468,2.690918,-30.8663,3.092712,0.6192592,0.5299621999999999,1.0,-0.03967285,0.004470825,0.9991913,30.98448,3.623978,-29.95271,3.4491120000000004,0.5619571999999999,0.4682437,0.06452584,1.314133,-0.1462639,0.01519812,0.3444857,-0.01111644,5.208875,11.9618,33.13
27,-0.09492493,-0.0184020999999999,0.9953003,1.0,-0.1986847,-0.06156921,0.9781189,-34.00468,2.690918,-30.8663,3.092712,0.6192592,0.5299621999999999,1.0,-0.03967285,0.004470825,0.9991913,30.98448,3.623978,-29.95271,3.4491120000000004,0.5619571999999999,0.4682437,0.06452584,1.314133,-0.1462639,0.01519812,0.3444857,-0.01111644,5.208875,27.88943,33.13
27,-0.06851196,-0.02545166,0.9973145,1.0,-0.2011108,-0.0630188,0.9775238000000002,-33.96823,2.622177,-30.6731,3.065979,0.6180303,0.5307438,1.0,-0.02622986,-0.01345825,0.9995575,31.058670000000003,3.6241,-29.89125,3.408203,0.557821,0.4697862,0.0640552,1.315776,-0.1478438999999999,0.01159411,0.3557228,-0.005487736,5.208875,-3.961807,33.13
27,-0.06851196,-0.02545166,0.9973145,1.0,-0.2011108,-0.0630188,0.9775238000000002,-33.96823,2.622177,-30.6731,3.065979,0.6180303,0.5307438,1.0,-0.02622986,-0.01345825,0.9995575,31.058670000000003,3.6241,-29.89125,3.408203,0.557821,0.4697862,0.0640552,1.315776,-0.1478438999999999,0.01159411,0.3557228,-0.005487736,5.208875,-3.961807,33.13
27,-0.06851196,-0.02545166,0.9973145,1.0,-0.2011108,-0.0630188,0.9775238000000002,-33.96823,2.622177,-30.6731,3.065979,0.6180303,0.5307438,1.0,-0.02622986,-0.01345825,0.9995575,31.058670000000003,3.6241,-29.89125,3.408203,0.557821,0.4697862,0.0640552,1.315776,-0.1478438999999999,0.01159411,0.3557228,-0.005487736,5.208875,-3.961807,33.13
27,-0.0927123999999999,-0.06095886,0.9938202,1.0,-0.1771851,-0.07548523,0.9812622,-33.851209999999995,2.477448,-30.30348,2.976654,0.6104181,0.5337291000000001,1.0,-0.01916504,-0.04803467,0.9986572,31.19331,3.4934540000000003,-29.46996,3.309418,0.5523278,0.4747126,0.06390238,1.317525,-0.150403,0.007378946,0.37082,-0.001314737,5.208875,-3.961807,33.13
27,-0.0927123999999999,-0.06095886,0.9938202,1.0,-0.1771851,-0.07548523,0.9812622,-33.851209999999995,2.477448,-30.30348,2.976654,0.6104181,0.5337291000000001,1.0,-0.01916504,-0.04803467,0.9986572,31.19331,3.4934540000000003,-29.46996,3.309418,0.5523278,0.4747126,0.06390238,1.317525,-0.150403,0.007378946,0.37082,-0.001314737,5.208875,-3.961807,33.13
27,-0.0927123999999999,-0.06095886,0.9938202,1.0,-0.1771851,-0.07548523,0.9812622,-33.851209999999995,2.477448,-30.30348,2.976654,0.6104181,0.5337291000000001,1.0,-0.01916504,-0.04803467,0.9986572,31.19331,3.4934540000000003,-29.46996,3.309418,0.5523278,0.4747126,0.06390238,1.317525,-0.150403,0.007378946,0.37082,-0.001314737,5.208875,-3.961807,33.13
27,-0.0927123999999999,-0.06095886,0.9938202,1.0,-0.1771851,-0.07548523,0.9812622,-33.851209999999995,2.477448,-30.30348,2.976654,0.6104181,0.5337291000000001,1.0,-0.01916504,-0.04803467,0.9986572,31.19331,3.4934540000000003,-29.46996,3.309418,0.5523278,0.4747126,0.06404543,1.321648,-0.157451,-0.002704897,0.4067199999999999,0.009334189,5.208875,-3.961807,33.13
27,-0.0927123999999999,-0.06095886,0.9938202,1.0,-0.1771851,-0.07548523,0.9812622,-33.851209999999995,2.477448,-30.30348,2.976654,0.6104181,0.5337291000000001,1.0,-0.01916504,-0.04803467,0.9986572,31.19331,3.4934540000000003,-29.46996,3.309418,0.5523278,0.4747126,0.06404543,1.321648,-0.157451,-0.002704897,0.4067199999999999,0.009334189,5.208875,-3.961807,33.13
27,-0.0927123999999999,-0.06095886,0.9938202,1.0,-0.1771851,-0.07548523,0.9812622,-33.851209999999995,2.477448,-30.30348,2.976654,0.6104181,0.5337291000000001,1.0,-0.01916504,-0.04803467,0.9986572,31.19331,3.4934540000000003,-29.46996,3.309418,0.5523278,0.4747126,0.06404543,1.321648,-0.157451,-0.002704897,0.4067199999999999,0.009334189,5.208875,-3.961807,33.13
27,-0.0927123999999999,-0.06095886,0.9938202,1.0,-0.1771851,-0.07548523,0.9812622,-33.851209999999995,2.477448,-30.30348,2.976654,0.6104181,0.5337291000000001,1.0,-0.01916504,-0.04803467,0.9986572,31.19331,3.4934540000000003,-29.46996,3.309418,0.5523278,0.4747126,0.06447053,1.323683,-0.1619587999999999,-0.008446701,0.4287747,0.01400674,5.208875,-3.961807,33.13
27,-0.0927123999999999,-0.06095886,0.9938202,1.0,-0.1771851,-0.07548523,0.9812622,-33.851209999999995,2.477448,-30.30348,2.976654,0.6104181,0.5337291000000001,1.0,-0.01916504,-0.04803467,0.9986572,31.19331,3.4934540000000003,-29.46996,3.309418,0.5523278,0.4747126,0.06447053,1.323683,-0.1619587999999999,-0.008446701,0.4287747,0.01400674,5.208875,-3.961807,33.13
27,-0.0927123999999999,-0.06095886,0.9938202,1.0,-0.1771851,-0.07548523,0.9812622,-33.851209999999995,2.477448,-30.30348,2.976654,0.6104181,0.5337291000000001,1.0,-0.01916504,-0.04803467,0.9986572,31.19331,3.4934540000000003,-29.46996,3.309418,0.5523278,0.4747126,0.06447053,1.323683,-0.1619587999999999,-0.008446701,0.4287747,0.01400674,5.208875,-3.961807,33.13
27,-0.1513672,-0.06840515,0.9860992,1.0,-0.20401,-0.06948853,0.9764862,-33.80913,2.617249,-30.74971,2.901062,0.6128174,0.5322919,1.0,-0.02403259,-0.0650177,0.9975891,31.196440000000003,3.436462,-29.23811,3.169662,0.5528746999999999,0.4766523,0.06447053,1.323683,-0.1619587999999999,-0.008446701,0.4287747,0.01400674,5.208875,-3.961807,33.13
27,-0.1513672,-0.06840515,0.9860992,1.0,-0.20401,-0.06948853,0.9764862,-33.80913,2.617249,-30.74971,2.901062,0.6128174,0.5322919,1.0,-0.02403259,-0.0650177,0.9975891,31.196440000000003,3.436462,-29.23811,3.169662,0.5528746999999999,0.4766523,0.06447053,1.323683,-0.1619587999999999,-0.008446701,0.4287747,0.01400674,5.208875,-3.961807,33.13
27,-0.1513672,-0.06840515,0.9860992,1.0,-0.20401,-0.06948853,0.9764862,-33.80913,2.617249,-30.74971,2.901062,0.6128174,0.5322919,1.0,-0.02403259,-0.0650177,0.9975891,31.196440000000003,3.436462,-29.23811,3.169662,0.5528746999999999,0.4766523,0.06447053,1.323683,-0.1619587999999999,-0.008446701,0.4287747,0.01400674,5.208875,-3.961807,33.13
27,-0.5114899,0.03205872,0.8586731,1.0,-0.5791473,0.02394104,0.8148651,-35.31035,2.914841,-31.288120000000003,3.5895080000000004,0.7176923000000001,0.519891,1.0,-0.4164581,0.04249573,0.9081421,29.45229,3.644852,-29.95026,3.5273440000000003,0.6605366,0.4663675999999999,0.06500053,1.325645,-0.167071,-0.01305011,0.4543061,0.01787111,5.208875,-36.84257,33.13
27,-0.5114899,0.03205872,0.8586731,1.0,-0.5791473,0.02394104,0.8148651,-35.31035,2.914841,-31.288120000000003,3.5895080000000004,0.7176923000000001,0.519891,1.0,-0.4164581,0.04249573,0.9081421,29.45229,3.644852,-29.95026,3.5273440000000003,0.6605366,0.4663675999999999,0.06500053,1.325645,-0.167071,-0.01305011,0.4543061,0.01787111,5.208875,-36.84257,33.13
27,-0.5114899,0.03205872,0.8586731,1.0,-0.5791473,0.02394104,0.8148651,-35.31035,2.914841,-31.288120000000003,3.5895080000000004,0.7176923000000001,0.519891,1.0,-0.4164581,0.04249573,0.9081421,29.45229,3.644852,-29.95026,3.5273440000000003,0.6605366,0.4663675999999999,0.06500053,1.325645,-0.167071,-0.01305011,0.4543061,0.01787111,5.208875,-36.84257,33.13
27,-0.4653930999999999,-0.004608154,0.8850860999999999,1.0,-0.4968414,-0.0178833,0.8676453000000002,-35.14284,3.1282810000000003,-31.047590000000003,3.537582,0.6993793,0.5140626,1.0,-0.3858337,0.0277709999999999,0.9221344,29.62654,3.611969,-29.85588,3.4658809999999995,0.650613,0.4680438,0.06569409,1.327508,-0.1725541,-0.01793146,0.4796818,0.02263935,5.208875,-36.84257,33.13
27,-0.4653930999999999,-0.004608154,0.8850860999999999,1.0,-0.4968414,-0.0178833,0.8676453000000002,-35.14284,3.1282810000000003,-31.047590000000003,3.537582,0.6993793,0.5140626,1.0,-0.3858337,0.0277709999999999,0.9221344,29.62654,3.611969,-29.85588,3.4658809999999995,0.650613,0.4680438,0.06569409,1.327508,-0.1725541,-0.01793146,0.4796818,0.02263935,5.208875,-36.84257,33.13
27,-0.4653930999999999,-0.004608154,0.8850860999999999,1.0,-0.4968414,-0.0178833,0.8676453000000002,-35.14284,3.1282810000000003,-31.047590000000003,3.537582,0.6993793,0.5140626,1.0,-0.3858337,0.0277709999999999,0.9221344,29.62654,3.611969,-29.85588,3.4658809999999995,0.650613,0.4680438,0.06569409,1.327508,-0.1725541,-0.01793146,0.4796818,0.02263935,5.208875,-36.84257,33.13
27,-0.3391724,0.0064086909999999,0.9406891,1.0,-0.4031525,-0.01765442,0.9149475,-34.72926,2.670334,-30.91737,3.166794,0.6714911,0.5274168,1.0,-0.2788085999999999,0.02848816,0.9599152,30.17326,3.373932,-29.63988,3.246979,0.618687,0.4727899,0.06629467,1.328765,-0.1780067,-0.02058342,0.5039385999999999,0.02543738,5.208875,-36.84257,33.13
27,-0.3391724,0.0064086909999999,0.9406891,1.0,-0.4031525,-0.01765442,0.9149475,-34.72926,2.670334,-30.91737,3.166794,0.6714911,0.5274168,1.0,-0.2788085999999999,0.02848816,0.9599152,30.17326,3.373932,-29.63988,3.246979,0.618687,0.4727899,0.06629467,1.328765,-0.1780067,-0.02058342,0.5039385999999999,0.02543738,5.208875,-36.84257,33.13
27,-0.3391724,0.0064086909999999,0.9406891,1.0,-0.4031525,-0.01765442,0.9149475,-34.72926,2.670334,-30.91737,3.166794,0.6714911,0.5274168,1.0,-0.2788085999999999,0.02848816,0.9599152,30.17326,3.373932,-29.63988,3.246979,0.618687,0.4727899,0.06629467,1.328765,-0.1780067,-0.02058342,0.5039385999999999,0.02543738,5.208875,-36.84257,33.13
27,-0.2491607999999999,-0.03437805,0.9678497,1.0,-0.3661957,-0.1009216,0.9250336,-34.42436,2.586548,-30.78262,2.74176,0.6555499,0.5389013,1.0,-0.1981201,-0.006011963,0.9801483,30.48367,3.3186190000000004,-29.50455,3.275528,0.5980732,0.4769642,0.06635499,1.329445,-0.1838337,-0.02290795,0.5285383000000001,0.02567746,5.208875,-36.84257,33.13
27,-0.2491607999999999,-0.03437805,0.9678497,1.0,-0.3661957,-0.1009216,0.9250336,-34.42436,2.586548,-30.78262,2.74176,0.6555499,0.5389013,1.0,-0.1981201,-0.006011963,0.9801483,30.48367,3.3186190000000004,-29.50455,3.275528,0.5980732,0.4769642,0.06635499,1.329445,-0.1838337,-0.02290795,0.5285383000000001,0.02567746,5.208875,-36.84257,33.13
27,-0.2491607999999999,-0.03437805,0.9678497,1.0,-0.3661957,-0.1009216,0.9250336,-34.42436,2.586548,-30.78262,2.74176,0.6555499,0.5389013,1.0,-0.1981201,-0.006011963,0.9801483,30.48367,3.3186190000000004,-29.50455,3.275528,0.5980732,0.4769642,0.06635499,1.329445,-0.1838337,-0.02290795,0.5285383000000001,0.02567746,5.208875,-36.84257,33.13
27,-0.1959839,-0.06600952,0.9783783,1.0,-0.2914276,-0.1120911,0.9499969,-34.14835,2.623795,-30.66508,2.935425,0.6358708000000001,0.5373154,1.0,-0.1554108,-0.04652405,0.9867401,30.79665,3.432373,-29.3914,3.261261,0.5821901999999999,0.4766979,0.06660438,1.33021,-0.189195,-0.02593441,0.5514759,0.02532216,5.208875,-36.84257,33.13
27,-0.1959839,-0.06600952,0.9783783,1.0,-0.2914276,-0.1120911,0.9499969,-34.14835,2.623795,-30.66508,2.935425,0.6358708000000001,0.5373154,1.0,-0.1554108,-0.04652405,0.9867401,30.79665,3.432373,-29.3914,3.261261,0.5821901999999999,0.4766979,0.06660438,1.33021,-0.189195,-0.02593441,0.5514759,0.02532216,5.208875,-10.50286,33.13
27,-0.1959839,-0.06600952,0.9783783,1.0,-0.2914276,-0.1120911,0.9499969,-34.14835,2.623795,-30.66508,2.935425,0.6358708000000001,0.5373154,1.0,-0.1554108,-0.04652405,0.9867401,30.79665,3.432373,-29.3914,3.261261,0.5821901999999999,0.4766979,0.06660438,1.33021,-0.189195,-0.02593441,0.5514759,0.02532216,5.208875,-10.50286,33.13
27,-0.1890563999999999,-0.0614624,0.9800261999999998,1.0,-0.1930542,-0.06164551,0.9792328,-33.75526,2.519455,-30.52603,2.924515,0.6092979000000001,0.5326098000000001,1.0,-0.0284729,-0.05323792,0.9981689,31.2141,3.441849,-29.59702,3.148453,0.5529248999999999,0.478067,0.0664289,1.330794,-0.2000311,-0.02959305,0.5944338,0.02364055,5.208875,-10.50286,33.13
27,-0.1890563999999999,-0.0614624,0.9800261999999998,1.0,-0.1930542,-0.06164551,0.9792328,-33.75526,2.519455,-30.52603,2.924515,0.6092979000000001,0.5326098000000001,1.0,-0.0284729,-0.05323792,0.9981689,31.2141,3.441849,-29.59702,3.148453,0.5529248999999999,0.478067,0.0664289,1.330794,-0.2000311,-0.02959305,0.5944338,0.02364055,5.208875,-10.50286,33.13
27,-0.1890563999999999,-0.0614624,0.9800261999999998,1.0,-0.1930542,-0.06164551,0.9792328,-33.75526,2.519455,-30.52603,2.924515,0.6092979000000001,0.5326098000000001,1.0,-0.0284729,-0.05323792,0.9981689,31.2141,3.441849,-29.59702,3.148453,0.5529248999999999,0.478067,0.0664289,1.330794,-0.2000311,-0.02959305,0.5944338,0.02364055,5.208875,-10.50286,33.13
27,-0.1482086,-0.08192444,0.9855499,1.0,-0.1519775,-0.08256531,0.9849243,-33.55,2.367081,-29.774140000000003,3.042236,0.5962430000000001,0.5335022,1.0,0.007232666,-0.05505371,0.9984436,31.44481,3.2827300000000004,-28.7999,3.103607,0.5406651,0.4767367999999999,0.06651711,1.331368,-0.2054422,-0.03134748,0.6149126,0.02523477,5.208875,-10.50286,33.13
27,-0.1482086,-0.08192444,0.9855499,1.0,-0.1519775,-0.08256531,0.9849243,-33.55,2.367081,-29.774140000000003,3.042236,0.5962430000000001,0.5335022,1.0,0.007232666,-0.05505371,0.9984436,31.44481,3.2827300000000004,-28.7999,3.103607,0.5406651,0.4767367999999999,0.06651711,1.331368,-0.2054422,-0.03134748,0.6149126,0.02523477,5.208875,-10.50286,33.13
27,-0.1482086,-0.08192444,0.9855499,1.0,-0.1519775,-0.08256531,0.9849243,-33.55,2.367081,-29.774140000000003,3.042236,0.5962430000000001,0.5335022,1.0,0.007232666,-0.05505371,0.9984436,31.44481,3.2827300000000004,-28.7999,3.103607,0.5406651,0.4767367999999999,0.06651711,1.331368,-0.2054422,-0.03134748,0.6149126,0.02523477,5.208875,-10.50286,33.13
27,-0.1712798999999999,-0.06015015,0.9833832,1.0,-0.1715546,-0.06019592,0.9833221,-33.57286,2.538071,-30.3329,3.024918,0.6000622,0.5299794,1.0,0.0262145999999999,-0.03570557,0.9990082,31.42175,3.29686,-28.77666,3.246155,0.5390583000000001,0.4737893,0.06651711,1.331368,-0.2054422,-0.03134748,0.6149126,0.02523477,5.208875,-10.50286,33.13
27,-0.1712798999999999,-0.06015015,0.9833832,1.0,-0.1715546,-0.06019592,0.9833221,-33.57286,2.538071,-30.3329,3.024918,0.6000622,0.5299794,1.0,0.0262145999999999,-0.03570557,0.9990082,31.42175,3.29686,-28.77666,3.246155,0.5390583000000001,0.4737893,0.06651711,1.331368,-0.2054422,-0.03134748,0.6149126,0.02523477,5.208875,-10.50286,33.13
27,-0.1712798999999999,-0.06015015,0.9833832,1.0,-0.1715546,-0.06019592,0.9833221,-33.57286,2.538071,-30.3329,3.024918,0.6000622,0.5299794,1.0,0.0262145999999999,-0.03570557,0.9990082,31.42175,3.29686,-28.77666,3.246155,0.5390583000000001,0.4737893,0.06651711,1.331368,-0.2054422,-0.03134748,0.6149126,0.02523477,5.208875,-10.50286,33.13
27,-0.4351807,-0.06365967,0.8980713,1.0,-0.4428101,-0.06616211,0.8941498,-34.596709999999995,2.679291,-30.69629,3.096146,0.6717119,0.5316389,1.0,-0.283493,-0.01515198,0.958847,30.24313,3.400253,-29.51976,3.284454,0.6166607,0.4762735999999999,0.0662837,1.331758,-0.2111762999999999,-0.03397384,0.6359071999999999,0.02587588,5.208875,-10.50286,33.13
27,-0.4351807,-0.06365967,0.8980713,1.0,-0.4428101,-0.06616211,0.8941498,-34.596709999999995,2.679291,-30.69629,3.096146,0.6717119,0.5316389,1.0,-0.283493,-0.01515198,0.958847,30.24313,3.400253,-29.51976,3.284454,0.6166607,0.4762735999999999,0.0662837,1.331758,-0.2111762999999999,-0.03397384,0.6359071999999999,0.02587588,5.208875,-10.50286,33.13
27,-0.4351807,-0.06365967,0.8980713,1.0,-0.4428101,-0.06616211,0.8941498,-34.596709999999995,2.679291,-30.69629,3.096146,0.6717119,0.5316389,1.0,-0.283493,-0.01515198,0.958847,30.24313,3.400253,-29.51976,3.284454,0.6166607,0.4762735999999999,0.0662837,1.331758,-0.2111762999999999,-0.03397384,0.6359071999999999,0.02587588,5.208875,-10.50286,33.13
27,-0.3971252,0.02288818,0.9174652,1.0,-0.4007567999999999,0.02366638,0.915863,-34.71524,2.562393,-30.75945,3.475693,0.670424,0.5248510999999999,1.0,-0.2687988,-0.003860474,0.9631805,30.13219,3.244598,-29.55687,3.247604,0.6187539000000001,0.4803332,0.06583667,1.332157,-0.2169893,-0.03687372,0.656821,0.02586854,5.208875,49.55666,33.13
27,-0.3971252,0.02288818,0.9174652,1.0,-0.4007567999999999,0.02366638,0.915863,-34.71524,2.562393,-30.75945,3.475693,0.670424,0.5248510999999999,1.0,-0.2687988,-0.003860474,0.9631805,30.13219,3.244598,-29.55687,3.247604,0.6187539000000001,0.4803332,0.06583667,1.332157,-0.2169893,-0.03687372,0.656821,0.02586854,5.208875,49.55666,33.13
27,-0.3971252,0.02288818,0.9174652,1.0,-0.4007567999999999,0.02366638,0.915863,-34.71524,2.562393,-30.75945,3.475693,0.670424,0.5248510999999999,1.0,-0.2687988,-0.003860474,0.9631805,30.13219,3.244598,-29.55687,3.247604,0.6187539000000001,0.4803332,0.06583667,1.332157,-0.2169893,-0.03687372,0.656821,0.02586854,5.208875,49.55666,33.13
27,-0.2272797,-0.06225586,0.9718323,1.0,-0.3368377999999999,-0.1174773999999999,0.9341888,-34.30753,2.531311,-30.5351,2.605804,0.6471621,0.5402691,1.0,-0.1904297,-0.04388428,0.9807129,30.61917,3.258987,-29.39606,3.107666,0.592666,0.482475,0.0652585,1.332236,-0.2223035,-0.03736997,0.6749625,0.02694341,5.208875,49.55666,33.13
27,-0.2272797,-0.06225586,0.9718323,1.0,-0.3368377999999999,-0.1174773999999999,0.9341888,-34.30753,2.531311,-30.5351,2.605804,0.6471621,0.5402691,1.0,-0.1904297,-0.04388428,0.9807129,30.61917,3.258987,-29.39606,3.107666,0.592666,0.482475,0.0652585,1.332236,-0.2223035,-0.03736997,0.6749625,0.02694341,5.208875,49.55666,33.13
27,-0.2272797,-0.06225586,0.9718323,1.0,-0.3368377999999999,-0.1174773999999999,0.9341888,-34.30753,2.531311,-30.5351,2.605804,0.6471621,0.5402691,1.0,-0.1904297,-0.04388428,0.9807129,30.61917,3.258987,-29.39606,3.107666,0.592666,0.482475,0.0652585,1.332236,-0.2223035,-0.03736997,0.6749625,0.02694341,5.208875,49.55666,33.13
27,-0.1908417,-0.08839417,0.9776306,1.0,-0.3106079,-0.118042,0.943161,-34.08421,2.555786,-30.46675,2.866592,0.6358076,0.5387213000000001,1.0,-0.153595,-0.07904053,0.9849548,30.8273,3.355057,-29.29816,3.131332,0.5810385,0.4824039,0.0645535,1.332433,-0.2270592,-0.03846755,0.6897866,0.02764657,5.208875,49.55666,33.13
27,-0.1908417,-0.08839417,0.9776306,1.0,-0.3106079,-0.118042,0.943161,-34.08421,2.555786,-30.46675,2.866592,0.6358076,0.5387213000000001,1.0,-0.153595,-0.07904053,0.9849548,30.8273,3.355057,-29.29816,3.131332,0.5810385,0.4824039,0.0645535,1.332433,-0.2270592,-0.03846755,0.6897866,0.02764657,5.208875,49.55666,33.13
27,-0.1908417,-0.08839417,0.9776306,1.0,-0.3106079,-0.118042,0.943161,-34.08421,2.555786,-30.46675,2.866592,0.6358076,0.5387213000000001,1.0,-0.153595,-0.07904053,0.9849548,30.8273,3.355057,-29.29816,3.131332,0.5810385,0.4824039,0.0645535,1.332433,-0.2270592,-0.03846755,0.6897866,0.02764657,5.208875,49.55666,33.13
27,-0.1764221,-0.08387756,0.9807281,1.0,-0.2321472,-0.0940093999999999,0.9681244,-33.78426,2.52832,-30.39005,2.868881,0.615092,0.5352951,1.0,-0.0660553,-0.06330872,0.9958038,31.17479,3.418427,-29.6095,3.066574,0.5588769,0.4803152,0.06387591,1.332392,-0.2312283,-0.04014861,0.7022477,0.02746948,5.208875,49.55666,33.13
27,-0.1764221,-0.08387756,0.9807281,1.0,-0.2321472,-0.0940093999999999,0.9681244,-33.78426,2.52832,-30.39005,2.868881,0.615092,0.5352951,1.0,-0.0660553,-0.06330872,0.9958038,31.17479,3.418427,-29.6095,3.066574,0.5588769,0.4803152,0.06387591,1.332392,-0.2312283,-0.04014861,0.7022477,0.02746948,5.208875,49.55666,33.13
27,-0.1764221,-0.08387756,0.9807281,1.0,-0.2321472,-0.0940093999999999,0.9681244,-33.78426,2.52832,-30.39005,2.868881,0.615092,0.5352951,1.0,-0.0660553,-0.06330872,0.9958038,31.17479,3.418427,-29.6095,3.066574,0.5588769,0.4803152,0.06387591,1.332392,-0.2312283,-0.04014861,0.7022477,0.02746948,5.208875,49.55666,33.13
27,-0.1628571,-0.08996582,0.9825287,1.0,-0.2052917,-0.09324646,0.9742432,-33.59703,2.489517,-30.20412,2.856995,0.6049310999999999,0.5346499,1.0,-0.02755737,-0.07852173,0.996521,31.38083,3.258041,-28.96912,3.038574,0.5470828000000001,0.4819337,0.06287789,1.332361,-0.2374308,-0.04081094,0.7198198,0.02845836,5.208875,49.55666,33.13
27,-0.1628571,-0.08996582,0.9825287,1.0,-0.2052917,-0.09324646,0.9742432,-33.59703,2.489517,-30.20412,2.856995,0.6049310999999999,0.5346499,1.0,-0.02755737,-0.07852173,0.996521,31.38083,3.258041,-28.96912,3.038574,0.5470828000000001,0.4819337,0.06287789,1.332361,-0.2374308,-0.04081094,0.7198198,0.02845836,5.208875,49.55666,33.13
27,-0.1628571,-0.08996582,0.9825287,1.0,-0.2052917,-0.09324646,0.9742432,-33.59703,2.489517,-30.20412,2.856995,0.6049310999999999,0.5346499,1.0,-0.02755737,-0.07852173,0.996521,31.38083,3.258041,-28.96912,3.038574,0.5470828000000001,0.4819337,0.06287789,1.332361,-0.2374308,-0.04081094,0.7198198,0.02845836,5.208875,49.55666,33.13
27,-0.1585236,-0.08666992,0.9835358,1.0,-0.180069,-0.08399963,0.9800568,-33.52876,2.324585,-29.70195,2.9434970000000003,0.5988679,0.534512,1.0,-0.01754761,-0.1028595,0.9945374,31.479840000000003,3.200409,-28.75043,3.006287,0.5425045000000001,0.4849335,0.06293178,1.332471,-0.2391291,-0.04107308,0.724757,0.02936939,5.208875,49.55666,33.13
27,-0.1585236,-0.08666992,0.9835358,1.0,-0.180069,-0.08399963,0.9800568,-33.52876,2.324585,-29.70195,2.9434970000000003,0.5988679,0.534512,1.0,-0.01754761,-0.1028595,0.9945374,31.479840000000003,3.200409,-28.75043,3.006287,0.5425045000000001,0.4849335,0.06293178,1.332471,-0.2391291,-0.04107308,0.724757,0.02936939,5.208875,49.55666,33.13
27,-0.1585236,-0.08666992,0.9835358,1.0,-0.180069,-0.08399963,0.9800568,-33.52876,2.324585,-29.70195,2.9434970000000003,0.5988679,0.534512,1.0,-0.01754761,-0.1028595,0.9945374,31.479840000000003,3.200409,-28.75043,3.006287,0.5425045000000001,0.4849335,0.06293178,1.332471,-0.2391291,-0.04107308,0.724757,0.02936939,5.208875,49.55666,33.13
27,-0.1585236,-0.08666992,0.9835358,1.0,-0.180069,-0.08399963,0.9800568,-33.52876,2.324585,-29.70195,2.9434970000000003,0.5988679,0.534512,1.0,-0.01754761,-0.1028595,0.9945374,31.479840000000003,3.200409,-28.75043,3.006287,0.5425045000000001,0.4849335,0.06269288,1.332645,-0.2403424,-0.04229062,0.7273906,0.02946424,5.208875,41.59355,33.13
27,-0.1585236,-0.08666992,0.9835358,1.0,-0.180069,-0.08399963,0.9800568,-33.52876,2.324585,-29.70195,2.9434970000000003,0.5988679,0.534512,1.0,-0.01754761,-0.1028595,0.9945374,31.479840000000003,3.200409,-28.75043,3.006287,0.5425045000000001,0.4849335,0.06269288,1.332645,-0.2403424,-0.04229062,0.7273906,0.02946424,5.208875,41.59355,33.13
27,-0.1585236,-0.08666992,0.9835358,1.0,-0.180069,-0.08399963,0.9800568,-33.52876,2.324585,-29.70195,2.9434970000000003,0.5988679,0.534512,1.0,-0.01754761,-0.1028595,0.9945374,31.479840000000003,3.200409,-28.75043,3.006287,0.5425045000000001,0.4849335,0.06269288,1.332645,-0.2403424,-0.04229062,0.7273906,0.02946424,5.208875,41.59355,33.13
27,-0.07000732,-0.1025543,0.9922485,1.0,-0.1044616999999999,-0.1065826,0.9887848,-33.16145,2.327362,-29.55476,2.724899,0.5764858,0.535443,1.0,0.06108093,-0.08621216,0.9944,31.88904,3.090668,-28.12524,3.024811,0.5192180999999999,0.481004,0.06259799,1.332597,-0.2410566,-0.04293458,0.7284666,0.02858922,5.208875,41.59355,33.13
27,-0.07000732,-0.1025543,0.9922485,1.0,-0.1044616999999999,-0.1065826,0.9887848,-33.16145,2.327362,-29.55476,2.724899,0.5764858,0.535443,1.0,0.06108093,-0.08621216,0.9944,31.88904,3.090668,-28.12524,3.024811,0.5192180999999999,0.481004,0.06259799,1.332597,-0.2410566,-0.04293458,0.7284666,0.02858922,5.208875,41.59355,33.13
27,-0.07000732,-0.1025543,0.9922485,1.0,-0.1044616999999999,-0.1065826,0.9887848,-33.16145,2.327362,-29.55476,2.724899,0.5764858,0.535443,1.0,0.06108093,-0.08621216,0.9944,31.88904,3.090668,-28.12524,3.024811,0.5192180999999999,0.481004,0.06259799,1.332597,-0.2410566,-0.04293458,0.7284666,0.02858922,5.208875,41.59355,33.13
27,-0.06910706,-0.1079406999999999,0.991745,1.0,-0.08720398,-0.1092987,0.9901733,-33.13647,2.296066,-29.42947,2.791458,0.573429,0.5357074000000001,1.0,0.05529785,-0.09777832,0.9936676,31.93359,3.0588990000000003,-27.98878,3.019363,0.518406,0.4823247,0.06206059,1.33217,-0.2416492,-0.0430229,0.7279515000000001,0.02743284,5.208875,41.59355,33.13
27,-0.06910706,-0.1079406999999999,0.991745,1.0,-0.08720398,-0.1092987,0.9901733,-33.13647,2.296066,-29.42947,2.791458,0.573429,0.5357074000000001,1.0,0.05529785,-0.09777832,0.9936676,31.93359,3.0588990000000003,-27.98878,3.019363,0.518406,0.4823247,0.06206059,1.33217,-0.2416492,-0.0430229,0.7279515000000001,0.02743284,5.208875,41.59355,33.13
27,-0.06910706,-0.1079406999999999,0.991745,1.0,-0.08720398,-0.1092987,0.9901733,-33.13647,2.296066,-29.42947,2.791458,0.573429,0.5357074000000001,1.0,0.05529785,-0.09777832,0.9936676,31.93359,3.0588990000000003,-27.98878,3.019363,0.518406,0.4823247,0.06206059,1.33217,-0.2416492,-0.0430229,0.7279515000000001,0.02743284,5.208875,41.59355,33.13
27,0.01057434,-0.09101868,0.9957886,1.0,-0.08192444,-0.08757019,0.9927826,-33.08606,2.2966,-29.371640000000003,2.795517,0.5709922,0.5324441999999999,1.0,0.07229614,-0.09288025,0.993042,31.98535,3.058594,-27.92792,3.025345,0.5146374,0.4811891,0.06187701,1.332554,-0.241772,-0.04429159,0.7250685,0.02821792,5.208875,41.59355,33.13
27,0.01057434,-0.09101868,0.9957886,1.0,-0.08192444,-0.08757019,0.9927826,-33.08606,2.2966,-29.371640000000003,2.795517,0.5709922,0.5324441999999999,1.0,0.07229614,-0.09288025,0.993042,31.98535,3.058594,-27.92792,3.025345,0.5146374,0.4811891,0.06187701,1.332554,-0.241772,-0.04429159,0.7250685,0.02821792,5.208875,41.59355,33.13
27,0.01057434,-0.09101868,0.9957886,1.0,-0.08192444,-0.08757019,0.9927826,-33.08606,2.2966,-29.371640000000003,2.795517,0.5709922,0.5324441999999999,1.0,0.07229614,-0.09288025,0.993042,31.98535,3.058594,-27.92792,3.025345,0.5146374,0.4811891,0.06187701,1.332554,-0.241772,-0.04429159,0.7250685,0.02821792,5.208875,41.59355,33.13
27,0.01039124,-0.08796692,0.9960632,1.0,-0.0801239,-0.09223938,0.9924927,-33.09135,2.322128,-29.38583,2.787323,0.5709607,0.5322650999999999,1.0,0.07266235,-0.08460999,0.9937591999999998,31.978040000000004,3.076859,-27.9006,3.0280150000000003,0.5148493,0.4793542,0.06200075,1.332981,-0.2414976,-0.04485581,0.7236876999999999,0.02995278,5.208875,66.89723,33.13
27,0.01039124,-0.08796692,0.9960632,1.0,-0.0801239,-0.09223938,0.9924927,-33.09135,2.322128,-29.38583,2.787323,0.5709607,0.5322650999999999,1.0,0.07266235,-0.08460999,0.9937591999999998,31.978040000000004,3.076859,-27.9006,3.0280150000000003,0.5148493,0.4793542,0.06200075,1.332981,-0.2414976,-0.04485581,0.7236876999999999,0.02995278,5.208875,66.89723,33.13
27,0.01039124,-0.08796692,0.9960632,1.0,-0.0801239,-0.09223938,0.9924927,-33.09135,2.322128,-29.38583,2.787323,0.5709607,0.5322650999999999,1.0,0.07266235,-0.08460999,0.9937591999999998,31.978040000000004,3.076859,-27.9006,3.0280150000000003,0.5148493,0.4793542,0.06200075,1.332981,-0.2414976,-0.04485581,0.7236876999999999,0.02995278,5.208875,66.89723,33.13
27,0.01081848,-0.08900452,0.9959564,1.0,-0.07989502,-0.09429932,0.9923248,-33.09135,2.342178,-29.40388,2.776016,0.5709390000000001,0.5319885,1.0,0.07357788,-0.08491516,0.9936523000000002,31.97195,3.07515,-27.86388,3.024719,0.5149475,0.4791377999999999,0.06206393,1.333227,-0.2410038,-0.04474147,0.7224119000000001,0.03131038,5.208875,66.89723,33.13
27,0.01081848,-0.08900452,0.9959564,1.0,-0.07989502,-0.09429932,0.9923248,-33.09135,2.342178,-29.40388,2.776016,0.5709390000000001,0.5319885,1.0,0.07357788,-0.08491516,0.9936523000000002,31.97195,3.07515,-27.86388,3.024719,0.5149475,0.4791377999999999,0.06206393,1.333227,-0.2410038,-0.04474147,0.7224119000000001,0.03131038,5.208875,66.89723,33.13
27,0.01081848,-0.08900452,0.9959564,1.0,-0.07989502,-0.09429932,0.9923248,-33.09135,2.342178,-29.40388,2.776016,0.5709390000000001,0.5319885,1.0,0.07357788,-0.08491516,0.9936523000000002,31.97195,3.07515,-27.86388,3.024719,0.5149475,0.4791377999999999,0.06206393,1.333227,-0.2410038,-0.04474147,0.7224119000000001,0.03131038,5.208875,66.89723,33.13
27,0.004608154,-0.09101868,0.9958344,1.0,-0.07917786,-0.09388733,0.9924164,-33.1069,2.343521,-29.41458,2.769531,0.5713904000000001,0.5319885,1.0,0.0696106,-0.08834839,0.9936523000000002,31.96204,3.07515,-27.81355,3.015442,0.5157611,0.4791377999999999,0.06230021,1.333353,-0.2405183999999999,-0.0443316999999999,0.7211825,0.03228085,5.208875,66.89723,33.13
27,0.004608154,-0.09101868,0.9958344,1.0,-0.07917786,-0.09388733,0.9924164,-33.1069,2.343521,-29.41458,2.769531,0.5713904000000001,0.5319885,1.0,0.0696106,-0.08834839,0.9936523000000002,31.96204,3.07515,-27.81355,3.015442,0.5157611,0.4791377999999999,0.06230021,1.333353,-0.2405183999999999,-0.0443316999999999,0.7211825,0.03228085,5.208875,66.89723,33.13
27,0.004608154,-0.09101868,0.9958344,1.0,-0.07917786,-0.09388733,0.9924164,-33.1069,2.343521,-29.41458,2.769531,0.5713904000000001,0.5319885,1.0,0.0696106,-0.08834839,0.9936523000000002,31.96204,3.07515,-27.81355,3.015442,0.5157611,0.4791377999999999,0.06230021,1.333353,-0.2405183999999999,-0.0443316999999999,0.7211825,0.03228085,5.208875,66.89723,33.13
28,0.004608154,-0.09101868,0.9958344,1.0,-0.07917786,-0.09388733,0.9924164,-33.1069,2.343521,-29.41458,2.769531,0.5713904000000001,0.5319885,1.0,0.0696106,-0.08834839,0.9936523000000002,31.96204,3.07515,-27.81355,3.015442,0.5157611,0.4791377999999999,0.06230021,1.333353,-0.2405183999999999,-0.0443316999999999,0.7211825,0.03228085,5.208875,66.89723,33.13
28,0.004608154,-0.09101868,0.9958344,1.0,-0.07917786,-0.09388733,0.9924164,-33.1069,2.343521,-29.41458,2.769531,0.5713904000000001,0.5319885,1.0,0.0696106,-0.08834839,0.9936523000000002,31.96204,3.07515,-27.81355,3.015442,0.5157611,0.4791377999999999,0.06230021,1.333353,-0.2405183999999999,-0.0443316999999999,0.7211825,0.03228085,5.208875,66.89723,33.13
28,0.004608154,-0.09101868,0.9958344,1.0,-0.07917786,-0.09388733,0.9924164,-33.1069,2.343521,-29.41458,2.769531,0.5713904000000001,0.5319885,1.0,0.0696106,-0.08834839,0.9936523000000002,31.96204,3.07515,-27.81355,3.015442,0.5157611,0.4791377999999999,0.06230021,1.333353,-0.2405183999999999,-0.0443316999999999,0.7211825,0.03228085,5.208875,66.89723,33.13
28,0.06645203,-0.04411316,0.9968109,1.0,0.06645203,-0.04411316,0.9968109,-32.30263,3.360825,-31.07997,2.540192,0.5265458000000001,0.5055086,1.0,0.0,0.0,0.0,32.5752,3.915192,-28.187790000000003,-1.0,0.4798752999999999,0.4397312,0.06275201,1.334156,-0.2389602,-0.04438033,0.7176408000000001,0.03463604,5.208875,66.89723,33.13
28,0.06645203,-0.04411316,0.9968109,1.0,0.06645203,-0.04411316,0.9968109,-32.30263,3.360825,-31.07997,2.540192,0.5265458000000001,0.5055086,1.0,0.0,0.0,0.0,32.5752,3.915192,-28.187790000000003,-1.0,0.4798752999999999,0.4397312,0.06275201,1.334156,-0.2389602,-0.04438033,0.7176408000000001,0.03463604,5.208875,66.89723,33.13
28,0.06645203,-0.04411316,0.9968109,1.0,0.06645203,-0.04411316,0.9968109,-32.30263,3.360825,-31.07997,2.540192,0.5265458000000001,0.5055086,1.0,0.0,0.0,0.0,32.5752,3.915192,-28.187790000000003,-1.0,0.4798752999999999,0.4397312,0.06275201,1.334156,-0.2389602,-0.04438033,0.7176408000000001,0.03463604,5.208875,66.89723,33.13
28,0.2004395,0.008743286,0.97966,1.0,0.06826782,-0.0381011999999999,0.996933,-32.39725,3.318207,-31.04065,2.6761470000000003,0.5297604,0.5060024999999999,1.0,0.2004547,0.008758545,0.97966,32.58075,3.802841,-28.05685,2.987152,0.4794572,0.4449883,0.06143737,1.333725,-0.2391425,-0.04430185,0.7155658,0.03573524,5.208875,66.89723,33.13
28,0.2004395,0.008743286,0.97966,1.0,0.06826782,-0.0381011999999999,0.996933,-32.39725,3.318207,-31.04065,2.6761470000000003,0.5297604,0.5060024999999999,1.0,0.2004547,0.008758545,0.97966,32.58075,3.802841,-28.05685,2.987152,0.4794572,0.4449883,0.06143737,1.333725,-0.2391425,-0.04430185,0.7155658,0.03573524,5.208875,66.89723,33.13
28,0.2004395,0.008743286,0.97966,1.0,0.06826782,-0.0381011999999999,0.996933,-32.39725,3.318207,-31.04065,2.6761470000000003,0.5297604,0.5060024999999999,1.0,0.2004547,0.008758545,0.97966,32.58075,3.802841,-28.05685,2.987152,0.4794572,0.4449883,0.06143737,1.333725,-0.2391425,-0.04430185,0.7155658,0.03573524,5.208875,66.89723,33.13
28,0.1590117999999999,0.003921509,0.9872589,1.0,0.06851196,-0.01519775,0.9975281,-32.42604,3.283875,-30.96185,2.802719,0.5308588000000001,0.5037572,1.0,0.1984558,0.0123290999999999,0.9800261999999998,32.57375,3.784348000000001,-28.02898,3.012482,0.4799324,0.4449779,0.06124163,1.333736,-0.2384538999999999,-0.04407677,0.7139482,0.03665638,5.208875,-12.3698,33.13
28,0.1590117999999999,0.003921509,0.9872589,1.0,0.06851196,-0.01519775,0.9975281,-32.42604,3.283875,-30.96185,2.802719,0.5308588000000001,0.5037572,1.0,0.1984558,0.0123290999999999,0.9800261999999998,32.57375,3.784348000000001,-28.02898,3.012482,0.4799324,0.4449779,0.06124163,1.333736,-0.2384538999999999,-0.04407677,0.7139482,0.03665638,5.208875,-12.3698,33.13
28,0.1590117999999999,0.003921509,0.9872589,1.0,0.06851196,-0.01519775,0.9975281,-32.42604,3.283875,-30.96185,2.802719,0.5308588000000001,0.5037572,1.0,0.1984558,0.0123290999999999,0.9800261999999998,32.57375,3.784348000000001,-28.02898,3.012482,0.4799324,0.4449779,0.06124163,1.333736,-0.2384538999999999,-0.04407677,0.7139482,0.03665638,5.208875,-12.3698,33.13
28,0.1606293,0.008605957,0.986969,1.0,0.07121277,-0.01150513,0.9973907,-32.44794,3.238388,-30.83525,2.813309,0.5312273000000001,0.5037572,1.0,0.1898499,0.01524353,0.9816895,32.55492,3.747162,-27.89366,3.0569,0.4816247999999999,0.4448095,0.06125164,1.333547,-0.2377501,-0.04305891,0.7125943,0.03668441,5.208875,-12.3698,33.13
28,0.1606293,0.008605957,0.986969,1.0,0.07121277,-0.01150513,0.9973907,-32.44794,3.238388,-30.83525,2.813309,0.5312273000000001,0.5037572,1.0,0.1898499,0.01524353,0.9816895,32.55492,3.747162,-27.89366,3.0569,0.4816247999999999,0.4448095,0.06125164,1.333547,-0.2377501,-0.04305891,0.7125943,0.03668441,5.208875,-12.3698,33.13
28,0.1606293,0.008605957,0.986969,1.0,0.07121277,-0.01150513,0.9973907,-32.44794,3.238388,-30.83525,2.813309,0.5312273000000001,0.5037572,1.0,0.1898499,0.01524353,0.9816895,32.55492,3.747162,-27.89366,3.0569,0.4816247999999999,0.4448095,0.06125164,1.333547,-0.2377501,-0.04305891,0.7125943,0.03668441,5.208875,-12.3698,33.13
28,0.1456145999999999,0.002685547,0.9893341,1.0,0.06578064,-0.01716614,0.9976807,-32.46986,3.200394,-30.710390000000004,2.7716830000000003,0.5325312,0.5046048,1.0,0.188324,0.01339722,0.9820099,32.53947,3.723328,-27.79691,3.066986,0.4823465,0.4450607,0.06125283,1.333404,-0.2371482,-0.04258583,0.7112729999999999,0.03691421,5.208875,-12.3698,33.13
28,0.1456145999999999,0.002685547,0.9893341,1.0,0.06578064,-0.01716614,0.9976807,-32.46986,3.200394,-30.710390000000004,2.7716830000000003,0.5325312,0.5046048,1.0,0.188324,0.01339722,0.9820099,32.53947,3.723328,-27.79691,3.066986,0.4823465,0.4450607,0.06125283,1.333404,-0.2371482,-0.04258583,0.7112729999999999,0.03691421,5.208875,-12.3698,33.13
28,0.1456145999999999,0.002685547,0.9893341,1.0,0.06578064,-0.01716614,0.9976807,-32.46986,3.200394,-30.710390000000004,2.7716830000000003,0.5325312,0.5046048,1.0,0.188324,0.01339722,0.9820099,32.53947,3.723328,-27.79691,3.066986,0.4823465,0.4450607,0.06125283,1.333404,-0.2371482,-0.04258583,0.7112729999999999,0.03691421,5.208875,-12.3698,33.13
28,0.1456145999999999,0.002685547,0.9893341,1.0,0.06578064,-0.01716614,0.9976807,-32.46986,3.200394,-30.710390000000004,2.7716830000000003,0.5325312,0.5046048,1.0,0.188324,0.01339722,0.9820099,32.53947,3.723328,-27.79691,3.066986,0.4823465,0.4450607,0.06125283,1.333404,-0.2371482,-0.04258583,0.7112729999999999,0.03691421,5.208875,-12.3698,33.13
28,0.1456145999999999,0.002685547,0.9893341,1.0,0.06578064,-0.01716614,0.9976807,-32.46986,3.200394,-30.710390000000004,2.7716830000000003,0.5325312,0.5046048,1.0,0.188324,0.01339722,0.9820099,32.53947,3.723328,-27.79691,3.066986,0.4823465,0.4450607,0.06125283,1.333404,-0.2371482,-0.04258583,0.7112729999999999,0.03691421,5.208875,-12.3698,33.13
28,0.1456145999999999,0.002685547,0.9893341,1.0,0.06578064,-0.01716614,0.9976807,-32.46986,3.200394,-30.710390000000004,2.7716830000000003,0.5325312,0.5046048,1.0,0.188324,0.01339722,0.9820099,32.53947,3.723328,-27.79691,3.066986,0.4823465,0.4450607,0.06125283,1.333404,-0.2371482,-0.04258583,0.7112729999999999,0.03691421,5.208875,-12.3698,33.13
28,0.180542,0.01960754,0.9833679,1.0,0.02944946,-0.04672241,0.9984589,-32.709959999999995,2.815262,-29.45126,2.794373,0.5445127,0.5102604000000001,1.0,0.180542,0.01960754,0.9833679,32.50888,3.641617,-27.572190000000003,3.055893,0.4843679,0.445213,0.06147909,1.333157,-0.2356862,-0.04106519,0.708066,0.03738721,5.456187,-59.12877,33.13
28,0.180542,0.01960754,0.9833679,1.0,0.02944946,-0.04672241,0.9984589,-32.709959999999995,2.815262,-29.45126,2.794373,0.5445127,0.5102604000000001,1.0,0.180542,0.01960754,0.9833679,32.50888,3.641617,-27.572190000000003,3.055893,0.4843679,0.445213,0.06147909,1.333157,-0.2356862,-0.04106519,0.708066,0.03738721,5.456187,-59.12877,33.13
28,0.180542,0.01960754,0.9833679,1.0,0.02944946,-0.04672241,0.9984589,-32.709959999999995,2.815262,-29.45126,2.794373,0.5445127,0.5102604000000001,1.0,0.180542,0.01960754,0.9833679,32.50888,3.641617,-27.572190000000003,3.055893,0.4843679,0.445213,0.06147909,1.333157,-0.2356862,-0.04106519,0.708066,0.03738721,5.456187,-59.12877,33.13
28,0.1708832,0.0078125,0.9852448,1.0,0.02587891,-0.03782654,0.9989471,-32.73065,2.8173220000000003,-29.45116,2.774246,0.5456423,0.5090720999999999,1.0,0.1708832,0.0078125,0.9852448,32.477340000000005,3.598221,-27.45045,3.052887,0.4866045999999999,0.4470708,0.06160903,1.333165,-0.2349177999999999,-0.04102307,0.7065524000000001,0.03772842,5.456187,-59.12877,33.13
28,0.1708832,0.0078125,0.9852448,1.0,0.02587891,-0.03782654,0.9989471,-32.73065,2.8173220000000003,-29.45116,2.774246,0.5456423,0.5090720999999999,1.0,0.1708832,0.0078125,0.9852448,32.477340000000005,3.598221,-27.45045,3.052887,0.4866045999999999,0.4470708,0.06160903,1.333165,-0.2349177999999999,-0.04102307,0.7065524000000001,0.03772842,5.456187,-59.12877,33.13
28,0.1708832,0.0078125,0.9852448,1.0,0.02587891,-0.03782654,0.9989471,-32.73065,2.8173220000000003,-29.45116,2.774246,0.5456423,0.5090720999999999,1.0,0.1708832,0.0078125,0.9852448,32.477340000000005,3.598221,-27.45045,3.052887,0.4866045999999999,0.4470708,0.06160903,1.333165,-0.2349177999999999,-0.04102307,0.7065524000000001,0.03772842,5.456187,-59.12877,33.13
28,0.1205444,-0.0037689209999999,0.992691,1.0,0.01519775,-0.03172302,0.9993744,-32.752140000000004,2.875122,-29.63522,2.8004,0.5478445,0.5079954000000001,1.0,0.1505585,0.004257202,0.9885864,32.42767,3.590546,-27.40926,3.04158,0.4907188,0.4474015999999999,0.06183147,1.333194,-0.2340944,-0.04047344,0.7050192,0.03813852,5.456187,-59.12877,33.13
28,0.1205444,-0.0037689209999999,0.992691,1.0,0.01519775,-0.03172302,0.9993744,-32.752140000000004,2.875122,-29.63522,2.8004,0.5478445,0.5079954000000001,1.0,0.1505585,0.004257202,0.9885864,32.42767,3.590546,-27.40926,3.04158,0.4907188,0.4474015999999999,0.06183147,1.333194,-0.2340944,-0.04047344,0.7050192,0.03813852,5.456187,-59.12877,33.13
28,0.1205444,-0.0037689209999999,0.992691,1.0,0.01519775,-0.03172302,0.9993744,-32.752140000000004,2.875122,-29.63522,2.8004,0.5478445,0.5079954000000001,1.0,0.1505585,0.004257202,0.9885864,32.42767,3.590546,-27.40926,3.04158,0.4907188,0.4474015999999999,0.06183147,1.333194,-0.2340944,-0.04047344,0.7050192,0.03813852,5.456187,-59.12877,33.13
28,0.1255035,-0.003494263,0.9920807,1.0,0.006210327,-0.03334045,0.9994202,-32.756440000000005,2.894257,-29.70177,2.804886,0.5491431,0.5081258,1.0,0.1514434999999999,0.003051758,0.9884491,32.42207,3.59024,-27.404740000000004,3.01442,0.4908139,0.447495,0.06192183,1.33318,-0.2334195,-0.04016651,0.7033881,0.03842792,5.456187,-59.12877,33.13
28,0.1255035,-0.003494263,0.9920807,1.0,0.006210327,-0.03334045,0.9994202,-32.756440000000005,2.894257,-29.70177,2.804886,0.5491431,0.5081258,1.0,0.1514434999999999,0.003051758,0.9884491,32.42207,3.59024,-27.404740000000004,3.01442,0.4908139,0.447495,0.06192183,1.33318,-0.2334195,-0.04016651,0.7033881,0.03842792,5.456187,-59.12877,33.13
28,0.1255035,-0.003494263,0.9920807,1.0,0.006210327,-0.03334045,0.9994202,-32.756440000000005,2.894257,-29.70177,2.804886,0.5491431,0.5081258,1.0,0.1514434999999999,0.003051758,0.9884491,32.42207,3.59024,-27.404740000000004,3.01442,0.4908139,0.447495,0.06192183,1.33318,-0.2334195,-0.04016651,0.7033881,0.03842792,5.456187,-59.12877,33.13
28,0.0556488,-0.01300049,0.9983521,1.0,0.006225586,-0.02049255,0.9997559,-32.78821,2.915451,-29.73737,2.872589,0.5503391,0.5062073,1.0,0.1429901,0.0003814697,0.9897156,32.36827,3.510193,-27.0797,3.007706,0.4936807,0.447849,0.06192183,1.33318,-0.2334195,-0.04016651,0.7033881,0.03842792,5.456187,-59.12877,33.13
28,0.0556488,-0.01300049,0.9983521,1.0,0.006225586,-0.02049255,0.9997559,-32.78821,2.915451,-29.73737,2.872589,0.5503391,0.5062073,1.0,0.1429901,0.0003814697,0.9897156,32.36827,3.510193,-27.0797,3.007706,0.4936807,0.447849,0.06192183,1.33318,-0.2334195,-0.04016651,0.7033881,0.03842792,5.456187,-59.12877,33.11
28,0.0556488,-0.01300049,0.9983521,1.0,0.006225586,-0.02049255,0.9997559,-32.78821,2.915451,-29.73737,2.872589,0.5503391,0.5062073,1.0,0.1429901,0.0003814697,0.9897156,32.36827,3.510193,-27.0797,3.007706,0.4936807,0.447849,0.06192183,1.33318,-0.2334195,-0.04016651,0.7033881,0.03842792,5.456187,-59.12877,33.11
28,0.0556488,-0.01300049,0.9983521,1.0,0.006225586,-0.02049255,0.9997559,-32.78821,2.915451,-29.73737,2.872589,0.5503391,0.5062073,1.0,0.1429901,0.0003814697,0.9897156,32.36827,3.510193,-27.0797,3.007706,0.4936807,0.447849,0.06211948,1.333203,-0.2322248999999999,-0.04048403,0.7008485,0.03926444,5.456187,-85.91766,33.09
28,0.0556488,-0.01300049,0.9983521,1.0,0.006225586,-0.02049255,0.9997559,-32.78821,2.915451,-29.73737,2.872589,0.5503391,0.5062073,1.0,0.1429901,0.0003814697,0.9897156,32.36827,3.510193,-27.0797,3.007706,0.4936807,0.447849,0.06211948,1.333203,-0.2322248999999999,-0.04048403,0.7008485,0.03926444,5.456187,-85.91766,33.09
28,0.0556488,-0.01300049,0.9983521,1.0,0.006225586,-0.02049255,0.9997559,-32.78821,2.915451,-29.73737,2.872589,0.5503391,0.5062073,1.0,0.1429901,0.0003814697,0.9897156,32.36827,3.510193,-27.0797,3.007706,0.4936807,0.447849,0.06211948,1.333203,-0.2322248999999999,-0.04048403,0.7008485,0.03926444,5.456187,-85.91766,33.09
28,0.0556488,-0.01300049,0.9983521,1.0,0.006225586,-0.02049255,0.9997559,-32.78821,2.915451,-29.73737,2.872589,0.5503391,0.5062073,1.0,0.1429901,0.0003814697,0.9897156,32.36827,3.510193,-27.0797,3.007706,0.4936807,0.447849,0.06247592,1.333244,-0.2316244,-0.04004725,0.6999188000000001,0.03979492,5.456187,-85.91766,33.09
28,0.0556488,-0.01300049,0.9983521,1.0,0.006225586,-0.02049255,0.9997559,-32.78821,2.915451,-29.73737,2.872589,0.5503391,0.5062073,1.0,0.1429901,0.0003814697,0.9897156,32.36827,3.510193,-27.0797,3.007706,0.4936807,0.447849,0.06247592,1.333244,-0.2316244,-0.04004725,0.6999188000000001,0.03979492,5.456187,-85.91766,33.09
28,0.0556488,-0.01300049,0.9983521,1.0,0.006225586,-0.02049255,0.9997559,-32.78821,2.915451,-29.73737,2.872589,0.5503391,0.5062073,1.0,0.1429901,0.0003814697,0.9897156,32.36827,3.510193,-27.0797,3.007706,0.4936807,0.447849,0.06247592,1.333244,-0.2316244,-0.04004725,0.6999188000000001,0.03979492,5.456187,-85.91766,33.09
28,0.01716614,-0.01567078,0.9997253,1.0,0.004272461,-0.01721191,0.9998322,-32.808,2.918365,-29.75735,2.884689,0.5512885999999999,0.5059014000000001,1.0,0.1372527999999999,-0.001296997,0.9905243,32.34956,3.485703,-26.98695,3.00885,0.4950028,0.448125,0.06247592,1.333244,-0.2316244,-0.04004725,0.6999188000000001,0.03979492,5.456187,-85.91766,33.09
28,0.01716614,-0.01567078,0.9997253,1.0,0.004272461,-0.01721191,0.9998322,-32.808,2.918365,-29.75735,2.884689,0.5512885999999999,0.5059014000000001,1.0,0.1372527999999999,-0.001296997,0.9905243,32.34956,3.485703,-26.98695,3.00885,0.4950028,0.448125,0.06247592,1.333244,-0.2316244,-0.04004725,0.6999188000000001,0.03979492,5.456187,-85.91766,33.09
28,0.01716614,-0.01567078,0.9997253,1.0,0.004272461,-0.01721191,0.9998322,-32.808,2.918365,-29.75735,2.884689,0.5512885999999999,0.5059014000000001,1.0,0.1372527999999999,-0.001296997,0.9905243,32.34956,3.485703,-26.98695,3.00885,0.4950028,0.448125,0.06247592,1.333244,-0.2316244,-0.04004725,0.6999188000000001,0.03979492,5.456187,-85.91766,33.09
28,0.01716614,-0.01567078,0.9997253,1.0,0.004272461,-0.01721191,0.9998322,-32.808,2.918365,-29.75735,2.884689,0.5512885999999999,0.5059014000000001,1.0,0.1372527999999999,-0.001296997,0.9905243,32.34956,3.485703,-26.98695,3.00885,0.4950028,0.448125,0.06315923,1.332835,-0.2307919,-0.03836155,0.6989622,0.03963471,5.456187,-85.91766,33.09
28,0.01716614,-0.01567078,0.9997253,1.0,0.004272461,-0.01721191,0.9998322,-32.808,2.918365,-29.75735,2.884689,0.5512885999999999,0.5059014000000001,1.0,0.1372527999999999,-0.001296997,0.9905243,32.34956,3.485703,-26.98695,3.00885,0.4950028,0.448125,0.06315923,1.332835,-0.2307919,-0.03836155,0.6989622,0.03963471,5.456187,-85.91766,33.09
28,0.01716614,-0.01567078,0.9997253,1.0,0.004272461,-0.01721191,0.9998322,-32.808,2.918365,-29.75735,2.884689,0.5512885999999999,0.5059014000000001,1.0,0.1372527999999999,-0.001296997,0.9905243,32.34956,3.485703,-26.98695,3.00885,0.4950028,0.448125,0.06315923,1.332835,-0.2307919,-0.03836155,0.6989622,0.03963471,5.456187,-85.91766,33.09
28,-0.02732849,-0.008560181,0.999588,1.0,-0.03112793,-0.009048462,0.9994659,-32.97214,2.945313,-29.86365,2.9385220000000003,0.5614180000000001,0.5049898,1.0,0.1249541999999999,0.01097107,0.9920959,32.18166,3.32457,-26.46071,3.050369,0.5020911,0.4478494,0.06315923,1.332835,-0.2307919,-0.03836155,0.6989622,0.03963471,5.456187,-85.91766,33.09
28,-0.02732849,-0.008560181,0.999588,1.0,-0.03112793,-0.009048462,0.9994659,-32.97214,2.945313,-29.86365,2.9385220000000003,0.5614180000000001,0.5049898,1.0,0.1249541999999999,0.01097107,0.9920959,32.18166,3.32457,-26.46071,3.050369,0.5020911,0.4478494,0.06315923,1.332835,-0.2307919,-0.03836155,0.6989622,0.03963471,5.456187,-85.91766,33.09
28,-0.02732849,-0.008560181,0.999588,1.0,-0.03112793,-0.009048462,0.9994659,-32.97214,2.945313,-29.86365,2.9385220000000003,0.5614180000000001,0.5049898,1.0,0.1249541999999999,0.01097107,0.9920959,32.18166,3.32457,-26.46071,3.050369,0.5020911,0.4478494,0.06315923,1.332835,-0.2307919,-0.03836155,0.6989622,0.03963471,5.456187,-85.91766,33.09
28,0.04736328,-0.0004577637,0.9988708,1.0,-0.02818298,-0.0140686,0.9994965,-32.98615,2.9531400000000003,-29.86607,2.879379,0.561485,0.5053045,1.0,0.121048,0.01286316,0.9925537,32.1691,3.329391,-26.41756,3.069366,0.5029664,0.4471382,0.06368685,1.332549,-0.2303295,-0.03655777,0.6987350999999999,0.03965557,5.456187,-85.91766,33.09
28,0.04736328,-0.0004577637,0.9988708,1.0,-0.02818298,-0.0140686,0.9994965,-32.98615,2.9531400000000003,-29.86607,2.879379,0.561485,0.5053045,1.0,0.121048,0.01286316,0.9925537,32.1691,3.329391,-26.41756,3.069366,0.5029664,0.4471382,0.06368685,1.332549,-0.2303295,-0.03655777,0.6987350999999999,0.03965557,5.456187,-85.91766,33.09
28,0.04736328,-0.0004577637,0.9988708,1.0,-0.02818298,-0.0140686,0.9994965,-32.98615,2.9531400000000003,-29.86607,2.879379,0.561485,0.5053045,1.0,0.121048,0.01286316,0.9925537,32.1691,3.329391,-26.41756,3.069366,0.5029664,0.4471382,0.06368685,1.332549,-0.2303295,-0.03655777,0.6987350999999999,0.03965557,5.456187,-85.91766,33.09
28,0.0657196,0.002471924,0.9978333,1.0,-0.02639771,-0.01289368,0.9995575,-32.99243,2.954239,-29.86914,2.879944,0.561485,0.5051464,1.0,0.1220398,0.01191711,0.9924469,32.16127,3.334564,-26.42558,3.059219,0.5031149,0.4471382,0.06368685,1.332549,-0.2303295,-0.03655777,0.6987350999999999,0.03965557,5.456187,-18.61888,33.09
28,0.0657196,0.002471924,0.9978333,1.0,-0.02639771,-0.01289368,0.9995575,-32.99243,2.954239,-29.86914,2.879944,0.561485,0.5051464,1.0,0.1220398,0.01191711,0.9924469,32.16127,3.334564,-26.42558,3.059219,0.5031149,0.4471382,0.06368685,1.332549,-0.2303295,-0.03655777,0.6987350999999999,0.03965557,5.456187,-18.61888,33.09
28,0.0657196,0.002471924,0.9978333,1.0,-0.02639771,-0.01289368,0.9995575,-32.99243,2.954239,-29.86914,2.879944,0.561485,0.5051464,1.0,0.1220398,0.01191711,0.9924469,32.16127,3.334564,-26.42558,3.059219,0.5031149,0.4471382,0.06368685,1.332549,-0.2303295,-0.03655777,0.6987350999999999,0.03965557,5.456187,-18.61888,33.09
28,0.06552124,0.003509521,0.9978333,1.0,-0.02571106,-0.01147461,0.999588,-32.99658,2.9543,-29.8698,2.885757,0.561552,0.5049898,1.0,0.121994,0.01281738,0.9924469,32.15637,3.3371730000000004,-26.43192,3.059875,0.5032826,0.447002,0.06426454,1.332043,-0.2302417999999999,-0.03511257,0.6989939000000001,0.03874228,5.456187,-18.61888,33.09
28,0.06552124,0.003509521,0.9978333,1.0,-0.02571106,-0.01147461,0.999588,-32.99658,2.9543,-29.8698,2.885757,0.561552,0.5049898,1.0,0.121994,0.01281738,0.9924469,32.15637,3.3371730000000004,-26.43192,3.059875,0.5032826,0.447002,0.06426454,1.332043,-0.2302417999999999,-0.03511257,0.6989939000000001,0.03874228,5.456187,-18.61888,33.09
28,0.06552124,0.003509521,0.9978333,1.0,-0.02571106,-0.01147461,0.999588,-32.99658,2.9543,-29.8698,2.885757,0.561552,0.5049898,1.0,0.121994,0.01281738,0.9924469,32.15637,3.3371730000000004,-26.43192,3.059875,0.5032826,0.447002,0.06426454,1.332043,-0.2302417999999999,-0.03511257,0.6989939000000001,0.03874228,5.456187,-18.61888,33.09
28,0.06176758,0.005111694,0.9980774,1.0,-0.02574158,-0.006622314,0.9996338,-33.0099,2.955902,-29.8811,2.887527,0.5620268,0.5044488,1.0,0.1189423,0.01280212,0.9928131,32.14774,3.35379,-26.44908,3.073578,0.5039232,0.4466075,0.06426454,1.332043,-0.2302417999999999,-0.03511257,0.6989939000000001,0.03874228,5.456187,-18.61888,33.09
28,0.06176758,0.005111694,0.9980774,1.0,-0.02574158,-0.006622314,0.9996338,-33.0099,2.955902,-29.8811,2.887527,0.5620268,0.5044488,1.0,0.1189423,0.01280212,0.9928131,32.14774,3.35379,-26.44908,3.073578,0.5039232,0.4466075,0.06426454,1.332043,-0.2302417999999999,-0.03511257,0.6989939000000001,0.03874228,5.456187,-18.61888,33.09
28,0.06176758,0.005111694,0.9980774,1.0,-0.02574158,-0.006622314,0.9996338,-33.0099,2.955902,-29.8811,2.887527,0.5620268,0.5044488,1.0,0.1189423,0.01280212,0.9928131,32.14774,3.35379,-26.44908,3.073578,0.5039232,0.4466075,0.06426454,1.332043,-0.2302417999999999,-0.03511257,0.6989939000000001,0.03874228,5.456187,-18.61888,33.09
28,0.06147766,0.005844116,0.9980774,1.0,-0.0211792,-0.007461548,0.9997406,-33.01161,2.966507,-29.89386,2.91098,0.5615618,0.5043166,1.0,0.1186523,0.01506042,0.9928131,32.14366,3.371231,-26.47598,3.073792,0.5040926,0.4459784,0.06490397,1.331726,-0.2302905999999999,-0.03470814,0.6989785,0.03722304,5.456187,-18.61888,33.09
28,0.06147766,0.005844116,0.9980774,1.0,-0.0211792,-0.007461548,0.9997406,-33.01161,2.966507,-29.89386,2.91098,0.5615618,0.5043166,1.0,0.1186523,0.01506042,0.9928131,32.14366,3.371231,-26.47598,3.073792,0.5040926,0.4459784,0.06490397,1.331726,-0.2302905999999999,-0.03470814,0.6989785,0.03722304,5.456187,-18.61888,33.09
28,0.06147766,0.005844116,0.9980774,1.0,-0.0211792,-0.007461548,0.9997406,-33.01161,2.966507,-29.89386,2.91098,0.5615618,0.5043166,1.0,0.1186523,0.01506042,0.9928131,32.14366,3.371231,-26.47598,3.073792,0.5040926,0.4459784,0.06490397,1.331726,-0.2302905999999999,-0.03470814,0.6989785,0.03722304,5.456187,-18.61888,33.09
28,0.05931091,0.002731323,0.99823,1.0,-0.02175903,-0.01173401,0.9996796,-33.0136,2.97496,-29.90288,2.885208,0.5616806,0.5046056999999999,1.0,0.1186218,0.0133667,0.9928436,32.14072,3.3885650000000003,-26.51276,3.096176,0.5041777,0.4459343,0.06515694,1.331652,-0.2302881,-0.03470588,0.6987085,0.03685139,5.456187,-18.61888,33.09
28,0.05931091,0.002731323,0.99823,1.0,-0.02175903,-0.01173401,0.9996796,-33.0136,2.97496,-29.90288,2.885208,0.5616806,0.5046056999999999,1.0,0.1186218,0.0133667,0.9928436,32.14072,3.3885650000000003,-26.51276,3.096176,0.5041777,0.4459343,0.06515694,1.331652,-0.2302881,-0.03470588,0.6987085,0.03685139,5.456187,-18.61888,33.09
28,0.05931091,0.002731323,0.99823,1.0,-0.02175903,-0.01173401,0.9996796,-33.0136,2.97496,-29.90288,2.885208,0.5616806,0.5046056999999999,1.0,0.1186218,0.0133667,0.9928436,32.14072,3.3885650000000003,-26.51276,3.096176,0.5041777,0.4459343,0.06515694,1.331652,-0.2302881,-0.03470588,0.6987085,0.03685139,5.456187,-18.61888,33.09
28,0.05197144,-0.002105713,0.998642,1.0,-0.02471924,-0.0148467999999999,0.9995728000000002,-33.01886,2.989578,-29.8987,2.88443,0.5622225000000001,0.5044488,1.0,0.1213684,0.009475708,0.9925537,32.14066,3.437149,-26.5683,3.090775,0.503858,0.4452207,0.06547475,1.331596,-0.2300156,-0.03424307,0.6981504,0.03638535,5.456187,46.98381,33.09
28,0.05197144,-0.002105713,0.998642,1.0,-0.02471924,-0.0148467999999999,0.9995728000000002,-33.01886,2.989578,-29.8987,2.88443,0.5622225000000001,0.5044488,1.0,0.1213684,0.009475708,0.9925537,32.14066,3.437149,-26.5683,3.090775,0.503858,0.4452207,0.06547475,1.331596,-0.2300156,-0.03424307,0.6981504,0.03638535,5.456187,46.98381,33.09
28,0.05197144,-0.002105713,0.998642,1.0,-0.02471924,-0.0148467999999999,0.9995728000000002,-33.01886,2.989578,-29.8987,2.88443,0.5622225000000001,0.5044488,1.0,0.1213684,0.009475708,0.9925537,32.14066,3.437149,-26.5683,3.090775,0.503858,0.4452207,0.06547475,1.331596,-0.2300156,-0.03424307,0.6981504,0.03638535,5.456187,46.98381,33.09
28,0.05780029,0.002334595,0.9983215,1.0,-0.02584839,-0.01185608,0.999588,-33.01886,2.990952,-29.87915,2.909866,0.562372,0.5038871,1.0,0.1210938,0.0131072999999999,0.9925385,32.14157,3.444901,-26.583790000000004,3.094803,0.503858,0.444669,0.06575608,1.331435,-0.2296656,-0.03388413,0.6971324000000001,0.03558219,5.456187,46.98381,33.09
28,0.05780029,0.002334595,0.9983215,1.0,-0.02584839,-0.01185608,0.999588,-33.01886,2.990952,-29.87915,2.909866,0.562372,0.5038871,1.0,0.1210938,0.0131072999999999,0.9925385,32.14157,3.444901,-26.583790000000004,3.094803,0.503858,0.444669,0.06575608,1.331435,-0.2296656,-0.03388413,0.6971324000000001,0.03558219,5.456187,46.98381,33.09
28,0.05780029,0.002334595,0.9983215,1.0,-0.02584839,-0.01185608,0.999588,-33.01886,2.990952,-29.87915,2.909866,0.562372,0.5038871,1.0,0.1210938,0.0131072999999999,0.9925385,32.14157,3.444901,-26.583790000000004,3.094803,0.503858,0.444669,0.06575608,1.331435,-0.2296656,-0.03388413,0.6971324000000001,0.03558219,5.456187,46.98381,33.09
28,-0.006225586,-0.001907349,0.9999695,1.0,-0.02861023,-0.0070953369999999,0.9995575,-33.01945,2.990814,-29.8474,2.943527,0.5627411,0.5030555,1.0,0.1163329999999999,0.02645874,0.9928436,32.15691,3.5475769999999995,-27.1929,3.093887,0.503858,0.4445679,0.06605053,1.331372,-0.2291541,-0.03338785,0.6960257,0.0350787,5.456187,46.98381,33.09
28,-0.006225586,-0.001907349,0.9999695,1.0,-0.02861023,-0.0070953369999999,0.9995575,-33.01945,2.990814,-29.8474,2.943527,0.5627411,0.5030555,1.0,0.1163329999999999,0.02645874,0.9928436,32.15691,3.5475769999999995,-27.1929,3.093887,0.503858,0.4445679,0.06605053,1.331372,-0.2291541,-0.03338785,0.6960257,0.0350787,5.456187,46.98381,33.09
28,-0.006225586,-0.001907349,0.9999695,1.0,-0.02861023,-0.0070953369999999,0.9995575,-33.01945,2.990814,-29.8474,2.943527,0.5627411,0.5030555,1.0,0.1163329999999999,0.02645874,0.9928436,32.15691,3.5475769999999995,-27.1929,3.093887,0.503858,0.4445679,0.06605053,1.331372,-0.2291541,-0.03338785,0.6960257,0.0350787,5.456187,46.98381,33.09
28,-0.02970886,-0.01008606,0.9994965,1.0,-0.0297699,-0.01010132,0.9994965,-33.01968,2.9919740000000004,-29.82898,2.942978,0.5628755999999999,0.50322,1.0,0.1131438999999999,0.0239563,0.9932861,32.15691,3.551392,-27.1929,3.115097,0.5042236,0.4447696,0.06605053,1.331372,-0.2291541,-0.03338785,0.6960257,0.0350787,5.456187,46.98381,33.09
28,-0.02970886,-0.01008606,0.9994965,1.0,-0.0297699,-0.01010132,0.9994965,-33.01968,2.9919740000000004,-29.82898,2.942978,0.5628755999999999,0.50322,1.0,0.1131438999999999,0.0239563,0.9932861,32.15691,3.551392,-27.1929,3.115097,0.5042236,0.4447696,0.06605053,1.331372,-0.2291541,-0.03338785,0.6960257,0.0350787,5.456187,46.98381,33.09
28,-0.02970886,-0.01008606,0.9994965,1.0,-0.0297699,-0.01010132,0.9994965,-33.01968,2.9919740000000004,-29.82898,2.942978,0.5628755999999999,0.50322,1.0,0.1131438999999999,0.0239563,0.9932861,32.15691,3.551392,-27.1929,3.115097,0.5042236,0.4447696,0.06605053,1.331372,-0.2291541,-0.03338785,0.6960257,0.0350787,5.456187,46.98381,33.09
28,0.05747986,0.01245117,0.9982605,1.0,-0.03872681,-0.01210022,0.999176,-33.02805,2.994781,-29.8152,2.90477,0.5642119999999999,0.50322,1.0,0.1131744,0.02667236,0.9932098,32.14635,3.5475769999999995,-27.18538,3.138016,0.5045587,0.4445462999999999,0.06638074,1.331243,-0.2279707,-0.03219291,0.694225,0.03547724,5.456187,46.98381,33.09
28,0.05747986,0.01245117,0.9982605,1.0,-0.03872681,-0.01210022,0.999176,-33.02805,2.994781,-29.8152,2.90477,0.5642119999999999,0.50322,1.0,0.1131744,0.02667236,0.9932098,32.14635,3.5475769999999995,-27.18538,3.138016,0.5045587,0.4445462999999999,0.06638074,1.331243,-0.2279707,-0.03219291,0.694225,0.03547724,5.456187,46.98381,33.09
28,0.05747986,0.01245117,0.9982605,1.0,-0.03872681,-0.01210022,0.999176,-33.02805,2.994781,-29.8152,2.90477,0.5642119999999999,0.50322,1.0,0.1131744,0.02667236,0.9932098,32.14635,3.5475769999999995,-27.18538,3.138016,0.5045587,0.4445462999999999,0.06638074,1.331243,-0.2279707,-0.03219291,0.694225,0.03547724,5.456187,46.98381,33.09
28,0.02276611,-0.003509521,0.9997253,1.0,-0.03790283,-0.01249695,0.9991913,-33.03468,2.996033,-29.8152,2.904648,0.5643398000000001,0.50322,1.0,0.115448,0.01023865,0.9932556,32.1391,3.526428,-26.85596,3.140991,0.5045587,0.4445462999999999,0.06652093,1.3313,-0.2276295,-0.03139593,0.6937323000000001,0.03610404,5.456187,46.98381,33.09
28,0.02276611,-0.003509521,0.9997253,1.0,-0.03790283,-0.01249695,0.9991913,-33.03468,2.996033,-29.8152,2.904648,0.5643398000000001,0.50322,1.0,0.115448,0.01023865,0.9932556,32.1391,3.526428,-26.85596,3.140991,0.5045587,0.4445462999999999,0.06652093,1.3313,-0.2276295,-0.03139593,0.6937323000000001,0.03610404,5.456187,46.98381,33.09
28,0.02276611,-0.003509521,0.9997253,1.0,-0.03790283,-0.01249695,0.9991913,-33.03468,2.996033,-29.8152,2.904648,0.5643398000000001,0.50322,1.0,0.115448,0.01023865,0.9932556,32.1391,3.526428,-26.85596,3.140991,0.5045587,0.4445462999999999,0.06652093,1.3313,-0.2276295,-0.03139593,0.6937323000000001,0.03610404,5.456187,46.98381,33.09
28,0.0006256104,-0.003463745,0.9999847,1.0,-0.05213928,-0.0138092,0.9985351999999998,-33.06445,3.077484,-30.02408,2.944366,0.567329,0.5024979,1.0,0.1103821,0.01806641,0.9937134,32.10667,3.526428,-26.85596,3.175003,0.5062196,0.4436590999999999,0.06664467,1.331376,-0.2272041,-0.03140649,0.6935197,0.03607049,5.456187,7.886951,33.09
28,0.0006256104,-0.003463745,0.9999847,1.0,-0.05213928,-0.0138092,0.9985351999999998,-33.06445,3.077484,-30.02408,2.944366,0.567329,0.5024979,1.0,0.1103821,0.01806641,0.9937134,32.10667,3.526428,-26.85596,3.175003,0.5062196,0.4436590999999999,0.06664467,1.331376,-0.2272041,-0.03140649,0.6935197,0.03607049,5.456187,7.886951,33.09
28,0.0006256104,-0.003463745,0.9999847,1.0,-0.05213928,-0.0138092,0.9985351999999998,-33.06445,3.077484,-30.02408,2.944366,0.567329,0.5024979,1.0,0.1103821,0.01806641,0.9937134,32.10667,3.526428,-26.85596,3.175003,0.5062196,0.4436590999999999,0.06664467,1.331376,-0.2272041,-0.03140649,0.6935197,0.03607049,5.456187,7.886951,33.09
29,0.06060791,0.01052856,0.9980927,1.0,-0.05163574,-0.007659912,0.9986267,-33.06985,3.079117,-30.02483,2.96225,0.5674713,0.5017100999999999,1.0,0.1118773999999999,0.0188446,0.9935303,32.100570000000005,3.538086,-26.90207,3.191895,0.5062327,0.4435630999999999,0.06664467,1.331376,-0.2272041,-0.03140649,0.6935197,0.03607049,5.456187,7.886951,33.09
29,0.06060791,0.01052856,0.9980927,1.0,-0.05163574,-0.007659912,0.9986267,-33.06985,3.079117,-30.02483,2.96225,0.5674713,0.5017100999999999,1.0,0.1118773999999999,0.0188446,0.9935303,32.100570000000005,3.538086,-26.90207,3.191895,0.5062327,0.4435630999999999,0.06664467,1.331376,-0.2272041,-0.03140649,0.6935197,0.03607049,5.456187,7.886951,33.09
29,0.06060791,0.01052856,0.9980927,1.0,-0.05163574,-0.007659912,0.9986267,-33.06985,3.079117,-30.02483,2.96225,0.5674713,0.5017100999999999,1.0,0.1118773999999999,0.0188446,0.9935303,32.100570000000005,3.538086,-26.90207,3.191895,0.5062327,0.4435630999999999,0.06664467,1.331376,-0.2272041,-0.03140649,0.6935197,0.03607049,5.456187,7.886951,33.09
29,0.06060791,0.01052856,0.9980927,1.0,-0.05163574,-0.007659912,0.9986267,-33.06985,3.079117,-30.02483,2.96225,0.5674713,0.5017100999999999,1.0,0.1118773999999999,0.0188446,0.9935303,32.100570000000005,3.538086,-26.90207,3.191895,0.5062327,0.4435630999999999,0.06706524,1.331318,-0.2265037,-0.03073349,0.6935876999999999,0.03605861,5.456187,7.886951,33.09
29,0.06060791,0.01052856,0.9980927,1.0,-0.05163574,-0.007659912,0.9986267,-33.06985,3.079117,-30.02483,2.96225,0.5674713,0.5017100999999999,1.0,0.1118773999999999,0.0188446,0.9935303,32.100570000000005,3.538086,-26.90207,3.191895,0.5062327,0.4435630999999999,0.06706524,1.331318,-0.2265037,-0.03073349,0.6935876999999999,0.03605861,5.456187,7.886951,33.09
29,0.06060791,0.01052856,0.9980927,1.0,-0.05163574,-0.007659912,0.9986267,-33.06985,3.079117,-30.02483,2.96225,0.5674713,0.5017100999999999,1.0,0.1118773999999999,0.0188446,0.9935303,32.100570000000005,3.538086,-26.90207,3.191895,0.5062327,0.4435630999999999,0.06706524,1.331318,-0.2265037,-0.03073349,0.6935876999999999,0.03605861,5.456187,7.886951,33.09
29,0.04237366,0.01263428,0.9990082,1.0,-0.06036377,-0.003509521,0.9981689,-33.10075,3.117554,-30.14685,3.011658,0.5697625,0.5010259,1.0,0.0955658,0.02098083,0.9951935,32.071909999999995,3.571671,-26.99583,3.2333830000000003,0.5090869,0.4430163,0.06715393,1.331214,-0.2261546,-0.03065885,0.6938936,0.03584422,5.456187,7.886951,33.09
29,0.04237366,0.01263428,0.9990082,1.0,-0.06036377,-0.003509521,0.9981689,-33.10075,3.117554,-30.14685,3.011658,0.5697625,0.5010259,1.0,0.0955658,0.02098083,0.9951935,32.071909999999995,3.571671,-26.99583,3.2333830000000003,0.5090869,0.4430163,0.06715393,1.331214,-0.2261546,-0.03065885,0.6938936,0.03584422,5.456187,7.886951,33.09
29,0.04237366,0.01263428,0.9990082,1.0,-0.06036377,-0.003509521,0.9981689,-33.10075,3.117554,-30.14685,3.011658,0.5697625,0.5010259,1.0,0.0955658,0.02098083,0.9951935,32.071909999999995,3.571671,-26.99583,3.2333830000000003,0.5090869,0.4430163,0.06715393,1.331214,-0.2261546,-0.03065885,0.6938936,0.03584422,5.456187,7.886951,33.09
29,0.03599548,0.01242065,0.9992676,1.0,-0.05651855,-0.0013427729999999,0.9983978,-33.137570000000004,3.114853,-30.14685,3.053986,0.5706036999999999,0.5008903,1.0,0.09501648,0.0211792,0.9952393,32.06136,3.571671,-26.99434,3.2705990000000003,0.5094774000000001,0.4430144,0.06720519,1.331082,-0.2257953,-0.03048277,0.6941335999999999,0.03563544,5.456187,31.91776,33.09
29,0.03599548,0.01242065,0.9992676,1.0,-0.05651855,-0.0013427729999999,0.9983978,-33.137570000000004,3.114853,-30.14685,3.053986,0.5706036999999999,0.5008903,1.0,0.09501648,0.0211792,0.9952393,32.06136,3.571671,-26.99434,3.2705990000000003,0.5094774000000001,0.4430144,0.06720519,1.331082,-0.2257953,-0.03048277,0.6941335999999999,0.03563544,5.456187,31.91776,33.09
29,0.03599548,0.01242065,0.9992676,1.0,-0.05651855,-0.0013427729999999,0.9983978,-33.137570000000004,3.114853,-30.14685,3.053986,0.5706036999999999,0.5008903,1.0,0.09501648,0.0211792,0.9952393,32.06136,3.571671,-26.99434,3.2705990000000003,0.5094774000000001,0.4430144,0.06720519,1.331082,-0.2257953,-0.03048277,0.6941335999999999,0.03563544,5.456187,31.91776,33.09
29,0.03599548,0.01242065,0.9992676,1.0,-0.05651855,-0.0013427729999999,0.9983978,-33.137570000000004,3.114853,-30.14685,3.053986,0.5706036999999999,0.5008903,1.0,0.09501648,0.0211792,0.9952393,32.06136,3.571671,-26.99434,3.2705990000000003,0.5094774000000001,0.4430144,0.06738496,1.330993,-0.2254438999999999,-0.02999392,0.6939976,0.03577108,5.456187,31.91776,33.09
29,0.03599548,0.01242065,0.9992676,1.0,-0.05651855,-0.0013427729999999,0.9983978,-33.137570000000004,3.114853,-30.14685,3.053986,0.5706036999999999,0.5008903,1.0,0.09501648,0.0211792,0.9952393,32.06136,3.571671,-26.99434,3.2705990000000003,0.5094774000000001,0.4430144,0.06738496,1.330993,-0.2254438999999999,-0.02999392,0.6939976,0.03577108,5.456187,31.91776,33.09
29,0.03599548,0.01242065,0.9992676,1.0,-0.05651855,-0.0013427729999999,0.9983978,-33.137570000000004,3.114853,-30.14685,3.053986,0.5706036999999999,0.5008903,1.0,0.09501648,0.0211792,0.9952393,32.06136,3.571671,-26.99434,3.2705990000000003,0.5094774000000001,0.4430144,0.06738496,1.330993,-0.2254438999999999,-0.02999392,0.6939976,0.03577108,5.456187,31.91776,33.09
29,-0.009384155,0.01609802,0.9998169,1.0,-0.05628967,-0.0006561278999999,0.9984131,-33.143840000000004,3.107666,-30.12791,3.059647,0.5707821,0.5008903,1.0,0.1004944,0.05517578,0.9933929,32.03799,3.360214,-26.57491,3.298874,0.509609,0.4427126,0.06792402,1.330651,-0.2242739,-0.02854227,0.6927701999999999,0.03542164,5.456187,31.91776,33.09
29,-0.009384155,0.01609802,0.9998169,1.0,-0.05628967,-0.0006561278999999,0.9984131,-33.143840000000004,3.107666,-30.12791,3.059647,0.5707821,0.5008903,1.0,0.1004944,0.05517578,0.9933929,32.03799,3.360214,-26.57491,3.298874,0.509609,0.4427126,0.06792402,1.330651,-0.2242739,-0.02854227,0.6927701999999999,0.03542164,5.456187,31.91776,33.09
29,-0.009384155,0.01609802,0.9998169,1.0,-0.05628967,-0.0006561278999999,0.9984131,-33.143840000000004,3.107666,-30.12791,3.059647,0.5707821,0.5008903,1.0,0.1004944,0.05517578,0.9933929,32.03799,3.360214,-26.57491,3.298874,0.509609,0.4427126,0.06792402,1.330651,-0.2242739,-0.02854227,0.6927701999999999,0.03542164,5.456187,31.91776,33.09
29,-0.04447937,0.003494263,0.9989929,1.0,-0.05592346,-0.0006408691,0.9984283000000002,-33.14629,3.106964,-30.124540000000003,3.062775,0.5708221,0.5008903,1.0,0.1003265,0.0556488,0.9933929,32.03778,3.359543,-26.57375,3.338943,0.509609,0.4427126,0.06830835,1.3305,-0.2229916,-0.02816625,0.6902841,0.03477054,5.456187,31.91776,33.09
29,-0.04447937,0.003494263,0.9989929,1.0,-0.05592346,-0.0006408691,0.9984283000000002,-33.14629,3.106964,-30.124540000000003,3.062775,0.5708221,0.5008903,1.0,0.1003265,0.0556488,0.9933929,32.03778,3.359543,-26.57375,3.338943,0.509609,0.4427126,0.06830835,1.3305,-0.2229916,-0.02816625,0.6902841,0.03477054,5.456187,31.91776,33.09
29,-0.04447937,0.003494263,0.9989929,1.0,-0.05592346,-0.0006408691,0.9984283000000002,-33.14629,3.106964,-30.124540000000003,3.062775,0.5708221,0.5008903,1.0,0.1003265,0.0556488,0.9933929,32.03778,3.359543,-26.57375,3.338943,0.509609,0.4427126,0.06830835,1.3305,-0.2229916,-0.02816625,0.6902841,0.03477054,5.456187,31.91776,33.09
29,-0.06214905,0.004394531,0.9980469,1.0,-0.06378174,0.003860474,0.9979553,-33.15433,3.1322330000000003,-30.09386,3.182083,0.5721467,0.4993112,1.0,0.09703064,0.05659485,0.9936676,32.03642,3.359543,-26.57375,3.3708190000000005,0.5100207,0.4426345999999999,0.06863356,1.330145,-0.2208272,-0.027416,0.6853772,0.0336924,5.456187,20.9088,33.09
29,-0.06214905,0.004394531,0.9980469,1.0,-0.06378174,0.003860474,0.9979553,-33.15433,3.1322330000000003,-30.09386,3.182083,0.5721467,0.4993112,1.0,0.09703064,0.05659485,0.9936676,32.03642,3.359543,-26.57375,3.3708190000000005,0.5100207,0.4426345999999999,0.06863356,1.330145,-0.2208272,-0.027416,0.6853772,0.0336924,5.456187,20.9088,33.09
29,-0.06214905,0.004394531,0.9980469,1.0,-0.06378174,0.003860474,0.9979553,-33.15433,3.1322330000000003,-30.09386,3.182083,0.5721467,0.4993112,1.0,0.09703064,0.05659485,0.9936676,32.03642,3.359543,-26.57375,3.3708190000000005,0.5100207,0.4426345999999999,0.06863356,1.330145,-0.2208272,-0.027416,0.6853772,0.0336924,5.456187,20.9088,33.09
29,-0.005004883,0.0271759,0.9996033,1.0,-0.06536865,0.004653931,0.9978485,-33.14703,3.152756,-30.14816,3.115952,0.5720789000000001,0.4989353,1.0,0.09661865,0.06483459,0.9931946,32.035540000000005,3.360214,-26.57375,3.398621,0.5100846,0.4416814,0.06863356,1.330145,-0.2208272,-0.027416,0.6853772,0.0336924,5.456187,20.9088,33.09
29,-0.005004883,0.0271759,0.9996033,1.0,-0.06536865,0.004653931,0.9978485,-33.14703,3.152756,-30.14816,3.115952,0.5720789000000001,0.4989353,1.0,0.09661865,0.06483459,0.9931946,32.035540000000005,3.360214,-26.57375,3.398621,0.5100846,0.4416814,0.06863356,1.330145,-0.2208272,-0.027416,0.6853772,0.0336924,5.456187,20.9088,33.09
29,-0.005004883,0.0271759,0.9996033,1.0,-0.06536865,0.004653931,0.9978485,-33.14703,3.152756,-30.14816,3.115952,0.5720789000000001,0.4989353,1.0,0.09661865,0.06483459,0.9931946,32.035540000000005,3.360214,-26.57375,3.398621,0.5100846,0.4416814,0.06863356,1.330145,-0.2208272,-0.027416,0.6853772,0.0336924,5.456187,20.9088,33.09
29,0.04214478,0.0433196999999999,0.9981689,1.0,-0.06648254,-0.0004119873,0.9977722,-33.146440000000005,3.160309,-30.1658,3.154083,0.5722423000000001,0.4994831,1.0,0.09616089,0.06494141,0.9932404,32.03642,3.3809660000000004,-26.65468,3.40036,0.5101055999999999,0.4416335999999999,0.06892419,1.3297709999999998,-0.2181857,-0.02578271,0.6793954000000001,0.03208604,5.456187,20.9088,33.09
29,0.04214478,0.0433196999999999,0.9981689,1.0,-0.06648254,-0.0004119873,0.9977722,-33.146440000000005,3.160309,-30.1658,3.154083,0.5722423000000001,0.4994831,1.0,0.09616089,0.06494141,0.9932404,32.03642,3.3809660000000004,-26.65468,3.40036,0.5101055999999999,0.4416335999999999,0.06892419,1.3297709999999998,-0.2181857,-0.02578271,0.6793954000000001,0.03208604,5.456187,20.9088,33.09
29,0.04214478,0.0433196999999999,0.9981689,1.0,-0.06648254,-0.0004119873,0.9977722,-33.146440000000005,3.160309,-30.1658,3.154083,0.5722423000000001,0.4994831,1.0,0.09616089,0.06494141,0.9932404,32.03642,3.3809660000000004,-26.65468,3.40036,0.5101055999999999,0.4416335999999999,0.06892419,1.3297709999999998,-0.2181857,-0.02578271,0.6793954000000001,0.03208604,5.456187,20.9088,33.09
29,0.04214478,0.0433196999999999,0.9981689,1.0,-0.06648254,-0.0004119873,0.9977722,-33.146440000000005,3.160309,-30.1658,3.154083,0.5722423000000001,0.4994831,1.0,0.09616089,0.06494141,0.9932404,32.03642,3.3809660000000004,-26.65468,3.40036,0.5101055999999999,0.4416335999999999,0.06922936,1.329421,-0.2145978999999999,-0.02490219,0.6715661,0.03007553,5.456187,20.9088,33.09
29,0.04214478,0.0433196999999999,0.9981689,1.0,-0.06648254,-0.0004119873,0.9977722,-33.146440000000005,3.160309,-30.1658,3.154083,0.5722423000000001,0.4994831,1.0,0.09616089,0.06494141,0.9932404,32.03642,3.3809660000000004,-26.65468,3.40036,0.5101055999999999,0.4416335999999999,0.06922936,1.329421,-0.2145978999999999,-0.02490219,0.6715661,0.03007553,5.456187,20.9088,33.09
29,0.04214478,0.0433196999999999,0.9981689,1.0,-0.06648254,-0.0004119873,0.9977722,-33.146440000000005,3.160309,-30.1658,3.154083,0.5722423000000001,0.4994831,1.0,0.09616089,0.06494141,0.9932404,32.03642,3.3809660000000004,-26.65468,3.40036,0.5101055999999999,0.4416335999999999,0.06922936,1.329421,-0.2145978999999999,-0.02490219,0.6715661,0.03007553,5.456187,20.9088,33.09
29,0.09860229,-0.04747009,0.993988,1.0,0.09855652,-0.04748535,0.993988,-32.18698,3.23111,-30.98473,3.16539,0.5193180000000001,0.510105,1.0,0.2365417,-0.01281738,0.9715271,32.93117,3.675797,-27.8806,3.440231,0.4631858,0.4507579,0.06946874,1.328707,-0.2035382,-0.02246309,0.6442688,0.02843308,5.456187,20.9088,33.09
29,0.09860229,-0.04747009,0.993988,1.0,0.09855652,-0.04748535,0.993988,-32.18698,3.23111,-30.98473,3.16539,0.5193180000000001,0.510105,1.0,0.2365417,-0.01281738,0.9715271,32.93117,3.675797,-27.8806,3.440231,0.4631858,0.4507579,0.06946874,1.328707,-0.2035382,-0.02246309,0.6442688,0.02843308,5.456187,20.9088,33.09
29,0.09860229,-0.04747009,0.993988,1.0,0.09855652,-0.04748535,0.993988,-32.18698,3.23111,-30.98473,3.16539,0.5193180000000001,0.510105,1.0,0.2365417,-0.01281738,0.9715271,32.93117,3.675797,-27.8806,3.440231,0.4631858,0.4507579,0.06946874,1.328707,-0.2035382,-0.02246309,0.6442688,0.02843308,5.456187,20.9088,33.09
29,0.08190918,-0.04414368,0.9956511999999998,1.0,0.05482483,-0.05551147,0.9969482,-32.38448,3.133514,-30.6142,3.046448,0.5311825,0.5109804,1.0,0.2155609,0.01298523,0.9763947,32.78342,3.409714,-27.22179,3.4038699999999995,0.4709064,0.4511732,0.0692246,1.327894,-0.1963382,-0.01974711,0.6263068,0.0278098,5.456187,-9.604538,33.09
29,0.08190918,-0.04414368,0.9956511999999998,1.0,0.05482483,-0.05551147,0.9969482,-32.38448,3.133514,-30.6142,3.046448,0.5311825,0.5109804,1.0,0.2155609,0.01298523,0.9763947,32.78342,3.409714,-27.22179,3.4038699999999995,0.4709064,0.4511732,0.0692246,1.327894,-0.1963382,-0.01974711,0.6263068,0.0278098,5.456187,-9.604538,33.09
29,0.08190918,-0.04414368,0.9956511999999998,1.0,0.05482483,-0.05551147,0.9969482,-32.38448,3.133514,-30.6142,3.046448,0.5311825,0.5109804,1.0,0.2155609,0.01298523,0.9763947,32.78342,3.409714,-27.22179,3.4038699999999995,0.4709064,0.4511732,0.0692246,1.327894,-0.1963382,-0.01974711,0.6263068,0.0278098,5.456187,-9.604538,33.09
29,0.1401062,-0.007827759,0.990097,1.0,-0.0067749019999999,-0.04968262,0.9987335,-32.723209999999995,2.875,-29.54373,2.9977720000000003,0.5496800999999999,0.5095393,1.0,0.1420135,-0.0072784419999999,0.9898224,32.49701,3.481674,-27.23708,3.377289,0.4892457,0.4512791,0.06875324,1.327157,-0.1883317,-0.01600076,0.6064352,0.02804338,5.456187,-9.604538,33.09
29,0.1401062,-0.007827759,0.990097,1.0,-0.0067749019999999,-0.04968262,0.9987335,-32.723209999999995,2.875,-29.54373,2.9977720000000003,0.5496800999999999,0.5095393,1.0,0.1420135,-0.0072784419999999,0.9898224,32.49701,3.481674,-27.23708,3.377289,0.4892457,0.4512791,0.06875324,1.327157,-0.1883317,-0.01600076,0.6064352,0.02804338,5.456187,-9.604538,33.09
29,0.1401062,-0.007827759,0.990097,1.0,-0.0067749019999999,-0.04968262,0.9987335,-32.723209999999995,2.875,-29.54373,2.9977720000000003,0.5496800999999999,0.5095393,1.0,0.1420135,-0.0072784419999999,0.9898224,32.49701,3.481674,-27.23708,3.377289,0.4892457,0.4512791,0.06875324,1.327157,-0.1883317,-0.01600076,0.6064352,0.02804338,5.456187,-9.604538,33.09
29,0.1401062,-0.007827759,0.990097,1.0,-0.0067749019999999,-0.04968262,0.9987335,-32.723209999999995,2.875,-29.54373,2.9977720000000003,0.5496800999999999,0.5095393,1.0,0.1420135,-0.0072784419999999,0.9898224,32.49701,3.481674,-27.23708,3.377289,0.4892457,0.4512791,0.06875324,1.327157,-0.1883317,-0.01600076,0.6064352,0.02804338,5.456187,-9.604538,33.09
29,0.1401062,-0.007827759,0.990097,1.0,-0.0067749019999999,-0.04968262,0.9987335,-32.723209999999995,2.875,-29.54373,2.9977720000000003,0.5496800999999999,0.5095393,1.0,0.1420135,-0.0072784419999999,0.9898224,32.49701,3.481674,-27.23708,3.377289,0.4892457,0.4512791,0.06875324,1.327157,-0.1883317,-0.01600076,0.6064352,0.02804338,5.456187,-9.604538,33.09
29,0.1401062,-0.007827759,0.990097,1.0,-0.0067749019999999,-0.04968262,0.9987335,-32.723209999999995,2.875,-29.54373,2.9977720000000003,0.5496800999999999,0.5095393,1.0,0.1420135,-0.0072784419999999,0.9898224,32.49701,3.481674,-27.23708,3.377289,0.4892457,0.4512791,0.06875324,1.327157,-0.1883317,-0.01600076,0.6064352,0.02804338,5.456187,-9.604538,33.09
29,-0.06770325,-0.007888794,0.9976654,1.0,-0.06886292,-0.008148193,0.9975891,-32.89967,2.982544,-29.69211,3.195023,0.5636312,0.5023532999999999,1.0,0.09684753,0.03076172,0.994812,32.32141,3.3637080000000004,-27.01363,3.420074,0.5004575,0.4490332,0.06628299,1.326241,-0.1696876,-0.009184118,0.555142,0.03273431,5.456187,-9.604538,33.09
29,-0.06770325,-0.007888794,0.9976654,1.0,-0.06886292,-0.008148193,0.9975891,-32.89967,2.982544,-29.69211,3.195023,0.5636312,0.5023532999999999,1.0,0.09684753,0.03076172,0.994812,32.32141,3.3637080000000004,-27.01363,3.420074,0.5004575,0.4490332,0.06628299,1.326241,-0.1696876,-0.009184118,0.555142,0.03273431,5.456187,-9.604538,33.09
29,-0.06770325,-0.007888794,0.9976654,1.0,-0.06886292,-0.008148193,0.9975891,-32.89967,2.982544,-29.69211,3.195023,0.5636312,0.5023532999999999,1.0,0.09684753,0.03076172,0.994812,32.32141,3.3637080000000004,-27.01363,3.420074,0.5004575,0.4490332,0.06628299,1.326241,-0.1696876,-0.009184118,0.555142,0.03273431,5.456187,-9.604538,33.09
29,0.03143311,-0.09388733,0.9950714,1.0,0.03132629,-0.09393311,0.9950714,-32.38257,3.0796360000000003,-30.20041,3.070053,0.5337759,0.5138623999999999,1.0,0.2188263,-0.02191162,0.9755096,32.82935,3.703629,-27.910190000000004,3.505081,0.4687029,0.4511757999999999,0.06628299,1.326241,-0.1696876,-0.009184118,0.555142,0.03273431,5.456187,-9.604538,33.09
29,0.03143311,-0.09388733,0.9950714,1.0,0.03132629,-0.09393311,0.9950714,-32.38257,3.0796360000000003,-30.20041,3.070053,0.5337759,0.5138623999999999,1.0,0.2188263,-0.02191162,0.9755096,32.82935,3.703629,-27.910190000000004,3.505081,0.4687029,0.4511757999999999,0.06628299,1.326241,-0.1696876,-0.009184118,0.555142,0.03273431,5.456187,-9.604538,33.09
29,0.03143311,-0.09388733,0.9950714,1.0,0.03132629,-0.09393311,0.9950714,-32.38257,3.0796360000000003,-30.20041,3.070053,0.5337759,0.5138623999999999,1.0,0.2188263,-0.02191162,0.9755096,32.82935,3.703629,-27.910190000000004,3.505081,0.4687029,0.4511757999999999,0.06628299,1.326241,-0.1696876,-0.009184118,0.555142,0.03273431,5.456187,-9.604538,33.09
29,0.2601013,-0.05076599,0.9642334,0.9929582,0.1285095,-0.09155273,0.9874573,-31.9088,3.240952,-31.24045,3.079834,0.5059096,0.517536,0.8964902,0.2985229,-0.0383606,0.9536133,33.18571,3.553558,-27.48982,3.426025,0.4472837,0.454809,0.05996585,1.3246870000000002,-0.1486303,-0.006972983,0.4847931,0.03222495,5.456187,-9.604538,33.09
29,0.2601013,-0.05076599,0.9642334,0.9929582,0.1285095,-0.09155273,0.9874573,-31.9088,3.240952,-31.24045,3.079834,0.5059096,0.517536,0.8964902,0.2985229,-0.0383606,0.9536133,33.18571,3.553558,-27.48982,3.426025,0.4472837,0.454809,0.05996585,1.3246870000000002,-0.1486303,-0.006972983,0.4847931,0.03222495,5.456187,-9.604538,33.09
29,0.2601013,-0.05076599,0.9642334,0.9929582,0.1285095,-0.09155273,0.9874573,-31.9088,3.240952,-31.24045,3.079834,0.5059096,0.517536,0.8964902,0.2985229,-0.0383606,0.9536133,33.18571,3.553558,-27.48982,3.426025,0.4472837,0.454809,0.05996585,1.3246870000000002,-0.1486303,-0.006972983,0.4847931,0.03222495,5.456187,-9.604538,33.09
29,0.2601013,-0.05076599,0.9642334,0.9929582,0.1285095,-0.09155273,0.9874573,-31.9088,3.240952,-31.24045,3.079834,0.5059096,0.517536,0.8964902,0.2985229,-0.0383606,0.9536133,33.18571,3.553558,-27.48982,3.426025,0.4472837,0.454809,0.05996585,1.3246870000000002,-0.1486303,-0.006972983,0.4847931,0.03222495,5.456187,-28.39692,33.09
29,0.2601013,-0.05076599,0.9642334,0.9929582,0.1285095,-0.09155273,0.9874573,-31.9088,3.240952,-31.24045,3.079834,0.5059096,0.517536,0.8964902,0.2985229,-0.0383606,0.9536133,33.18571,3.553558,-27.48982,3.426025,0.4472837,0.454809,0.05996585,1.3246870000000002,-0.1486303,-0.006972983,0.4847931,0.03222495,5.456187,-28.39692,33.09
29,0.2601013,-0.05076599,0.9642334,0.9929582,0.1285095,-0.09155273,0.9874573,-31.9088,3.240952,-31.24045,3.079834,0.5059096,0.517536,0.8964902,0.2985229,-0.0383606,0.9536133,33.18571,3.553558,-27.48982,3.426025,0.4472837,0.454809,0.05996585,1.3246870000000002,-0.1486303,-0.006972983,0.4847931,0.03222495,5.456187,-28.39692,33.09
29,0.4748383,-0.05718994,0.8782042999999999,1.0,0.3043976,-0.08067322,0.9491119,-31.2282,2.780746,-30.4277,3.184189,0.4604949,0.5257805,0.3743417999999999,0.4777984999999999,-0.05674744,0.8766174000000001,33.85982,3.4232480000000005,-27.68582,3.370789,0.401945,0.4640116,0.04965591,1.321907,-0.1283351,-0.006144879,0.4033815,0.02227909,5.456187,-28.39692,33.09
29,0.4748383,-0.05718994,0.8782042999999999,1.0,0.3043976,-0.08067322,0.9491119,-31.2282,2.780746,-30.4277,3.184189,0.4604949,0.5257805,0.3743417999999999,0.4777984999999999,-0.05674744,0.8766174000000001,33.85982,3.4232480000000005,-27.68582,3.370789,0.401945,0.4640116,0.04965591,1.321907,-0.1283351,-0.006144879,0.4033815,0.02227909,5.456187,-28.39692,33.09
29,0.4748383,-0.05718994,0.8782042999999999,1.0,0.3043976,-0.08067322,0.9491119,-31.2282,2.780746,-30.4277,3.184189,0.4604949,0.5257805,0.3743417999999999,0.4777984999999999,-0.05674744,0.8766174000000001,33.85982,3.4232480000000005,-27.68582,3.370789,0.401945,0.4640116,0.04965591,1.321907,-0.1283351,-0.006144879,0.4033815,0.02227909,5.456187,-28.39692,33.09
29,0.2550353999999999,-0.07859802,0.9637299,1.0,0.1734161,-0.07519531,0.9819641,-31.78378,2.798309,-30.36478,3.133423,0.4958111,0.5230623,1.0,0.3610686999999999,-0.08226013,0.928894,33.205890000000004,3.469681,-27.439590000000003,3.418121,0.4388662999999999,0.4627738,0.04965591,1.321907,-0.1283351,-0.006144879,0.4033815,0.02227909,5.456187,-28.39692,33.09
29,0.2550353999999999,-0.07859802,0.9637299,1.0,0.1734161,-0.07519531,0.9819641,-31.78378,2.798309,-30.36478,3.133423,0.4958111,0.5230623,1.0,0.3610686999999999,-0.08226013,0.928894,33.205890000000004,3.469681,-27.439590000000003,3.418121,0.4388662999999999,0.4627738,0.04965591,1.321907,-0.1283351,-0.006144879,0.4033815,0.02227909,5.456187,-28.39692,33.09
29,0.2550353999999999,-0.07859802,0.9637299,1.0,0.1734161,-0.07519531,0.9819641,-31.78378,2.798309,-30.36478,3.133423,0.4958111,0.5230623,1.0,0.3610686999999999,-0.08226013,0.928894,33.205890000000004,3.469681,-27.439590000000003,3.418121,0.4388662999999999,0.4627738,0.04965591,1.321907,-0.1283351,-0.006144879,0.4033815,0.02227909,5.456187,-28.39692,33.09
29,0.2390289,-0.05255127,0.969574,1.0,0.08465576,-0.1079406999999999,0.9905396,-32.3241,2.703568,-30.02518,3.0096130000000003,0.5250069,0.527034,1.0,0.2397156,-0.05229187,0.9694214,32.79094,3.388947,-27.42064,3.46991,0.4675928,0.4613155,0.04386306,1.320482,-0.1191966999999999,-0.0061569919999999,0.3625408,0.01688105,5.456187,-28.39692,33.09
29,0.2390289,-0.05255127,0.969574,1.0,0.08465576,-0.1079406999999999,0.9905396,-32.3241,2.703568,-30.02518,3.0096130000000003,0.5250069,0.527034,1.0,0.2397156,-0.05229187,0.9694214,32.79094,3.388947,-27.42064,3.46991,0.4675928,0.4613155,0.04386306,1.320482,-0.1191966999999999,-0.0061569919999999,0.3625408,0.01688105,5.456187,-28.39692,33.09
29,0.2390289,-0.05255127,0.969574,1.0,0.08465576,-0.1079406999999999,0.9905396,-32.3241,2.703568,-30.02518,3.0096130000000003,0.5250069,0.527034,1.0,0.2397156,-0.05229187,0.9694214,32.79094,3.388947,-27.42064,3.46991,0.4675928,0.4613155,0.04386306,1.320482,-0.1191966999999999,-0.0061569919999999,0.3625408,0.01688105,5.456187,-28.39692,33.09
29,0.09393311,-0.0500945999999999,0.9943085,1.0,-0.06266785,-0.08717346,0.9942169,-33.01686,2.632126,-29.61992,3.103409,0.5667331999999999,0.5233127000000001,1.0,0.09394836,-0.0500945999999999,0.9943085,32.01973,3.403931,-27.89964,3.307083,0.5107986,0.4644185999999999,0.03822064,1.318928,-0.1108647,-0.004777926,0.3233373,0.01081683,5.789353,7.210453,33.09
29,0.09393311,-0.0500945999999999,0.9943085,1.0,-0.06266785,-0.08717346,0.9942169,-33.01686,2.632126,-29.61992,3.103409,0.5667331999999999,0.5233127000000001,1.0,0.09394836,-0.0500945999999999,0.9943085,32.01973,3.403931,-27.89964,3.307083,0.5107986,0.4644185999999999,0.03822064,1.318928,-0.1108647,-0.004777926,0.3233373,0.01081683,5.789353,7.210453,33.09
29,0.09393311,-0.0500945999999999,0.9943085,1.0,-0.06266785,-0.08717346,0.9942169,-33.01686,2.632126,-29.61992,3.103409,0.5667331999999999,0.5233127000000001,1.0,0.09394836,-0.0500945999999999,0.9943085,32.01973,3.403931,-27.89964,3.307083,0.5107986,0.4644185999999999,0.03822064,1.318928,-0.1108647,-0.004777926,0.3233373,0.01081683,5.789353,7.210453,33.09
29,0.3975067,-0.08985901,0.9131775,1.0,0.2055206,-0.1503754,0.9670258,-31.77287,2.551819,-30.352220000000003,3.029388,0.4911760999999999,0.5410314,1.0,0.398056,-0.0896758999999999,0.9129639,33.09155,3.154236,-27.44374,3.52179,0.4379898,0.4745782999999999,0.02833056,1.316495,-0.0970101999999999,-0.002522458,0.2553273,0.004226877,5.789353,7.210453,33.09
29,0.3975067,-0.08985901,0.9131775,1.0,0.2055206,-0.1503754,0.9670258,-31.77287,2.551819,-30.352220000000003,3.029388,0.4911760999999999,0.5410314,1.0,0.398056,-0.0896758999999999,0.9129639,33.09155,3.154236,-27.44374,3.52179,0.4379898,0.4745782999999999,0.02833056,1.316495,-0.0970101999999999,-0.002522458,0.2553273,0.004226877,5.789353,7.210453,33.09
29,0.3975067,-0.08985901,0.9131775,1.0,0.2055206,-0.1503754,0.9670258,-31.77287,2.551819,-30.352220000000003,3.029388,0.4911760999999999,0.5410314,1.0,0.398056,-0.0896758999999999,0.9129639,33.09155,3.154236,-27.44374,3.52179,0.4379898,0.4745782999999999,0.02833056,1.316495,-0.0970101999999999,-0.002522458,0.2553273,0.004226877,5.789353,7.210453,33.09
29,0.4103394,-0.1710968,0.8957214,1.0,0.2934113,-0.194458,0.9359894,-31.5253,2.216385,-30.48589,2.913666,0.4713221999999999,0.5602232,1.0,0.4484252999999999,-0.1625824,0.878891,33.30981,2.871902,-27.5278,3.30217,0.4239568,0.4939395,0.02425838,1.314796,-0.09134609,0.0007221778,0.2296899,0.002312903,5.789353,7.210453,33.09
29,0.4103394,-0.1710968,0.8957214,1.0,0.2934113,-0.194458,0.9359894,-31.5253,2.216385,-30.48589,2.913666,0.4713221999999999,0.5602232,1.0,0.4484252999999999,-0.1625824,0.878891,33.30981,2.871902,-27.5278,3.30217,0.4239568,0.4939395,0.02425838,1.314796,-0.09134609,0.0007221778,0.2296899,0.002312903,5.789353,7.210453,33.09
29,0.4103394,-0.1710968,0.8957214,1.0,0.2934113,-0.194458,0.9359894,-31.5253,2.216385,-30.48589,2.913666,0.4713221999999999,0.5602232,1.0,0.4484252999999999,-0.1625824,0.878891,33.30981,2.871902,-27.5278,3.30217,0.4239568,0.4939395,0.02425838,1.314796,-0.09134609,0.0007221778,0.2296899,0.002312903,5.789353,7.210453,33.09
29,0.3696136,-0.1760559,0.9123383,1.0,0.2627869,-0.2055206,0.9427032,-31.73671,2.18692,-30.43715,2.893234,0.482422,0.5619659,1.0,0.4136353,-0.162796,0.895752,33.19992,2.830139,-27.49573,3.354599,0.4321010999999999,0.4947873,0.02093434,1.312913,-0.08616215,0.006645829,0.2092748,-0.0004567453,5.789353,7.210453,33.09
29,0.3696136,-0.1760559,0.9123383,1.0,0.2627869,-0.2055206,0.9427032,-31.73671,2.18692,-30.43715,2.893234,0.482422,0.5619659,1.0,0.4136353,-0.162796,0.895752,33.19992,2.830139,-27.49573,3.354599,0.4321010999999999,0.4947873,0.02093434,1.312913,-0.08616215,0.006645829,0.2092748,-0.0004567453,5.789353,7.210453,33.09
29,0.3696136,-0.1760559,0.9123383,1.0,0.2627869,-0.2055206,0.9427032,-31.73671,2.18692,-30.43715,2.893234,0.482422,0.5619659,1.0,0.4136353,-0.162796,0.895752,33.19992,2.830139,-27.49573,3.354599,0.4321010999999999,0.4947873,0.02093434,1.312913,-0.08616215,0.006645829,0.2092748,-0.0004567453,5.789353,7.210453,33.09
29,0.3696136,-0.1760559,0.9123383,1.0,0.2627869,-0.2055206,0.9427032,-31.73671,2.18692,-30.43715,2.893234,0.482422,0.5619659,1.0,0.4136353,-0.162796,0.895752,33.19992,2.830139,-27.49573,3.354599,0.4321010999999999,0.4947873,0.01847219,1.311204,-0.08164388,0.01184585,0.194795,-0.00353161,5.789353,7.210453,33.09
29,0.3696136,-0.1760559,0.9123383,1.0,0.2627869,-0.2055206,0.9427032,-31.73671,2.18692,-30.43715,2.893234,0.482422,0.5619659,1.0,0.4136353,-0.162796,0.895752,33.19992,2.830139,-27.49573,3.354599,0.4321010999999999,0.4947873,0.01847219,1.311204,-0.08164388,0.01184585,0.194795,-0.00353161,5.789353,7.210453,33.09
29,0.3696136,-0.1760559,0.9123383,1.0,0.2627869,-0.2055206,0.9427032,-31.73671,2.18692,-30.43715,2.893234,0.482422,0.5619659,1.0,0.4136353,-0.162796,0.895752,33.19992,2.830139,-27.49573,3.354599,0.4321010999999999,0.4947873,0.01847219,1.311204,-0.08164388,0.01184585,0.194795,-0.00353161,5.789353,7.210453,33.09
29,0.361496,-0.1846770999999999,0.9138794,1.0,0.233078,-0.2037354,0.9508667,-31.8078,2.1706540000000003,-30.41003,2.9309540000000003,0.4886545,0.5618046,1.0,0.4242859,-0.1737061,0.8887023999999999,33.06937,2.912567,-27.45601,3.4113010000000004,0.4351742,0.4932239,0.01626277,1.309477,-0.07778698,0.01684968,0.1830013999999999,-0.005389097,5.789353,22.0821,33.09
29,0.361496,-0.1846770999999999,0.9138794,1.0,0.233078,-0.2037354,0.9508667,-31.8078,2.1706540000000003,-30.41003,2.9309540000000003,0.4886545,0.5618046,1.0,0.4242859,-0.1737061,0.8887023999999999,33.06937,2.912567,-27.45601,3.4113010000000004,0.4351742,0.4932239,0.01626277,1.309477,-0.07778698,0.01684968,0.1830013999999999,-0.005389097,5.789353,22.0821,33.09
29,0.361496,-0.1846770999999999,0.9138794,1.0,0.233078,-0.2037354,0.9508667,-31.8078,2.1706540000000003,-30.41003,2.9309540000000003,0.4886545,0.5618046,1.0,0.4242859,-0.1737061,0.8887023999999999,33.06937,2.912567,-27.45601,3.4113010000000004,0.4351742,0.4932239,0.01626277,1.309477,-0.07778698,0.01684968,0.1830013999999999,-0.005389097,5.789353,22.0821,33.09
30,0.361496,-0.1846770999999999,0.9138794,1.0,0.233078,-0.2037354,0.9508667,-31.8078,2.1706540000000003,-30.41003,2.9309540000000003,0.4886545,0.5618046,1.0,0.4242859,-0.1737061,0.8887023999999999,33.06937,2.912567,-27.45601,3.4113010000000004,0.4351742,0.4932239,0.01459932,1.307927,-0.07392925,0.02158437,0.1732817,-0.006906419,5.789353,22.0821,33.09
30,0.361496,-0.1846770999999999,0.9138794,1.0,0.233078,-0.2037354,0.9508667,-31.8078,2.1706540000000003,-30.41003,2.9309540000000003,0.4886545,0.5618046,1.0,0.4242859,-0.1737061,0.8887023999999999,33.06937,2.912567,-27.45601,3.4113010000000004,0.4351742,0.4932239,0.01459932,1.307927,-0.07392925,0.02158437,0.1732817,-0.006906419,5.789353,22.0821,33.09
30,0.361496,-0.1846770999999999,0.9138794,1.0,0.233078,-0.2037354,0.9508667,-31.8078,2.1706540000000003,-30.41003,2.9309540000000003,0.4886545,0.5618046,1.0,0.4242859,-0.1737061,0.8887023999999999,33.06937,2.912567,-27.45601,3.4113010000000004,0.4351742,0.4932239,0.01459932,1.307927,-0.07392925,0.02158437,0.1732817,-0.006906419,5.789353,22.0821,33.09
30,0.1036682,-0.1238861,0.9868622,1.0,0.07594299,-0.1244507,0.9893036,-32.58945,2.579605,-30.65968,3.05658,0.5356380000000001,0.5392184,1.0,0.2222442999999999,-0.1203613,0.967514,32.45982,3.110672,-27.14262,3.487289,0.4807164,0.4764737,0.01330209,1.306783,-0.07005644,0.02460981,0.1656713,-0.008751684,5.789353,22.0821,33.09
30,0.1036682,-0.1238861,0.9868622,1.0,0.07594299,-0.1244507,0.9893036,-32.58945,2.579605,-30.65968,3.05658,0.5356380000000001,0.5392184,1.0,0.2222442999999999,-0.1203613,0.967514,32.45982,3.110672,-27.14262,3.487289,0.4807164,0.4764737,0.01330209,1.306783,-0.07005644,0.02460981,0.1656713,-0.008751684,5.789353,22.0821,33.09
30,0.1036682,-0.1238861,0.9868622,1.0,0.07594299,-0.1244507,0.9893036,-32.58945,2.579605,-30.65968,3.05658,0.5356380000000001,0.5392184,1.0,0.2222442999999999,-0.1203613,0.967514,32.45982,3.110672,-27.14262,3.487289,0.4807164,0.4764737,0.01330209,1.306783,-0.07005644,0.02460981,0.1656713,-0.008751684,5.789353,22.0821,33.09
30,0.201889,-0.1110382,0.9730835,1.0,0.04914856,-0.1330566,0.9898834,-32.68581,2.4762880000000003,-29.93422,3.195084,0.5419804,0.5372359999999999,1.0,0.2030944999999999,-0.1108398,0.9728546,32.39484,3.08847,-26.9539,3.5526120000000003,0.4852145,0.4745175,0.01215291,1.30534,-0.06654078,0.02850727,0.1589032,-0.01053984,5.789353,22.0821,33.09
30,0.201889,-0.1110382,0.9730835,1.0,0.04914856,-0.1330566,0.9898834,-32.68581,2.4762880000000003,-29.93422,3.195084,0.5419804,0.5372359999999999,1.0,0.2030944999999999,-0.1108398,0.9728546,32.39484,3.08847,-26.9539,3.5526120000000003,0.4852145,0.4745175,0.01215291,1.30534,-0.06654078,0.02850727,0.1589032,-0.01053984,5.789353,22.0821,33.09
30,0.201889,-0.1110382,0.9730835,1.0,0.04914856,-0.1330566,0.9898834,-32.68581,2.4762880000000003,-29.93422,3.195084,0.5419804,0.5372359999999999,1.0,0.2030944999999999,-0.1108398,0.9728546,32.39484,3.08847,-26.9539,3.5526120000000003,0.4852145,0.4745175,0.01215291,1.30534,-0.06654078,0.02850727,0.1589032,-0.01053984,5.789353,22.0821,33.09
30,0.1926727,-0.1002808,0.97612,1.0,0.05126953,-0.1282959,0.9904022,-32.74692,2.371033,-29.56639,3.089386,0.5434658,0.5368605,1.0,0.192688,-0.1002808,0.9761046999999998,32.35779,3.08786,-26.93477,3.489929,0.4877274,0.4730698,0.01089215,1.303582,-0.06270587,0.03326478,0.1527053,-0.01235928,5.789353,22.0821,33.09
30,0.1926727,-0.1002808,0.97612,1.0,0.05126953,-0.1282959,0.9904022,-32.74692,2.371033,-29.56639,3.089386,0.5434658,0.5368605,1.0,0.192688,-0.1002808,0.9761046999999998,32.35779,3.08786,-26.93477,3.489929,0.4877274,0.4730698,0.01089215,1.303582,-0.06270587,0.03326478,0.1527053,-0.01235928,5.789353,22.0821,33.09
30,0.1926727,-0.1002808,0.97612,1.0,0.05126953,-0.1282959,0.9904022,-32.74692,2.371033,-29.56639,3.089386,0.5434658,0.5368605,1.0,0.192688,-0.1002808,0.9761046999999998,32.35779,3.08786,-26.93477,3.489929,0.4877274,0.4730698,0.01089215,1.303582,-0.06270587,0.03326478,0.1527053,-0.01235928,5.789353,22.0821,33.09
30,0.1926727,-0.1002808,0.97612,1.0,0.05126953,-0.1282959,0.9904022,-32.74692,2.371033,-29.56639,3.089386,0.5434658,0.5368605,1.0,0.192688,-0.1002808,0.9761046999999998,32.35779,3.08786,-26.93477,3.489929,0.4877274,0.4730698,0.009696007,1.301625,-0.05870074,0.0389167,0.1461632,-0.01398811,5.789353,22.0821,33.09
30,0.1926727,-0.1002808,0.97612,1.0,0.05126953,-0.1282959,0.9904022,-32.74692,2.371033,-29.56639,3.089386,0.5434658,0.5368605,1.0,0.192688,-0.1002808,0.9761046999999998,32.35779,3.08786,-26.93477,3.489929,0.4877274,0.4730698,0.009696007,1.301625,-0.05870074,0.0389167,0.1461632,-0.01398811,5.789353,22.0821,33.09
30,0.1926727,-0.1002808,0.97612,1.0,0.05126953,-0.1282959,0.9904022,-32.74692,2.371033,-29.56639,3.089386,0.5434658,0.5368605,1.0,0.192688,-0.1002808,0.9761046999999998,32.35779,3.08786,-26.93477,3.489929,0.4877274,0.4730698,0.009696007,1.301625,-0.05870074,0.0389167,0.1461632,-0.01398811,5.789353,22.0821,33.09
30,0.1332397,-0.07475281,0.9882507,1.0,-0.01324463,-0.1234131,0.9922638,-32.81607,2.583359,-29.73106,3.056931,0.5538101,0.5304057,1.0,0.136322,-0.07369995,0.987915,32.25261,3.232101,-27.06737,3.355408,0.4980161,0.4660874,0.008520126,1.299206,-0.05481976,0.04627061,0.1396821,-0.01608088,5.789353,-7.414944,33.09
30,0.1332397,-0.07475281,0.9882507,1.0,-0.01324463,-0.1234131,0.9922638,-32.81607,2.583359,-29.73106,3.056931,0.5538101,0.5304057,1.0,0.136322,-0.07369995,0.987915,32.25261,3.232101,-27.06737,3.355408,0.4980161,0.4660874,0.008520126,1.299206,-0.05481976,0.04627061,0.1396821,-0.01608088,5.789353,-7.414944,33.09
30,0.1332397,-0.07475281,0.9882507,1.0,-0.01324463,-0.1234131,0.9922638,-32.81607,2.583359,-29.73106,3.056931,0.5538101,0.5304057,1.0,0.136322,-0.07369995,0.987915,32.25261,3.232101,-27.06737,3.355408,0.4980161,0.4660874,0.008520126,1.299206,-0.05481976,0.04627061,0.1396821,-0.01608088,5.789353,-7.414944,33.09
30,0.1332397,-0.07475281,0.9882507,1.0,-0.01324463,-0.1234131,0.9922638,-32.81607,2.583359,-29.73106,3.056931,0.5538101,0.5304057,1.0,0.136322,-0.07369995,0.987915,32.25261,3.232101,-27.06737,3.355408,0.4980161,0.4660874,0.007396221,1.296225,-0.05079114,0.05570113,0.1340443,-0.01887674,5.789353,-7.414944,33.09
30,0.1332397,-0.07475281,0.9882507,1.0,-0.01324463,-0.1234131,0.9922638,-32.81607,2.583359,-29.73106,3.056931,0.5538101,0.5304057,1.0,0.136322,-0.07369995,0.987915,32.25261,3.232101,-27.06737,3.355408,0.4980161,0.4660874,0.007396221,1.296225,-0.05079114,0.05570113,0.1340443,-0.01887674,5.789353,-7.414944,33.09
30,0.1332397,-0.07475281,0.9882507,1.0,-0.01324463,-0.1234131,0.9922638,-32.81607,2.583359,-29.73106,3.056931,0.5538101,0.5304057,1.0,0.136322,-0.07369995,0.987915,32.25261,3.232101,-27.06737,3.355408,0.4980161,0.4660874,0.007396221,1.296225,-0.05079114,0.05570113,0.1340443,-0.01887674,5.789353,-7.414944,33.09
30,0.1332397,-0.07475281,0.9882507,1.0,-0.01324463,-0.1234131,0.9922638,-32.81607,2.583359,-29.73106,3.056931,0.5538101,0.5304057,1.0,0.136322,-0.07369995,0.987915,32.25261,3.232101,-27.06737,3.355408,0.4980161,0.4660874,0.00654006,1.292502,-0.04679453,0.0681746,0.1298175,-0.02245264,5.789353,-7.414944,33.09
30,0.1332397,-0.07475281,0.9882507,1.0,-0.01324463,-0.1234131,0.9922638,-32.81607,2.583359,-29.73106,3.056931,0.5538101,0.5304057,1.0,0.136322,-0.07369995,0.987915,32.25261,3.232101,-27.06737,3.355408,0.4980161,0.4660874,0.00654006,1.292502,-0.04679453,0.0681746,0.1298175,-0.02245264,5.789353,-7.414944,33.09
30,0.1332397,-0.07475281,0.9882507,1.0,-0.01324463,-0.1234131,0.9922638,-32.81607,2.583359,-29.73106,3.056931,0.5538101,0.5304057,1.0,0.136322,-0.07369995,0.987915,32.25261,3.232101,-27.06737,3.355408,0.4980161,0.4660874,0.00654006,1.292502,-0.04679453,0.0681746,0.1298175,-0.02245264,5.789353,-7.414944,33.09
30,0.1649779999999999,-0.3200989,0.9328918,1.0,0.04190063,-0.3558044,0.933609,-32.40332,1.615982,-30.17587,2.821014,0.5326138000000001,0.5981774999999999,1.0,0.172287,-0.3177795,0.932373,32.055440000000004,2.2684330000000004,-27.182270000000003,3.166702,0.4999141,0.5292878000000001,0.00610733,1.287695,-0.04323393,0.08521829,0.1268621,-0.02629787,5.789353,-7.414944,33.09
30,0.1649779999999999,-0.3200989,0.9328918,1.0,0.04190063,-0.3558044,0.933609,-32.40332,1.615982,-30.17587,2.821014,0.5326138000000001,0.5981774999999999,1.0,0.172287,-0.3177795,0.932373,32.055440000000004,2.2684330000000004,-27.182270000000003,3.166702,0.4999141,0.5292878000000001,0.00610733,1.287695,-0.04323393,0.08521829,0.1268621,-0.02629787,5.789353,-7.414944,33.09
30,0.1649779999999999,-0.3200989,0.9328918,1.0,0.04190063,-0.3558044,0.933609,-32.40332,1.615982,-30.17587,2.821014,0.5326138000000001,0.5981774999999999,1.0,0.172287,-0.3177795,0.932373,32.055440000000004,2.2684330000000004,-27.182270000000003,3.166702,0.4999141,0.5292878000000001,0.00610733,1.287695,-0.04323393,0.08521829,0.1268621,-0.02629787,5.789353,-7.414944,33.09
30,0.1631622,-0.3846436,0.9085236,1.0,0.03022766,-0.4254456,0.9044647,-32.41278,1.3113709999999998,-30.28,2.993637,0.5346435,0.6193795999999999,1.0,0.1688994999999999,-0.3826904,0.9082947,31.94521,1.891769,-27.28122,3.017014,0.5039201,0.5512767,0.006280899,1.282551,-0.03988415,0.1036958,0.1277092,-0.03111333,5.789353,-7.414944,33.09
30,0.1631622,-0.3846436,0.9085236,1.0,0.03022766,-0.4254456,0.9044647,-32.41278,1.3113709999999998,-30.28,2.993637,0.5346435,0.6193795999999999,1.0,0.1688994999999999,-0.3826904,0.9082947,31.94521,1.891769,-27.28122,3.017014,0.5039201,0.5512767,0.006280899,1.282551,-0.03988415,0.1036958,0.1277092,-0.03111333,5.789353,-7.414944,33.09
30,0.1631622,-0.3846436,0.9085236,1.0,0.03022766,-0.4254456,0.9044647,-32.41278,1.3113709999999998,-30.28,2.993637,0.5346435,0.6193795999999999,1.0,0.1688994999999999,-0.3826904,0.9082947,31.94521,1.891769,-27.28122,3.017014,0.5039201,0.5512767,0.006280899,1.282551,-0.03988415,0.1036958,0.1277092,-0.03111333,5.789353,-7.414944,33.09
30,0.1631622,-0.3846436,0.9085236,1.0,0.03022766,-0.4254456,0.9044647,-32.41278,1.3113709999999998,-30.28,2.993637,0.5346435,0.6193795999999999,1.0,0.1688994999999999,-0.3826904,0.9082947,31.94521,1.891769,-27.28122,3.017014,0.5039201,0.5512767,0.007316828,1.277192,-0.0369094,0.1229234999999999,0.1327155,-0.03708326,5.789353,-34.19526,33.09
30,0.1631622,-0.3846436,0.9085236,1.0,0.03022766,-0.4254456,0.9044647,-32.41278,1.3113709999999998,-30.28,2.993637,0.5346435,0.6193795999999999,1.0,0.1688994999999999,-0.3826904,0.9082947,31.94521,1.891769,-27.28122,3.017014,0.5039201,0.5512767,0.007316828,1.277192,-0.0369094,0.1229234999999999,0.1327155,-0.03708326,5.789353,-34.19526,33.09
30,0.1631622,-0.3846436,0.9085236,1.0,0.03022766,-0.4254456,0.9044647,-32.41278,1.3113709999999998,-30.28,2.993637,0.5346435,0.6193795999999999,1.0,0.1688994999999999,-0.3826904,0.9082947,31.94521,1.891769,-27.28122,3.017014,0.5039201,0.5512767,0.007316828,1.277192,-0.0369094,0.1229234999999999,0.1327155,-0.03708326,5.789353,-34.19526,33.09
30,0.1346436,-0.440567,0.887558,1.0,0.03315735,-0.4558715999999999,0.8894196,-32.4404,1.246048,-30.30644,2.84671,0.5350831,0.6263479999999999,1.0,0.1369781,-0.440155,0.8873901,31.9157,1.799683,-27.324040000000004,3.222519,0.5085822,0.5623326,0.009299278,1.272065,-0.03447407,0.1406911,0.1416888999999999,-0.04319961,5.789353,-34.19526,33.11
30,0.1346436,-0.440567,0.887558,1.0,0.03315735,-0.4558715999999999,0.8894196,-32.4404,1.246048,-30.30644,2.84671,0.5350831,0.6263479999999999,1.0,0.1369781,-0.440155,0.8873901,31.9157,1.799683,-27.324040000000004,3.222519,0.5085822,0.5623326,0.009299278,1.272065,-0.03447407,0.1406911,0.1416888999999999,-0.04319961,5.789353,-34.19526,33.11
30,0.1346436,-0.440567,0.887558,1.0,0.03315735,-0.4558715999999999,0.8894196,-32.4404,1.246048,-30.30644,2.84671,0.5350831,0.6263479999999999,1.0,0.1369781,-0.440155,0.8873901,31.9157,1.799683,-27.324040000000004,3.222519,0.5085822,0.5623326,0.009299278,1.272065,-0.03447407,0.1406911,0.1416888999999999,-0.04319961,5.789353,-34.19526,33.11
30,0.1346436,-0.440567,0.887558,1.0,0.03315735,-0.4558715999999999,0.8894196,-32.4404,1.246048,-30.30644,2.84671,0.5350831,0.6263479999999999,1.0,0.1369781,-0.440155,0.8873901,31.9157,1.799683,-27.324040000000004,3.222519,0.5085822,0.5623326,0.01558876,1.263802,-0.03056908,0.1670553,0.1672134,-0.05640679,5.789353,-34.19526,33.11
30,0.1346436,-0.440567,0.887558,1.0,0.03315735,-0.4558715999999999,0.8894196,-32.4404,1.246048,-30.30644,2.84671,0.5350831,0.6263479999999999,1.0,0.1369781,-0.440155,0.8873901,31.9157,1.799683,-27.324040000000004,3.222519,0.5085822,0.5623326,0.01558876,1.263802,-0.03056908,0.1670553,0.1672134,-0.05640679,5.789353,-34.19526,33.11
30,0.1346436,-0.440567,0.887558,1.0,0.03315735,-0.4558715999999999,0.8894196,-32.4404,1.246048,-30.30644,2.84671,0.5350831,0.6263479999999999,1.0,0.1369781,-0.440155,0.8873901,31.9157,1.799683,-27.324040000000004,3.222519,0.5085822,0.5623326,0.01558876,1.263802,-0.03056908,0.1670553,0.1672134,-0.05640679,5.789353,-34.19526,33.11
30,0.124588,-0.4777222,0.8696289,1.0,0.01171875,-0.4742583999999999,0.8802948,-32.50847,1.177933,-30.337770000000003,2.814896,0.5401478,0.6316879,1.0,0.125824,-0.4777222,0.8694458,31.84381,1.7319639999999998,-27.36005,3.173569,0.5123199,0.5701058000000001,0.01960444,1.259796,-0.02946299,0.1783384,0.1859032,-0.06574016,5.789353,-11.27936,33.11
30,0.124588,-0.4777222,0.8696289,1.0,0.01171875,-0.4742583999999999,0.8802948,-32.50847,1.177933,-30.337770000000003,2.814896,0.5401478,0.6316879,1.0,0.125824,-0.4777222,0.8694458,31.84381,1.7319639999999998,-27.36005,3.173569,0.5123199,0.5701058000000001,0.01960444,1.259796,-0.02946299,0.1783384,0.1859032,-0.06574016,5.789353,-11.27936,33.11
30,0.124588,-0.4777222,0.8696289,1.0,0.01171875,-0.4742583999999999,0.8802948,-32.50847,1.177933,-30.337770000000003,2.814896,0.5401478,0.6316879,1.0,0.125824,-0.4777222,0.8694458,31.84381,1.7319639999999998,-27.36005,3.173569,0.5123199,0.5701058000000001,0.01960444,1.259796,-0.02946299,0.1783384,0.1859032,-0.06574016,5.789353,-11.27936,33.11
30,-0.03625488,-0.3256835999999999,0.9447784,1.0,-0.1772461,-0.3232269,0.9295654,-33.513690000000004,1.83786,-30.0957,2.938202,0.598749,0.5859011,1.0,-0.008071899,-0.3253784,0.9455414,31.04445,2.553665,-27.10329,3.285095,0.5552383000000001,0.5205348,0.02469754,1.256996,-0.02878624,0.1857682,0.2085482999999999,-0.07411709,5.789353,-11.27936,33.11
30,-0.03625488,-0.3256835999999999,0.9447784,1.0,-0.1772461,-0.3232269,0.9295654,-33.513690000000004,1.83786,-30.0957,2.938202,0.598749,0.5859011,1.0,-0.008071899,-0.3253784,0.9455414,31.04445,2.553665,-27.10329,3.285095,0.5552383000000001,0.5205348,0.02469754,1.256996,-0.02878624,0.1857682,0.2085482999999999,-0.07411709,5.789353,-11.27936,33.11
30,-0.03625488,-0.3256835999999999,0.9447784,1.0,-0.1772461,-0.3232269,0.9295654,-33.513690000000004,1.83786,-30.0957,2.938202,0.598749,0.5859011,1.0,-0.008071899,-0.3253784,0.9455414,31.04445,2.553665,-27.10329,3.285095,0.5552383000000001,0.5205348,0.02469754,1.256996,-0.02878624,0.1857682,0.2085482999999999,-0.07411709,5.789353,-11.27936,33.11
30,-0.1988373,-0.3960876,0.8964081,1.0,-0.2927094,-0.4111175999999999,0.8632965,-33.83615,1.7516169999999998,-30.18933,2.636719,0.6252456999999999,0.6031321,1.0,-0.1573792,-0.3883057,0.9079895,30.6124,2.462509,-27.24571,3.193161,0.5876358,0.5342179,0.0303699999999999,1.254086,-0.02858931,0.192804,0.2341744,-0.0844056,5.789353,-11.27936,33.11
30,-0.1988373,-0.3960876,0.8964081,1.0,-0.2927094,-0.4111175999999999,0.8632965,-33.83615,1.7516169999999998,-30.18933,2.636719,0.6252456999999999,0.6031321,1.0,-0.1573792,-0.3883057,0.9079895,30.6124,2.462509,-27.24571,3.193161,0.5876358,0.5342179,0.0303699999999999,1.254086,-0.02858931,0.192804,0.2341744,-0.0844056,5.789353,-11.27936,33.11
30,-0.1988373,-0.3960876,0.8964081,1.0,-0.2927094,-0.4111175999999999,0.8632965,-33.83615,1.7516169999999998,-30.18933,2.636719,0.6252456999999999,0.6031321,1.0,-0.1573792,-0.3883057,0.9079895,30.6124,2.462509,-27.24571,3.193161,0.5876358,0.5342179,0.0303699999999999,1.254086,-0.02858931,0.192804,0.2341744,-0.0844056,5.789353,-11.27936,33.11
30,-0.3054199,-0.3942719,0.8667450000000001,1.0,-0.398056,-0.3979187,0.8265533000000002,-33.99599,1.816071,-30.24272,3.071716,0.6449366999999999,0.6009406999999999,1.0,-0.2326355,-0.3887939,0.8914641999999999,30.43767,2.482651,-27.314390000000003,3.229446,0.6024904999999999,0.5350971999999999,0.03660345,1.251169,-0.02950221,0.1982934999999999,0.2662794,-0.09661756,5.789353,-11.27936,33.11
30,-0.3054199,-0.3942719,0.8667450000000001,1.0,-0.398056,-0.3979187,0.8265533000000002,-33.99599,1.816071,-30.24272,3.071716,0.6449366999999999,0.6009406999999999,1.0,-0.2326355,-0.3887939,0.8914641999999999,30.43767,2.482651,-27.314390000000003,3.229446,0.6024904999999999,0.5350971999999999,0.03660345,1.251169,-0.02950221,0.1982934999999999,0.2662794,-0.09661756,5.789353,-11.27936,33.11
30,-0.3054199,-0.3942719,0.8667450000000001,1.0,-0.398056,-0.3979187,0.8265533000000002,-33.99599,1.816071,-30.24272,3.071716,0.6449366999999999,0.6009406999999999,1.0,-0.2326355,-0.3887939,0.8914641999999999,30.43767,2.482651,-27.314390000000003,3.229446,0.6024904999999999,0.5350971999999999,0.03660345,1.251169,-0.02950221,0.1982934999999999,0.2662794,-0.09661756,5.789353,-11.27936,33.11
30,-0.1561127,-0.3405762,0.9271545,1.0,-0.2503357,-0.3825684,0.8893584999999999,-33.75253,1.961456,-30.093840000000004,2.813934,0.6165472,0.5903403,1.0,-0.1358947999999999,-0.3311462,0.9337311,30.73817,2.431793,-27.21883,3.217255,0.5807604000000001,0.5272511999999999,0.04288125,1.248625,-0.0308978,0.2031084,0.2967759,-0.1046803,5.789353,-11.27936,33.11
30,-0.1561127,-0.3405762,0.9271545,1.0,-0.2503357,-0.3825684,0.8893584999999999,-33.75253,1.961456,-30.093840000000004,2.813934,0.6165472,0.5903403,1.0,-0.1358947999999999,-0.3311462,0.9337311,30.73817,2.431793,-27.21883,3.217255,0.5807604000000001,0.5272511999999999,0.04288125,1.248625,-0.0308978,0.2031084,0.2967759,-0.1046803,5.789353,-11.27936,33.11
30,-0.1561127,-0.3405762,0.9271545,1.0,-0.2503357,-0.3825684,0.8893584999999999,-33.75253,1.961456,-30.093840000000004,2.813934,0.6165472,0.5903403,1.0,-0.1358947999999999,-0.3311462,0.9337311,30.73817,2.431793,-27.21883,3.217255,0.5807604000000001,0.5272511999999999,0.04288125,1.248625,-0.0308978,0.2031084,0.2967759,-0.1046803,5.789353,-11.27936,33.11
30,-0.05822754,-0.2895813,0.955368,1.0,-0.1919098,-0.3049927,0.9328003,-33.63058,1.997009,-30.02061,2.943069,0.6045589,0.5773342,1.0,-0.01203918,-0.2830353,0.9590149,30.94211,2.484833,-27.08211,3.3508,0.5590609000000001,0.5172871,0.04882598,1.246337,-0.03257257,0.2068695,0.3267279,-0.1093885,5.789353,-11.27936,33.11
30,-0.05822754,-0.2895813,0.955368,1.0,-0.1919098,-0.3049927,0.9328003,-33.63058,1.997009,-30.02061,2.943069,0.6045589,0.5773342,1.0,-0.01203918,-0.2830353,0.9590149,30.94211,2.484833,-27.08211,3.3508,0.5590609000000001,0.5172871,0.04882598,1.246337,-0.03257257,0.2068695,0.3267279,-0.1093885,5.789353,-11.27936,33.11
30,-0.05822754,-0.2895813,0.955368,1.0,-0.1919098,-0.3049927,0.9328003,-33.63058,1.997009,-30.02061,2.943069,0.6045589,0.5773342,1.0,-0.01203918,-0.2830353,0.9590149,30.94211,2.484833,-27.08211,3.3508,0.5590609000000001,0.5172871,0.04882598,1.246337,-0.03257257,0.2068695,0.3267279,-0.1093885,5.789353,-11.27936,33.11
30,-0.05728149,-0.2834015,0.9572754,1.0,-0.1519927999999999,-0.3006287,0.9415436,-33.30748,2.046478,-29.9908,3.001587,0.5882571,0.5744596,1.0,0.03868103,-0.2633057,0.9639282,31.33916,2.485153,-27.07362,3.289124,0.5398432,0.5144335999999999,0.05440903,1.244246,-0.03484643,0.2098859,0.3593712,-0.1139128,5.789353,39.46208,33.11
30,-0.05728149,-0.2834015,0.9572754,1.0,-0.1519927999999999,-0.3006287,0.9415436,-33.30748,2.046478,-29.9908,3.001587,0.5882571,0.5744596,1.0,0.03868103,-0.2633057,0.9639282,31.33916,2.485153,-27.07362,3.289124,0.5398432,0.5144335999999999,0.05440903,1.244246,-0.03484643,0.2098859,0.3593712,-0.1139128,5.789353,39.46208,33.11
30,-0.05728149,-0.2834015,0.9572754,1.0,-0.1519927999999999,-0.3006287,0.9415436,-33.30748,2.046478,-29.9908,3.001587,0.5882571,0.5744596,1.0,0.03868103,-0.2633057,0.9639282,31.33916,2.485153,-27.07362,3.289124,0.5398432,0.5144335999999999,0.05440903,1.244246,-0.03484643,0.2098859,0.3593712,-0.1139128,5.789353,39.46208,33.11
30,-0.05728149,-0.2834015,0.9572754,1.0,-0.1519927999999999,-0.3006287,0.9415436,-33.30748,2.046478,-29.9908,3.001587,0.5882571,0.5744596,1.0,0.03868103,-0.2633057,0.9639282,31.33916,2.485153,-27.07362,3.289124,0.5398432,0.5144335999999999,0.05926824,1.242541,-0.03749031,0.2135772,0.3915932,-0.1153793,5.789353,39.46208,33.11
30,-0.05728149,-0.2834015,0.9572754,1.0,-0.1519927999999999,-0.3006287,0.9415436,-33.30748,2.046478,-29.9908,3.001587,0.5882571,0.5744596,1.0,0.03868103,-0.2633057,0.9639282,31.33916,2.485153,-27.07362,3.289124,0.5398432,0.5144335999999999,0.05926824,1.242541,-0.03749031,0.2135772,0.3915932,-0.1153793,5.789353,39.46208,33.11
30,-0.05728149,-0.2834015,0.9572754,1.0,-0.1519927999999999,-0.3006287,0.9415436,-33.30748,2.046478,-29.9908,3.001587,0.5882571,0.5744596,1.0,0.03868103,-0.2633057,0.9639282,31.33916,2.485153,-27.07362,3.289124,0.5398432,0.5144335999999999,0.05926824,1.242541,-0.03749031,0.2135772,0.3915932,-0.1153793,5.789353,39.46208,33.11
30,-0.05728149,-0.2834015,0.9572754,1.0,-0.1519927999999999,-0.3006287,0.9415436,-33.30748,2.046478,-29.9908,3.001587,0.5882571,0.5744596,1.0,0.03868103,-0.2633057,0.9639282,31.33916,2.485153,-27.07362,3.289124,0.5398432,0.5144335999999999,0.06317449,1.240925,-0.04048747,0.2179824,0.4220069,-0.1149971,5.789353,39.46208,33.11
30,-0.05728149,-0.2834015,0.9572754,1.0,-0.1519927999999999,-0.3006287,0.9415436,-33.30748,2.046478,-29.9908,3.001587,0.5882571,0.5744596,1.0,0.03868103,-0.2633057,0.9639282,31.33916,2.485153,-27.07362,3.289124,0.5398432,0.5144335999999999,0.06317449,1.240925,-0.04048747,0.2179824,0.4220069,-0.1149971,5.789353,39.46208,33.11
30,-0.05728149,-0.2834015,0.9572754,1.0,-0.1519927999999999,-0.3006287,0.9415436,-33.30748,2.046478,-29.9908,3.001587,0.5882571,0.5744596,1.0,0.03868103,-0.2633057,0.9639282,31.33916,2.485153,-27.07362,3.289124,0.5398432,0.5144335999999999,0.06317449,1.240925,-0.04048747,0.2179824,0.4220069,-0.1149971,5.789353,39.46208,33.11
30,0.1602631,-0.2258911,0.9608612,1.0,0.07810974,-0.1949921,0.9776764,-32.49146,2.134689,-30.01205,3.281769,0.5318114,0.5575817,1.0,0.1894836,-0.236557,0.9529572,32.28293,2.528397,-27.07283,3.314865,0.4903485999999999,0.5093588,0.06622171,1.239614,-0.04346949,0.2224862,0.4500164000000001,-0.1136638,5.789353,39.46208,33.11
30,0.1602631,-0.2258911,0.9608612,1.0,0.07810974,-0.1949921,0.9776764,-32.49146,2.134689,-30.01205,3.281769,0.5318114,0.5575817,1.0,0.1894836,-0.236557,0.9529572,32.28293,2.528397,-27.07283,3.314865,0.4903485999999999,0.5093588,0.06622171,1.239614,-0.04346949,0.2224862,0.4500164000000001,-0.1136638,5.789353,39.46208,33.11
30,0.1602631,-0.2258911,0.9608612,1.0,0.07810974,-0.1949921,0.9776764,-32.49146,2.134689,-30.01205,3.281769,0.5318114,0.5575817,1.0,0.1894836,-0.236557,0.9529572,32.28293,2.528397,-27.07283,3.314865,0.4903485999999999,0.5093588,0.06622171,1.239614,-0.04346949,0.2224862,0.4500164000000001,-0.1136638,5.789353,39.46208,33.11
30,0.2079772999999999,-0.2243958,0.9520416,1.0,0.09616089,-0.225296,0.9695282,-32.31232,2.1698,-30.01266,3.146667,0.5232069,0.5602446,0.5815783,0.2783660999999999,-0.2223052999999999,0.9343872,32.49866,2.580185,-27.12697,3.359116,0.4723858,0.5066039999999999,0.06870627,1.238766,-0.046242,0.2257562,0.4751187,-0.1123988,5.789353,39.46208,33.11
30,0.2079772999999999,-0.2243958,0.9520416,1.0,0.09616089,-0.225296,0.9695282,-32.31232,2.1698,-30.01266,3.146667,0.5232069,0.5602446,0.5815783,0.2783660999999999,-0.2223052999999999,0.9343872,32.49866,2.580185,-27.12697,3.359116,0.4723858,0.5066039999999999,0.06870627,1.238766,-0.046242,0.2257562,0.4751187,-0.1123988,5.789353,39.46208,33.11
30,0.2079772999999999,-0.2243958,0.9520416,1.0,0.09616089,-0.225296,0.9695282,-32.31232,2.1698,-30.01266,3.146667,0.5232069,0.5602446,0.5815783,0.2783660999999999,-0.2223052999999999,0.9343872,32.49866,2.580185,-27.12697,3.359116,0.4723858,0.5066039999999999,0.06870627,1.238766,-0.046242,0.2257562,0.4751187,-0.1123988,5.789353,39.46208,33.11
30,0.08157349,-0.2307892,0.969574,1.0,-0.06919861,-0.2891083,0.9547882,-32.86719,2.074997,-29.95926,3.086853,0.562658,0.5712804,1.0,0.1347197999999999,-0.2085724,0.9686737,31.95578,2.547882,-27.0547,3.394226,0.5078281,0.5051367,0.07061267,1.237739,-0.04848617,0.2286188999999999,0.4975170999999999,-0.1134418,5.789353,34.59203,33.11
30,0.08157349,-0.2307892,0.969574,1.0,-0.06919861,-0.2891083,0.9547882,-32.86719,2.074997,-29.95926,3.086853,0.562658,0.5712804,1.0,0.1347197999999999,-0.2085724,0.9686737,31.95578,2.547882,-27.0547,3.394226,0.5078281,0.5051367,0.07061267,1.237739,-0.04848617,0.2286188999999999,0.4975170999999999,-0.1134418,5.789353,34.59203,33.11
30,0.08157349,-0.2307892,0.969574,1.0,-0.06919861,-0.2891083,0.9547882,-32.86719,2.074997,-29.95926,3.086853,0.562658,0.5712804,1.0,0.1347197999999999,-0.2085724,0.9686737,31.95578,2.547882,-27.0547,3.394226,0.5078281,0.5051367,0.07061267,1.237739,-0.04848617,0.2286188999999999,0.4975170999999999,-0.1134418,5.789353,34.59203,33.11
30,0.08157349,-0.2307892,0.969574,1.0,-0.06919861,-0.2891083,0.9547882,-32.86719,2.074997,-29.95926,3.086853,0.562658,0.5712804,1.0,0.1347197999999999,-0.2085724,0.9686737,31.95578,2.547882,-27.0547,3.394226,0.5078281,0.5051367,0.07197785,1.236474,-0.05081743,0.2302799,0.5178795999999999,-0.1171172,5.789353,34.59203,33.11
30,0.08157349,-0.2307892,0.969574,1.0,-0.06919861,-0.2891083,0.9547882,-32.86719,2.074997,-29.95926,3.086853,0.562658,0.5712804,1.0,0.1347197999999999,-0.2085724,0.9686737,31.95578,2.547882,-27.0547,3.394226,0.5078281,0.5051367,0.07197785,1.236474,-0.05081743,0.2302799,0.5178795999999999,-0.1171172,5.789353,34.59203,33.11
30,0.08157349,-0.2307892,0.969574,1.0,-0.06919861,-0.2891083,0.9547882,-32.86719,2.074997,-29.95926,3.086853,0.562658,0.5712804,1.0,0.1347197999999999,-0.2085724,0.9686737,31.95578,2.547882,-27.0547,3.394226,0.5078281,0.5051367,0.07197785,1.236474,-0.05081743,0.2302799,0.5178795999999999,-0.1171172,5.789353,34.59203,33.11
30,0.04246521,-0.267746,0.9625397,1.0,0.008850098,-0.3316956,0.9433289,-33.10127,2.113617,-29.95302,2.607376,0.5606073,0.5756412,1.0,0.06280518,-0.2281036,0.9716034,31.69028,2.546204,-27.04863,3.246033,0.5253039,0.5076354000000001,0.07295203,1.2349709999999998,-0.05278093,0.232586,0.5329105,-0.1193475,5.789353,34.59203,33.11
30,0.04246521,-0.267746,0.9625397,1.0,0.008850098,-0.3316956,0.9433289,-33.10127,2.113617,-29.95302,2.607376,0.5606073,0.5756412,1.0,0.06280518,-0.2281036,0.9716034,31.69028,2.546204,-27.04863,3.246033,0.5253039,0.5076354000000001,0.07295203,1.2349709999999998,-0.05278093,0.232586,0.5329105,-0.1193475,5.789353,34.59203,33.11
30,0.04246521,-0.267746,0.9625397,1.0,0.008850098,-0.3316956,0.9433289,-33.10127,2.113617,-29.95302,2.607376,0.5606073,0.5756412,1.0,0.06280518,-0.2281036,0.9716034,31.69028,2.546204,-27.04863,3.246033,0.5253039,0.5076354000000001,0.07295203,1.2349709999999998,-0.05278093,0.232586,0.5329105,-0.1193475,5.789353,34.59203,33.11
30,0.07164001,-0.2313385,0.9702301,1.0,-0.01809692,-0.2613525,0.9650574,-32.883390000000006,2.20253,-29.96141,3.2896730000000005,0.5571144,0.5632417,1.0,0.1125946,-0.2168732,0.9696808,32.00291,2.608246,-27.01242,3.593979,0.5087595,0.5038331,0.07380962,1.233997,-0.05426568,0.2325130999999999,0.5460878,-0.1230156999999999,5.789353,34.59203,33.11
30,0.07164001,-0.2313385,0.9702301,1.0,-0.01809692,-0.2613525,0.9650574,-32.883390000000006,2.20253,-29.96141,3.2896730000000005,0.5571144,0.5632417,1.0,0.1125946,-0.2168732,0.9696808,32.00291,2.608246,-27.01242,3.593979,0.5087595,0.5038331,0.07380962,1.233997,-0.05426568,0.2325130999999999,0.5460878,-0.1230156999999999,5.789353,34.59203,33.11
30,0.07164001,-0.2313385,0.9702301,1.0,-0.01809692,-0.2613525,0.9650574,-32.883390000000006,2.20253,-29.96141,3.2896730000000005,0.5571144,0.5632417,1.0,0.1125946,-0.2168732,0.9696808,32.00291,2.608246,-27.01242,3.593979,0.5087595,0.5038331,0.07380962,1.233997,-0.05426568,0.2325130999999999,0.5460878,-0.1230156999999999,5.789353,34.59203,33.11
30,-0.03485107,-0.1221923999999999,0.9918823,1.0,0.0,0.0,0.0,-33.50197,2.509338,-29.9427,-1.0,0.601546,0.5448664000000001,1.0,-0.03485107,-0.1221923999999999,0.9918823,31.20894,3.111984,-27.70401,3.659225,0.5527647,0.4819269,0.07470703,1.233523,-0.05571204,0.2302842,0.5584599,-0.125157,5.789353,34.59203,33.11
30,-0.03485107,-0.1221923999999999,0.9918823,1.0,0.0,0.0,0.0,-33.50197,2.509338,-29.9427,-1.0,0.601546,0.5448664000000001,1.0,-0.03485107,-0.1221923999999999,0.9918823,31.20894,3.111984,-27.70401,3.659225,0.5527647,0.4819269,0.07470703,1.233523,-0.05571204,0.2302842,0.5584599,-0.125157,5.789353,34.59203,33.11
30,-0.03485107,-0.1221923999999999,0.9918823,1.0,0.0,0.0,0.0,-33.50197,2.509338,-29.9427,-1.0,0.601546,0.5448664000000001,1.0,-0.03485107,-0.1221923999999999,0.9918823,31.20894,3.111984,-27.70401,3.659225,0.5527647,0.4819269,0.07470703,1.233523,-0.05571204,0.2302842,0.5584599,-0.125157,5.789353,34.59203,33.11
31,-1.0,-1.0,-1.0,1.0,0.0,0.0,0.0,-33.77983,2.746597,-29.77641,-1.0,0.6120346999999999,0.5199657999999999,1.0,0.0,0.0,0.0,30.7532,3.208557,-27.215640000000004,-1.0,0.5835175,0.4640230999999999,0.07584286,1.234344,-0.05715442,0.2246008,0.571156,-0.1232877,5.789353,-32.45864,33.11
31,-1.0,-1.0,-1.0,1.0,0.0,0.0,0.0,-33.77983,2.746597,-29.77641,-1.0,0.6120346999999999,0.5199657999999999,1.0,0.0,0.0,0.0,30.7532,3.208557,-27.215640000000004,-1.0,0.5835175,0.4640230999999999,0.07584286,1.234344,-0.05715442,0.2246008,0.571156,-0.1232877,5.789353,-32.45864,33.11
31,-1.0,-1.0,-1.0,1.0,0.0,0.0,0.0,-33.77983,2.746597,-29.77641,-1.0,0.6120346999999999,0.5199657999999999,1.0,0.0,0.0,0.0,30.7532,3.208557,-27.215640000000004,-1.0,0.5835175,0.4640230999999999,0.07584286,1.234344,-0.05715442,0.2246008,0.571156,-0.1232877,5.789353,-32.45864,33.11
31,-1.0,-1.0,-1.0,1.0,0.0,0.0,0.0,-33.77983,2.746597,-29.77641,-1.0,0.6120346999999999,0.5199657999999999,1.0,0.0,0.0,0.0,30.7532,3.208557,-27.215640000000004,-1.0,0.5835175,0.4640230999999999,0.07651711,1.235573,-0.0585534,0.219846,0.5820068,-0.1190971,5.789353,-32.45864,33.11
31,-1.0,-1.0,-1.0,1.0,0.0,0.0,0.0,-33.77983,2.746597,-29.77641,-1.0,0.6120346999999999,0.5199657999999999,1.0,0.0,0.0,0.0,30.7532,3.208557,-27.215640000000004,-1.0,0.5835175,0.4640230999999999,0.07651711,1.235573,-0.0585534,0.219846,0.5820068,-0.1190971,5.789353,-32.45864,33.11
31,-1.0,-1.0,-1.0,1.0,0.0,0.0,0.0,-33.77983,2.746597,-29.77641,-1.0,0.6120346999999999,0.5199657999999999,1.0,0.0,0.0,0.0,30.7532,3.208557,-27.215640000000004,-1.0,0.5835175,0.4640230999999999,0.07651711,1.235573,-0.0585534,0.219846,0.5820068,-0.1190971,5.789353,-32.45864,33.11
31,-0.2058105,-0.1341705,0.9693451,1.0,-0.2189636,-0.1417847,0.9653625,-33.6391,2.573563,-29.9516,3.106216,0.6079751,0.5357791000000001,1.0,-0.06210327,-0.05075073,0.9967651,31.17482,3.1272740000000003,-27.69366,3.761581,0.5570232,0.4729915,0.07720447,1.237303,-0.06015331,0.2143683,0.5924645000000001,-0.1139131,5.789353,-32.45864,33.11
31,-0.2058105,-0.1341705,0.9693451,1.0,-0.2189636,-0.1417847,0.9653625,-33.6391,2.573563,-29.9516,3.106216,0.6079751,0.5357791000000001,1.0,-0.06210327,-0.05075073,0.9967651,31.17482,3.1272740000000003,-27.69366,3.761581,0.5570232,0.4729915,0.07720447,1.237303,-0.06015331,0.2143683,0.5924645000000001,-0.1139131,5.789353,-32.45864,33.11
31,-0.2058105,-0.1341705,0.9693451,1.0,-0.2189636,-0.1417847,0.9653625,-33.6391,2.573563,-29.9516,3.106216,0.6079751,0.5357791000000001,1.0,-0.06210327,-0.05075073,0.9967651,31.17482,3.1272740000000003,-27.69366,3.761581,0.5570232,0.4729915,0.07720447,1.237303,-0.06015331,0.2143683,0.5924645000000001,-0.1139131,5.789353,-32.45864,33.11
31,-0.1481476,-0.1297607,0.9804077,1.0,-0.1719359999999999,-0.1352844,0.975769,-33.56235,2.512772,-30.23869,3.332413,0.5998625,0.5395502,1.0,-0.03684998,-0.1031036,0.9939728,31.24673,3.076309,-27.63327,3.731216,0.5516397,0.4802774999999999,0.077981,1.239538,-0.06198061,0.208565,0.6036326999999999,-0.1072764,5.789353,-32.45864,33.11
31,-0.1481476,-0.1297607,0.9804077,1.0,-0.1719359999999999,-0.1352844,0.975769,-33.56235,2.512772,-30.23869,3.332413,0.5998625,0.5395502,1.0,-0.03684998,-0.1031036,0.9939728,31.24673,3.076309,-27.63327,3.731216,0.5516397,0.4802774999999999,0.077981,1.239538,-0.06198061,0.208565,0.6036326999999999,-0.1072764,5.789353,-32.45864,33.11
31,-0.1481476,-0.1297607,0.9804077,1.0,-0.1719359999999999,-0.1352844,0.975769,-33.56235,2.512772,-30.23869,3.332413,0.5998625,0.5395502,1.0,-0.03684998,-0.1031036,0.9939728,31.24673,3.076309,-27.63327,3.731216,0.5516397,0.4802774999999999,0.077981,1.239538,-0.06198061,0.208565,0.6036326999999999,-0.1072764,5.789353,-32.45864,33.11
31,-1.0,-1.0,-1.0,1.0,0.0,0.0,0.0,-33.810990000000004,2.913727,-29.987440000000003,-1.0,0.6165075,0.5149582,1.0,0.0,0.0,0.0,30.84035,3.94545,-29.46617,-1.0,0.5697196,0.4505702,0.07931066,1.242918,-0.06346762,0.1989451,0.6135699,-0.09903845,5.789353,-32.45864,33.11
31,-1.0,-1.0,-1.0,1.0,0.0,0.0,0.0,-33.810990000000004,2.913727,-29.987440000000003,-1.0,0.6165075,0.5149582,1.0,0.0,0.0,0.0,30.84035,3.94545,-29.46617,-1.0,0.5697196,0.4505702,0.07931066,1.242918,-0.06346762,0.1989451,0.6135699,-0.09903845,5.789353,-32.45864,33.11
31,-1.0,-1.0,-1.0,1.0,0.0,0.0,0.0,-33.810990000000004,2.913727,-29.987440000000003,-1.0,0.6165075,0.5149582,1.0,0.0,0.0,0.0,30.84035,3.94545,-29.46617,-1.0,0.5697196,0.4505702,0.07931066,1.242918,-0.06346762,0.1989451,0.6135699,-0.09903845,5.789353,-32.45864,33.11
31,-1.0,-1.0,-1.0,1.0,0.0,0.0,0.0,-34.28513,3.5080720000000003,-30.14983,-1.0,0.6409425,0.4781404999999999,1.0,0.0,0.0,0.0,30.28853,4.024063,-27.52444,-1.0,0.6073524,0.4166892,0.08103371,1.247153,-0.06521237,0.186694,0.6248715,-0.08891417,5.789353,-32.45864,33.11
31,-1.0,-1.0,-1.0,1.0,0.0,0.0,0.0,-34.28513,3.5080720000000003,-30.14983,-1.0,0.6409425,0.4781404999999999,1.0,0.0,0.0,0.0,30.28853,4.024063,-27.52444,-1.0,0.6073524,0.4166892,0.08103371,1.247153,-0.06521237,0.186694,0.6248715,-0.08891417,5.789353,-32.45864,33.11
31,-1.0,-1.0,-1.0,1.0,0.0,0.0,0.0,-34.28513,3.5080720000000003,-30.14983,-1.0,0.6409425,0.4781404999999999,1.0,0.0,0.0,0.0,30.28853,4.024063,-27.52444,-1.0,0.6073524,0.4166892,0.08103371,1.247153,-0.06521237,0.186694,0.6248715,-0.08891417,5.789353,-32.45864,33.11
31,-0.3220673,0.01791382,0.9465332,1.0,-0.3220978,0.01789856,0.9465332,-34.16441,3.110764,-30.12785,3.194244,0.639601,0.4998488,1.0,-0.1259154999999999,0.1385651,0.9822998,30.56398,3.558304,-27.43069,3.842148,0.5850626,0.4348800999999999,0.0817286999999999,1.251035,-0.0674082,0.1749557,0.6342705,-0.07922622,5.789353,15.9534,33.11
31,-0.3220673,0.01791382,0.9465332,1.0,-0.3220978,0.01789856,0.9465332,-34.16441,3.110764,-30.12785,3.194244,0.639601,0.4998488,1.0,-0.1259154999999999,0.1385651,0.9822998,30.56398,3.558304,-27.43069,3.842148,0.5850626,0.4348800999999999,0.0817286999999999,1.251035,-0.0674082,0.1749557,0.6342705,-0.07922622,5.789353,15.9534,33.11
31,-0.3220673,0.01791382,0.9465332,1.0,-0.3220978,0.01789856,0.9465332,-34.16441,3.110764,-30.12785,3.194244,0.639601,0.4998488,1.0,-0.1259154999999999,0.1385651,0.9822998,30.56398,3.558304,-27.43069,3.842148,0.5850626,0.4348800999999999,0.0817286999999999,1.251035,-0.0674082,0.1749557,0.6342705,-0.07922622,5.789353,15.9534,33.11
31,-0.1996155,0.05419922,0.978363,1.0,-0.2637329,0.01919556,0.964386,-34.10597,2.962723,-30.10133,3.337082,0.6301171999999999,0.5042922000000001,1.0,-0.1142731,0.09945679,0.9884491,30.68802,3.409683,-27.51688,3.779297,0.5795636,0.4448978,0.08222771,1.255198,-0.06981909,0.1624972,0.6425772,-0.06785238,5.789353,15.9534,33.11
31,-0.1996155,0.05419922,0.978363,1.0,-0.2637329,0.01919556,0.964386,-34.10597,2.962723,-30.10133,3.337082,0.6301171999999999,0.5042922000000001,1.0,-0.1142731,0.09945679,0.9884491,30.68802,3.409683,-27.51688,3.779297,0.5795636,0.4448978,0.08222771,1.255198,-0.06981909,0.1624972,0.6425772,-0.06785238,5.789353,15.9534,33.11
31,-0.1996155,0.05419922,0.978363,1.0,-0.2637329,0.01919556,0.964386,-34.10597,2.962723,-30.10133,3.337082,0.6301171999999999,0.5042922000000001,1.0,-0.1142731,0.09945679,0.9884491,30.68802,3.409683,-27.51688,3.779297,0.5795636,0.4448978,0.08222771,1.255198,-0.06981909,0.1624972,0.6425772,-0.06785238,5.789353,15.9534,33.11
31,-0.2634125,-0.002746582,0.9646759,1.0,-0.2710265999999999,-0.007019043,0.9625397,-34.03123,2.7770080000000004,-30.11816,3.446991,0.6284788,0.5141901,1.0,-0.09744263,0.08757019,0.9913788,30.77213,3.337845,-28.057240000000004,3.874863,0.5748658,0.4530645,0.08258033,1.259165,-0.07238239,0.1506959,0.6506703,-0.05798,5.63174,15.9534,33.11
31,-0.2634125,-0.002746582,0.9646759,1.0,-0.2710265999999999,-0.007019043,0.9625397,-34.03123,2.7770080000000004,-30.11816,3.446991,0.6284788,0.5141901,1.0,-0.09744263,0.08757019,0.9913788,30.77213,3.337845,-28.057240000000004,3.874863,0.5748658,0.4530645,0.08258033,1.259165,-0.07238239,0.1506959,0.6506703,-0.05798,5.63174,15.9534,33.11
31,-0.2634125,-0.002746582,0.9646759,1.0,-0.2710265999999999,-0.007019043,0.9625397,-34.03123,2.7770080000000004,-30.11816,3.446991,0.6284788,0.5141901,1.0,-0.09744263,0.08757019,0.9913788,30.77213,3.337845,-28.057240000000004,3.874863,0.5748658,0.4530645,0.08258033,1.259165,-0.07238239,0.1506959,0.6506703,-0.05798,5.63174,15.9534,33.11
31,-0.2542725,-0.032547,0.966568,1.0,-0.2542725,-0.032547,0.966568,-33.96542,2.680832,-30.10181,3.410126,0.6240321999999999,0.5203340999999999,1.0,-0.05290222,0.05265808,0.9972076,30.80299,3.748474,-29.980970000000003,3.668671,0.5695831,0.4587665,0.08282208,1.2634040000000002,-0.07514566,0.1374389,0.6577907,-0.04798792,5.63174,15.9534,33.11
31,-0.2542725,-0.032547,0.966568,1.0,-0.2542725,-0.032547,0.966568,-33.96542,2.680832,-30.10181,3.410126,0.6240321999999999,0.5203340999999999,1.0,-0.05290222,0.05265808,0.9972076,30.80299,3.748474,-29.980970000000003,3.668671,0.5695831,0.4587665,0.08282208,1.2634040000000002,-0.07514566,0.1374389,0.6577907,-0.04798792,5.63174,15.9534,33.11
31,-0.2542725,-0.032547,0.966568,1.0,-0.2542725,-0.032547,0.966568,-33.96542,2.680832,-30.10181,3.410126,0.6240321999999999,0.5203340999999999,1.0,-0.05290222,0.05265808,0.9972076,30.80299,3.748474,-29.980970000000003,3.668671,0.5695831,0.4587665,0.08282208,1.2634040000000002,-0.07514566,0.1374389,0.6577907,-0.04798792,5.63174,15.9534,33.11
31,-0.2542725,-0.032547,0.966568,1.0,-0.2542725,-0.032547,0.966568,-33.96542,2.680832,-30.10181,3.410126,0.6240321999999999,0.5203340999999999,1.0,-0.05290222,0.05265808,0.9972076,30.80299,3.748474,-29.980970000000003,3.668671,0.5695831,0.4587665,0.08305621,1.267359,-0.07804245,0.1258306,0.6642053000000001,-0.03767763,5.63174,15.9534,33.11
31,-0.2542725,-0.032547,0.966568,1.0,-0.2542725,-0.032547,0.966568,-33.96542,2.680832,-30.10181,3.410126,0.6240321999999999,0.5203340999999999,1.0,-0.05290222,0.05265808,0.9972076,30.80299,3.748474,-29.980970000000003,3.668671,0.5695831,0.4587665,0.08305621,1.267359,-0.07804245,0.1258306,0.6642053000000001,-0.03767763,5.63174,15.9534,33.11
31,-0.2542725,-0.032547,0.966568,1.0,-0.2542725,-0.032547,0.966568,-33.96542,2.680832,-30.10181,3.410126,0.6240321999999999,0.5203340999999999,1.0,-0.05290222,0.05265808,0.9972076,30.80299,3.748474,-29.980970000000003,3.668671,0.5695831,0.4587665,0.08305621,1.267359,-0.07804245,0.1258306,0.6642053000000001,-0.03767763,5.63174,15.9534,33.11
31,-0.2378692999999999,-0.03578186,0.9706268,1.0,-0.2378692999999999,-0.03578186,0.9706268,-33.91605,2.6280360000000003,-30.13243,3.40065,0.6202835999999999,0.5227244000000001,1.0,-0.02738953,0.03222656,0.9990997,30.87224,3.689636,-30.04433,3.6884,0.5641491,0.4636621,0.08315897,1.271449,-0.08075297,0.1135301999999999,0.6696408,-0.02781489,5.63174,-5.525417,33.11
31,-0.2378692999999999,-0.03578186,0.9706268,1.0,-0.2378692999999999,-0.03578186,0.9706268,-33.91605,2.6280360000000003,-30.13243,3.40065,0.6202835999999999,0.5227244000000001,1.0,-0.02738953,0.03222656,0.9990997,30.87224,3.689636,-30.04433,3.6884,0.5641491,0.4636621,0.08315897,1.271449,-0.08075297,0.1135301999999999,0.6696408,-0.02781489,5.63174,-5.525417,33.11
31,-0.2378692999999999,-0.03578186,0.9706268,1.0,-0.2378692999999999,-0.03578186,0.9706268,-33.91605,2.6280360000000003,-30.13243,3.40065,0.6202835999999999,0.5227244000000001,1.0,-0.02738953,0.03222656,0.9990997,30.87224,3.689636,-30.04433,3.6884,0.5641491,0.4636621,0.08315897,1.271449,-0.08075297,0.1135301999999999,0.6696408,-0.02781489,5.63174,-5.525417,33.11
31,-0.2378692999999999,-0.03578186,0.9706268,1.0,-0.2378692999999999,-0.03578186,0.9706268,-33.91605,2.6280360000000003,-30.13243,3.40065,0.6202835999999999,0.5227244000000001,1.0,-0.02738953,0.03222656,0.9990997,30.87224,3.689636,-30.04433,3.6884,0.5641491,0.4636621,0.08276629,1.275006,-0.08388907,0.1030604,0.6754018,-0.02051326,5.63174,-5.525417,33.11
31,-0.2378692999999999,-0.03578186,0.9706268,1.0,-0.2378692999999999,-0.03578186,0.9706268,-33.91605,2.6280360000000003,-30.13243,3.40065,0.6202835999999999,0.5227244000000001,1.0,-0.02738953,0.03222656,0.9990997,30.87224,3.689636,-30.04433,3.6884,0.5641491,0.4636621,0.08276629,1.275006,-0.08388907,0.1030604,0.6754018,-0.02051326,5.63174,-5.525417,33.11
31,-0.2378692999999999,-0.03578186,0.9706268,1.0,-0.2378692999999999,-0.03578186,0.9706268,-33.91605,2.6280360000000003,-30.13243,3.40065,0.6202835999999999,0.5227244000000001,1.0,-0.02738953,0.03222656,0.9990997,30.87224,3.689636,-30.04433,3.6884,0.5641491,0.4636621,0.08276629,1.275006,-0.08388907,0.1030604,0.6754018,-0.02051326,5.63174,-5.525417,33.11
31,-0.3097075999999999,0.08389282,0.947113,1.0,-0.3097075999999999,0.08389282,0.947113,-34.21606,3.308304,-30.17191,3.368637,0.6399991999999999,0.4854795,1.0,-0.1286163,0.2254791,0.9657135,30.49666,3.915848,-28.04535,3.659714,0.5884293,0.4175435,0.08492804,1.279189,-0.08578432,0.0973791,0.6800436,-0.01484623,5.63174,-5.525417,33.11
31,-0.3097075999999999,0.08389282,0.947113,1.0,-0.3097075999999999,0.08389282,0.947113,-34.21606,3.308304,-30.17191,3.368637,0.6399991999999999,0.4854795,1.0,-0.1286163,0.2254791,0.9657135,30.49666,3.915848,-28.04535,3.659714,0.5884293,0.4175435,0.08492804,1.279189,-0.08578432,0.0973791,0.6800436,-0.01484623,5.63174,-5.525417,33.11
31,-0.3097075999999999,0.08389282,0.947113,1.0,-0.3097075999999999,0.08389282,0.947113,-34.21606,3.308304,-30.17191,3.368637,0.6399991999999999,0.4854795,1.0,-0.1286163,0.2254791,0.9657135,30.49666,3.915848,-28.04535,3.659714,0.5884293,0.4175435,0.08492804,1.279189,-0.08578432,0.0973791,0.6800436,-0.01484623,5.63174,-5.525417,33.11
31,-0.2972869999999999,0.07440186,0.9518738,1.0,-0.2973328,0.07437134,0.9518585,-34.11345,2.960846,-30.15234,3.42215,0.6347727,0.4984389,1.0,-0.1267395,0.1900329999999999,0.9735565,30.74411,3.521637,-27.97336,3.669357,0.5796641,0.4342422,0.08457732,1.280693,-0.08860165,0.09403174,0.683556,-0.01329362,5.63174,-5.525417,33.11
31,-0.2972869999999999,0.07440186,0.9518738,1.0,-0.2973328,0.07437134,0.9518585,-34.11345,2.960846,-30.15234,3.42215,0.6347727,0.4984389,1.0,-0.1267395,0.1900329999999999,0.9735565,30.74411,3.521637,-27.97336,3.669357,0.5796641,0.4342422,0.08457732,1.280693,-0.08860165,0.09403174,0.683556,-0.01329362,5.63174,-5.525417,33.11
31,-0.2972869999999999,0.07440186,0.9518738,1.0,-0.2973328,0.07437134,0.9518585,-34.11345,2.960846,-30.15234,3.42215,0.6347727,0.4984389,1.0,-0.1267395,0.1900329999999999,0.9735565,30.74411,3.521637,-27.97336,3.669357,0.5796641,0.4342422,0.08457732,1.280693,-0.08860165,0.09403174,0.683556,-0.01329362,5.63174,-5.525417,33.11
31,-0.1898193,0.1499938999999999,0.9702911,1.0,-0.2792206,0.1026917,0.9547119,-34.11414,2.91806,-30.16278,3.498489,0.6325688,0.4965767,1.0,-0.1151276,0.1875457999999999,0.9754791,30.81241,3.485245,-27.9489,3.636841,0.5760069999999999,0.4354523,0.08405209,1.281256,-0.09156257,0.09287097,0.6862733,-0.01374199,5.63174,-5.525417,33.11
31,-0.1898193,0.1499938999999999,0.9702911,1.0,-0.2792206,0.1026917,0.9547119,-34.11414,2.91806,-30.16278,3.498489,0.6325688,0.4965767,1.0,-0.1151276,0.1875457999999999,0.9754791,30.81241,3.485245,-27.9489,3.636841,0.5760069999999999,0.4354523,0.08405209,1.281256,-0.09156257,0.09287097,0.6862733,-0.01374199,5.63174,-5.525417,33.11
31,-0.1898193,0.1499938999999999,0.9702911,1.0,-0.2792206,0.1026917,0.9547119,-34.11414,2.91806,-30.16278,3.498489,0.6325688,0.4965767,1.0,-0.1151276,0.1875457999999999,0.9754791,30.81241,3.485245,-27.9489,3.636841,0.5760069999999999,0.4354523,0.08405209,1.281256,-0.09156257,0.09287097,0.6862733,-0.01374199,5.63174,-5.525417,33.11
31,-0.1568451,0.1458587999999999,0.9767761,1.0,-0.2522736,0.09246826,0.9632111,-34.09296,2.912354,-30.13681,3.468033,0.6283693,0.4975714,1.0,-0.08569336,0.1838837,0.9792023,30.861420000000003,3.445953,-27.92482,3.596924,0.5708996000000001,0.4368037,0.08410358,1.281558,-0.09405828,0.09210462,0.687862,-0.01534788,5.63174,-34.40189,33.11
31,-0.1568451,0.1458587999999999,0.9767761,1.0,-0.2522736,0.09246826,0.9632111,-34.09296,2.912354,-30.13681,3.468033,0.6283693,0.4975714,1.0,-0.08569336,0.1838837,0.9792023,30.861420000000003,3.445953,-27.92482,3.596924,0.5708996000000001,0.4368037,0.08410358,1.281558,-0.09405828,0.09210462,0.687862,-0.01534788,5.63174,-34.40189,33.11
31,-0.1568451,0.1458587999999999,0.9767761,1.0,-0.2522736,0.09246826,0.9632111,-34.09296,2.912354,-30.13681,3.468033,0.6283693,0.4975714,1.0,-0.08569336,0.1838837,0.9792023,30.861420000000003,3.445953,-27.92482,3.596924,0.5708996000000001,0.4368037,0.08410358,1.281558,-0.09405828,0.09210462,0.687862,-0.01534788,5.63174,-34.40189,33.11
31,-0.1614837999999999,0.1564026,0.9743958,1.0,-0.2482452,0.1105193999999999,0.9623566,-34.07867,2.924988,-30.13499,3.5141910000000003,0.6274028,0.4949925,1.0,-0.1002808,0.1873779,0.9771423,30.98315,3.5032650000000003,-27.91385,3.702866,0.5684186999999999,0.4345676999999999,0.08448672,1.281792,-0.0964008,0.0902482,0.6891189,-0.01771997,5.63174,-34.40189,33.11
31,-0.1614837999999999,0.1564026,0.9743958,1.0,-0.2482452,0.1105193999999999,0.9623566,-34.07867,2.924988,-30.13499,3.5141910000000003,0.6274028,0.4949925,1.0,-0.1002808,0.1873779,0.9771423,30.98315,3.5032650000000003,-27.91385,3.702866,0.5684186999999999,0.4345676999999999,0.08448672,1.281792,-0.0964008,0.0902482,0.6891189,-0.01771997,5.63174,-34.40189,33.11
31,-0.1614837999999999,0.1564026,0.9743958,1.0,-0.2482452,0.1105193999999999,0.9623566,-34.07867,2.924988,-30.13499,3.5141910000000003,0.6274028,0.4949925,1.0,-0.1002808,0.1873779,0.9771423,30.98315,3.5032650000000003,-27.91385,3.702866,0.5684186999999999,0.4345676999999999,0.08448672,1.281792,-0.0964008,0.0902482,0.6891189,-0.01771997,5.63174,-34.40189,33.11
31,-0.1663971,0.1378783999999999,0.9763641,1.0,-0.2478333,0.1092224,0.962616,-34.07803,2.925446,-30.1409,3.500214,0.6273285,0.4951721999999999,1.0,-0.1130523999999999,0.1558533,0.9812775,31.03938,3.601776,-27.90039,3.680084,0.5680185000000001,0.4348416,0.08516765,1.28194,-0.09864467,0.08815307,0.6899795999999999,-0.02007658,5.63174,-34.40189,33.11
31,-0.1663971,0.1378783999999999,0.9763641,1.0,-0.2478333,0.1092224,0.962616,-34.07803,2.925446,-30.1409,3.500214,0.6273285,0.4951721999999999,1.0,-0.1130523999999999,0.1558533,0.9812775,31.03938,3.601776,-27.90039,3.680084,0.5680185000000001,0.4348416,0.08516765,1.28194,-0.09864467,0.08815307,0.6899795999999999,-0.02007658,5.63174,-34.40189,33.11
31,-0.1663971,0.1378783999999999,0.9763641,1.0,-0.2478333,0.1092224,0.962616,-34.07803,2.925446,-30.1409,3.500214,0.6273285,0.4951721999999999,1.0,-0.1130523999999999,0.1558533,0.9812775,31.03938,3.601776,-27.90039,3.680084,0.5680185000000001,0.4348416,0.08516765,1.28194,-0.09864467,0.08815307,0.6899795999999999,-0.02007658,5.63174,-34.40189,33.11
31,-0.1526794,0.1681671,0.9738464,1.0,-0.2499237,0.1499176,0.9565735,-34.064820000000005,2.845627,-30.21497,3.5854800000000004,0.6273141999999999,0.4938553,1.0,-0.09484863,0.1780852999999999,0.9794159,31.01981,3.5249330000000003,-27.9117,3.688766,0.5665494000000001,0.434853,0.08592725,1.282412,-0.1008061,0.08576402,0.6904194,-0.02164434,5.63174,-34.40189,33.11
31,-0.1526794,0.1681671,0.9738464,1.0,-0.2499237,0.1499176,0.9565735,-34.064820000000005,2.845627,-30.21497,3.5854800000000004,0.6273141999999999,0.4938553,1.0,-0.09484863,0.1780852999999999,0.9794159,31.01981,3.5249330000000003,-27.9117,3.688766,0.5665494000000001,0.434853,0.08592725,1.282412,-0.1008061,0.08576402,0.6904194,-0.02164434,5.63174,-34.40189,33.11
31,-0.1526794,0.1681671,0.9738464,1.0,-0.2499237,0.1499176,0.9565735,-34.064820000000005,2.845627,-30.21497,3.5854800000000004,0.6273141999999999,0.4938553,1.0,-0.09484863,0.1780852999999999,0.9794159,31.01981,3.5249330000000003,-27.9117,3.688766,0.5665494000000001,0.434853,0.08592725,1.282412,-0.1008061,0.08576402,0.6904194,-0.02164434,5.63174,-34.40189,33.11
31,-0.08604431,0.1398926,0.9864044,1.0,-0.2148132,0.08189392,0.9732056,-34.09625,2.729309,-30.18285,3.293625,0.6237381,0.5051809,1.0,-0.0171814,0.1694641,0.9853821,30.79076,3.382584,-27.89958,3.668243,0.5650742,0.4402689999999999,0.08680725,1.282684,-0.1029571999999999,0.0844671,0.6913806,-0.0227657,5.63174,-34.40189,33.11
31,-0.08604431,0.1398926,0.9864044,1.0,-0.2148132,0.08189392,0.9732056,-34.09625,2.729309,-30.18285,3.293625,0.6237381,0.5051809,1.0,-0.0171814,0.1694641,0.9853821,30.79076,3.382584,-27.89958,3.668243,0.5650742,0.4402689999999999,0.08680725,1.282684,-0.1029571999999999,0.0844671,0.6913806,-0.0227657,5.63174,-34.40189,33.11
31,-0.08604431,0.1398926,0.9864044,1.0,-0.2148132,0.08189392,0.9732056,-34.09625,2.729309,-30.18285,3.293625,0.6237381,0.5051809,1.0,-0.0171814,0.1694641,0.9853821,30.79076,3.382584,-27.89958,3.668243,0.5650742,0.4402689999999999,0.08680725,1.282684,-0.1029571999999999,0.0844671,0.6913806,-0.0227657,5.63174,-109.4092,33.11
31,-0.100769,0.1330414,0.9859619,1.0,-0.2207183999999999,0.09519958,0.9706726,-34.08437,2.707657,-30.195220000000003,3.323318,0.6241069,0.5045097,1.0,-0.01902771,0.1573333999999999,0.9873505,30.79736,3.316345,-27.88635,3.429413,0.565264,0.443478,0.08848023,1.283134,-0.1073547,0.08434846,0.6925597,-0.02431713,5.63174,-109.4092,33.11
31,-0.100769,0.1330414,0.9859619,1.0,-0.2207183999999999,0.09519958,0.9706726,-34.08437,2.707657,-30.195220000000003,3.323318,0.6241069,0.5045097,1.0,-0.01902771,0.1573333999999999,0.9873505,30.79736,3.316345,-27.88635,3.429413,0.565264,0.443478,0.08848023,1.283134,-0.1073547,0.08434846,0.6925597,-0.02431713,5.63174,-109.4092,33.11
31,-0.100769,0.1330414,0.9859619,1.0,-0.2207183999999999,0.09519958,0.9706726,-34.08437,2.707657,-30.195220000000003,3.323318,0.6241069,0.5045097,1.0,-0.01902771,0.1573333999999999,0.9873505,30.79736,3.316345,-27.88635,3.429413,0.565264,0.443478,0.08848023,1.283134,-0.1073547,0.08434846,0.6925597,-0.02431713,5.63174,-109.4092,33.11
31,-0.100769,0.1330414,0.9859619,1.0,-0.2207183999999999,0.09519958,0.9706726,-34.08437,2.707657,-30.195220000000003,3.323318,0.6241069,0.5045097,1.0,-0.01902771,0.1573333999999999,0.9873505,30.79736,3.316345,-27.88635,3.429413,0.565264,0.443478,0.08946323,1.283287,-0.1093532,0.08446746,0.6934526999999999,-0.02518882,5.63174,-109.4092,33.11
31,-0.100769,0.1330414,0.9859619,1.0,-0.2207183999999999,0.09519958,0.9706726,-34.08437,2.707657,-30.195220000000003,3.323318,0.6241069,0.5045097,1.0,-0.01902771,0.1573333999999999,0.9873505,30.79736,3.316345,-27.88635,3.429413,0.565264,0.443478,0.08946323,1.283287,-0.1093532,0.08446746,0.6934526999999999,-0.02518882,5.63174,-109.4092,33.11
31,-0.100769,0.1330414,0.9859619,1.0,-0.2207183999999999,0.09519958,0.9706726,-34.08437,2.707657,-30.195220000000003,3.323318,0.6241069,0.5045097,1.0,-0.01902771,0.1573333999999999,0.9873505,30.79736,3.316345,-27.88635,3.429413,0.565264,0.443478,0.08946323,1.283287,-0.1093532,0.08446746,0.6934526999999999,-0.02518882,5.63174,-109.4092,33.11
31,-0.1028595,0.1352997,0.9854431,1.0,-0.2217559999999999,0.09364319,0.9705811,-34.080459999999995,2.711746,-30.19319,3.295532,0.6240823,0.5045081,1.0,-0.01947021,0.1628876,0.9864502,30.80205,3.317108,-27.88368,3.480499,0.5651163,0.4428435,0.09048772,1.283461,-0.1114076,0.08404224,0.6943531,-0.0262339,5.63174,-109.4092,33.11
31,-0.1028595,0.1352997,0.9854431,1.0,-0.2217559999999999,0.09364319,0.9705811,-34.080459999999995,2.711746,-30.19319,3.295532,0.6240823,0.5045081,1.0,-0.01947021,0.1628876,0.9864502,30.80205,3.317108,-27.88368,3.480499,0.5651163,0.4428435,0.09048772,1.283461,-0.1114076,0.08404224,0.6943531,-0.0262339,5.63174,-109.4092,33.11
31,-0.1028595,0.1352997,0.9854431,1.0,-0.2217559999999999,0.09364319,0.9705811,-34.080459999999995,2.711746,-30.19319,3.295532,0.6240823,0.5045081,1.0,-0.01947021,0.1628876,0.9864502,30.80205,3.317108,-27.88368,3.480499,0.5651163,0.4428435,0.09048772,1.283461,-0.1114076,0.08404224,0.6943531,-0.0262339,5.63174,-109.4092,33.11
31,-0.1150208,0.1478577,0.9822845,1.0,-0.210083,0.1039581,0.9721375,-34.051759999999994,2.825623,-30.24605,3.2263490000000004,0.6216613000000001,0.4996672,1.0,-0.05967712,0.1724243,0.9832001,31.05328,3.441849,-27.93933,3.72081,0.5612294,0.4384037,0.09183478,1.283558,-0.1133692999999999,0.08407655,0.6944768,-0.0261722,5.63174,-109.4092,33.11
31,-0.1150208,0.1478577,0.9822845,1.0,-0.210083,0.1039581,0.9721375,-34.051759999999994,2.825623,-30.24605,3.2263490000000004,0.6216613000000001,0.4996672,1.0,-0.05967712,0.1724243,0.9832001,31.05328,3.441849,-27.93933,3.72081,0.5612294,0.4384037,0.09183478,1.283558,-0.1133692999999999,0.08407655,0.6944768,-0.0261722,5.63174,-109.4092,33.11
31,-0.1150208,0.1478577,0.9822845,1.0,-0.210083,0.1039581,0.9721375,-34.051759999999994,2.825623,-30.24605,3.2263490000000004,0.6216613000000001,0.4996672,1.0,-0.05967712,0.1724243,0.9832001,31.05328,3.441849,-27.93933,3.72081,0.5612294,0.4384037,0.09183478,1.283558,-0.1133692999999999,0.08407655,0.6944768,-0.0261722,5.63174,-109.4092,33.11
31,-0.1164551,0.1465454,0.9823151,1.0,-0.2116699,0.1023559999999999,0.9719543,-34.0453,2.827698,-30.25121,3.232635,0.6216432,0.4998465999999999,1.0,-0.0589447,0.1721648999999999,0.9832916,31.06465,3.442902,-27.93997,3.72081,0.5607613,0.4384037,0.0932157,1.283607,-0.1151523999999999,0.08345191,0.6946975999999999,-0.02725942,5.63174,-88.87843,33.11
31,-0.1164551,0.1465454,0.9823151,1.0,-0.2116699,0.1023559999999999,0.9719543,-34.0453,2.827698,-30.25121,3.232635,0.6216432,0.4998465999999999,1.0,-0.0589447,0.1721648999999999,0.9832916,31.06465,3.442902,-27.93997,3.72081,0.5607613,0.4384037,0.0932157,1.283607,-0.1151523999999999,0.08345191,0.6946975999999999,-0.02725942,5.63174,-88.87843,33.11
31,-0.1164551,0.1465454,0.9823151,1.0,-0.2116699,0.1023559999999999,0.9719543,-34.0453,2.827698,-30.25121,3.232635,0.6216432,0.4998465999999999,1.0,-0.0589447,0.1721648999999999,0.9832916,31.06465,3.442902,-27.93997,3.72081,0.5607613,0.4384037,0.0932157,1.283607,-0.1151523999999999,0.08345191,0.6946975999999999,-0.02725942,5.63174,-88.87843,33.11
31,-0.1170807,0.1439972,0.9826202,1.0,-0.2104797,0.09791565,0.9726715,-34.04402,2.827896,-30.25366,3.243011,0.6214526,0.5004042999999999,1.0,-0.05923462,0.1714477999999999,0.9833984,31.06209,3.446426,-27.94093,3.728012,0.5608754,0.4383826,0.09449506,1.283248,-0.1172724,0.08365768,0.6950675000000001,-0.02968029,5.63174,-88.87843,33.11
31,-0.1170807,0.1439972,0.9826202,1.0,-0.2104797,0.09791565,0.9726715,-34.04402,2.827896,-30.25366,3.243011,0.6214526,0.5004042999999999,1.0,-0.05923462,0.1714477999999999,0.9833984,31.06209,3.446426,-27.94093,3.728012,0.5608754,0.4383826,0.09449506,1.283248,-0.1172724,0.08365768,0.6950675000000001,-0.02968029,5.63174,-88.87843,33.11
31,-0.1170807,0.1439972,0.9826202,1.0,-0.2104797,0.09791565,0.9726715,-34.04402,2.827896,-30.25366,3.243011,0.6214526,0.5004042999999999,1.0,-0.05923462,0.1714477999999999,0.9833984,31.06209,3.446426,-27.94093,3.728012,0.5608754,0.4383826,0.09449506,1.283248,-0.1172724,0.08365768,0.6950675000000001,-0.02968029,5.63174,-88.87843,33.11
31,-0.1135864,0.142868,0.9831848,1.0,-0.2051697,0.09742737,0.9738617,-34.04233,2.829056,-30.26338,3.256866,0.6207482,0.5005036,1.0,-0.05551147,0.170639,0.9837646,31.0603,3.4511260000000004,-27.94327,3.769821,0.5604524999999999,0.4383826,0.09591365,1.282768,-0.1193636,0.08383641,0.6949272,-0.03154295,5.63174,-88.87843,33.11
31,-0.1135864,0.142868,0.9831848,1.0,-0.2051697,0.09742737,0.9738617,-34.04233,2.829056,-30.26338,3.256866,0.6207482,0.5005036,1.0,-0.05551147,0.170639,0.9837646,31.0603,3.4511260000000004,-27.94327,3.769821,0.5604524999999999,0.4383826,0.09591365,1.282768,-0.1193636,0.08383641,0.6949272,-0.03154295,5.63174,-88.87843,33.11
31,-0.1135864,0.142868,0.9831848,1.0,-0.2051697,0.09742737,0.9738617,-34.04233,2.829056,-30.26338,3.256866,0.6207482,0.5005036,1.0,-0.05551147,0.170639,0.9837646,31.0603,3.4511260000000004,-27.94327,3.769821,0.5604524999999999,0.4383826,0.09591365,1.282768,-0.1193636,0.08383641,0.6949272,-0.03154295,5.63174,-88.87843,33.11
31,-0.1118469,0.1458892999999999,0.9829559,1.0,-0.2071837999999999,0.09791565,0.9733734,-34.04132,2.833557,-30.28038,3.277832,0.6209988000000001,0.5004677,1.0,-0.05525208,0.1732787999999999,0.9833069,31.05928,3.454132,-27.94327,3.7789,0.5604524999999999,0.4379863,0.09739447,1.282201,-0.1215878999999999,0.08411105,0.694818,-0.03454547,5.63174,-88.87843,33.11
31,-0.1118469,0.1458892999999999,0.9829559,1.0,-0.2071837999999999,0.09791565,0.9733734,-34.04132,2.833557,-30.28038,3.277832,0.6209988000000001,0.5004677,1.0,-0.05525208,0.1732787999999999,0.9833069,31.05928,3.454132,-27.94327,3.7789,0.5604524999999999,0.4379863,0.09739447,1.282201,-0.1215878999999999,0.08411105,0.694818,-0.03454547,5.63174,-88.87843,33.11
31,-0.1118469,0.1458892999999999,0.9829559,1.0,-0.2071837999999999,0.09791565,0.9733734,-34.04132,2.833557,-30.28038,3.277832,0.6209988000000001,0.5004677,1.0,-0.05525208,0.1732787999999999,0.9833069,31.05928,3.454132,-27.94327,3.7789,0.5604524999999999,0.4379863,0.09739447,1.282201,-0.1215878999999999,0.08411105,0.694818,-0.03454547,5.63174,-88.87843,33.11
32,-0.124115,0.1313324,0.9835205,1.0,-0.221405,0.09367371,0.9706573,-34.02264,3.052109,-30.24855,3.365036,0.6221469000000001,0.4933154999999999,1.0,-0.07119751,0.1510162,0.9859619,31.10017,3.691299,-27.93338,3.723724,0.5610182,0.4325407,0.09892058,1.28109,-0.123754,0.08587945,0.6944756999999999,-0.0394341,5.63174,-88.87843,33.11
32,-0.124115,0.1313324,0.9835205,1.0,-0.221405,0.09367371,0.9706573,-34.02264,3.052109,-30.24855,3.365036,0.6221469000000001,0.4933154999999999,1.0,-0.07119751,0.1510162,0.9859619,31.10017,3.691299,-27.93338,3.723724,0.5610182,0.4325407,0.09892058,1.28109,-0.123754,0.08587945,0.6944756999999999,-0.0394341,5.63174,-88.87843,33.11
32,-0.124115,0.1313324,0.9835205,1.0,-0.221405,0.09367371,0.9706573,-34.02264,3.052109,-30.24855,3.365036,0.6221469000000001,0.4933154999999999,1.0,-0.07119751,0.1510162,0.9859619,31.10017,3.691299,-27.93338,3.723724,0.5610182,0.4325407,0.09892058,1.28109,-0.123754,0.08587945,0.6944756999999999,-0.0394341,5.63174,-88.87843,33.11
32,-1.0,-1.0,-1.0,1.0,0.0,0.0,0.0,-33.84113,3.202698,-30.262590000000003,-1.0,0.6012949000000001,0.4808609,1.0,0.0,0.0,0.0,31.38196,3.905075,-27.84573,-1.0,0.5466896,0.4331647,0.1003475,1.279248,-0.1262106,0.08917393,0.6936054,-0.04634831,5.63174,-88.87843,33.11
32,-1.0,-1.0,-1.0,1.0,0.0,0.0,0.0,-33.84113,3.202698,-30.262590000000003,-1.0,0.6012949000000001,0.4808609,1.0,0.0,0.0,0.0,31.38196,3.905075,-27.84573,-1.0,0.5466896,0.4331647,0.1003475,1.279248,-0.1262106,0.08917393,0.6936054,-0.04634831,5.63174,-88.87843,33.11
32,-1.0,-1.0,-1.0,1.0,0.0,0.0,0.0,-33.84113,3.202698,-30.262590000000003,-1.0,0.6012949000000001,0.4808609,1.0,0.0,0.0,0.0,31.38196,3.905075,-27.84573,-1.0,0.5466896,0.4331647,0.1003475,1.279248,-0.1262106,0.08917393,0.6936054,-0.04634831,5.63174,-88.87843,33.11
32,-1.0,-1.0,-1.0,1.0,0.0,0.0,0.0,-33.2827,3.31691,-31.31465,-1.0,0.5775878000000001,0.5182260000000001,0.2572305,0.0,0.0,0.0,31.96735,3.090698,-23.2598,-1.0,0.5021436,0.4808979999999999,0.09883785,1.275077,-0.1303063,0.09448045,0.6918748,-0.05582752,5.63174,-88.87843,33.11
32,-1.0,-1.0,-1.0,1.0,0.0,0.0,0.0,-33.2827,3.31691,-31.31465,-1.0,0.5775878000000001,0.5182260000000001,0.2572305,0.0,0.0,0.0,31.96735,3.090698,-23.2598,-1.0,0.5021436,0.4808979999999999,0.09883785,1.275077,-0.1303063,0.09448045,0.6918748,-0.05582752,5.63174,-75.58189,33.11
32,-1.0,-1.0,-1.0,1.0,0.0,0.0,0.0,-33.2827,3.31691,-31.31465,-1.0,0.5775878000000001,0.5182260000000001,0.2572305,0.0,0.0,0.0,31.96735,3.090698,-23.2598,-1.0,0.5021436,0.4808979999999999,0.09883785,1.275077,-0.1303063,0.09448045,0.6918748,-0.05582752,5.63174,-75.58189,33.11
32,-1.0,-1.0,-1.0,1.0,0.0,0.0,0.0,-33.2827,3.31691,-31.31465,-1.0,0.5775878000000001,0.5182260000000001,0.2572305,0.0,0.0,0.0,31.96735,3.090698,-23.2598,-1.0,0.5021436,0.4808979999999999,0.1002111,1.271016,-0.1323095,0.1048384,0.6888031,-0.07010009,5.63174,59.57516,33.11
32,-1.0,-1.0,-1.0,1.0,0.0,0.0,0.0,-33.2827,3.31691,-31.31465,-1.0,0.5775878000000001,0.5182260000000001,0.2572305,0.0,0.0,0.0,31.96735,3.090698,-23.2598,-1.0,0.5021436,0.4808979999999999,0.1002111,1.271016,-0.1323095,0.1048384,0.6888031,-0.07010009,5.63174,59.57516,33.11
32,-1.0,-1.0,-1.0,1.0,0.0,0.0,0.0,-33.2827,3.31691,-31.31465,-1.0,0.5775878000000001,0.5182260000000001,0.2572305,0.0,0.0,0.0,31.96735,3.090698,-23.2598,-1.0,0.5021436,0.4808979999999999,0.1002111,1.271016,-0.1323095,0.1048384,0.6888031,-0.07010009,5.63174,59.57516,33.11
32,-1.0,-1.0,-1.0,1.0,0.0,0.0,0.0,-33.2827,3.31691,-31.31465,-1.0,0.5775878000000001,0.5182260000000001,0.2572305,0.0,0.0,0.0,31.96735,3.090698,-23.2598,-1.0,0.5021436,0.4808979999999999,0.1011539,1.265397,-0.1340969,0.120898,0.683422,-0.0879693,5.63174,59.57516,33.11
32,-1.0,-1.0,-1.0,1.0,0.0,0.0,0.0,-33.2827,3.31691,-31.31465,-1.0,0.5775878000000001,0.5182260000000001,0.2572305,0.0,0.0,0.0,31.96735,3.090698,-23.2598,-1.0,0.5021436,0.4808979999999999,0.1011539,1.265397,-0.1340969,0.120898,0.683422,-0.0879693,5.63174,59.57516,33.11
32,-1.0,-1.0,-1.0,1.0,0.0,0.0,0.0,-33.2827,3.31691,-31.31465,-1.0,0.5775878000000001,0.5182260000000001,0.2572305,0.0,0.0,0.0,31.96735,3.090698,-23.2598,-1.0,0.5021436,0.4808979999999999,0.1011539,1.265397,-0.1340969,0.120898,0.683422,-0.0879693,5.63174,59.57516,33.11
32,0.4098053,-0.3712158,0.8332062,0.9679027,0.0,0.0,0.0,-32.001999999999995,1.110474,-30.31007,-1.0,0.4789357,0.623798,0.0,0.4098053,-0.3712158,0.8332062,31.72539,1.139832,-27.90897,3.090668,0.4808646,0.582507,0.101614,1.257691,-0.1352796,0.1427822,0.6750334,-0.1120593,5.63174,59.57516,33.11
32,0.4098053,-0.3712158,0.8332062,0.9679027,0.0,0.0,0.0,-32.001999999999995,1.110474,-30.31007,-1.0,0.4789357,0.623798,0.0,0.4098053,-0.3712158,0.8332062,31.72539,1.139832,-27.90897,3.090668,0.4808646,0.582507,0.101614,1.257691,-0.1352796,0.1427822,0.6750334,-0.1120593,5.63174,59.57516,33.11
32,0.4098053,-0.3712158,0.8332062,0.9679027,0.0,0.0,0.0,-32.001999999999995,1.110474,-30.31007,-1.0,0.4789357,0.623798,0.0,0.4098053,-0.3712158,0.8332062,31.72539,1.139832,-27.90897,3.090668,0.4808646,0.582507,0.101614,1.257691,-0.1352796,0.1427822,0.6750334,-0.1120593,5.63174,59.57516,33.11
32,-1.0,-1.0,-1.0,0.9784485,0.0,0.0,0.0,-31.23885,0.7580414000000001,-30.6064,-1.0,0.4610276,0.6254022,0.0,0.0,0.0,0.0,31.5919,1.302216,-27.8842,-1.0,-1.0,-1.0,0.1020409999999999,1.249068,-0.1365318,0.1637916,0.6657718,-0.1399104,5.63174,59.57516,33.11
32,-1.0,-1.0,-1.0,0.9784485,0.0,0.0,0.0,-31.23885,0.7580414000000001,-30.6064,-1.0,0.4610276,0.6254022,0.0,0.0,0.0,0.0,31.5919,1.302216,-27.8842,-1.0,-1.0,-1.0,0.1020409999999999,1.249068,-0.1365318,0.1637916,0.6657718,-0.1399104,5.63174,59.57516,33.11
32,-1.0,-1.0,-1.0,0.9784485,0.0,0.0,0.0,-31.23885,0.7580414000000001,-30.6064,-1.0,0.4610276,0.6254022,0.0,0.0,0.0,0.0,31.5919,1.302216,-27.8842,-1.0,-1.0,-1.0,0.1020409999999999,1.249068,-0.1365318,0.1637916,0.6657718,-0.1399104,5.63174,59.57516,33.11
32,0.07757568,-0.3503875999999999,0.9333801,0.9739153,0.0,0.0,0.0,-31.23885,0.7580414000000001,-30.6064,-1.0,0.4614805999999999,0.6270064000000001,0.0,0.07757568,-0.3503875999999999,0.9333801,31.59866,1.30394,-27.88193,3.947433,0.5257868,0.5719135000000001,0.102783,1.241182,-0.1375474,0.1836757,0.656166,-0.1637306,5.63174,93.46928,33.11
32,0.07757568,-0.3503875999999999,0.9333801,0.9739153,0.0,0.0,0.0,-31.23885,0.7580414000000001,-30.6064,-1.0,0.4614805999999999,0.6270064000000001,0.0,0.07757568,-0.3503875999999999,0.9333801,31.59866,1.30394,-27.88193,3.947433,0.5257868,0.5719135000000001,0.102783,1.241182,-0.1375474,0.1836757,0.656166,-0.1637306,5.63174,93.46928,33.11
32,0.07757568,-0.3503875999999999,0.9333801,0.9739153,0.0,0.0,0.0,-31.23885,0.7580414000000001,-30.6064,-1.0,0.4614805999999999,0.6270064000000001,0.0,0.07757568,-0.3503875999999999,0.9333801,31.59866,1.30394,-27.88193,3.947433,0.5257868,0.5719135000000001,0.102783,1.241182,-0.1375474,0.1836757,0.656166,-0.1637306,5.63174,93.46928,33.11
32,0.3592377,-0.4895782,0.7945099,1.0,0.0,0.0,0.0,-32.55669,1.144241,-30.39272,-1.0,0.5251276,0.6273125,0.0,0.3592377,-0.4895782,0.7945099,31.69714,4.036377,-30.88286,2.692139,0.4876945,0.5271291,0.1036615,1.23292,-0.1381678999999999,0.2029697999999999,0.6447501999999999,-0.1854993999999999,5.63174,93.46928,33.11
32,0.3592377,-0.4895782,0.7945099,1.0,0.0,0.0,0.0,-32.55669,1.144241,-30.39272,-1.0,0.5251276,0.6273125,0.0,0.3592377,-0.4895782,0.7945099,31.69714,4.036377,-30.88286,2.692139,0.4876945,0.5271291,0.1036615,1.23292,-0.1381678999999999,0.2029697999999999,0.6447501999999999,-0.1854993999999999,5.63174,93.46928,33.11
32,0.3592377,-0.4895782,0.7945099,1.0,0.0,0.0,0.0,-32.55669,1.144241,-30.39272,-1.0,0.5251276,0.6273125,0.0,0.3592377,-0.4895782,0.7945099,31.69714,4.036377,-30.88286,2.692139,0.4876945,0.5271291,0.1036615,1.23292,-0.1381678999999999,0.2029697999999999,0.6447501999999999,-0.1854993999999999,5.63174,93.46928,33.11
32,0.3481445,-0.4868469,0.8010864000000001,1.0,0.0,0.0,0.0,-32.45984,2.150864,-34.08337,-1.0,0.5330630999999999,0.5873139,0.0,0.3481445,-0.4868469,0.8010864000000001,31.64488,3.822174,-30.10025,2.502655,0.4911102,0.5271071999999999,0.1048305,1.225651,-0.1395549999999999,0.2161698,0.6364529000000001,-0.2023818,5.63174,93.46928,33.11
32,0.3481445,-0.4868469,0.8010864000000001,1.0,0.0,0.0,0.0,-32.45984,2.150864,-34.08337,-1.0,0.5330630999999999,0.5873139,0.0,0.3481445,-0.4868469,0.8010864000000001,31.64488,3.822174,-30.10025,2.502655,0.4911102,0.5271071999999999,0.1048305,1.225651,-0.1395549999999999,0.2161698,0.6364529000000001,-0.2023818,5.63174,93.46928,33.11
32,0.3481445,-0.4868469,0.8010864000000001,1.0,0.0,0.0,0.0,-32.45984,2.150864,-34.08337,-1.0,0.5330630999999999,0.5873139,0.0,0.3481445,-0.4868469,0.8010864000000001,31.64488,3.822174,-30.10025,2.502655,0.4911102,0.5271071999999999,0.1048305,1.225651,-0.1395549999999999,0.2161698,0.6364529000000001,-0.2023818,5.63174,93.46928,33.11
32,0.07414246,-0.3322754,0.9402466,1.0,0.0741271999999999,-0.3322906,0.9402466,-32.58253,2.0803990000000003,-30.55885,2.912323,0.5352058000000001,0.5826406,0.1031664,0.1571045,-0.2297667999999999,0.9604645,31.99588,3.224945,-30.02011,3.492294,0.503452,0.5107234,0.1064246,1.219475,-0.1404417,0.2273784999999999,0.6295034,-0.2160347,5.63174,93.46928,33.11
32,0.07414246,-0.3322754,0.9402466,1.0,0.0741271999999999,-0.3322906,0.9402466,-32.58253,2.0803990000000003,-30.55885,2.912323,0.5352058000000001,0.5826406,0.1031664,0.1571045,-0.2297667999999999,0.9604645,31.99588,3.224945,-30.02011,3.492294,0.503452,0.5107234,0.1064246,1.219475,-0.1404417,0.2273784999999999,0.6295034,-0.2160347,5.63174,93.46928,33.11
32,0.07414246,-0.3322754,0.9402466,1.0,0.0741271999999999,-0.3322906,0.9402466,-32.58253,2.0803990000000003,-30.55885,2.912323,0.5352058000000001,0.5826406,0.1031664,0.1571045,-0.2297667999999999,0.9604645,31.99588,3.224945,-30.02011,3.492294,0.503452,0.5107234,0.1064246,1.219475,-0.1404417,0.2273784999999999,0.6295034,-0.2160347,5.63174,93.46928,33.11
32,0.07666016,-0.2788239,0.9572601,1.0,0.03582764,-0.3083954,0.9505768,-32.67896,1.669373,-30.39322,3.2951660000000005,0.5436456999999999,0.5920141,0.0946354,0.128891,-0.2397156,0.9622345,31.81268,2.888763,-29.65359,3.521927,0.5130823,0.5201778,0.1081533,1.214062,-0.1412655,0.2370082,0.6235137,-0.2282272,5.63174,68.71062,33.11
32,0.07666016,-0.2788239,0.9572601,1.0,0.03582764,-0.3083954,0.9505768,-32.67896,1.669373,-30.39322,3.2951660000000005,0.5436456999999999,0.5920141,0.0946354,0.128891,-0.2397156,0.9622345,31.81268,2.888763,-29.65359,3.521927,0.5130823,0.5201778,0.1081533,1.214062,-0.1412655,0.2370082,0.6235137,-0.2282272,5.63174,68.71062,33.11
32,0.07666016,-0.2788239,0.9572601,1.0,0.03582764,-0.3083954,0.9505768,-32.67896,1.669373,-30.39322,3.2951660000000005,0.5436456999999999,0.5920141,0.0946354,0.128891,-0.2397156,0.9622345,31.81268,2.888763,-29.65359,3.521927,0.5130823,0.5201778,0.1081533,1.214062,-0.1412655,0.2370082,0.6235137,-0.2282272,5.63174,68.71062,33.11
32,-0.009246826,-0.3988494999999999,0.9169617,1.0,-0.009246826,-0.3988494999999999,0.9169617,-32.80592,1.280426,-30.23216,3.215546,0.5534835,0.6162262,0.3974862,0.1373901,-0.2533264,0.9575653,31.68036,1.992477,-28.57243,3.454269,0.5164627,0.5426739,0.1118168999999999,1.20478,-0.1431746,0.2552467,0.6129882,-0.2486009,5.63174,68.71062,33.13
32,-0.009246826,-0.3988494999999999,0.9169617,1.0,-0.009246826,-0.3988494999999999,0.9169617,-32.80592,1.280426,-30.23216,3.215546,0.5534835,0.6162262,0.3974862,0.1373901,-0.2533264,0.9575653,31.68036,1.992477,-28.57243,3.454269,0.5164627,0.5426739,0.1118168999999999,1.20478,-0.1431746,0.2552467,0.6129882,-0.2486009,5.63174,68.71062,33.13
32,-0.009246826,-0.3988494999999999,0.9169617,1.0,-0.009246826,-0.3988494999999999,0.9169617,-32.80592,1.280426,-30.23216,3.215546,0.5534835,0.6162262,0.3974862,0.1373901,-0.2533264,0.9575653,31.68036,1.992477,-28.57243,3.454269,0.5164627,0.5426739,0.1118168999999999,1.20478,-0.1431746,0.2552467,0.6129882,-0.2486009,5.63174,68.71062,33.13
32,0.0003356933999999,-0.3607482999999999,0.9326477,1.0,0.0003356933999999,-0.3607482999999999,0.9326477,-32.89482,1.340546,-30.20793,3.436035,0.5555816,0.6086674,1.0,0.1038666,-0.3031006,0.9472656,31.753740000000004,2.139694,-28.1188,3.610062,0.5179133,0.5399885999999999,0.1135206,1.20067,-0.1438497999999999,0.2631598,0.6086547,-0.2570217999999999,5.63174,68.71062,33.13
32,0.0003356933999999,-0.3607482999999999,0.9326477,1.0,0.0003356933999999,-0.3607482999999999,0.9326477,-32.89482,1.340546,-30.20793,3.436035,0.5555816,0.6086674,1.0,0.1038666,-0.3031006,0.9472656,31.753740000000004,2.139694,-28.1188,3.610062,0.5179133,0.5399885999999999,0.1135206,1.20067,-0.1438497999999999,0.2631598,0.6086547,-0.2570217999999999,5.63174,68.71062,33.13
32,0.0003356933999999,-0.3607482999999999,0.9326477,1.0,0.0003356933999999,-0.3607482999999999,0.9326477,-32.89482,1.340546,-30.20793,3.436035,0.5555816,0.6086674,1.0,0.1038666,-0.3031006,0.9472656,31.753740000000004,2.139694,-28.1188,3.610062,0.5179133,0.5399885999999999,0.1135206,1.20067,-0.1438497999999999,0.2631598,0.6086547,-0.2570217999999999,5.63174,68.71062,33.13
32,-0.01319885,-0.3059998,0.9519348,1.0,-0.03771973,-0.3113861,0.9495239,-32.98578,1.406723,-30.17236,3.42363,0.5633630000000001,0.5994292,1.0,0.119339,-0.2735442999999999,0.9544067,31.7429,2.225525,-28.1492,3.725189,0.5163928,0.5336382,0.1149206,1.196945,-0.1444957999999999,0.2697363,0.6055669,-0.2651168,5.63174,68.71062,33.13
32,-0.01319885,-0.3059998,0.9519348,1.0,-0.03771973,-0.3113861,0.9495239,-32.98578,1.406723,-30.17236,3.42363,0.5633630000000001,0.5994292,1.0,0.119339,-0.2735442999999999,0.9544067,31.7429,2.225525,-28.1492,3.725189,0.5163928,0.5336382,0.1149206,1.196945,-0.1444957999999999,0.2697363,0.6055669,-0.2651168,5.63174,68.71062,33.13
32,-0.01319885,-0.3059998,0.9519348,1.0,-0.03771973,-0.3113861,0.9495239,-32.98578,1.406723,-30.17236,3.42363,0.5633630000000001,0.5994292,1.0,0.119339,-0.2735442999999999,0.9544067,31.7429,2.225525,-28.1492,3.725189,0.5163928,0.5336382,0.1149206,1.196945,-0.1444957999999999,0.2697363,0.6055669,-0.2651168,5.63174,68.71062,33.13
32,-0.0289917,-0.2535706,0.9668732,1.0,-0.0291748,-0.2535706,0.9668732,-33.04002,1.458633,-30.15115,3.339691,0.564079,0.5898491,1.0,0.1031341999999999,-0.2415771,0.9648743,31.79489,2.285034,-27.77829,3.735138,0.5166170999999999,0.5243798000000001,0.1166734999999999,1.193515,-0.1452658999999999,0.2743729,0.6034083,-0.2713123,5.63174,19.80382,33.13
32,-0.0289917,-0.2535706,0.9668732,1.0,-0.0291748,-0.2535706,0.9668732,-33.04002,1.458633,-30.15115,3.339691,0.564079,0.5898491,1.0,0.1031341999999999,-0.2415771,0.9648743,31.79489,2.285034,-27.77829,3.735138,0.5166170999999999,0.5243798000000001,0.1166734999999999,1.193515,-0.1452658999999999,0.2743729,0.6034083,-0.2713123,5.63174,19.80382,33.13
32,-0.0289917,-0.2535706,0.9668732,1.0,-0.0291748,-0.2535706,0.9668732,-33.04002,1.458633,-30.15115,3.339691,0.564079,0.5898491,1.0,0.1031341999999999,-0.2415771,0.9648743,31.79489,2.285034,-27.77829,3.735138,0.5166170999999999,0.5243798000000001,0.1166734999999999,1.193515,-0.1452658999999999,0.2743729,0.6034083,-0.2713123,5.63174,19.80382,33.13
32,-0.03894043,-0.2333984,0.9715881,1.0,-0.03909302,-0.2333984,0.9715881,-33.06746,1.44371,-30.15546,3.477493,0.5663746000000001,0.5878492,1.0,0.1280975,-0.2227172999999999,0.9664154,31.75259,2.207535,-27.81796,3.734009,0.5150846,0.5249874,0.1180549,1.190212,-0.1460279,0.2790778,0.6017389,-0.2761944,5.63174,19.80382,33.13
32,-0.03894043,-0.2333984,0.9715881,1.0,-0.03909302,-0.2333984,0.9715881,-33.06746,1.44371,-30.15546,3.477493,0.5663746000000001,0.5878492,1.0,0.1280975,-0.2227172999999999,0.9664154,31.75259,2.207535,-27.81796,3.734009,0.5150846,0.5249874,0.1180549,1.190212,-0.1460279,0.2790778,0.6017389,-0.2761944,5.63174,19.80382,33.13
32,-0.03894043,-0.2333984,0.9715881,1.0,-0.03909302,-0.2333984,0.9715881,-33.06746,1.44371,-30.15546,3.477493,0.5663746000000001,0.5878492,1.0,0.1280975,-0.2227172999999999,0.9664154,31.75259,2.207535,-27.81796,3.734009,0.5150846,0.5249874,0.1180549,1.190212,-0.1460279,0.2790778,0.6017389,-0.2761944,5.63174,19.80382,33.13
32,-0.03512573,-0.2147369,0.9760284,1.0,-0.03582764,-0.214798,0.9759979,-33.05972,1.432541,-30.18219,3.567825,0.5658068,0.5861408,1.0,0.1170349,-0.1984711,0.9730835,31.763,2.100784,-27.84731,3.71785,0.5160555,0.5258278000000001,0.1187694,1.186847,-0.1466096,0.2858211,0.5991736999999999,-0.2815493,5.63174,19.80382,33.13
32,-0.03512573,-0.2147369,0.9760284,1.0,-0.03582764,-0.214798,0.9759979,-33.05972,1.432541,-30.18219,3.567825,0.5658068,0.5861408,1.0,0.1170349,-0.1984711,0.9730835,31.763,2.100784,-27.84731,3.71785,0.5160555,0.5258278000000001,0.1187694,1.186847,-0.1466096,0.2858211,0.5991736999999999,-0.2815493,5.63174,19.80382,33.13
32,-0.03512573,-0.2147369,0.9760284,1.0,-0.03582764,-0.214798,0.9759979,-33.05972,1.432541,-30.18219,3.567825,0.5658068,0.5861408,1.0,0.1170349,-0.1984711,0.9730835,31.763,2.100784,-27.84731,3.71785,0.5160555,0.5258278000000001,0.1187694,1.186847,-0.1466096,0.2858211,0.5991736999999999,-0.2815493,5.63174,19.80382,33.13
32,-0.03512573,-0.2147369,0.9760284,1.0,-0.03582764,-0.214798,0.9759979,-33.05972,1.432541,-30.18219,3.567825,0.5658068,0.5861408,1.0,0.1170349,-0.1984711,0.9730835,31.763,2.100784,-27.84731,3.71785,0.5160555,0.5258278000000001,0.1198456,1.1834360000000002,-0.1470642999999999,0.2910072999999999,0.597638,-0.2867191,5.63174,19.80382,33.13
32,-0.03512573,-0.2147369,0.9760284,1.0,-0.03582764,-0.214798,0.9759979,-33.05972,1.432541,-30.18219,3.567825,0.5658068,0.5861408,1.0,0.1170349,-0.1984711,0.9730835,31.763,2.100784,-27.84731,3.71785,0.5160555,0.5258278000000001,0.1198456,1.1834360000000002,-0.1470642999999999,0.2910072999999999,0.597638,-0.2867191,5.63174,19.80382,33.13
32,-0.03512573,-0.2147369,0.9760284,1.0,-0.03582764,-0.214798,0.9759979,-33.05972,1.432541,-30.18219,3.567825,0.5658068,0.5861408,1.0,0.1170349,-0.1984711,0.9730835,31.763,2.100784,-27.84731,3.71785,0.5160555,0.5258278000000001,0.1198456,1.1834360000000002,-0.1470642999999999,0.2910072999999999,0.597638,-0.2867191,5.63174,19.80382,33.13
32,-0.001480103,-0.2244719999999999,0.974472,1.0,-0.03326416,-0.2314453,0.9722748,-33.05537,1.445099,-30.17632,3.551041000000001,0.5653309,0.5877641,1.0,0.1149902,-0.1968688999999999,0.9736481,31.77171,2.110596,-27.80022,3.743927,0.5159919,0.5248980999999999,0.121738,1.180836,-0.1465487999999999,0.2976939,0.5954579000000001,-0.2924737,5.63174,19.80382,33.13
32,-0.001480103,-0.2244719999999999,0.974472,1.0,-0.03326416,-0.2314453,0.9722748,-33.05537,1.445099,-30.17632,3.551041000000001,0.5653309,0.5877641,1.0,0.1149902,-0.1968688999999999,0.9736481,31.77171,2.110596,-27.80022,3.743927,0.5159919,0.5248980999999999,0.121738,1.180836,-0.1465487999999999,0.2976939,0.5954579000000001,-0.2924737,5.63174,19.80382,33.13
32,-0.001480103,-0.2244719999999999,0.974472,1.0,-0.03326416,-0.2314453,0.9722748,-33.05537,1.445099,-30.17632,3.551041000000001,0.5653309,0.5877641,1.0,0.1149902,-0.1968688999999999,0.9736481,31.77171,2.110596,-27.80022,3.743927,0.5159919,0.5248980999999999,0.121738,1.180836,-0.1465487999999999,0.2976939,0.5954579000000001,-0.2924737,5.63174,19.80382,33.13
32,-0.001480103,-0.2244719999999999,0.974472,1.0,-0.03326416,-0.2314453,0.9722748,-33.05537,1.445099,-30.17632,3.551041000000001,0.5653309,0.5877641,1.0,0.1149902,-0.1968688999999999,0.9736481,31.77171,2.110596,-27.80022,3.743927,0.5159919,0.5248980999999999,0.1218653,1.177435,-0.1465943,0.3038267,0.5924232,-0.2981617,5.63174,-17.88397,33.13
32,-0.001480103,-0.2244719999999999,0.974472,1.0,-0.03326416,-0.2314453,0.9722748,-33.05537,1.445099,-30.17632,3.551041000000001,0.5653309,0.5877641,1.0,0.1149902,-0.1968688999999999,0.9736481,31.77171,2.110596,-27.80022,3.743927,0.5159919,0.5248980999999999,0.1218653,1.177435,-0.1465943,0.3038267,0.5924232,-0.2981617,5.63174,-17.88397,33.13
32,-0.001480103,-0.2244719999999999,0.974472,1.0,-0.03326416,-0.2314453,0.9722748,-33.05537,1.445099,-30.17632,3.551041000000001,0.5653309,0.5877641,1.0,0.1149902,-0.1968688999999999,0.9736481,31.77171,2.110596,-27.80022,3.743927,0.5159919,0.5248980999999999,0.1218653,1.177435,-0.1465943,0.3038267,0.5924232,-0.2981617,5.63174,-17.88397,33.13
32,-0.03862,-0.2099915,0.9769287,1.0,-0.05285645,-0.2117767,0.9758759,-33.05855,1.472717,-30.18846,3.611084,0.5678814,0.5844517,1.0,0.1136474999999999,-0.1881714,0.9755249,31.78867,2.056564,-27.3515,3.688156,0.5156335,0.5217195,0.1238122,1.174832,-0.1460976,0.3066117,0.5914727,-0.3026459,5.63174,-17.88397,33.13
32,-0.03862,-0.2099915,0.9769287,1.0,-0.05285645,-0.2117767,0.9758759,-33.05855,1.472717,-30.18846,3.611084,0.5678814,0.5844517,1.0,0.1136474999999999,-0.1881714,0.9755249,31.78867,2.056564,-27.3515,3.688156,0.5156335,0.5217195,0.1238122,1.174832,-0.1460976,0.3066117,0.5914727,-0.3026459,5.63174,-17.88397,33.13
32,-0.03862,-0.2099915,0.9769287,1.0,-0.05285645,-0.2117767,0.9758759,-33.05855,1.472717,-30.18846,3.611084,0.5678814,0.5844517,1.0,0.1136474999999999,-0.1881714,0.9755249,31.78867,2.056564,-27.3515,3.688156,0.5156335,0.5217195,0.1238122,1.174832,-0.1460976,0.3066117,0.5914727,-0.3026459,5.63174,-17.88397,33.13
32,-0.03862,-0.2099915,0.9769287,1.0,-0.05285645,-0.2117767,0.9758759,-33.05855,1.472717,-30.18846,3.611084,0.5678814,0.5844517,1.0,0.1136474999999999,-0.1881714,0.9755249,31.78867,2.056564,-27.3515,3.688156,0.5156335,0.5217195,0.1247361,1.172035,-0.1459543999999999,0.3105837999999999,0.589569,-0.308129,5.452343,-17.88397,33.13
32,-0.03862,-0.2099915,0.9769287,1.0,-0.05285645,-0.2117767,0.9758759,-33.05855,1.472717,-30.18846,3.611084,0.5678814,0.5844517,1.0,0.1136474999999999,-0.1881714,0.9755249,31.78867,2.056564,-27.3515,3.688156,0.5156335,0.5217195,0.1247361,1.172035,-0.1459543999999999,0.3105837999999999,0.589569,-0.308129,5.452343,-17.88397,33.13
32,-0.03862,-0.2099915,0.9769287,1.0,-0.05285645,-0.2117767,0.9758759,-33.05855,1.472717,-30.18846,3.611084,0.5678814,0.5844517,1.0,0.1136474999999999,-0.1881714,0.9755249,31.78867,2.056564,-27.3515,3.688156,0.5156335,0.5217195,0.1247361,1.172035,-0.1459543999999999,0.3105837999999999,0.589569,-0.308129,5.452343,-17.88397,33.13
32,-0.09317017,-0.4016113,0.9110413,1.0,-0.09562683,-0.4018097,0.9107056,-33.16237,0.8882445999999999,-30.32787,3.325531,0.5768946999999999,0.6314741999999999,1.0,0.02076721,-0.3899535999999999,0.9205933,31.47491,1.574356,-28.18275,3.839661,0.5368831000000001,0.5710668000000001,0.1252265,1.169847,-0.1456624,0.315463,0.5868321999999999,-0.3128787,5.452343,-17.88397,33.13
32,-0.09317017,-0.4016113,0.9110413,1.0,-0.09562683,-0.4018097,0.9107056,-33.16237,0.8882445999999999,-30.32787,3.325531,0.5768946999999999,0.6314741999999999,1.0,0.02076721,-0.3899535999999999,0.9205933,31.47491,1.574356,-28.18275,3.839661,0.5368831000000001,0.5710668000000001,0.1252265,1.169847,-0.1456624,0.315463,0.5868321999999999,-0.3128787,5.452343,-17.88397,33.13
32,-0.09317017,-0.4016113,0.9110413,1.0,-0.09562683,-0.4018097,0.9107056,-33.16237,0.8882445999999999,-30.32787,3.325531,0.5768946999999999,0.6314741999999999,1.0,0.02076721,-0.3899535999999999,0.9205933,31.47491,1.574356,-28.18275,3.839661,0.5368831000000001,0.5710668000000001,0.1252265,1.169847,-0.1456624,0.315463,0.5868321999999999,-0.3128787,5.452343,-17.88397,33.13
32,-0.01490784,-0.3586730999999999,0.9333344,1.0,-0.1030579,-0.3776245,0.9201965,-33.19402,1.042877,-30.27422,3.633881,0.5790635000000001,0.6221809,1.0,0.0370635999999999,-0.3460999,0.9374542,31.4527,1.649231,-28.16081,3.656784,0.535881,0.562607,0.1261497,1.168238,-0.1453211,0.3169366,0.5853904000000001,-0.3147724,5.452343,-17.88397,33.13
32,-0.01490784,-0.3586730999999999,0.9333344,1.0,-0.1030579,-0.3776245,0.9201965,-33.19402,1.042877,-30.27422,3.633881,0.5790635000000001,0.6221809,1.0,0.0370635999999999,-0.3460999,0.9374542,31.4527,1.649231,-28.16081,3.656784,0.535881,0.562607,0.1261497,1.168238,-0.1453211,0.3169366,0.5853904000000001,-0.3147724,5.452343,-17.88397,33.13
32,-0.01490784,-0.3586730999999999,0.9333344,1.0,-0.1030579,-0.3776245,0.9201965,-33.19402,1.042877,-30.27422,3.633881,0.5790635000000001,0.6221809,1.0,0.0370635999999999,-0.3460999,0.9374542,31.4527,1.649231,-28.16081,3.656784,0.535881,0.562607,0.1261497,1.168238,-0.1453211,0.3169366,0.5853904000000001,-0.3147724,5.452343,-17.88397,33.13
32,-0.01490784,-0.3586730999999999,0.9333344,1.0,-0.1030579,-0.3776245,0.9201965,-33.19402,1.042877,-30.27422,3.633881,0.5790635000000001,0.6221809,1.0,0.0370635999999999,-0.3460999,0.9374542,31.4527,1.649231,-28.16081,3.656784,0.535881,0.562607,0.1272352,1.167417,-0.1444094,0.3177439,0.583097,-0.3158304999999999,5.452343,-17.88397,33.13
32,-0.01490784,-0.3586730999999999,0.9333344,1.0,-0.1030579,-0.3776245,0.9201965,-33.19402,1.042877,-30.27422,3.633881,0.5790635000000001,0.6221809,1.0,0.0370635999999999,-0.3460999,0.9374542,31.4527,1.649231,-28.16081,3.656784,0.535881,0.562607,0.1272352,1.167417,-0.1444094,0.3177439,0.583097,-0.3158304999999999,5.452343,-17.88397,33.13
32,-0.01490784,-0.3586730999999999,0.9333344,1.0,-0.1030579,-0.3776245,0.9201965,-33.19402,1.042877,-30.27422,3.633881,0.5790635000000001,0.6221809,1.0,0.0370635999999999,-0.3460999,0.9374542,31.4527,1.649231,-28.16081,3.656784,0.535881,0.562607,0.1272352,1.167417,-0.1444094,0.3177439,0.583097,-0.3158304999999999,5.452343,-17.88397,33.13
32,-0.01490784,-0.3586730999999999,0.9333344,1.0,-0.1030579,-0.3776245,0.9201965,-33.19402,1.042877,-30.27422,3.633881,0.5790635000000001,0.6221809,1.0,0.0370635999999999,-0.3460999,0.9374542,31.4527,1.649231,-28.16081,3.656784,0.535881,0.562607,0.1281438,1.167266,-0.1428897999999999,0.3185815999999999,0.5780997,-0.3158907999999999,5.452343,1.848221,33.13
32,-0.01490784,-0.3586730999999999,0.9333344,1.0,-0.1030579,-0.3776245,0.9201965,-33.19402,1.042877,-30.27422,3.633881,0.5790635000000001,0.6221809,1.0,0.0370635999999999,-0.3460999,0.9374542,31.4527,1.649231,-28.16081,3.656784,0.535881,0.562607,0.1281438,1.167266,-0.1428897999999999,0.3185815999999999,0.5780997,-0.3158907999999999,5.452343,1.848221,33.13
32,-0.01490784,-0.3586730999999999,0.9333344,1.0,-0.1030579,-0.3776245,0.9201965,-33.19402,1.042877,-30.27422,3.633881,0.5790635000000001,0.6221809,1.0,0.0370635999999999,-0.3460999,0.9374542,31.4527,1.649231,-28.16081,3.656784,0.535881,0.562607,0.1281438,1.167266,-0.1428897999999999,0.3185815999999999,0.5780997,-0.3158907999999999,5.452343,1.848221,33.13
32,0.2646942,-0.2870178,0.9206238,1.0,0.1990356,-0.3078156,0.9303741,-31.84044,1.302429,-30.36708,3.305435,0.4942639,0.6050628,1.0,0.2860718,-0.2798462,0.9164276,32.87384,1.992599,-28.18195,3.596512,0.4580396,0.542725,0.1289999,1.1677030000000002,-0.1409872999999999,0.3176315,0.5718956999999999,-0.3152475,5.452343,1.848221,33.13
32,0.2646942,-0.2870178,0.9206238,1.0,0.1990356,-0.3078156,0.9303741,-31.84044,1.302429,-30.36708,3.305435,0.4942639,0.6050628,1.0,0.2860718,-0.2798462,0.9164276,32.87384,1.992599,-28.18195,3.596512,0.4580396,0.542725,0.1289999,1.1677030000000002,-0.1409872999999999,0.3176315,0.5718956999999999,-0.3152475,5.452343,1.848221,33.13
32,0.2646942,-0.2870178,0.9206238,1.0,0.1990356,-0.3078156,0.9303741,-31.84044,1.302429,-30.36708,3.305435,0.4942639,0.6050628,1.0,0.2860718,-0.2798462,0.9164276,32.87384,1.992599,-28.18195,3.596512,0.4580396,0.542725,0.1289999,1.1677030000000002,-0.1409872999999999,0.3176315,0.5718956999999999,-0.3152475,5.452343,1.848221,33.13
32,0.2922668,-0.2711792,0.9170685,1.0,0.226593,-0.2422333,0.9433746,-31.89325,1.283813,-30.3895,3.583221,0.4932659,0.5975015,1.0,0.3157501,-0.281311,0.9061737,32.87215,1.991943,-28.20163,3.813492,0.4544066,0.5433311,0.1296368,1.1680549999999998,-0.1390377,0.3154467,0.5660975,-0.3154232,5.452343,1.848221,33.13
32,0.2922668,-0.2711792,0.9170685,1.0,0.226593,-0.2422333,0.9433746,-31.89325,1.283813,-30.3895,3.583221,0.4932659,0.5975015,1.0,0.3157501,-0.281311,0.9061737,32.87215,1.991943,-28.20163,3.813492,0.4544066,0.5433311,0.1296368,1.1680549999999998,-0.1390377,0.3154467,0.5660975,-0.3154232,5.452343,1.848221,33.13
32,0.2922668,-0.2711792,0.9170685,1.0,0.226593,-0.2422333,0.9433746,-31.89325,1.283813,-30.3895,3.583221,0.4932659,0.5975015,1.0,0.3157501,-0.281311,0.9061737,32.87215,1.991943,-28.20163,3.813492,0.4544066,0.5433311,0.1296368,1.1680549999999998,-0.1390377,0.3154467,0.5660975,-0.3154232,5.452343,1.848221,33.13
33,0.2376099,-0.2835845999999999,0.9290314,1.0,0.1322479,-0.3191375999999999,0.9384308,-32.03696,1.231094,-30.335140000000003,3.210846,0.5091926,0.6083549,1.0,0.2899933,-0.2641907,0.9198303,32.76889,1.898499,-28.20445,3.792679,0.461071,0.5441906,0.1295819,1.168352,-0.1370172,0.3139863,0.559859,-0.3156111,5.452343,1.848221,33.13
33,0.2376099,-0.2835845999999999,0.9290314,1.0,0.1322479,-0.3191375999999999,0.9384308,-32.03696,1.231094,-30.335140000000003,3.210846,0.5091926,0.6083549,1.0,0.2899933,-0.2641907,0.9198303,32.76889,1.898499,-28.20445,3.792679,0.461071,0.5441906,0.1295819,1.168352,-0.1370172,0.3139863,0.559859,-0.3156111,5.452343,1.848221,33.13
33,0.2376099,-0.2835845999999999,0.9290314,1.0,0.1322479,-0.3191375999999999,0.9384308,-32.03696,1.231094,-30.335140000000003,3.210846,0.5091926,0.6083549,1.0,0.2899933,-0.2641907,0.9198303,32.76889,1.898499,-28.20445,3.792679,0.461071,0.5441906,0.1295819,1.168352,-0.1370172,0.3139863,0.559859,-0.3156111,5.452343,1.848221,33.13
33,0.2314606,-0.2849426,0.9301605,1.0,0.1380767999999999,-0.3138275,0.9393768,-32.08574,1.248672,-30.33337,3.1746060000000003,0.5101254,0.607057,1.0,0.2766265999999999,-0.2697144,0.9223328000000002,32.72795,1.917175,-28.18999,3.635208,0.4641179,0.5440371999999999,0.1298206,1.169758,-0.1331716,0.3090910999999999,0.5497883000000001,-0.3137612,5.452343,-69.1239,33.13
33,0.2314606,-0.2849426,0.9301605,1.0,0.1380767999999999,-0.3138275,0.9393768,-32.08574,1.248672,-30.33337,3.1746060000000003,0.5101254,0.607057,1.0,0.2766265999999999,-0.2697144,0.9223328000000002,32.72795,1.917175,-28.18999,3.635208,0.4641179,0.5440371999999999,0.1298206,1.169758,-0.1331716,0.3090910999999999,0.5497883000000001,-0.3137612,5.452343,-69.1239,33.13
33,0.2314606,-0.2849426,0.9301605,1.0,0.1380767999999999,-0.3138275,0.9393768,-32.08574,1.248672,-30.33337,3.1746060000000003,0.5101254,0.607057,1.0,0.2766265999999999,-0.2697144,0.9223328000000002,32.72795,1.917175,-28.18999,3.635208,0.4641179,0.5440371999999999,0.1298206,1.169758,-0.1331716,0.3090910999999999,0.5497883000000001,-0.3137612,5.452343,-69.1239,33.13
33,0.2030333999999999,-0.267746,0.9418488000000002,1.0,0.1132355,-0.2863159,0.951416,-32.2182,1.245026,-30.31084,3.263519,0.5179467999999999,0.6031880000000001,1.0,0.2502441,-0.2569122,0.9334564,32.58679,1.959045,-28.15337,3.645828,0.4721583,0.5405911,0.1298401,1.171204,-0.1305984,0.3049459,0.5452371,-0.3104478,5.452343,-69.1239,33.13
33,0.2030333999999999,-0.267746,0.9418488000000002,1.0,0.1132355,-0.2863159,0.951416,-32.2182,1.245026,-30.31084,3.263519,0.5179467999999999,0.6031880000000001,1.0,0.2502441,-0.2569122,0.9334564,32.58679,1.959045,-28.15337,3.645828,0.4721583,0.5405911,0.1298401,1.171204,-0.1305984,0.3049459,0.5452371,-0.3104478,5.452343,-69.1239,33.13
33,0.2030333999999999,-0.267746,0.9418488000000002,1.0,0.1132355,-0.2863159,0.951416,-32.2182,1.245026,-30.31084,3.263519,0.5179467999999999,0.6031880000000001,1.0,0.2502441,-0.2569122,0.9334564,32.58679,1.959045,-28.15337,3.645828,0.4721583,0.5405911,0.1298401,1.171204,-0.1305984,0.3049459,0.5452371,-0.3104478,5.452343,-69.1239,33.13
33,0.2030333999999999,-0.267746,0.9418488000000002,1.0,0.1132355,-0.2863159,0.951416,-32.2182,1.245026,-30.31084,3.263519,0.5179467999999999,0.6031880000000001,1.0,0.2502441,-0.2569122,0.9334564,32.58679,1.959045,-28.15337,3.645828,0.4721583,0.5405911,0.1303224999999999,1.173209,-0.1282459,0.2999085,0.5396393,-0.3066657,5.452343,-69.1239,33.13
33,0.2030333999999999,-0.267746,0.9418488000000002,1.0,0.1132355,-0.2863159,0.951416,-32.2182,1.245026,-30.31084,3.263519,0.5179467999999999,0.6031880000000001,1.0,0.2502441,-0.2569122,0.9334564,32.58679,1.959045,-28.15337,3.645828,0.4721583,0.5405911,0.1303224999999999,1.173209,-0.1282459,0.2999085,0.5396393,-0.3066657,5.452343,-69.1239,33.13
33,0.2030333999999999,-0.267746,0.9418488000000002,1.0,0.1132355,-0.2863159,0.951416,-32.2182,1.245026,-30.31084,3.263519,0.5179467999999999,0.6031880000000001,1.0,0.2502441,-0.2569122,0.9334564,32.58679,1.959045,-28.15337,3.645828,0.4721583,0.5405911,0.1303224999999999,1.173209,-0.1282459,0.2999085,0.5396393,-0.3066657,5.452343,-69.1239,33.13
33,0.3391113,-0.2222442999999999,0.9141083,1.0,0.2061614999999999,-0.2162781,0.9542999,-31.47734,1.66684,-30.37895,3.279633,0.4809537999999999,0.5803965,1.0,0.4032593,-0.2236176,0.8873290999999999,33.15794,2.328064,-28.24597,3.772888,0.4340567,0.5257553,0.1300159,1.1758030000000002,-0.1253595,0.2936631,0.5325592,-0.3028462999999999,5.452343,-69.1239,33.13
33,0.3391113,-0.2222442999999999,0.9141083,1.0,0.2061614999999999,-0.2162781,0.9542999,-31.47734,1.66684,-30.37895,3.279633,0.4809537999999999,0.5803965,1.0,0.4032593,-0.2236176,0.8873290999999999,33.15794,2.328064,-28.24597,3.772888,0.4340567,0.5257553,0.1300159,1.1758030000000002,-0.1253595,0.2936631,0.5325592,-0.3028462999999999,5.452343,-69.1239,33.13
33,0.3391113,-0.2222442999999999,0.9141083,1.0,0.2061614999999999,-0.2162781,0.9542999,-31.47734,1.66684,-30.37895,3.279633,0.4809537999999999,0.5803965,1.0,0.4032593,-0.2236176,0.8873290999999999,33.15794,2.328064,-28.24597,3.772888,0.4340567,0.5257553,0.1300159,1.1758030000000002,-0.1253595,0.2936631,0.5325592,-0.3028462999999999,5.452343,-69.1239,33.13
33,0.5868378000000001,-0.105957,0.8027191,1.0,0.0,0.0,0.0,-30.4789,1.884094,-30.66261,-1.0,0.4304757,0.5585909,1.0,0.5868378000000001,-0.105957,0.8027191,33.88472,2.625336,-28.584640000000004,3.948685,0.3855888,0.5062686,0.1291466,1.178187,-0.1220750999999999,0.2873708,0.522738,-0.298938,5.452343,-69.1239,33.13
33,0.5868378000000001,-0.105957,0.8027191,1.0,0.0,0.0,0.0,-30.4789,1.884094,-30.66261,-1.0,0.4304757,0.5585909,1.0,0.5868378000000001,-0.105957,0.8027191,33.88472,2.625336,-28.584640000000004,3.948685,0.3855888,0.5062686,0.1291466,1.178187,-0.1220750999999999,0.2873708,0.522738,-0.298938,5.452343,-69.1239,33.13
33,0.5868378000000001,-0.105957,0.8027191,1.0,0.0,0.0,0.0,-30.4789,1.884094,-30.66261,-1.0,0.4304757,0.5585909,1.0,0.5868378000000001,-0.105957,0.8027191,33.88472,2.625336,-28.584640000000004,3.948685,0.3855888,0.5062686,0.1291466,1.178187,-0.1220750999999999,0.2873708,0.522738,-0.298938,5.452343,-69.1239,33.13
33,0.4415130999999999,-0.106781,0.8908690999999999,1.0,0.3856812,-0.1104126,0.9159851,-30.87477,1.821335,-30.61705,3.513382,0.4383074,0.5654878000000001,1.0,0.5416718,-0.09887695,0.8347321,33.89212,2.473145,-28.55632,3.897293,0.3913825999999999,0.5095546,0.1278634,1.180683,-0.1184569999999999,0.2813988,0.5113354,-0.2968410999999999,5.452343,-21.04881,33.13
33,0.4415130999999999,-0.106781,0.8908690999999999,1.0,0.3856812,-0.1104126,0.9159851,-30.87477,1.821335,-30.61705,3.513382,0.4383074,0.5654878000000001,1.0,0.5416718,-0.09887695,0.8347321,33.89212,2.473145,-28.55632,3.897293,0.3913825999999999,0.5095546,0.1278634,1.180683,-0.1184569999999999,0.2813988,0.5113354,-0.2968410999999999,5.452343,-21.04881,33.13
33,0.4415130999999999,-0.106781,0.8908690999999999,1.0,0.3856812,-0.1104126,0.9159851,-30.87477,1.821335,-30.61705,3.513382,0.4383074,0.5654878000000001,1.0,0.5416718,-0.09887695,0.8347321,33.89212,2.473145,-28.55632,3.897293,0.3913825999999999,0.5095546,0.1278634,1.180683,-0.1184569999999999,0.2813988,0.5113354,-0.2968410999999999,5.452343,-21.04881,33.13
33,0.4481812,-0.1311646,0.8842620999999999,1.0,0.3573608,-0.1182404,0.9264374,-31.03104,1.795166,-30.5574,3.547882,0.4473625,0.5665375,1.0,0.4995117,-0.1381531,0.8552094000000001,33.77783,2.379913,-28.490890000000004,3.7892,0.4007372,0.5163915,0.1258948,1.182917,-0.1143988,0.2760975999999999,0.4987661,-0.2945944,5.452343,-21.04881,33.13
33,0.4481812,-0.1311646,0.8842620999999999,1.0,0.3573608,-0.1182404,0.9264374,-31.03104,1.795166,-30.5574,3.547882,0.4473625,0.5665375,1.0,0.4995117,-0.1381531,0.8552094000000001,33.77783,2.379913,-28.490890000000004,3.7892,0.4007372,0.5163915,0.1258948,1.182917,-0.1143988,0.2760975999999999,0.4987661,-0.2945944,5.452343,-21.04881,33.13
33,0.4481812,-0.1311646,0.8842620999999999,1.0,0.3573608,-0.1182404,0.9264374,-31.03104,1.795166,-30.5574,3.547882,0.4473625,0.5665375,1.0,0.4995117,-0.1381531,0.8552094000000001,33.77783,2.379913,-28.490890000000004,3.7892,0.4007372,0.5163915,0.1258948,1.182917,-0.1143988,0.2760975999999999,0.4987661,-0.2945944,5.452343,-21.04881,33.13
33,0.4006958,-0.1739502,0.8995361,1.0,0.3244934,-0.1766357,0.929245,-31.14272,1.803726,-30.49358,3.3387910000000005,0.4548543,0.5726628,1.0,0.4737549,-0.1701355,0.8640594000000001,33.67564,2.446533,-28.38997,3.829437,0.4076113,0.5169749,0.1222508,1.187446,-0.1059002999999999,0.2651629,0.4751502,-0.2887032,5.452343,-21.04881,33.13
33,0.4006958,-0.1739502,0.8995361,1.0,0.3244934,-0.1766357,0.929245,-31.14272,1.803726,-30.49358,3.3387910000000005,0.4548543,0.5726628,1.0,0.4737549,-0.1701355,0.8640594000000001,33.67564,2.446533,-28.38997,3.829437,0.4076113,0.5169749,0.1222508,1.187446,-0.1059002999999999,0.2651629,0.4751502,-0.2887032,5.452343,-21.04881,33.13
33,0.4006958,-0.1739502,0.8995361,1.0,0.3244934,-0.1766357,0.929245,-31.14272,1.803726,-30.49358,3.3387910000000005,0.4548543,0.5726628,1.0,0.4737549,-0.1701355,0.8640594000000001,33.67564,2.446533,-28.38997,3.829437,0.4076113,0.5169749,0.1222508,1.187446,-0.1059002999999999,0.2651629,0.4751502,-0.2887032,5.452343,-21.04881,33.13
33,0.3427734,-0.1659851,0.9246216,1.0,0.242981,-0.1835632,0.9524994,-31.40427,1.806366,-30.3972,3.379868,0.4741291,0.5718166,1.0,0.3971405,-0.1553192,0.9045105,33.4845,2.357773,-28.30576,3.718399,0.4239057,0.5165865,0.1202893,1.18982,-0.1014743,0.2606947,0.4639504,-0.2834594,5.452343,-21.04881,33.13
33,0.3427734,-0.1659851,0.9246216,1.0,0.242981,-0.1835632,0.9524994,-31.40427,1.806366,-30.3972,3.379868,0.4741291,0.5718166,1.0,0.3971405,-0.1553192,0.9045105,33.4845,2.357773,-28.30576,3.718399,0.4239057,0.5165865,0.1202893,1.18982,-0.1014743,0.2606947,0.4639504,-0.2834594,5.452343,-21.04881,33.13
33,0.3427734,-0.1659851,0.9246216,1.0,0.242981,-0.1835632,0.9524994,-31.40427,1.806366,-30.3972,3.379868,0.4741291,0.5718166,1.0,0.3971405,-0.1553192,0.9045105,33.4845,2.357773,-28.30576,3.718399,0.4239057,0.5165865,0.1202893,1.18982,-0.1014743,0.2606947,0.4639504,-0.2834594,5.452343,-21.04881,33.13
33,0.2776794,-0.1697845,0.9455414,1.0,0.2170868,-0.1806335,0.9592896,-31.49495,1.860565,-30.3699,3.4967650000000003,0.4806734,0.5691596999999999,1.0,0.3386535999999999,-0.1579437,0.9275513,33.3858,2.370468,-28.23589,3.646652,0.434596,0.5154071,0.1202893,1.18982,-0.1014743,0.2606947,0.4639504,-0.2834594,5.452343,-21.04881,33.13
33,0.2776794,-0.1697845,0.9455414,1.0,0.2170868,-0.1806335,0.9592896,-31.49495,1.860565,-30.3699,3.4967650000000003,0.4806734,0.5691596999999999,1.0,0.3386535999999999,-0.1579437,0.9275513,33.3858,2.370468,-28.23589,3.646652,0.434596,0.5154071,0.1202893,1.18982,-0.1014743,0.2606947,0.4639504,-0.2834594,5.452343,-21.04881,33.13
33,0.2776794,-0.1697845,0.9455414,1.0,0.2170868,-0.1806335,0.9592896,-31.49495,1.860565,-30.3699,3.4967650000000003,0.4806734,0.5691596999999999,1.0,0.3386535999999999,-0.1579437,0.9275513,33.3858,2.370468,-28.23589,3.646652,0.434596,0.5154071,0.1202893,1.18982,-0.1014743,0.2606947,0.4639504,-0.2834594,5.452343,-21.04881,33.13
33,0.2547607,-0.1717224,0.9516296,1.0,0.1815338,-0.1887207,0.9650879,-31.55469,1.89624,-30.34293,3.252151,0.4867242999999999,0.5683978,1.0,0.3240967,-0.1543427,0.9333344,33.36378,2.393143,-28.22018,3.567825,0.4371712,0.513935,0.1165471,1.196034,-0.09122962,0.2516925,0.4380186,-0.2637394,5.452343,15.25801,33.13
33,0.2547607,-0.1717224,0.9516296,1.0,0.1815338,-0.1887207,0.9650879,-31.55469,1.89624,-30.34293,3.252151,0.4867242999999999,0.5683978,1.0,0.3240967,-0.1543427,0.9333344,33.36378,2.393143,-28.22018,3.567825,0.4371712,0.513935,0.1165471,1.196034,-0.09122962,0.2516925,0.4380186,-0.2637394,5.452343,15.25801,33.13
33,0.2547607,-0.1717224,0.9516296,1.0,0.1815338,-0.1887207,0.9650879,-31.55469,1.89624,-30.34293,3.252151,0.4867242999999999,0.5683978,1.0,0.3240967,-0.1543427,0.9333344,33.36378,2.393143,-28.22018,3.567825,0.4371712,0.513935,0.1165471,1.196034,-0.09122962,0.2516925,0.4380186,-0.2637394,5.452343,15.25801,33.13
33,0.2547607,-0.1717224,0.9516296,1.0,0.1815338,-0.1887207,0.9650879,-31.55469,1.89624,-30.34293,3.252151,0.4867242999999999,0.5683978,1.0,0.3240967,-0.1543427,0.9333344,33.36378,2.393143,-28.22018,3.567825,0.4371712,0.513935,0.1138071999999999,1.199511,-0.08565992,0.2460025,0.4222748999999999,-0.2542995,5.452343,15.25801,33.13
33,0.2547607,-0.1717224,0.9516296,1.0,0.1815338,-0.1887207,0.9650879,-31.55469,1.89624,-30.34293,3.252151,0.4867242999999999,0.5683978,1.0,0.3240967,-0.1543427,0.9333344,33.36378,2.393143,-28.22018,3.567825,0.4371712,0.513935,0.1138071999999999,1.199511,-0.08565992,0.2460025,0.4222748999999999,-0.2542995,5.452343,15.25801,33.13
33,0.2547607,-0.1717224,0.9516296,1.0,0.1815338,-0.1887207,0.9650879,-31.55469,1.89624,-30.34293,3.252151,0.4867242999999999,0.5683978,1.0,0.3240967,-0.1543427,0.9333344,33.36378,2.393143,-28.22018,3.567825,0.4371712,0.513935,0.1138071999999999,1.199511,-0.08565992,0.2460025,0.4222748999999999,-0.2542995,5.452343,15.25801,33.13
33,0.2518462999999999,-0.1662445,0.9533691,1.0,0.1795654,-0.1914978,0.96492,-31.55838,1.900452,-30.34161,3.259659,0.4871031,0.5685815,1.0,0.3184052,-0.1416016,0.9373016,33.35962,2.39682,-28.21814,3.745667,0.4380257999999999,0.5122942,0.1138071999999999,1.199511,-0.08565992,0.2460025,0.4222748999999999,-0.2542995,5.452343,15.25801,33.13
33,0.2518462999999999,-0.1662445,0.9533691,1.0,0.1795654,-0.1914978,0.96492,-31.55838,1.900452,-30.34161,3.259659,0.4871031,0.5685815,1.0,0.3184052,-0.1416016,0.9373016,33.35962,2.39682,-28.21814,3.745667,0.4380257999999999,0.5122942,0.1138071999999999,1.199511,-0.08565992,0.2460025,0.4222748999999999,-0.2542995,5.452343,15.25801,33.13
33,0.2518462999999999,-0.1662445,0.9533691,1.0,0.1795654,-0.1914978,0.96492,-31.55838,1.900452,-30.34161,3.259659,0.4871031,0.5685815,1.0,0.3184052,-0.1416016,0.9373016,33.35962,2.39682,-28.21814,3.745667,0.4380257999999999,0.5122942,0.1138071999999999,1.199511,-0.08565992,0.2460025,0.4222748999999999,-0.2542995,5.452343,15.25801,33.13
33,0.5776366999999999,-0.04039001,0.8152771,1.0,0.4558258,-0.03341675,0.8894196,-30.45206,2.301941,-30.78598,3.591965,0.4150475,0.5415755999999999,1.0,0.6160583000000001,-0.04257202,0.7865448,34.38564,2.938309,-28.7701,3.906601,0.3644433,0.4897321,0.1106865,1.2026,-0.08044153,0.2398652,0.4079257,-0.2489998999999999,5.452343,15.25801,33.13
33,0.5776366999999999,-0.04039001,0.8152771,1.0,0.4558258,-0.03341675,0.8894196,-30.45206,2.301941,-30.78598,3.591965,0.4150475,0.5415755999999999,1.0,0.6160583000000001,-0.04257202,0.7865448,34.38564,2.938309,-28.7701,3.906601,0.3644433,0.4897321,0.1106865,1.2026,-0.08044153,0.2398652,0.4079257,-0.2489998999999999,5.452343,15.25801,33.13
33,0.5776366999999999,-0.04039001,0.8152771,1.0,0.4558258,-0.03341675,0.8894196,-30.45206,2.301941,-30.78598,3.591965,0.4150475,0.5415755999999999,1.0,0.6160583000000001,-0.04257202,0.7865448,34.38564,2.938309,-28.7701,3.906601,0.3644433,0.4897321,0.1106865,1.2026,-0.08044153,0.2398652,0.4079257,-0.2489998999999999,5.452343,15.25801,33.13
33,0.5210724,-0.0617218,0.8512573,1.0,0.4237975999999999,-0.05999756,0.9037476,-30.73128,2.252884,-30.66016,3.5201260000000003,0.428721,0.5450231,1.0,0.5594482,-0.06221008,0.8265075999999999,34.23979,2.9077610000000003,-28.630370000000003,3.796463,0.3772667,0.4910797999999999,0.1041996,1.2082190000000002,-0.07140279,0.2295285,0.3837025,-0.2408150999999999,5.452343,15.25801,33.13
33,0.5210724,-0.0617218,0.8512573,1.0,0.4237975999999999,-0.05999756,0.9037476,-30.73128,2.252884,-30.66016,3.5201260000000003,0.428721,0.5450231,1.0,0.5594482,-0.06221008,0.8265075999999999,34.23979,2.9077610000000003,-28.630370000000003,3.796463,0.3772667,0.4910797999999999,0.1041996,1.2082190000000002,-0.07140279,0.2295285,0.3837025,-0.2408150999999999,5.452343,15.25801,33.13
33,0.5210724,-0.0617218,0.8512573,1.0,0.4237975999999999,-0.05999756,0.9037476,-30.73128,2.252884,-30.66016,3.5201260000000003,0.428721,0.5450231,1.0,0.5594482,-0.06221008,0.8265075999999999,34.23979,2.9077610000000003,-28.630370000000003,3.796463,0.3772667,0.4910797999999999,0.1041996,1.2082190000000002,-0.07140279,0.2295285,0.3837025,-0.2408150999999999,5.452343,15.25801,33.13
33,0.5210724,-0.0617218,0.8512573,1.0,0.4237975999999999,-0.05999756,0.9037476,-30.73128,2.252884,-30.66016,3.5201260000000003,0.428721,0.5450231,1.0,0.5594482,-0.06221008,0.8265075999999999,34.23979,2.9077610000000003,-28.630370000000003,3.796463,0.3772667,0.4910797999999999,0.1041996,1.2082190000000002,-0.07140279,0.2295285,0.3837025,-0.2408150999999999,5.452343,15.25801,33.13
33,0.5210724,-0.0617218,0.8512573,1.0,0.4237975999999999,-0.05999756,0.9037476,-30.73128,2.252884,-30.66016,3.5201260000000003,0.428721,0.5450231,1.0,0.5594482,-0.06221008,0.8265075999999999,34.23979,2.9077610000000003,-28.630370000000003,3.796463,0.3772667,0.4910797999999999,0.1041996,1.2082190000000002,-0.07140279,0.2295285,0.3837025,-0.2408150999999999,5.452343,15.25801,33.13
33,0.5210724,-0.0617218,0.8512573,1.0,0.4237975999999999,-0.05999756,0.9037476,-30.73128,2.252884,-30.66016,3.5201260000000003,0.428721,0.5450231,1.0,0.5594482,-0.06221008,0.8265075999999999,34.23979,2.9077610000000003,-28.630370000000003,3.796463,0.3772667,0.4910797999999999,0.1041996,1.2082190000000002,-0.07140279,0.2295285,0.3837025,-0.2408150999999999,5.452343,15.25801,33.13
33,0.4227448,-0.05633545,0.90448,1.0,0.3257294,-0.03872681,0.9446564,-31.05859,2.18248,-30.50223,3.533539,0.4524829000000001,0.5422999,1.0,0.4751434,-0.06593323,0.8774261000000001,33.8969,2.825394,-28.429,3.789642,0.4002217,0.4916561,0.1013781999999999,1.210575,-0.06782728,0.2256911,0.3738823,-0.235938,5.452343,118.3362,33.13
33,0.4227448,-0.05633545,0.90448,1.0,0.3257294,-0.03872681,0.9446564,-31.05859,2.18248,-30.50223,3.533539,0.4524829000000001,0.5422999,1.0,0.4751434,-0.06593323,0.8774261000000001,33.8969,2.825394,-28.429,3.789642,0.4002217,0.4916561,0.1013781999999999,1.210575,-0.06782728,0.2256911,0.3738823,-0.235938,5.452343,118.3362,33.13
33,0.4227448,-0.05633545,0.90448,1.0,0.3257294,-0.03872681,0.9446564,-31.05859,2.18248,-30.50223,3.533539,0.4524829000000001,0.5422999,1.0,0.4751434,-0.06593323,0.8774261000000001,33.8969,2.825394,-28.429,3.789642,0.4002217,0.4916561,0.1013781999999999,1.210575,-0.06782728,0.2256911,0.3738823,-0.235938,5.452343,118.3362,33.13
33,0.3366547,-0.1036682,0.9358978,1.0,0.2879027999999999,-0.09152222,0.9532623,-31.26552,2.181458,-30.41812,3.369431,0.4639937,0.5477215999999999,1.0,0.40802,-0.1213226,0.9048615,33.70341,2.8432310000000003,-28.29588,3.540909,0.415346,0.4959255,0.09899473,1.212696,-0.0651201,0.2223422,0.3677765,-0.2307598,5.452343,118.3362,33.13
33,0.3366547,-0.1036682,0.9358978,1.0,0.2879027999999999,-0.09152222,0.9532623,-31.26552,2.181458,-30.41812,3.369431,0.4639937,0.5477215999999999,1.0,0.40802,-0.1213226,0.9048615,33.70341,2.8432310000000003,-28.29588,3.540909,0.415346,0.4959255,0.09899473,1.212696,-0.0651201,0.2223422,0.3677765,-0.2307598,5.452343,118.3362,33.13
33,0.3366547,-0.1036682,0.9358978,1.0,0.2879027999999999,-0.09152222,0.9532623,-31.26552,2.181458,-30.41812,3.369431,0.4639937,0.5477215999999999,1.0,0.40802,-0.1213226,0.9048615,33.70341,2.8432310000000003,-28.29588,3.540909,0.415346,0.4959255,0.09899473,1.212696,-0.0651201,0.2223422,0.3677765,-0.2307598,5.452343,118.3362,33.13
33,0.3547210999999999,-0.1035918999999999,0.9291992,1.0,0.2480773999999999,-0.1333618,0.9595032,-31.39156,2.1691130000000003,-30.36612,3.198181,0.4729246,0.5525283000000001,1.0,0.4131622,-0.08607483,0.9065704,33.530359999999995,2.827148,-28.2769,3.66423,0.4206298,0.4921745,0.09698749,1.21462,-0.06309718,0.2200157999999999,0.3641145999999999,-0.2246512,5.452343,118.3362,33.13
33,0.3547210999999999,-0.1035918999999999,0.9291992,1.0,0.2480773999999999,-0.1333618,0.9595032,-31.39156,2.1691130000000003,-30.36612,3.198181,0.4729246,0.5525283000000001,1.0,0.4131622,-0.08607483,0.9065704,33.530359999999995,2.827148,-28.2769,3.66423,0.4206298,0.4921745,0.09698749,1.21462,-0.06309718,0.2200157999999999,0.3641145999999999,-0.2246512,5.452343,118.3362,33.13
33,0.3547210999999999,-0.1035918999999999,0.9291992,1.0,0.2480773999999999,-0.1333618,0.9595032,-31.39156,2.1691130000000003,-30.36612,3.198181,0.4729246,0.5525283000000001,1.0,0.4131622,-0.08607483,0.9065704,33.530359999999995,2.827148,-28.2769,3.66423,0.4206298,0.4921745,0.09698749,1.21462,-0.06309718,0.2200157999999999,0.3641145999999999,-0.2246512,5.452343,118.3362,33.13
33,0.3547210999999999,-0.1035918999999999,0.9291992,1.0,0.2480773999999999,-0.1333618,0.9595032,-31.39156,2.1691130000000003,-30.36612,3.198181,0.4729246,0.5525283000000001,1.0,0.4131622,-0.08607483,0.9065704,33.530359999999995,2.827148,-28.2769,3.66423,0.4206298,0.4921745,0.0953268999999999,1.216536,-0.06167406,0.2173380999999999,0.3629994,-0.2189651,5.452343,118.3362,33.13
33,0.3547210999999999,-0.1035918999999999,0.9291992,1.0,0.2480773999999999,-0.1333618,0.9595032,-31.39156,2.1691130000000003,-30.36612,3.198181,0.4729246,0.5525283000000001,1.0,0.4131622,-0.08607483,0.9065704,33.530359999999995,2.827148,-28.2769,3.66423,0.4206298,0.4921745,0.0953268999999999,1.216536,-0.06167406,0.2173380999999999,0.3629994,-0.2189651,5.452343,118.3362,33.13
33,0.3547210999999999,-0.1035918999999999,0.9291992,1.0,0.2480773999999999,-0.1333618,0.9595032,-31.39156,2.1691130000000003,-30.36612,3.198181,0.4729246,0.5525283000000001,1.0,0.4131622,-0.08607483,0.9065704,33.530359999999995,2.827148,-28.2769,3.66423,0.4206298,0.4921745,0.0953268999999999,1.216536,-0.06167406,0.2173380999999999,0.3629994,-0.2189651,5.452343,118.3362,33.13
33,0.3547210999999999,-0.1035918999999999,0.9291992,1.0,0.2480773999999999,-0.1333618,0.9595032,-31.39156,2.1691130000000003,-30.36612,3.198181,0.4729246,0.5525283000000001,1.0,0.4131622,-0.08607483,0.9065704,33.530359999999995,2.827148,-28.2769,3.66423,0.4206298,0.4921745,0.09377956,1.218349,-0.06082696,0.2157058,0.363413,-0.2128587,5.452343,118.3362,33.13
33,0.3547210999999999,-0.1035918999999999,0.9291992,1.0,0.2480773999999999,-0.1333618,0.9595032,-31.39156,2.1691130000000003,-30.36612,3.198181,0.4729246,0.5525283000000001,1.0,0.4131622,-0.08607483,0.9065704,33.530359999999995,2.827148,-28.2769,3.66423,0.4206298,0.4921745,0.09377956,1.218349,-0.06082696,0.2157058,0.363413,-0.2128587,5.452343,118.3362,33.13
33,0.3547210999999999,-0.1035918999999999,0.9291992,1.0,0.2480773999999999,-0.1333618,0.9595032,-31.39156,2.1691130000000003,-30.36612,3.198181,0.4729246,0.5525283000000001,1.0,0.4131622,-0.08607483,0.9065704,33.530359999999995,2.827148,-28.2769,3.66423,0.4206298,0.4921745,0.09377956,1.218349,-0.06082696,0.2157058,0.363413,-0.2128587,5.452343,118.3362,33.13
33,0.3023529,-0.1259918,0.9448242,1.0,0.2090607,-0.1499786,0.9663239,-31.49957,2.128098,-30.33481,3.202164,0.4814554,0.5554968000000001,1.0,0.3690033,-0.1076049999999999,0.923172,33.461870000000005,2.8056490000000003,-28.21811,3.654694,0.4284944999999999,0.4946733,0.09213519,1.222935,-0.06068772,0.2083702,0.3703143,-0.1996662,5.452343,33.14314,33.13
33,0.3023529,-0.1259918,0.9448242,1.0,0.2090607,-0.1499786,0.9663239,-31.49957,2.128098,-30.33481,3.202164,0.4814554,0.5554968000000001,1.0,0.3690033,-0.1076049999999999,0.923172,33.461870000000005,2.8056490000000003,-28.21811,3.654694,0.4284944999999999,0.4946733,0.09213519,1.222935,-0.06068772,0.2083702,0.3703143,-0.1996662,5.452343,33.14314,33.13
33,0.3023529,-0.1259918,0.9448242,1.0,0.2090607,-0.1499786,0.9663239,-31.49957,2.128098,-30.33481,3.202164,0.4814554,0.5554968000000001,1.0,0.3690033,-0.1076049999999999,0.923172,33.461870000000005,2.8056490000000003,-28.21811,3.654694,0.4284944999999999,0.4946733,0.09213519,1.222935,-0.06068772,0.2083702,0.3703143,-0.1996662,5.452343,33.14314,33.13
33,0.3024597,-0.1426544,0.9424133,1.0,0.2101593,-0.1531677,0.9655914,-31.50166,2.151703,-30.34935,3.131241,0.4812786,0.5552003000000001,1.0,0.3657227,-0.134491,0.9209442,33.47818,2.825546,-28.22028,3.441559,0.4283020999999999,0.4971644,0.09197593,1.226416,-0.06116432,0.2009932999999999,0.3770794,-0.1912154,5.452343,33.14314,33.13
33,0.3024597,-0.1426544,0.9424133,1.0,0.2101593,-0.1531677,0.9655914,-31.50166,2.151703,-30.34935,3.131241,0.4812786,0.5552003000000001,1.0,0.3657227,-0.134491,0.9209442,33.47818,2.825546,-28.22028,3.441559,0.4283020999999999,0.4971644,0.09197593,1.226416,-0.06116432,0.2009932999999999,0.3770794,-0.1912154,5.452343,33.14314,33.13
33,0.3024597,-0.1426544,0.9424133,1.0,0.2101593,-0.1531677,0.9655914,-31.50166,2.151703,-30.34935,3.131241,0.4812786,0.5552003000000001,1.0,0.3657227,-0.134491,0.9209442,33.47818,2.825546,-28.22028,3.441559,0.4283020999999999,0.4971644,0.09197593,1.226416,-0.06116432,0.2009932999999999,0.3770794,-0.1912154,5.452343,33.14314,33.13
33,0.3489532,0.01042175,0.9370728000000002,1.0,0.0,0.0,0.0,-31.5289,3.034866,-30.31586,-1.0,0.4892822,0.500931,1.0,0.3489532,0.01042175,0.9370728000000002,33.2655,3.751709,-28.1407,3.415482,0.4380630999999999,0.4478938,0.0926168,1.231064,-0.06200427,0.1891206,0.3860485,-0.1798571,5.452343,33.14314,33.13
33,0.3489532,0.01042175,0.9370728000000002,1.0,0.0,0.0,0.0,-31.5289,3.034866,-30.31586,-1.0,0.4892822,0.500931,1.0,0.3489532,0.01042175,0.9370728000000002,33.2655,3.751709,-28.1407,3.415482,0.4380630999999999,0.4478938,0.0926168,1.231064,-0.06200427,0.1891206,0.3860485,-0.1798571,5.452343,33.14314,33.13
33,0.3489532,0.01042175,0.9370728000000002,1.0,0.0,0.0,0.0,-31.5289,3.034866,-30.31586,-1.0,0.4892822,0.500931,1.0,0.3489532,0.01042175,0.9370728000000002,33.2655,3.751709,-28.1407,3.415482,0.4380630999999999,0.4478938,0.0926168,1.231064,-0.06200427,0.1891206,0.3860485,-0.1798571,5.452343,33.14314,33.13
33,-1.0,-1.0,-1.0,1.0,0.0,0.0,0.0,-31.65312,3.649185,-30.41653,-1.0,0.4900651,0.4621217000000001,1.0,0.0,0.0,0.0,33.0446,4.431625,-28.17827,-1.0,0.4538090999999999,0.4086254,0.09344435,1.236858,-0.06323737,0.1730712999999999,0.396476,-0.1661062,5.452343,33.14314,33.13
33,-1.0,-1.0,-1.0,1.0,0.0,0.0,0.0,-31.65312,3.649185,-30.41653,-1.0,0.4900651,0.4621217000000001,1.0,0.0,0.0,0.0,33.0446,4.431625,-28.17827,-1.0,0.4538090999999999,0.4086254,0.09344435,1.236858,-0.06323737,0.1730712999999999,0.396476,-0.1661062,5.452343,33.14314,33.13
33,-1.0,-1.0,-1.0,1.0,0.0,0.0,0.0,-31.65312,3.649185,-30.41653,-1.0,0.4900651,0.4621217000000001,1.0,0.0,0.0,0.0,33.0446,4.431625,-28.17827,-1.0,0.4538090999999999,0.4086254,0.09344435,1.236858,-0.06323737,0.1730712999999999,0.396476,-0.1661062,5.452343,33.14314,33.13
33,0.2945709,0.1712188999999999,0.940155,1.0,0.2248688,0.2201842999999999,0.949173,-31.695220000000003,3.37088,-30.43852,3.885452,0.4878659999999999,0.4695064999999999,1.0,0.3268585,0.1475525,0.9334717,33.21243,4.086608999999999,-28.21732,3.57605,0.4426087,0.4212264,0.09371448,1.242806,-0.06514472,0.1584876,0.4063867,-0.1522087,5.452343,-42.47146,33.13
33,0.2945709,0.1712188999999999,0.940155,1.0,0.2248688,0.2201842999999999,0.949173,-31.695220000000003,3.37088,-30.43852,3.885452,0.4878659999999999,0.4695064999999999,1.0,0.3268585,0.1475525,0.9334717,33.21243,4.086608999999999,-28.21732,3.57605,0.4426087,0.4212264,0.09371448,1.242806,-0.06514472,0.1584876,0.4063867,-0.1522087,5.452343,-42.47146,33.13
33,0.2945709,0.1712188999999999,0.940155,1.0,0.2248688,0.2201842999999999,0.949173,-31.695220000000003,3.37088,-30.43852,3.885452,0.4878659999999999,0.4695064999999999,1.0,0.3268585,0.1475525,0.9334717,33.21243,4.086608999999999,-28.21732,3.57605,0.4426087,0.4212264,0.09371448,1.242806,-0.06514472,0.1584876,0.4063867,-0.1522087,5.452343,-42.47146,33.13
33,0.252243,0.1266174,0.9593353,1.0,0.1500702,0.1142577999999999,0.9820404,-31.64909,3.092499,-30.32878,3.44696,0.4946282,0.4897998999999999,1.0,0.2973022,0.1317139,0.9456482,33.269420000000004,3.860062,-28.1936,3.496811,0.444317,0.4302473,0.09371448,1.242806,-0.06514472,0.1584876,0.4063867,-0.1522087,5.452343,-42.47146,33.13
33,0.252243,0.1266174,0.9593353,1.0,0.1500702,0.1142577999999999,0.9820404,-31.64909,3.092499,-30.32878,3.44696,0.4946282,0.4897998999999999,1.0,0.2973022,0.1317139,0.9456482,33.269420000000004,3.860062,-28.1936,3.496811,0.444317,0.4302473,0.09371448,1.242806,-0.06514472,0.1584876,0.4063867,-0.1522087,5.452343,-42.47146,33.13
33,0.252243,0.1266174,0.9593353,1.0,0.1500702,0.1142577999999999,0.9820404,-31.64909,3.092499,-30.32878,3.44696,0.4946282,0.4897998999999999,1.0,0.2973022,0.1317139,0.9456482,33.269420000000004,3.860062,-28.1936,3.496811,0.444317,0.4302473,0.09371448,1.242806,-0.06514472,0.1584876,0.4063867,-0.1522087,5.452343,-42.47146,33.13
33,0.289856,0.08572388,0.9532166,1.0,0.2032013,0.08648682,0.975296,-31.608290000000004,2.860107,-30.350690000000004,3.254013,0.4864004,0.5012963,1.0,0.3231964,0.08525085,0.9424744,33.38109,3.587448,-28.22649,3.42392,0.437284,0.4450694999999999,0.09346223,1.2488290000000002,-0.06754369,0.143417,0.4164001,-0.1391725,5.452343,-42.47146,33.13
33,0.289856,0.08572388,0.9532166,1.0,0.2032013,0.08648682,0.975296,-31.608290000000004,2.860107,-30.350690000000004,3.254013,0.4864004,0.5012963,1.0,0.3231964,0.08525085,0.9424744,33.38109,3.587448,-28.22649,3.42392,0.437284,0.4450694999999999,0.09346223,1.2488290000000002,-0.06754369,0.143417,0.4164001,-0.1391725,5.452343,-42.47146,33.13
33,0.289856,0.08572388,0.9532166,1.0,0.2032013,0.08648682,0.975296,-31.608290000000004,2.860107,-30.350690000000004,3.254013,0.4864004,0.5012963,1.0,0.3231964,0.08525085,0.9424744,33.38109,3.587448,-28.22649,3.42392,0.437284,0.4450694999999999,0.09346223,1.2488290000000002,-0.06754369,0.143417,0.4164001,-0.1391725,5.452343,-42.47146,33.13
34,0.2843627999999999,0.05169678,0.9573059000000002,1.0,0.1775665,0.01585388,0.9839783,-31.58983,2.786896,-30.32277,3.112961,0.4886255,0.5118518,1.0,0.3285217,0.06669617,0.9421234,33.412409999999994,3.4621120000000003,-28.23056,3.372437,0.435536,0.4514463999999999,0.09281278,1.2551219999999998,-0.07007378,0.1277868999999999,0.4252846999999999,-0.1247658999999999,5.452343,-42.47146,33.13
34,0.2843627999999999,0.05169678,0.9573059000000002,1.0,0.1775665,0.01585388,0.9839783,-31.58983,2.786896,-30.32277,3.112961,0.4886255,0.5118518,1.0,0.3285217,0.06669617,0.9421234,33.412409999999994,3.4621120000000003,-28.23056,3.372437,0.435536,0.4514463999999999,0.09281278,1.2551219999999998,-0.07007378,0.1277868999999999,0.4252846999999999,-0.1247658999999999,5.452343,-42.47146,33.13
34,0.2843627999999999,0.05169678,0.9573059000000002,1.0,0.1775665,0.01585388,0.9839783,-31.58983,2.786896,-30.32277,3.112961,0.4886255,0.5118518,1.0,0.3285217,0.06669617,0.9421234,33.412409999999994,3.4621120000000003,-28.23056,3.372437,0.435536,0.4514463999999999,0.09281278,1.2551219999999998,-0.07007378,0.1277868999999999,0.4252846999999999,-0.1247658999999999,5.452343,-42.47146,33.13
34,0.1724547999999999,0.1544647,0.9728241,1.0,0.06947327,0.1215363,0.9901428,-32.02937,3.480392,-30.34712,3.3177800000000004,0.5174593,0.4754612,1.0,0.2198485999999999,0.16922,0.9607391,32.82629,4.025574,-28.17261,3.537659,0.4687027,0.4201738,0.09066868,1.269346,-0.07597458,0.09138306,0.4414462,-0.09334117,5.452343,-42.47146,33.13
34,0.1724547999999999,0.1544647,0.9728241,1.0,0.06947327,0.1215363,0.9901428,-32.02937,3.480392,-30.34712,3.3177800000000004,0.5174593,0.4754612,1.0,0.2198485999999999,0.16922,0.9607391,32.82629,4.025574,-28.17261,3.537659,0.4687027,0.4201738,0.09066868,1.269346,-0.07597458,0.09138306,0.4414462,-0.09334117,5.452343,-42.47146,33.13
34,0.1724547999999999,0.1544647,0.9728241,1.0,0.06947327,0.1215363,0.9901428,-32.02937,3.480392,-30.34712,3.3177800000000004,0.5174593,0.4754612,1.0,0.2198485999999999,0.16922,0.9607391,32.82629,4.025574,-28.17261,3.537659,0.4687027,0.4201738,0.09066868,1.269346,-0.07597458,0.09138306,0.4414462,-0.09334117,5.452343,-42.47146,33.13
34,0.1499481,0.1865997,0.9709167,1.0,0.07521057,0.1914215,0.9786072,-32.19197,3.535049,-30.39143,3.546921,0.5227231,0.4660159,1.0,0.1846313,0.1839752,0.9654236,32.70503,3.989349,-28.18497,3.443909,0.4770609999999999,0.4196313,0.08838773,1.275551,-0.0795669,0.0765668,0.4475032999999999,-0.0789694,5.452343,-42.47146,33.13
34,0.1499481,0.1865997,0.9709167,1.0,0.07521057,0.1914215,0.9786072,-32.19197,3.535049,-30.39143,3.546921,0.5227231,0.4660159,1.0,0.1846313,0.1839752,0.9654236,32.70503,3.989349,-28.18497,3.443909,0.4770609999999999,0.4196313,0.08838773,1.275551,-0.0795669,0.0765668,0.4475032999999999,-0.0789694,5.452343,-42.47146,33.13
34,0.1499481,0.1865997,0.9709167,1.0,0.07521057,0.1914215,0.9786072,-32.19197,3.535049,-30.39143,3.546921,0.5227231,0.4660159,1.0,0.1846313,0.1839752,0.9654236,32.70503,3.989349,-28.18497,3.443909,0.4770609999999999,0.4196313,0.08838773,1.275551,-0.0795669,0.0765668,0.4475032999999999,-0.0789694,5.452343,-42.47146,33.13
34,0.1499481,0.1865997,0.9709167,1.0,0.07521057,0.1914215,0.9786072,-32.19197,3.535049,-30.39143,3.546921,0.5227231,0.4660159,1.0,0.1846313,0.1839752,0.9654236,32.70503,3.989349,-28.18497,3.443909,0.4770609999999999,0.4196313,0.08542776,1.280742,-0.08367729,0.06402422,0.4530608,-0.06828238,5.452343,-53.25005,33.13
34,0.1499481,0.1865997,0.9709167,1.0,0.07521057,0.1914215,0.9786072,-32.19197,3.535049,-30.39143,3.546921,0.5227231,0.4660159,1.0,0.1846313,0.1839752,0.9654236,32.70503,3.989349,-28.18497,3.443909,0.4770609999999999,0.4196313,0.08542776,1.280742,-0.08367729,0.06402422,0.4530608,-0.06828238,5.452343,-53.25005,33.13
34,0.1499481,0.1865997,0.9709167,1.0,0.07521057,0.1914215,0.9786072,-32.19197,3.535049,-30.39143,3.546921,0.5227231,0.4660159,1.0,0.1846313,0.1839752,0.9654236,32.70503,3.989349,-28.18497,3.443909,0.4770609999999999,0.4196313,0.08542776,1.280742,-0.08367729,0.06402422,0.4530608,-0.06828238,5.452343,-53.25005,33.13
34,0.151474,0.1708221,0.9735718,1.0,0.06748962,0.1534576,0.9858398000000002,-32.201190000000004,3.409561,-30.46227,3.485428,0.5238962,0.4753416,1.0,0.1870422,0.1778564,0.9661102,32.72807,3.895493,-28.19725,3.47612,0.4759529999999999,0.4236130999999999,0.08213925,1.285347,-0.08759224,0.05291561,0.4585787,-0.05985965,5.452343,-53.25005,33.13
34,0.151474,0.1708221,0.9735718,1.0,0.06748962,0.1534576,0.9858398000000002,-32.201190000000004,3.409561,-30.46227,3.485428,0.5238962,0.4753416,1.0,0.1870422,0.1778564,0.9661102,32.72807,3.895493,-28.19725,3.47612,0.4759529999999999,0.4236130999999999,0.08213925,1.285347,-0.08759224,0.05291561,0.4585787,-0.05985965,5.452343,-53.25005,33.13
34,0.151474,0.1708221,0.9735718,1.0,0.06748962,0.1534576,0.9858398000000002,-32.201190000000004,3.409561,-30.46227,3.485428,0.5238962,0.4753416,1.0,0.1870422,0.1778564,0.9661102,32.72807,3.895493,-28.19725,3.47612,0.4759529999999999,0.4236130999999999,0.08213925,1.285347,-0.08759224,0.05291561,0.4585787,-0.05985965,5.452343,-53.25005,33.13
34,0.07250977,0.01557922,0.9972382,1.0,0.07250977,0.01557922,0.9972382,-32.18945,2.811478,-31.326490000000003,3.081451,0.5226135000000001,0.5198314,1.0,0.2272186,0.00819397,0.9738007,32.859759999999994,3.130142,-27.73047,3.336411,0.4666850999999999,0.46513,0.08213925,1.285347,-0.08759224,0.05291561,0.4585787,-0.05985965,5.452343,-53.25005,33.13
34,0.07250977,0.01557922,0.9972382,1.0,0.07250977,0.01557922,0.9972382,-32.18945,2.811478,-31.326490000000003,3.081451,0.5226135000000001,0.5198314,1.0,0.2272186,0.00819397,0.9738007,32.859759999999994,3.130142,-27.73047,3.336411,0.4666850999999999,0.46513,0.08213925,1.285347,-0.08759224,0.05291561,0.4585787,-0.05985965,5.452343,-53.25005,33.13
34,0.07250977,0.01557922,0.9972382,1.0,0.07250977,0.01557922,0.9972382,-32.18945,2.811478,-31.326490000000003,3.081451,0.5226135000000001,0.5198314,1.0,0.2272186,0.00819397,0.9738007,32.859759999999994,3.130142,-27.73047,3.336411,0.4666850999999999,0.46513,0.08213925,1.285347,-0.08759224,0.05291561,0.4585787,-0.05985965,5.452343,-53.25005,33.13
34,0.07250977,0.01557922,0.9972382,1.0,0.07250977,0.01557922,0.9972382,-32.18945,2.811478,-31.326490000000003,3.081451,0.5226135000000001,0.5198314,1.0,0.2272186,0.00819397,0.9738007,32.859759999999994,3.130142,-27.73047,3.336411,0.4666850999999999,0.46513,0.07876635,1.289025,-0.09162277,0.04469708,0.4632489999999999,-0.05431347,5.452343,-53.25005,33.13
34,0.07250977,0.01557922,0.9972382,1.0,0.07250977,0.01557922,0.9972382,-32.18945,2.811478,-31.326490000000003,3.081451,0.5226135000000001,0.5198314,1.0,0.2272186,0.00819397,0.9738007,32.859759999999994,3.130142,-27.73047,3.336411,0.4666850999999999,0.46513,0.07876635,1.289025,-0.09162277,0.04469708,0.4632489999999999,-0.05431347,5.452343,-53.25005,33.13
34,0.07250977,0.01557922,0.9972382,1.0,0.07250977,0.01557922,0.9972382,-32.18945,2.811478,-31.326490000000003,3.081451,0.5226135000000001,0.5198314,1.0,0.2272186,0.00819397,0.9738007,32.859759999999994,3.130142,-27.73047,3.336411,0.4666850999999999,0.46513,0.07876635,1.289025,-0.09162277,0.04469708,0.4632489999999999,-0.05431347,5.452343,-53.25005,33.13
34,0.07250977,0.01557922,0.9972382,1.0,0.07250977,0.01557922,0.9972382,-32.18945,2.811478,-31.326490000000003,3.081451,0.5226135000000001,0.5198314,1.0,0.2272186,0.00819397,0.9738007,32.859759999999994,3.130142,-27.73047,3.336411,0.4666850999999999,0.46513,0.07570004,1.292652,-0.09561211,0.03551491,0.4677641999999999,-0.04853535,5.452343,-53.25005,33.13
34,0.07250977,0.01557922,0.9972382,1.0,0.07250977,0.01557922,0.9972382,-32.18945,2.811478,-31.326490000000003,3.081451,0.5226135000000001,0.5198314,1.0,0.2272186,0.00819397,0.9738007,32.859759999999994,3.130142,-27.73047,3.336411,0.4666850999999999,0.46513,0.07570004,1.292652,-0.09561211,0.03551491,0.4677641999999999,-0.04853535,5.452343,-53.25005,33.13
34,0.07250977,0.01557922,0.9972382,1.0,0.07250977,0.01557922,0.9972382,-32.18945,2.811478,-31.326490000000003,3.081451,0.5226135000000001,0.5198314,1.0,0.2272186,0.00819397,0.9738007,32.859759999999994,3.130142,-27.73047,3.336411,0.4666850999999999,0.46513,0.07570004,1.292652,-0.09561211,0.03551491,0.4677641999999999,-0.04853535,5.452343,-53.25005,33.13
34,0.1011963,-0.1127471999999999,0.9884491,1.0,0.101181,-0.1127471999999999,0.9884491,-32.16031,2.446213,-30.61143,2.872681,0.5173506,0.5417896,1.0,0.227066,-0.0668335,0.9715729,33.019740000000006,3.260422,-29.13565,3.24826,0.4606548,0.4813705,0.07273674,1.295573,-0.0995093,0.02840857,0.4719575,-0.04329798,5.452343,-53.25005,33.13
34,0.1011963,-0.1127471999999999,0.9884491,1.0,0.101181,-0.1127471999999999,0.9884491,-32.16031,2.446213,-30.61143,2.872681,0.5173506,0.5417896,1.0,0.227066,-0.0668335,0.9715729,33.019740000000006,3.260422,-29.13565,3.24826,0.4606548,0.4813705,0.07273674,1.295573,-0.0995093,0.02840857,0.4719575,-0.04329798,5.452343,-53.25005,33.13
34,0.1011963,-0.1127471999999999,0.9884491,1.0,0.101181,-0.1127471999999999,0.9884491,-32.16031,2.446213,-30.61143,2.872681,0.5173506,0.5417896,1.0,0.227066,-0.0668335,0.9715729,33.019740000000006,3.260422,-29.13565,3.24826,0.4606548,0.4813705,0.07273674,1.295573,-0.0995093,0.02840857,0.4719575,-0.04329798,5.452343,-53.25005,33.13
34,0.1318359,0.01583862,0.9911346,1.0,0.0,0.0,0.0,-32.60078,2.860199,-30.40973,-1.0,0.5471573000000001,0.5142118,1.0,0.1318359,0.01583862,0.9911346,32.48448,3.670181,-28.99133,3.086914,0.4906697,0.4562706,0.06808448,1.301906,-0.107771,0.01212251,0.4817327999999999,-0.03191573,5.366488,-21.14964,33.13
34,0.1318359,0.01583862,0.9911346,1.0,0.0,0.0,0.0,-32.60078,2.860199,-30.40973,-1.0,0.5471573000000001,0.5142118,1.0,0.1318359,0.01583862,0.9911346,32.48448,3.670181,-28.99133,3.086914,0.4906697,0.4562706,0.06808448,1.301906,-0.107771,0.01212251,0.4817327999999999,-0.03191573,5.366488,-21.14964,33.13
34,0.1318359,0.01583862,0.9911346,1.0,0.0,0.0,0.0,-32.60078,2.860199,-30.40973,-1.0,0.5471573000000001,0.5142118,1.0,0.1318359,0.01583862,0.9911346,32.48448,3.670181,-28.99133,3.086914,0.4906697,0.4562706,0.06808448,1.301906,-0.107771,0.01212251,0.4817327999999999,-0.03191573,5.366488,-21.14964,33.13
34,0.1264191,0.0771636999999999,0.9889679,1.0,0.0,0.0,0.0,-32.74689,3.153442,-30.68208,-1.0,0.5545679,0.5031399999999999,1.0,0.1264191,0.0771636999999999,0.9889679,32.16608,3.580215,-27.97166,3.2997440000000005,0.5021405,0.4440363,0.06620693,1.304033,-0.1118386,0.007639885,0.4865517,-0.02756438,5.366488,-21.14964,33.13
34,0.1264191,0.0771636999999999,0.9889679,1.0,0.0,0.0,0.0,-32.74689,3.153442,-30.68208,-1.0,0.5545679,0.5031399999999999,1.0,0.1264191,0.0771636999999999,0.9889679,32.16608,3.580215,-27.97166,3.2997440000000005,0.5021405,0.4440363,0.06620693,1.304033,-0.1118386,0.007639885,0.4865517,-0.02756438,5.366488,-21.14964,33.13
34,0.1264191,0.0771636999999999,0.9889679,1.0,0.0,0.0,0.0,-32.74689,3.153442,-30.68208,-1.0,0.5545679,0.5031399999999999,1.0,0.1264191,0.0771636999999999,0.9889679,32.16608,3.580215,-27.97166,3.2997440000000005,0.5021405,0.4440363,0.06620693,1.304033,-0.1118386,0.007639885,0.4865517,-0.02756438,5.366488,-21.14964,33.13
34,-0.1066589,0.06439209,0.9922028,1.0,-0.1066589,0.06439209,0.9922028,-33.164629999999995,3.4845580000000003,-30.92458,3.1617740000000003,0.5785602,0.4872127,1.0,0.02165222,0.1496429,0.9884949,31.82346,3.56514,-27.24747,3.306747,0.5261312,0.4304814,0.06451702,1.306298,-0.1160237,0.003133666,0.4920401,-0.02310936,5.366488,-21.14964,33.13
34,-0.1066589,0.06439209,0.9922028,1.0,-0.1066589,0.06439209,0.9922028,-33.164629999999995,3.4845580000000003,-30.92458,3.1617740000000003,0.5785602,0.4872127,1.0,0.02165222,0.1496429,0.9884949,31.82346,3.56514,-27.24747,3.306747,0.5261312,0.4304814,0.06451702,1.306298,-0.1160237,0.003133666,0.4920401,-0.02310936,5.366488,-21.14964,33.13
34,-0.1066589,0.06439209,0.9922028,1.0,-0.1066589,0.06439209,0.9922028,-33.164629999999995,3.4845580000000003,-30.92458,3.1617740000000003,0.5785602,0.4872127,1.0,0.02165222,0.1496429,0.9884949,31.82346,3.56514,-27.24747,3.306747,0.5261312,0.4304814,0.06451702,1.306298,-0.1160237,0.003133666,0.4920401,-0.02310936,5.366488,-21.14964,33.13
34,-0.1066589,0.06439209,0.9922028,1.0,-0.1066589,0.06439209,0.9922028,-33.164629999999995,3.4845580000000003,-30.92458,3.1617740000000003,0.5785602,0.4872127,1.0,0.02165222,0.1496429,0.9884949,31.82346,3.56514,-27.24747,3.306747,0.5261312,0.4304814,0.06339765,1.308258,-0.1201276,-0.0008544922,0.4978217,-0.01866399,5.366488,-21.14964,33.15
34,-0.1066589,0.06439209,0.9922028,1.0,-0.1066589,0.06439209,0.9922028,-33.164629999999995,3.4845580000000003,-30.92458,3.1617740000000003,0.5785602,0.4872127,1.0,0.02165222,0.1496429,0.9884949,31.82346,3.56514,-27.24747,3.306747,0.5261312,0.4304814,0.06339765,1.308258,-0.1201276,-0.0008544922,0.4978217,-0.01866399,5.366488,-21.14964,33.15
34,-0.1066589,0.06439209,0.9922028,1.0,-0.1066589,0.06439209,0.9922028,-33.164629999999995,3.4845580000000003,-30.92458,3.1617740000000003,0.5785602,0.4872127,1.0,0.02165222,0.1496429,0.9884949,31.82346,3.56514,-27.24747,3.306747,0.5261312,0.4304814,0.06339765,1.308258,-0.1201276,-0.0008544922,0.4978217,-0.01866399,5.366488,-21.14964,33.15
34,-0.08778381,0.03094482,0.9956511999999998,1.0,-0.08781433,0.03092957,0.9956511999999998,-33.10432,3.131912,-30.59209,3.026855,0.5736729,0.5003313,1.0,0.08337402,0.09378052,0.9920807,31.98778,3.470825,-27.65033,3.328949,0.5132447,0.4432223,0.06258774,1.310309,-0.1242476,-0.005851104,0.5046169,-0.01425481,5.366488,10.70873,33.15
34,-0.08778381,0.03094482,0.9956511999999998,1.0,-0.08781433,0.03092957,0.9956511999999998,-33.10432,3.131912,-30.59209,3.026855,0.5736729,0.5003313,1.0,0.08337402,0.09378052,0.9920807,31.98778,3.470825,-27.65033,3.328949,0.5132447,0.4432223,0.06258774,1.310309,-0.1242476,-0.005851104,0.5046169,-0.01425481,5.366488,10.70873,33.15
34,-0.08778381,0.03094482,0.9956511999999998,1.0,-0.08781433,0.03092957,0.9956511999999998,-33.10432,3.131912,-30.59209,3.026855,0.5736729,0.5003313,1.0,0.08337402,0.09378052,0.9920807,31.98778,3.470825,-27.65033,3.328949,0.5132447,0.4432223,0.06258774,1.310309,-0.1242476,-0.005851104,0.5046169,-0.01425481,5.366488,10.70873,33.15
34,0.04156494,0.06822205,0.9967957,1.0,-0.06672668,0.02801514,0.9973755,-33.031009999999995,3.000839,-30.32458,3.020813,0.5682842,0.5027773,1.0,0.07983398,0.08224487,0.9934082,32.03082,3.445465,-27.59047,3.219879,0.5122979,0.4447960999999999,0.0614934,1.312124,-0.1284825,-0.01080822,0.5122340999999999,-0.01034253,5.366488,10.70873,33.15
34,0.04156494,0.06822205,0.9967957,1.0,-0.06672668,0.02801514,0.9973755,-33.031009999999995,3.000839,-30.32458,3.020813,0.5682842,0.5027773,1.0,0.07983398,0.08224487,0.9934082,32.03082,3.445465,-27.59047,3.219879,0.5122979,0.4447960999999999,0.0614934,1.312124,-0.1284825,-0.01080822,0.5122340999999999,-0.01034253,5.366488,10.70873,33.15
34,0.04156494,0.06822205,0.9967957,1.0,-0.06672668,0.02801514,0.9973755,-33.031009999999995,3.000839,-30.32458,3.020813,0.5682842,0.5027773,1.0,0.07983398,0.08224487,0.9934082,32.03082,3.445465,-27.59047,3.219879,0.5122979,0.4447960999999999,0.0614934,1.312124,-0.1284825,-0.01080822,0.5122340999999999,-0.01034253,5.366488,10.70873,33.15
34,-0.02915955,0.01681519,0.9994202,1.0,-0.05831909,0.009307861,0.9982452,-32.95711,2.903366,-30.34007,2.81987,0.5645058000000001,0.5083297,1.0,0.1113892,0.0526885999999999,0.9923706,32.16771,3.213455,-27.1917,3.036713,0.504073,0.4524844,0.0614934,1.312124,-0.1284825,-0.01080822,0.5122340999999999,-0.01034253,5.366488,10.70873,33.15
34,-0.02915955,0.01681519,0.9994202,1.0,-0.05831909,0.009307861,0.9982452,-32.95711,2.903366,-30.34007,2.81987,0.5645058000000001,0.5083297,1.0,0.1113892,0.0526885999999999,0.9923706,32.16771,3.213455,-27.1917,3.036713,0.504073,0.4524844,0.0614934,1.312124,-0.1284825,-0.01080822,0.5122340999999999,-0.01034253,5.366488,10.70873,33.15
34,-0.02915955,0.01681519,0.9994202,1.0,-0.05831909,0.009307861,0.9982452,-32.95711,2.903366,-30.34007,2.81987,0.5645058000000001,0.5083297,1.0,0.1113892,0.0526885999999999,0.9923706,32.16771,3.213455,-27.1917,3.036713,0.504073,0.4524844,0.0614934,1.312124,-0.1284825,-0.01080822,0.5122340999999999,-0.01034253,5.366488,10.70873,33.15
34,-0.03483582,-0.009765625,0.9993439,1.0,-0.03503418,-0.0098114009999999,0.9993286,-32.87529,2.7192380000000003,-30.03915,2.735092,0.5584663000000001,0.5142162,1.0,0.1049346999999999,0.01618958,0.994339,32.381820000000005,3.512543,-28.33447,3.063232,0.4975031,0.4561024,0.06022811,1.313325,-0.1328914,-0.01450584,0.5202529,-0.007363785,5.366488,10.70873,33.15
34,-0.03483582,-0.009765625,0.9993439,1.0,-0.03503418,-0.0098114009999999,0.9993286,-32.87529,2.7192380000000003,-30.03915,2.735092,0.5584663000000001,0.5142162,1.0,0.1049346999999999,0.01618958,0.994339,32.381820000000005,3.512543,-28.33447,3.063232,0.4975031,0.4561024,0.06022811,1.313325,-0.1328914,-0.01450584,0.5202529,-0.007363785,5.366488,10.70873,33.15
34,-0.03483582,-0.009765625,0.9993439,1.0,-0.03503418,-0.0098114009999999,0.9993286,-32.87529,2.7192380000000003,-30.03915,2.735092,0.5584663000000001,0.5142162,1.0,0.1049346999999999,0.01618958,0.994339,32.381820000000005,3.512543,-28.33447,3.063232,0.4975031,0.4561024,0.06022811,1.313325,-0.1328914,-0.01450584,0.5202529,-0.007363785,5.366488,10.70873,33.15
34,-0.03483582,-0.009765625,0.9993439,1.0,-0.03503418,-0.0098114009999999,0.9993286,-32.87529,2.7192380000000003,-30.03915,2.735092,0.5584663000000001,0.5142162,1.0,0.1049346999999999,0.01618958,0.994339,32.381820000000005,3.512543,-28.33447,3.063232,0.4975031,0.4561024,0.05729127,1.31599,-0.1416779,-0.02245215,0.5380161999999999,0.0008501214,5.366488,10.70873,33.15
34,-0.03483582,-0.009765625,0.9993439,1.0,-0.03503418,-0.0098114009999999,0.9993286,-32.87529,2.7192380000000003,-30.03915,2.735092,0.5584663000000001,0.5142162,1.0,0.1049346999999999,0.01618958,0.994339,32.381820000000005,3.512543,-28.33447,3.063232,0.4975031,0.4561024,0.05729127,1.31599,-0.1416779,-0.02245215,0.5380161999999999,0.0008501214,5.366488,10.70873,33.15
34,-0.03483582,-0.009765625,0.9993439,1.0,-0.03503418,-0.0098114009999999,0.9993286,-32.87529,2.7192380000000003,-30.03915,2.735092,0.5584663000000001,0.5142162,1.0,0.1049346999999999,0.01618958,0.994339,32.381820000000005,3.512543,-28.33447,3.063232,0.4975031,0.4561024,0.05729127,1.31599,-0.1416779,-0.02245215,0.5380161999999999,0.0008501214,5.366488,10.70873,33.15
34,-0.03483582,-0.009765625,0.9993439,1.0,-0.03503418,-0.0098114009999999,0.9993286,-32.87529,2.7192380000000003,-30.03915,2.735092,0.5584663000000001,0.5142162,1.0,0.1049346999999999,0.01618958,0.994339,32.381820000000005,3.512543,-28.33447,3.063232,0.4975031,0.4561024,0.05555058,1.316645,-0.1461944,-0.02438108,0.5472630999999999,0.003575639,5.366488,28.97601,33.15
34,-0.03483582,-0.009765625,0.9993439,1.0,-0.03503418,-0.0098114009999999,0.9993286,-32.87529,2.7192380000000003,-30.03915,2.735092,0.5584663000000001,0.5142162,1.0,0.1049346999999999,0.01618958,0.994339,32.381820000000005,3.512543,-28.33447,3.063232,0.4975031,0.4561024,0.05555058,1.316645,-0.1461944,-0.02438108,0.5472630999999999,0.003575639,5.366488,28.97601,33.15
34,-0.03483582,-0.009765625,0.9993439,1.0,-0.03503418,-0.0098114009999999,0.9993286,-32.87529,2.7192380000000003,-30.03915,2.735092,0.5584663000000001,0.5142162,1.0,0.1049346999999999,0.01618958,0.994339,32.381820000000005,3.512543,-28.33447,3.063232,0.4975031,0.4561024,0.05555058,1.316645,-0.1461944,-0.02438108,0.5472630999999999,0.003575639,5.366488,28.97601,33.15
34,0.05247498,-0.04922485,0.997406,1.0,0.03839111,-0.05105591,0.9979553,-32.542790000000004,2.820801,-30.92982,2.772049,0.5385137,0.5238484999999999,1.0,0.1514282,-0.03599548,0.9878082,32.68224,3.384842,-28.48401,2.972656,0.4817291,0.4677545,0.05420184,1.317604,-0.1504381,-0.02670049,0.5568709,0.006966569,5.366488,28.97601,33.15
34,0.05247498,-0.04922485,0.997406,1.0,0.03839111,-0.05105591,0.9979553,-32.542790000000004,2.820801,-30.92982,2.772049,0.5385137,0.5238484999999999,1.0,0.1514282,-0.03599548,0.9878082,32.68224,3.384842,-28.48401,2.972656,0.4817291,0.4677545,0.05420184,1.317604,-0.1504381,-0.02670049,0.5568709,0.006966569,5.366488,28.97601,33.15
34,0.05247498,-0.04922485,0.997406,1.0,0.03839111,-0.05105591,0.9979553,-32.542790000000004,2.820801,-30.92982,2.772049,0.5385137,0.5238484999999999,1.0,0.1514282,-0.03599548,0.9878082,32.68224,3.384842,-28.48401,2.972656,0.4817291,0.4677545,0.05420184,1.317604,-0.1504381,-0.02670049,0.5568709,0.006966569,5.366488,28.97601,33.15
34,0.1954803,-0.0307312,0.9802094,1.0,0.04808044,-0.07209778,0.9962311,-32.44469,2.706573,-30.51404,2.719513,0.5335816,0.5266211999999999,1.0,0.1955109,-0.03071594,0.9802094,32.79182,3.403503,-28.60712,3.041687,0.4726039000000001,0.4675862,0.05267668,1.318315,-0.1546287999999999,-0.02774006,0.5662709,0.009964258,5.366488,28.97601,33.15
34,0.1954803,-0.0307312,0.9802094,1.0,0.04808044,-0.07209778,0.9962311,-32.44469,2.706573,-30.51404,2.719513,0.5335816,0.5266211999999999,1.0,0.1955109,-0.03071594,0.9802094,32.79182,3.403503,-28.60712,3.041687,0.4726039000000001,0.4675862,0.05267668,1.318315,-0.1546287999999999,-0.02774006,0.5662709,0.009964258,5.366488,28.97601,33.15
34,0.1954803,-0.0307312,0.9802094,1.0,0.04808044,-0.07209778,0.9962311,-32.44469,2.706573,-30.51404,2.719513,0.5335816,0.5266211999999999,1.0,0.1955109,-0.03071594,0.9802094,32.79182,3.403503,-28.60712,3.041687,0.4726039000000001,0.4675862,0.05267668,1.318315,-0.1546287999999999,-0.02774006,0.5662709,0.009964258,5.366488,28.97601,33.15
34,0.1925507,-0.04901123,0.9800568,1.0,0.04983521,-0.05552673,0.9972076,-32.471709999999995,2.7515560000000003,-30.75853,2.704086,0.5344309,0.5252165,1.0,0.192627,-0.04899597,0.9800415,32.7547,3.327667,-28.35152,2.884033,0.4743416,0.4700925999999999,0.05111742,1.318927,-0.1589697,-0.02993536,0.5759204000000001,0.01303354,5.366488,28.97601,33.15
34,0.1925507,-0.04901123,0.9800568,1.0,0.04983521,-0.05552673,0.9972076,-32.471709999999995,2.7515560000000003,-30.75853,2.704086,0.5344309,0.5252165,1.0,0.192627,-0.04899597,0.9800415,32.7547,3.327667,-28.35152,2.884033,0.4743416,0.4700925999999999,0.05111742,1.318927,-0.1589697,-0.02993536,0.5759204000000001,0.01303354,5.366488,28.97601,33.15
34,0.1925507,-0.04901123,0.9800568,1.0,0.04983521,-0.05552673,0.9972076,-32.471709999999995,2.7515560000000003,-30.75853,2.704086,0.5344309,0.5252165,1.0,0.192627,-0.04899597,0.9800415,32.7547,3.327667,-28.35152,2.884033,0.4743416,0.4700925999999999,0.05111742,1.318927,-0.1589697,-0.02993536,0.5759204000000001,0.01303354,5.366488,28.97601,33.15
34,0.1925507,-0.04901123,0.9800568,1.0,0.04983521,-0.05552673,0.9972076,-32.471709999999995,2.7515560000000003,-30.75853,2.704086,0.5344309,0.5252165,1.0,0.192627,-0.04899597,0.9800415,32.7547,3.327667,-28.35152,2.884033,0.4743416,0.4700925999999999,0.05111742,1.318927,-0.1589697,-0.02993536,0.5759204000000001,0.01303354,5.366488,28.97601,33.15
34,0.1925507,-0.04901123,0.9800568,1.0,0.04983521,-0.05552673,0.9972076,-32.471709999999995,2.7515560000000003,-30.75853,2.704086,0.5344309,0.5252165,1.0,0.192627,-0.04899597,0.9800415,32.7547,3.327667,-28.35152,2.884033,0.4743416,0.4700925999999999,0.05111742,1.318927,-0.1589697,-0.02993536,0.5759204000000001,0.01303354,5.366488,28.97601,33.15
34,0.1925507,-0.04901123,0.9800568,1.0,0.04983521,-0.05552673,0.9972076,-32.471709999999995,2.7515560000000003,-30.75853,2.704086,0.5344309,0.5252165,1.0,0.192627,-0.04899597,0.9800415,32.7547,3.327667,-28.35152,2.884033,0.4743416,0.4700925999999999,0.05111742,1.318927,-0.1589697,-0.02993536,0.5759204000000001,0.01303354,5.366488,28.97601,33.15
34,-0.0003967285,-0.02728271,0.9996185,1.0,-0.09031677,-0.04495239,0.9948883,-33.063959999999994,2.758347,-30.15941,2.717957,0.5719093000000001,0.5183689,1.0,0.09643555,-0.008010864,0.9953003,32.10155,3.047684,-27.04213,3.076523,0.5079709,0.4640369000000001,0.04983234,1.320157,-0.1633412,-0.03420278,0.5867252,0.01774854,5.366488,32.23414,33.15
34,-0.0003967285,-0.02728271,0.9996185,1.0,-0.09031677,-0.04495239,0.9948883,-33.063959999999994,2.758347,-30.15941,2.717957,0.5719093000000001,0.5183689,1.0,0.09643555,-0.008010864,0.9953003,32.10155,3.047684,-27.04213,3.076523,0.5079709,0.4640369000000001,0.04983234,1.320157,-0.1633412,-0.03420278,0.5867252,0.01774854,5.366488,32.23414,33.15
34,-0.0003967285,-0.02728271,0.9996185,1.0,-0.09031677,-0.04495239,0.9948883,-33.063959999999994,2.758347,-30.15941,2.717957,0.5719093000000001,0.5183689,1.0,0.09643555,-0.008010864,0.9953003,32.10155,3.047684,-27.04213,3.076523,0.5079709,0.4640369000000001,0.04983234,1.320157,-0.1633412,-0.03420278,0.5867252,0.01774854,5.366488,32.23414,33.15
34,-0.3716277999999999,0.03952026,0.927536,1.0,-0.3723602,0.03916931,0.9272461,-34.82143,3.250931,-30.73987,2.995392,0.6703374,0.4980237,1.0,-0.3024902,0.07315063,0.9503326,30.36197,3.5395510000000003,-28.38655,3.244324,0.6142401,0.4516199000000001,0.0479207,1.322892,-0.1722549,-0.04173859,0.6099204,0.031335,5.366488,32.23414,33.15
34,-0.3716277999999999,0.03952026,0.927536,1.0,-0.3723602,0.03916931,0.9272461,-34.82143,3.250931,-30.73987,2.995392,0.6703374,0.4980237,1.0,-0.3024902,0.07315063,0.9503326,30.36197,3.5395510000000003,-28.38655,3.244324,0.6142401,0.4516199000000001,0.0479207,1.322892,-0.1722549,-0.04173859,0.6099204,0.031335,5.366488,32.23414,33.15
34,-0.3716277999999999,0.03952026,0.927536,1.0,-0.3723602,0.03916931,0.9272461,-34.82143,3.250931,-30.73987,2.995392,0.6703374,0.4980237,1.0,-0.3024902,0.07315063,0.9503326,30.36197,3.5395510000000003,-28.38655,3.244324,0.6142401,0.4516199000000001,0.0479207,1.322892,-0.1722549,-0.04173859,0.6099204,0.031335,5.366488,32.23414,33.15
34,-0.3028412,0.0428009,0.9520721,1.0,-0.3553314,0.02476501,0.9344025,-34.73715,3.15921,-30.68626,2.963348,0.6649769,0.502337,1.0,-0.2458038,0.06184387,0.9673309,30.48666,3.448074,-28.316090000000003,2.911301,0.6036098000000001,0.4546122999999999,0.04656768,1.323744,-0.1770642,-0.0448151,0.6233476,0.03604424,5.366488,32.23414,33.15
34,-0.3028412,0.0428009,0.9520721,1.0,-0.3553314,0.02476501,0.9344025,-34.73715,3.15921,-30.68626,2.963348,0.6649769,0.502337,1.0,-0.2458038,0.06184387,0.9673309,30.48666,3.448074,-28.316090000000003,2.911301,0.6036098000000001,0.4546122999999999,0.04656768,1.323744,-0.1770642,-0.0448151,0.6233476,0.03604424,5.366488,32.23414,33.15
34,-0.3028412,0.0428009,0.9520721,1.0,-0.3553314,0.02476501,0.9344025,-34.73715,3.15921,-30.68626,2.963348,0.6649769,0.502337,1.0,-0.2458038,0.06184387,0.9673309,30.48666,3.448074,-28.316090000000003,2.911301,0.6036098000000001,0.4546122999999999,0.04656768,1.323744,-0.1770642,-0.0448151,0.6233476,0.03604424,5.366488,32.23414,33.15
34,-0.2567749,0.01916504,0.9662628,1.0,-0.3634949,-0.01860046,0.9313965,-34.36015,2.864975,-30.62128,2.703735,0.6525675999999999,0.5172456,1.0,-0.1944122,0.04055786,0.980072,30.65736,3.328705,-28.24336,3.099762,0.5912746,0.4602872,0.04579163,1.325184,-0.1817723,-0.04691877,0.6378272,0.04230622,5.366488,32.23414,33.15
34,-0.2567749,0.01916504,0.9662628,1.0,-0.3634949,-0.01860046,0.9313965,-34.36015,2.864975,-30.62128,2.703735,0.6525675999999999,0.5172456,1.0,-0.1944122,0.04055786,0.980072,30.65736,3.328705,-28.24336,3.099762,0.5912746,0.4602872,0.04579163,1.325184,-0.1817723,-0.04691877,0.6378272,0.04230622,5.366488,32.23414,33.15
34,-0.2567749,0.01916504,0.9662628,1.0,-0.3634949,-0.01860046,0.9313965,-34.36015,2.864975,-30.62128,2.703735,0.6525675999999999,0.5172456,1.0,-0.1944122,0.04055786,0.980072,30.65736,3.328705,-28.24336,3.099762,0.5912746,0.4602872,0.04579163,1.325184,-0.1817723,-0.04691877,0.6378272,0.04230622,5.366488,32.23414,33.15
34,-0.2567749,0.01916504,0.9662628,1.0,-0.3634949,-0.01860046,0.9313965,-34.36015,2.864975,-30.62128,2.703735,0.6525675999999999,0.5172456,1.0,-0.1944122,0.04055786,0.980072,30.65736,3.328705,-28.24336,3.099762,0.5912746,0.4602872,0.04579163,1.325184,-0.1817723,-0.04691877,0.6378272,0.04230622,5.366488,32.23414,33.15
34,-0.2567749,0.01916504,0.9662628,1.0,-0.3634949,-0.01860046,0.9313965,-34.36015,2.864975,-30.62128,2.703735,0.6525675999999999,0.5172456,1.0,-0.1944122,0.04055786,0.980072,30.65736,3.328705,-28.24336,3.099762,0.5912746,0.4602872,0.04579163,1.325184,-0.1817723,-0.04691877,0.6378272,0.04230622,5.366488,32.23414,33.15
34,-0.2567749,0.01916504,0.9662628,1.0,-0.3634949,-0.01860046,0.9313965,-34.36015,2.864975,-30.62128,2.703735,0.6525675999999999,0.5172456,1.0,-0.1944122,0.04055786,0.980072,30.65736,3.328705,-28.24336,3.099762,0.5912746,0.4602872,0.04579163,1.325184,-0.1817723,-0.04691877,0.6378272,0.04230622,5.366488,32.23414,33.15
34,-0.2567749,0.01916504,0.9662628,1.0,-0.3634949,-0.01860046,0.9313965,-34.36015,2.864975,-30.62128,2.703735,0.6525675999999999,0.5172456,1.0,-0.1944122,0.04055786,0.980072,30.65736,3.328705,-28.24336,3.099762,0.5912746,0.4602872,0.04433918,1.325564,-0.1870537,-0.04706788,0.6532521,0.04772184,5.366488,32.23414,33.15
34,-0.2567749,0.01916504,0.9662628,1.0,-0.3634949,-0.01860046,0.9313965,-34.36015,2.864975,-30.62128,2.703735,0.6525675999999999,0.5172456,1.0,-0.1944122,0.04055786,0.980072,30.65736,3.328705,-28.24336,3.099762,0.5912746,0.4602872,0.04433918,1.325564,-0.1870537,-0.04706788,0.6532521,0.04772184,5.366488,32.23414,33.15
34,-0.2567749,0.01916504,0.9662628,1.0,-0.3634949,-0.01860046,0.9313965,-34.36015,2.864975,-30.62128,2.703735,0.6525675999999999,0.5172456,1.0,-0.1944122,0.04055786,0.980072,30.65736,3.328705,-28.24336,3.099762,0.5912746,0.4602872,0.04433918,1.325564,-0.1870537,-0.04706788,0.6532521,0.04772184,5.366488,32.23414,33.15
34,-0.1232758,-0.3926697,0.9113617,1.0,-0.1232758,-0.3926697,0.9113617,-33.33319,0.7952271,-30.77797,2.725876,0.5863799,0.6383515999999999,1.0,0.0,0.0,0.0,30.81757,4.34549,-28.11206,-1.0,0.5759217,0.4451185,0.04315305,1.326472,-0.1923721,-0.04769944,0.6688505,0.05434741,5.366488,-31.30247,33.15
34,-0.1232758,-0.3926697,0.9113617,1.0,-0.1232758,-0.3926697,0.9113617,-33.33319,0.7952271,-30.77797,2.725876,0.5863799,0.6383515999999999,1.0,0.0,0.0,0.0,30.81757,4.34549,-28.11206,-1.0,0.5759217,0.4451185,0.04315305,1.326472,-0.1923721,-0.04769944,0.6688505,0.05434741,5.366488,-31.30247,33.15
34,-0.1232758,-0.3926697,0.9113617,1.0,-0.1232758,-0.3926697,0.9113617,-33.33319,0.7952271,-30.77797,2.725876,0.5863799,0.6383515999999999,1.0,0.0,0.0,0.0,30.81757,4.34549,-28.11206,-1.0,0.5759217,0.4451185,0.04315305,1.326472,-0.1923721,-0.04769944,0.6688505,0.05434741,5.366488,-31.30247,33.15
35,-1.0,-1.0,-1.0,0.09543284,0.0,0.0,0.0,-34.21555,0.4964141999999999,-31.06866,-1.0,-1.0,-1.0,0.0,0.0,0.0,0.0,31.70786,1.195465,-28.48521,-1.0,0.4792779,0.6109295,0.04170537,1.327453,-0.1978409,-0.04868525,0.6848041,0.06001131,5.366488,-31.30247,33.15
35,-1.0,-1.0,-1.0,0.09543284,0.0,0.0,0.0,-34.21555,0.4964141999999999,-31.06866,-1.0,-1.0,-1.0,0.0,0.0,0.0,0.0,31.70786,1.195465,-28.48521,-1.0,0.4792779,0.6109295,0.04170537,1.327453,-0.1978409,-0.04868525,0.6848041,0.06001131,5.366488,-31.30247,33.15
35,-1.0,-1.0,-1.0,0.09543284,0.0,0.0,0.0,-34.21555,0.4964141999999999,-31.06866,-1.0,-1.0,-1.0,0.0,0.0,0.0,0.0,31.70786,1.195465,-28.48521,-1.0,0.4792779,0.6109295,0.04170537,1.327453,-0.1978409,-0.04868525,0.6848041,0.06001131,5.366488,-31.30247,33.15
35,-1.0,-1.0,-1.0,0.08347863,0.0,0.0,0.0,-34.21555,0.4964141999999999,-31.06866,-1.0,-1.0,-1.0,0.0,0.0,0.0,0.0,31.5354,1.613525,-28.62643,-1.0,0.5969565,0.5566962,0.04037523,1.3284049999999998,-0.2034946,-0.04961562,0.7008519,0.06509468,5.366488,-31.30247,33.15
35,-1.0,-1.0,-1.0,0.08347863,0.0,0.0,0.0,-34.21555,0.4964141999999999,-31.06866,-1.0,-1.0,-1.0,0.0,0.0,0.0,0.0,31.5354,1.613525,-28.62643,-1.0,0.5969565,0.5566962,0.04037523,1.3284049999999998,-0.2034946,-0.04961562,0.7008519,0.06509468,5.366488,-31.30247,33.15
35,-1.0,-1.0,-1.0,0.08347863,0.0,0.0,0.0,-34.21555,0.4964141999999999,-31.06866,-1.0,-1.0,-1.0,0.0,0.0,0.0,0.0,31.5354,1.613525,-28.62643,-1.0,0.5969565,0.5566962,0.04037523,1.3284049999999998,-0.2034946,-0.04961562,0.7008519,0.06509468,5.366488,-31.30247,33.15
35,-0.3543549,-0.4570922999999999,0.8157654000000001,0.5485854,0.0,0.0,0.0,-33.74983,-0.4611664000000001,-31.56075,-1.0,-1.0,-1.0,0.0,-0.3543549,-0.4570922999999999,0.8157654000000001,30.58887,2.5322880000000003,-28.41348,3.082901,0.6133592,0.5547453,0.0374999,1.329311,-0.215304,-0.05119602,0.7342565,0.0698726,5.366488,-31.30247,33.15
35,-0.3543549,-0.4570922999999999,0.8157654000000001,0.5485854,0.0,0.0,0.0,-33.74983,-0.4611664000000001,-31.56075,-1.0,-1.0,-1.0,0.0,-0.3543549,-0.4570922999999999,0.8157654000000001,30.58887,2.5322880000000003,-28.41348,3.082901,0.6133592,0.5547453,0.0374999,1.329311,-0.215304,-0.05119602,0.7342565,0.0698726,5.366488,-31.30247,33.15
35,-0.3543549,-0.4570922999999999,0.8157654000000001,0.5485854,0.0,0.0,0.0,-33.74983,-0.4611664000000001,-31.56075,-1.0,-1.0,-1.0,0.0,-0.3543549,-0.4570922999999999,0.8157654000000001,30.58887,2.5322880000000003,-28.41348,3.082901,0.6133592,0.5547453,0.0374999,1.329311,-0.215304,-0.05119602,0.7342565,0.0698726,5.366488,-31.30247,33.15
35,-0.3132477,-0.3909149,0.8654632999999999,0.8956837999999999,-0.3132477,-0.3909149,0.8654632999999999,-34.4355,0.8131255999999999,-30.99596,4.28685,0.6511437,0.6415405,0.3041732,0.0,0.0,0.0,30.01126,3.075928,-28.64037,-1.0,0.6394162,0.4942706,0.03601909,1.329334,-0.2213356,-0.05094912,0.7500045999999999,0.0703353999999999,5.366488,-31.30247,33.15
35,-0.3132477,-0.3909149,0.8654632999999999,0.8956837999999999,-0.3132477,-0.3909149,0.8654632999999999,-34.4355,0.8131255999999999,-30.99596,4.28685,0.6511437,0.6415405,0.3041732,0.0,0.0,0.0,30.01126,3.075928,-28.64037,-1.0,0.6394162,0.4942706,0.03601909,1.329334,-0.2213356,-0.05094912,0.7500045999999999,0.0703353999999999,5.366488,-31.30247,33.15
35,-0.3132477,-0.3909149,0.8654632999999999,0.8956837999999999,-0.3132477,-0.3909149,0.8654632999999999,-34.4355,0.8131255999999999,-30.99596,4.28685,0.6511437,0.6415405,0.3041732,0.0,0.0,0.0,30.01126,3.075928,-28.64037,-1.0,0.6394162,0.4942706,0.03601909,1.329334,-0.2213356,-0.05094912,0.7500045999999999,0.0703353999999999,5.366488,-31.30247,33.15
35,-0.2972565,-0.1168365,0.9476166,1.0,0.0,0.0,0.0,-34.8688,2.645035,-30.81659,-1.0,0.6992289,0.5910426999999999,1.0,-0.2972565,-0.1168365,0.9476166,30.131940000000004,3.034546,-28.506940000000004,2.644302,0.6223283000000001,0.4925114,0.0359683,1.3294709999999998,-0.2258185,-0.04991997,0.7651314,0.07178466,5.366488,-64.43372,33.15
35,-0.2972565,-0.1168365,0.9476166,1.0,0.0,0.0,0.0,-34.8688,2.645035,-30.81659,-1.0,0.6992289,0.5910426999999999,1.0,-0.2972565,-0.1168365,0.9476166,30.131940000000004,3.034546,-28.506940000000004,2.644302,0.6223283000000001,0.4925114,0.0359683,1.3294709999999998,-0.2258185,-0.04991997,0.7651314,0.07178466,5.366488,-64.43372,33.15
35,-0.2972565,-0.1168365,0.9476166,1.0,0.0,0.0,0.0,-34.8688,2.645035,-30.81659,-1.0,0.6992289,0.5910426999999999,1.0,-0.2972565,-0.1168365,0.9476166,30.131940000000004,3.034546,-28.506940000000004,2.644302,0.6223283000000001,0.4925114,0.0359683,1.3294709999999998,-0.2258185,-0.04991997,0.7651314,0.07178466,5.366488,-64.43372,33.15
35,-0.3069153,-0.1044464,0.9459839,1.0,-0.2718047999999999,-0.330246,0.9039001,-35.13219,3.429733,-30.50673,3.058762,0.6683574999999999,0.5363278,1.0,-0.3069153,-0.1044158999999999,0.9459839,30.55998,3.026398,-28.38161,2.947906,0.6083522,0.4903079000000001,0.0359683,1.3294709999999998,-0.2258185,-0.04991997,0.7651314,0.07178466,5.366488,-64.43372,33.15
35,-0.3069153,-0.1044464,0.9459839,1.0,-0.2718047999999999,-0.330246,0.9039001,-35.13219,3.429733,-30.50673,3.058762,0.6683574999999999,0.5363278,1.0,-0.3069153,-0.1044158999999999,0.9459839,30.55998,3.026398,-28.38161,2.947906,0.6083522,0.4903079000000001,0.0359683,1.3294709999999998,-0.2258185,-0.04991997,0.7651314,0.07178466,5.366488,-64.43372,33.15
35,-0.3069153,-0.1044464,0.9459839,1.0,-0.2718047999999999,-0.330246,0.9039001,-35.13219,3.429733,-30.50673,3.058762,0.6683574999999999,0.5363278,1.0,-0.3069153,-0.1044158999999999,0.9459839,30.55998,3.026398,-28.38161,2.947906,0.6083522,0.4903079000000001,0.0359683,1.3294709999999998,-0.2258185,-0.04991997,0.7651314,0.07178466,5.366488,-64.43372,33.15
35,-0.1614685,-0.1309509,0.9781341999999998,1.0,-0.3461761,-0.1452942,0.9268341,-34.486999999999995,2.505569,-30.61382,2.779861,0.6549071999999999,0.5456895,1.0,-0.1571654999999999,-0.1305695,0.9788971,30.52306,3.068756,-28.27531,2.827362,0.5916252,0.4896877,0.03480744,1.329278,-0.2313344,-0.049063,0.7787923000000001,0.0717114,5.366488,-64.43372,33.15
35,-0.1614685,-0.1309509,0.9781341999999998,1.0,-0.3461761,-0.1452942,0.9268341,-34.486999999999995,2.505569,-30.61382,2.779861,0.6549071999999999,0.5456895,1.0,-0.1571654999999999,-0.1305695,0.9788971,30.52306,3.068756,-28.27531,2.827362,0.5916252,0.4896877,0.03480744,1.329278,-0.2313344,-0.049063,0.7787923000000001,0.0717114,5.366488,-64.43372,33.15
35,-0.1614685,-0.1309509,0.9781341999999998,1.0,-0.3461761,-0.1452942,0.9268341,-34.486999999999995,2.505569,-30.61382,2.779861,0.6549071999999999,0.5456895,1.0,-0.1571654999999999,-0.1305695,0.9788971,30.52306,3.068756,-28.27531,2.827362,0.5916252,0.4896877,0.03480744,1.329278,-0.2313344,-0.049063,0.7787923000000001,0.0717114,5.366488,-64.43372,33.15
35,-0.2035522,-0.1358643,0.969574,1.0,-0.3057861,-0.1187743999999999,0.9446564,-34.134370000000004,2.543869,-30.50856,2.912003,0.6370156,0.5396085,1.0,-0.1281738,-0.1472626,0.9807434000000002,31.02754,3.093018,-28.15482,2.979538,0.5708615,0.4896657,0.03393078,1.32905,-0.2368643999999999,-0.04817155,0.7914539,0.07201403,5.366488,-64.43372,33.15
35,-0.2035522,-0.1358643,0.969574,1.0,-0.3057861,-0.1187743999999999,0.9446564,-34.134370000000004,2.543869,-30.50856,2.912003,0.6370156,0.5396085,1.0,-0.1281738,-0.1472626,0.9807434000000002,31.02754,3.093018,-28.15482,2.979538,0.5708615,0.4896657,0.03393078,1.32905,-0.2368643999999999,-0.04817155,0.7914539,0.07201403,5.366488,-64.43372,33.15
35,-0.2035522,-0.1358643,0.969574,1.0,-0.3057861,-0.1187743999999999,0.9446564,-34.134370000000004,2.543869,-30.50856,2.912003,0.6370156,0.5396085,1.0,-0.1281738,-0.1472626,0.9807434000000002,31.02754,3.093018,-28.15482,2.979538,0.5708615,0.4896657,0.03393078,1.32905,-0.2368643999999999,-0.04817155,0.7914539,0.07201403,5.366488,-64.43372,33.15
35,-0.1502228,-0.1514282,0.9769745,1.0,-0.2614136,-0.1733856,0.9495239,-33.90541,2.499954,-30.42393,2.6620790000000003,0.6231515000000001,0.5468472,1.0,-0.09617615,-0.1401825,0.9854279,31.29138,3.106857,-28.063,2.877304,0.5582524,0.4872194,0.03314853,1.328545,-0.2418712999999999,-0.0473875,0.8029033,0.07093556,5.366488,-64.43372,33.15
35,-0.1502228,-0.1514282,0.9769745,1.0,-0.2614136,-0.1733856,0.9495239,-33.90541,2.499954,-30.42393,2.6620790000000003,0.6231515000000001,0.5468472,1.0,-0.09617615,-0.1401825,0.9854279,31.29138,3.106857,-28.063,2.877304,0.5582524,0.4872194,0.03314853,1.328545,-0.2418712999999999,-0.0473875,0.8029033,0.07093556,5.366488,-64.43372,33.15
35,-0.1502228,-0.1514282,0.9769745,1.0,-0.2614136,-0.1733856,0.9495239,-33.90541,2.499954,-30.42393,2.6620790000000003,0.6231515000000001,0.5468472,1.0,-0.09617615,-0.1401825,0.9854279,31.29138,3.106857,-28.063,2.877304,0.5582524,0.4872194,0.03314853,1.328545,-0.2418712999999999,-0.0473875,0.8029033,0.07093556,5.366488,-64.43372,33.15
35,-0.2094116,-0.1424103,0.967392,1.0,-0.2103271,-0.1423645,0.9672089,-33.76503,2.500534,-30.269070000000003,2.544449,0.6114010999999999,0.5409684,1.0,-0.06878662,-0.1498566,0.9862976,31.452790000000004,2.971954,-27.2905,2.841339,0.549391,0.4862167,0.03245234,1.328185,-0.2468846,-0.04670605,0.8134836,0.0705409,5.366488,-64.43372,33.15
35,-0.2094116,-0.1424103,0.967392,1.0,-0.2103271,-0.1423645,0.9672089,-33.76503,2.500534,-30.269070000000003,2.544449,0.6114010999999999,0.5409684,1.0,-0.06878662,-0.1498566,0.9862976,31.452790000000004,2.971954,-27.2905,2.841339,0.549391,0.4862167,0.03245234,1.328185,-0.2468846,-0.04670605,0.8134836,0.0705409,5.366488,-64.43372,33.15
35,-0.2094116,-0.1424103,0.967392,1.0,-0.2103271,-0.1423645,0.9672089,-33.76503,2.500534,-30.269070000000003,2.544449,0.6114010999999999,0.5409684,1.0,-0.06878662,-0.1498566,0.9862976,31.452790000000004,2.971954,-27.2905,2.841339,0.549391,0.4862167,0.03245234,1.328185,-0.2468846,-0.04670605,0.8134836,0.0705409,5.366488,-64.43372,33.15
35,-0.1598358,-0.147522,0.9760437,1.0,-0.1598358,-0.147522,0.9760437,-33.59604,2.25592,-29.52892,2.707672,0.5983833000000001,0.5430587,1.0,-0.0158844,-0.1515656,0.9883118,31.65085,2.830765,-26.64334,2.895645,0.5363145,0.4854217,0.03203225,1.327668,-0.2514554,-0.04546771,0.8230270000000001,0.06999101,5.366488,-27.53818,33.15
35,-0.1598358,-0.147522,0.9760437,1.0,-0.1598358,-0.147522,0.9760437,-33.59604,2.25592,-29.52892,2.707672,0.5983833000000001,0.5430587,1.0,-0.0158844,-0.1515656,0.9883118,31.65085,2.830765,-26.64334,2.895645,0.5363145,0.4854217,0.03203225,1.327668,-0.2514554,-0.04546771,0.8230270000000001,0.06999101,5.366488,-27.53818,33.15
35,-0.1598358,-0.147522,0.9760437,1.0,-0.1598358,-0.147522,0.9760437,-33.59604,2.25592,-29.52892,2.707672,0.5983833000000001,0.5430587,1.0,-0.0158844,-0.1515656,0.9883118,31.65085,2.830765,-26.64334,2.895645,0.5363145,0.4854217,0.03203225,1.327668,-0.2514554,-0.04546771,0.8230270000000001,0.06999101,5.366488,-27.53818,33.15
35,-0.106781,-0.1819458,0.977478,1.0,-0.1138611,-0.1830444,0.9764709,-33.47498,2.15654,-29.11383,2.501923,0.5879098,0.5469268,1.0,0.01863098,-0.1609192,0.9867859,31.80794,2.774246,-26.364290000000004,2.977692,0.5268925999999999,0.4860018,0.03181767,1.327103,-0.2558799,-0.04352247,0.8313908000000001,0.06906246,5.366488,-27.53818,33.15
35,-0.106781,-0.1819458,0.977478,1.0,-0.1138611,-0.1830444,0.9764709,-33.47498,2.15654,-29.11383,2.501923,0.5879098,0.5469268,1.0,0.01863098,-0.1609192,0.9867859,31.80794,2.774246,-26.364290000000004,2.977692,0.5268925999999999,0.4860018,0.03181767,1.327103,-0.2558799,-0.04352247,0.8313908000000001,0.06906246,5.366488,-27.53818,33.15
35,-0.106781,-0.1819458,0.977478,1.0,-0.1138611,-0.1830444,0.9764709,-33.47498,2.15654,-29.11383,2.501923,0.5879098,0.5469268,1.0,0.01863098,-0.1609192,0.9867859,31.80794,2.774246,-26.364290000000004,2.977692,0.5268925999999999,0.4860018,0.03181767,1.327103,-0.2558799,-0.04352247,0.8313908000000001,0.06906246,5.366488,-27.53818,33.15
35,-0.01124573,-0.1461182,0.9891968,1.0,-0.06481934,-0.1483458999999999,0.9868011,-33.2767,2.082886,-28.937990000000003,2.664581,0.5749529999999999,0.5433581000000001,1.0,0.0665741,-0.1421204,0.9875946,32.05185,2.972092,-26.92737,2.926178,0.5131863,0.4816585999999999,0.03118229,1.326196,-0.2646329,-0.04192267,0.847076,0.06865384,5.366488,-27.53818,33.15
35,-0.01124573,-0.1461182,0.9891968,1.0,-0.06481934,-0.1483458999999999,0.9868011,-33.2767,2.082886,-28.937990000000003,2.664581,0.5749529999999999,0.5433581000000001,1.0,0.0665741,-0.1421204,0.9875946,32.05185,2.972092,-26.92737,2.926178,0.5131863,0.4816585999999999,0.03118229,1.326196,-0.2646329,-0.04192267,0.847076,0.06865384,5.366488,-27.53818,33.15
35,-0.01124573,-0.1461182,0.9891968,1.0,-0.06481934,-0.1483458999999999,0.9868011,-33.2767,2.082886,-28.937990000000003,2.664581,0.5749529999999999,0.5433581000000001,1.0,0.0665741,-0.1421204,0.9875946,32.05185,2.972092,-26.92737,2.926178,0.5131863,0.4816585999999999,0.03118229,1.326196,-0.2646329,-0.04192267,0.847076,0.06865384,5.366488,-27.53818,33.15
35,-0.01124573,-0.1461182,0.9891968,1.0,-0.06481934,-0.1483458999999999,0.9868011,-33.2767,2.082886,-28.937990000000003,2.664581,0.5749529999999999,0.5433581000000001,1.0,0.0665741,-0.1421204,0.9875946,32.05185,2.972092,-26.92737,2.926178,0.5131863,0.4816585999999999,0.03112411,1.325809,-0.2689802,-0.04034502,0.8548464,0.06808674,5.366488,-27.53818,33.15
35,-0.01124573,-0.1461182,0.9891968,1.0,-0.06481934,-0.1483458999999999,0.9868011,-33.2767,2.082886,-28.937990000000003,2.664581,0.5749529999999999,0.5433581000000001,1.0,0.0665741,-0.1421204,0.9875946,32.05185,2.972092,-26.92737,2.926178,0.5131863,0.4816585999999999,0.03112411,1.325809,-0.2689802,-0.04034502,0.8548464,0.06808674,5.366488,-27.53818,33.15
35,-0.01124573,-0.1461182,0.9891968,1.0,-0.06481934,-0.1483458999999999,0.9868011,-33.2767,2.082886,-28.937990000000003,2.664581,0.5749529999999999,0.5433581000000001,1.0,0.0665741,-0.1421204,0.9875946,32.05185,2.972092,-26.92737,2.926178,0.5131863,0.4816585999999999,0.03112411,1.325809,-0.2689802,-0.04034502,0.8548464,0.06808674,5.366488,-27.53818,33.15
35,-0.01124573,-0.1461182,0.9891968,1.0,-0.06481934,-0.1483458999999999,0.9868011,-33.2767,2.082886,-28.937990000000003,2.664581,0.5749529999999999,0.5433581000000001,1.0,0.0665741,-0.1421204,0.9875946,32.05185,2.972092,-26.92737,2.926178,0.5131863,0.4816585999999999,0.03101301,1.32532,-0.2733064,-0.03793413,0.8624379999999999,0.06742068,5.366488,43.3401,33.15
35,-0.01124573,-0.1461182,0.9891968,1.0,-0.06481934,-0.1483458999999999,0.9868011,-33.2767,2.082886,-28.937990000000003,2.664581,0.5749529999999999,0.5433581000000001,1.0,0.0665741,-0.1421204,0.9875946,32.05185,2.972092,-26.92737,2.926178,0.5131863,0.4816585999999999,0.03101301,1.32532,-0.2733064,-0.03793413,0.8624379999999999,0.06742068,5.366488,43.3401,33.15
35,-0.01124573,-0.1461182,0.9891968,1.0,-0.06481934,-0.1483458999999999,0.9868011,-33.2767,2.082886,-28.937990000000003,2.664581,0.5749529999999999,0.5433581000000001,1.0,0.0665741,-0.1421204,0.9875946,32.05185,2.972092,-26.92737,2.926178,0.5131863,0.4816585999999999,0.03101301,1.32532,-0.2733064,-0.03793413,0.8624379999999999,0.06742068,5.366488,43.3401,33.15
35,-0.3054352,-0.005187988,0.9521942,1.0,-0.4348297,-0.04943848,0.8991394,-34.76096,2.662201,-30.21994,2.656693,0.6756316,0.5253422,1.0,-0.3034058,-0.004516602,0.9528351,30.34146,3.111191,-27.65936,3.215118,0.614376,0.4693204000000001,0.0310111,1.325264,-0.2779165999999999,-0.0360368,0.8696997,0.0688456,5.366488,43.3401,33.15
35,-0.3054352,-0.005187988,0.9521942,1.0,-0.4348297,-0.04943848,0.8991394,-34.76096,2.662201,-30.21994,2.656693,0.6756316,0.5253422,1.0,-0.3034058,-0.004516602,0.9528351,30.34146,3.111191,-27.65936,3.215118,0.614376,0.4693204000000001,0.0310111,1.325264,-0.2779165999999999,-0.0360368,0.8696997,0.0688456,5.366488,43.3401,33.15
35,-0.3054352,-0.005187988,0.9521942,1.0,-0.4348297,-0.04943848,0.8991394,-34.76096,2.662201,-30.21994,2.656693,0.6756316,0.5253422,1.0,-0.3034058,-0.004516602,0.9528351,30.34146,3.111191,-27.65936,3.215118,0.614376,0.4693204000000001,0.0310111,1.325264,-0.2779165999999999,-0.0360368,0.8696997,0.0688456,5.366488,43.3401,33.15
35,-0.3054352,-0.005187988,0.9521942,1.0,-0.4348297,-0.04943848,0.8991394,-34.76096,2.662201,-30.21994,2.656693,0.6756316,0.5253422,1.0,-0.3034058,-0.004516602,0.9528351,30.34146,3.111191,-27.65936,3.215118,0.614376,0.4693204000000001,0.0310111,1.325264,-0.2779165999999999,-0.0360368,0.8696997,0.0688456,5.366488,43.3401,33.15
35,-0.3054352,-0.005187988,0.9521942,1.0,-0.4348297,-0.04943848,0.8991394,-34.76096,2.662201,-30.21994,2.656693,0.6756316,0.5253422,1.0,-0.3034058,-0.004516602,0.9528351,30.34146,3.111191,-27.65936,3.215118,0.614376,0.4693204000000001,0.0310111,1.325264,-0.2779165999999999,-0.0360368,0.8696997,0.0688456,5.366488,43.3401,33.15
35,-0.3054352,-0.005187988,0.9521942,1.0,-0.4348297,-0.04943848,0.8991394,-34.76096,2.662201,-30.21994,2.656693,0.6756316,0.5253422,1.0,-0.3034058,-0.004516602,0.9528351,30.34146,3.111191,-27.65936,3.215118,0.614376,0.4693204000000001,0.0310111,1.325264,-0.2779165999999999,-0.0360368,0.8696997,0.0688456,5.366488,43.3401,33.15
35,-0.3065643,0.01255798,0.9517517,1.0,-0.4186707,-0.1076049999999999,0.9017334,-34.65936,2.641373,-30.14967,2.651505,0.6698154000000001,0.5326434,1.0,-0.2997894,0.01950073,0.9537964,30.46773,3.064606,-27.6402,3.3253480000000004,0.6095088000000001,0.467846,0.03080869,1.325067,-0.2824122,-0.03449259,0.876877,0.07029512,5.366488,43.3401,33.15
35,-0.3065643,0.01255798,0.9517517,1.0,-0.4186707,-0.1076049999999999,0.9017334,-34.65936,2.641373,-30.14967,2.651505,0.6698154000000001,0.5326434,1.0,-0.2997894,0.01950073,0.9537964,30.46773,3.064606,-27.6402,3.3253480000000004,0.6095088000000001,0.467846,0.03080869,1.325067,-0.2824122,-0.03449259,0.876877,0.07029512,5.366488,43.3401,33.15
35,-0.3065643,0.01255798,0.9517517,1.0,-0.4186707,-0.1076049999999999,0.9017334,-34.65936,2.641373,-30.14967,2.651505,0.6698154000000001,0.5326434,1.0,-0.2997894,0.01950073,0.9537964,30.46773,3.064606,-27.6402,3.3253480000000004,0.6095088000000001,0.467846,0.03080869,1.325067,-0.2824122,-0.03449259,0.876877,0.07029512,5.366488,43.3401,33.15
35,-0.2385101,-0.03915405,0.9703369,1.0,-0.3202514999999999,-0.07652283,0.9442291,-34.26762,2.594482,-29.99564,2.955948,0.6427656,0.52799,1.0,-0.174057,-0.01013184,0.9846802,30.84343,3.060532,-27.46822,3.100555,0.5820938,0.4687389,0.03072786,1.324813,-0.286959,-0.03310132,0.8838289,0.07151518,5.366488,43.3401,33.15
35,-0.2385101,-0.03915405,0.9703369,1.0,-0.3202514999999999,-0.07652283,0.9442291,-34.26762,2.594482,-29.99564,2.955948,0.6427656,0.52799,1.0,-0.174057,-0.01013184,0.9846802,30.84343,3.060532,-27.46822,3.100555,0.5820938,0.4687389,0.03072786,1.324813,-0.286959,-0.03310132,0.8838289,0.07151518,5.366488,43.3401,33.15
35,-0.2385101,-0.03915405,0.9703369,1.0,-0.3202514999999999,-0.07652283,0.9442291,-34.26762,2.594482,-29.99564,2.955948,0.6427656,0.52799,1.0,-0.174057,-0.01013184,0.9846802,30.84343,3.060532,-27.46822,3.100555,0.5820938,0.4687389,0.03072786,1.324813,-0.286959,-0.03310132,0.8838289,0.07151518,5.366488,43.3401,33.15
35,-0.180954,-0.04772949,0.9823151,1.0,-0.3125,-0.1145781999999999,0.9429779,-34.15721,2.584045,-29.95943,2.759216,0.6378496,0.5326231,1.0,-0.1163788,-0.01527405,0.9930725,30.98753,3.104919,-27.45233,3.194061,0.5702924,0.4674027,0.03053308,1.324288,-0.2960812,-0.03199803,0.8966823,0.07257067,5.366488,43.3401,33.15
35,-0.180954,-0.04772949,0.9823151,1.0,-0.3125,-0.1145781999999999,0.9429779,-34.15721,2.584045,-29.95943,2.759216,0.6378496,0.5326231,1.0,-0.1163788,-0.01527405,0.9930725,30.98753,3.104919,-27.45233,3.194061,0.5702924,0.4674027,0.03053308,1.324288,-0.2960812,-0.03199803,0.8966823,0.07257067,5.366488,43.3401,33.15
35,-0.180954,-0.04772949,0.9823151,1.0,-0.3125,-0.1145781999999999,0.9429779,-34.15721,2.584045,-29.95943,2.759216,0.6378496,0.5326231,1.0,-0.1163788,-0.01527405,0.9930725,30.98753,3.104919,-27.45233,3.194061,0.5702924,0.4674027,0.03053308,1.324288,-0.2960812,-0.03199803,0.8966823,0.07257067,5.366488,43.3401,33.15
35,-0.3624115,0.07525635,0.9289703,1.0,-0.4486237,0.06196594,0.8915558000000001,-34.99669,3.1735990000000003,-30.28166,3.225037,0.6859664000000001,0.4948537,1.0,-0.2982329999999999,0.08441162,0.9507446,30.16545,3.427963,-27.73251,3.0529330000000003,0.6201755999999999,0.4485064,0.03053308,1.324288,-0.2960812,-0.03199803,0.8966823,0.07257067,5.366488,33.19751,33.15
35,-0.3624115,0.07525635,0.9289703,1.0,-0.4486237,0.06196594,0.8915558000000001,-34.99669,3.1735990000000003,-30.28166,3.225037,0.6859664000000001,0.4948537,1.0,-0.2982329999999999,0.08441162,0.9507446,30.16545,3.427963,-27.73251,3.0529330000000003,0.6201755999999999,0.4485064,0.03053308,1.324288,-0.2960812,-0.03199803,0.8966823,0.07257067,5.366488,33.19751,33.15
35,-0.3624115,0.07525635,0.9289703,1.0,-0.4486237,0.06196594,0.8915558000000001,-34.99669,3.1735990000000003,-30.28166,3.225037,0.6859664000000001,0.4948537,1.0,-0.2982329999999999,0.08441162,0.9507446,30.16545,3.427963,-27.73251,3.0529330000000003,0.6201755999999999,0.4485064,0.03053308,1.324288,-0.2960812,-0.03199803,0.8966823,0.07257067,5.366488,33.19751,33.15
35,-0.4257507,0.1074219,0.8984375,1.0,-0.4469299,0.1003723,0.8889007999999999,-35.13623,3.154053,-30.35675,3.189865,0.6909699,0.4913962,1.0,-0.4003754,0.1156769,0.9090118,29.88031,3.536652,-27.93843,3.4896550000000004,0.6418176,0.4443613,0.03001618,1.32359,-0.304733,-0.03081327,0.9076464,0.07263061,5.366488,33.19751,33.15
35,-0.4257507,0.1074219,0.8984375,1.0,-0.4469299,0.1003723,0.8889007999999999,-35.13623,3.154053,-30.35675,3.189865,0.6909699,0.4913962,1.0,-0.4003754,0.1156769,0.9090118,29.88031,3.536652,-27.93843,3.4896550000000004,0.6418176,0.4443613,0.03001618,1.32359,-0.304733,-0.03081327,0.9076464,0.07263061,5.366488,33.19751,33.15
35,-0.4257507,0.1074219,0.8984375,1.0,-0.4469299,0.1003723,0.8889007999999999,-35.13623,3.154053,-30.35675,3.189865,0.6909699,0.4913962,1.0,-0.4003754,0.1156769,0.9090118,29.88031,3.536652,-27.93843,3.4896550000000004,0.6418176,0.4443613,0.03001618,1.32359,-0.304733,-0.03081327,0.9076464,0.07263061,5.366488,33.19751,33.15
35,-0.4257507,0.1074219,0.8984375,1.0,-0.4469299,0.1003723,0.8889007999999999,-35.13623,3.154053,-30.35675,3.189865,0.6909699,0.4913962,1.0,-0.4003754,0.1156769,0.9090118,29.88031,3.536652,-27.93843,3.4896550000000004,0.6418176,0.4443613,0.03001618,1.32359,-0.304733,-0.03081327,0.9076464,0.07263061,5.366488,33.19751,33.15
35,-0.4257507,0.1074219,0.8984375,1.0,-0.4469299,0.1003723,0.8889007999999999,-35.13623,3.154053,-30.35675,3.189865,0.6909699,0.4913962,1.0,-0.4003754,0.1156769,0.9090118,29.88031,3.536652,-27.93843,3.4896550000000004,0.6418176,0.4443613,0.03001618,1.32359,-0.304733,-0.03081327,0.9076464,0.07263061,5.366488,33.19751,33.15
35,-0.4257507,0.1074219,0.8984375,1.0,-0.4469299,0.1003723,0.8889007999999999,-35.13623,3.154053,-30.35675,3.189865,0.6909699,0.4913962,1.0,-0.4003754,0.1156769,0.9090118,29.88031,3.536652,-27.93843,3.4896550000000004,0.6418176,0.4443613,0.03001618,1.32359,-0.304733,-0.03081327,0.9076464,0.07263061,5.366488,33.19751,33.15
35,-0.3141174,0.07554626,0.9463654,1.0,-0.3686676,-0.1239624,0.9212494,-34.85751,3.027634,-30.046940000000003,2.075485,0.6699318,0.5195508,1.0,-0.2961121,0.1317291,0.9460144,30.34265,3.347275,-27.72418,3.2211,0.6137458,0.4456307,0.03005481,1.323312,-0.3085207,-0.03007293,0.9120173,0.07291124,5.293448,33.19751,33.15
35,-0.3141174,0.07554626,0.9463654,1.0,-0.3686676,-0.1239624,0.9212494,-34.85751,3.027634,-30.046940000000003,2.075485,0.6699318,0.5195508,1.0,-0.2961121,0.1317291,0.9460144,30.34265,3.347275,-27.72418,3.2211,0.6137458,0.4456307,0.03005481,1.323312,-0.3085207,-0.03007293,0.9120173,0.07291124,5.293448,33.19751,33.15
35,-0.3141174,0.07554626,0.9463654,1.0,-0.3686676,-0.1239624,0.9212494,-34.85751,3.027634,-30.046940000000003,2.075485,0.6699318,0.5195508,1.0,-0.2961121,0.1317291,0.9460144,30.34265,3.347275,-27.72418,3.2211,0.6137458,0.4456307,0.03005481,1.323312,-0.3085207,-0.03007293,0.9120173,0.07291124,5.293448,33.19751,33.15
35,-0.3141174,0.07554626,0.9463654,1.0,-0.3686676,-0.1239624,0.9212494,-34.85751,3.027634,-30.046940000000003,2.075485,0.6699318,0.5195508,1.0,-0.2961121,0.1317291,0.9460144,30.34265,3.347275,-27.72418,3.2211,0.6137458,0.4456307,0.03013635,1.323326,-0.3121319,-0.02897801,0.9155625,0.0751406999999999,5.293448,30.29543,33.15
35,-0.3141174,0.07554626,0.9463654,1.0,-0.3686676,-0.1239624,0.9212494,-34.85751,3.027634,-30.046940000000003,2.075485,0.6699318,0.5195508,1.0,-0.2961121,0.1317291,0.9460144,30.34265,3.347275,-27.72418,3.2211,0.6137458,0.4456307,0.03013635,1.323326,-0.3121319,-0.02897801,0.9155625,0.0751406999999999,5.293448,30.29543,33.15
35,-0.3141174,0.07554626,0.9463654,1.0,-0.3686676,-0.1239624,0.9212494,-34.85751,3.027634,-30.046940000000003,2.075485,0.6699318,0.5195508,1.0,-0.2961121,0.1317291,0.9460144,30.34265,3.347275,-27.72418,3.2211,0.6137458,0.4456307,0.03013635,1.323326,-0.3121319,-0.02897801,0.9155625,0.0751406999999999,5.293448,30.29543,33.15
35,-0.3141174,0.07554626,0.9463654,1.0,-0.3686676,-0.1239624,0.9212494,-34.85751,3.027634,-30.046940000000003,2.075485,0.6699318,0.5195508,1.0,-0.2961121,0.1317291,0.9460144,30.34265,3.347275,-27.72418,3.2211,0.6137458,0.4456307,0.03054166,1.3226,-0.3179682,-0.02701783,0.9212846,0.07606548,5.293448,30.29543,33.15
35,-0.3141174,0.07554626,0.9463654,1.0,-0.3686676,-0.1239624,0.9212494,-34.85751,3.027634,-30.046940000000003,2.075485,0.6699318,0.5195508,1.0,-0.2961121,0.1317291,0.9460144,30.34265,3.347275,-27.72418,3.2211,0.6137458,0.4456307,0.03054166,1.3226,-0.3179682,-0.02701783,0.9212846,0.07606548,5.293448,30.29543,33.15
35,-0.3141174,0.07554626,0.9463654,1.0,-0.3686676,-0.1239624,0.9212494,-34.85751,3.027634,-30.046940000000003,2.075485,0.6699318,0.5195508,1.0,-0.2961121,0.1317291,0.9460144,30.34265,3.347275,-27.72418,3.2211,0.6137458,0.4456307,0.03054166,1.3226,-0.3179682,-0.02701783,0.9212846,0.07606548,5.293448,30.29543,33.15
35,-0.2987671,0.04875183,0.9530792,1.0,-0.3581543,0.003845215,0.9336395,-34.47513,2.758896,-30.08221,2.790283,0.6550583999999999,0.5132825,1.0,-0.2292022999999999,0.09936523,0.9682921999999998,30.69853,3.274094,-27.56078,3.4179230000000005,0.5932568,0.4501310999999999,0.03099585,1.321982,-0.3202327,-0.02585183,0.9233187,0.07532895,5.293448,30.29543,33.15
35,-0.2987671,0.04875183,0.9530792,1.0,-0.3581543,0.003845215,0.9336395,-34.47513,2.758896,-30.08221,2.790283,0.6550583999999999,0.5132825,1.0,-0.2292022999999999,0.09936523,0.9682921999999998,30.69853,3.274094,-27.56078,3.4179230000000005,0.5932568,0.4501310999999999,0.03099585,1.321982,-0.3202327,-0.02585183,0.9233187,0.07532895,5.293448,30.29543,33.15
35,-0.2987671,0.04875183,0.9530792,1.0,-0.3581543,0.003845215,0.9336395,-34.47513,2.758896,-30.08221,2.790283,0.6550583999999999,0.5132825,1.0,-0.2292022999999999,0.09936523,0.9682921999999998,30.69853,3.274094,-27.56078,3.4179230000000005,0.5932568,0.4501310999999999,0.03099585,1.321982,-0.3202327,-0.02585183,0.9233187,0.07532895,5.293448,30.29543,33.15
35,-0.2992249,0.05757141,0.9524384,1.0,-0.3584137,0.01026917,0.9335022,-34.56195,2.751801,-30.1039,2.805298,0.6581800999999999,0.51295,1.0,-0.2311096,0.1098938,0.9666901,30.5946,3.273926,-27.60016,3.335617,0.5971401,0.449167,0.03148031,1.321418,-0.3223899,-0.02506428,0.9250608,0.07501367,5.293448,30.29543,33.15
35,-0.2992249,0.05757141,0.9524384,1.0,-0.3584137,0.01026917,0.9335022,-34.56195,2.751801,-30.1039,2.805298,0.6581800999999999,0.51295,1.0,-0.2311096,0.1098938,0.9666901,30.5946,3.273926,-27.60016,3.335617,0.5971401,0.449167,0.03148031,1.321418,-0.3223899,-0.02506428,0.9250608,0.07501367,5.293448,30.29543,33.15
35,-0.2992249,0.05757141,0.9524384,1.0,-0.3584137,0.01026917,0.9335022,-34.56195,2.751801,-30.1039,2.805298,0.6581800999999999,0.51295,1.0,-0.2311096,0.1098938,0.9666901,30.5946,3.273926,-27.60016,3.335617,0.5971401,0.449167,0.03148031,1.321418,-0.3223899,-0.02506428,0.9250608,0.07501367,5.293448,30.29543,33.15
35,-0.549057,0.0907135,0.8308411,1.0,-0.5905914000000001,0.06227112,0.8045502,-35.274570000000004,3.211441,-30.54549,3.132736,0.7165241,0.4977545,1.0,-0.4366912999999999,0.1610107,0.8850708,29.6098,3.641632,-28.11951,3.62793,0.6556791999999999,0.4374651,0.03194547,1.321186,-0.3242926,-0.02450271,0.9266976999999998,0.07480301,5.293448,30.29543,33.15
35,-0.549057,0.0907135,0.8308411,1.0,-0.5905914000000001,0.06227112,0.8045502,-35.274570000000004,3.211441,-30.54549,3.132736,0.7165241,0.4977545,1.0,-0.4366912999999999,0.1610107,0.8850708,29.6098,3.641632,-28.11951,3.62793,0.6556791999999999,0.4374651,0.03194547,1.321186,-0.3242926,-0.02450271,0.9266976999999998,0.07480301,5.293448,30.29543,33.15
35,-0.549057,0.0907135,0.8308411,1.0,-0.5905914000000001,0.06227112,0.8045502,-35.274570000000004,3.211441,-30.54549,3.132736,0.7165241,0.4977545,1.0,-0.4366912999999999,0.1610107,0.8850708,29.6098,3.641632,-28.11951,3.62793,0.6556791999999999,0.4374651,0.03194547,1.321186,-0.3242926,-0.02450271,0.9266976999999998,0.07480301,5.293448,30.29543,33.15
35,-0.4486847,0.1252898999999999,0.8848572,0.971418,-0.572998,0.05549622,0.8176575,-35.26529,3.207932,-30.544590000000003,3.195282,0.7136004,0.498459,0.9134811,-0.3708649,0.1646271,0.9139709,29.638340000000003,3.559357,-28.0685,3.249741,0.6471196,0.4382622999999999,0.03227663,1.321116,-0.3259571,-0.0230615999999999,0.9280729,0.07539213,5.293448,11.25341,33.15
35,-0.4486847,0.1252898999999999,0.8848572,0.971418,-0.572998,0.05549622,0.8176575,-35.26529,3.207932,-30.544590000000003,3.195282,0.7136004,0.498459,0.9134811,-0.3708649,0.1646271,0.9139709,29.638340000000003,3.559357,-28.0685,3.249741,0.6471196,0.4382622999999999,0.03227663,1.321116,-0.3259571,-0.0230615999999999,0.9280729,0.07539213,5.293448,11.25341,33.15
35,-0.4486847,0.1252898999999999,0.8848572,0.971418,-0.572998,0.05549622,0.8176575,-35.26529,3.207932,-30.544590000000003,3.195282,0.7136004,0.498459,0.9134811,-0.3708649,0.1646271,0.9139709,29.638340000000003,3.559357,-28.0685,3.249741,0.6471196,0.4382622999999999,0.03227663,1.321116,-0.3259571,-0.0230615999999999,0.9280729,0.07539213,5.293448,11.25341,33.15
36,-0.4716644,0.1168976,0.8739777,0.9815865,-0.570343,0.05674744,0.8194275,-35.251540000000006,3.18866,-30.5116,3.190399,0.7126424,0.4986366,0.9592525,-0.3802795,0.1672973999999999,0.9096069,29.73831,3.532181,-28.02011,3.4663699999999995,0.6444635,0.4387853,0.03266263,1.320916,-0.3276338,-0.02199638,0.9294717,0.07605696,5.293448,11.25341,33.15
36,-0.4716644,0.1168976,0.8739777,0.9815865,-0.570343,0.05674744,0.8194275,-35.251540000000006,3.18866,-30.5116,3.190399,0.7126424,0.4986366,0.9592525,-0.3802795,0.1672973999999999,0.9096069,29.73831,3.532181,-28.02011,3.4663699999999995,0.6444635,0.4387853,0.03266263,1.320916,-0.3276338,-0.02199638,0.9294717,0.07605696,5.293448,11.25341,33.15
36,-0.4716644,0.1168976,0.8739777,0.9815865,-0.570343,0.05674744,0.8194275,-35.251540000000006,3.18866,-30.5116,3.190399,0.7126424,0.4986366,0.9592525,-0.3802795,0.1672973999999999,0.9096069,29.73831,3.532181,-28.02011,3.4663699999999995,0.6444635,0.4387853,0.03266263,1.320916,-0.3276338,-0.02199638,0.9294717,0.07605696,5.293448,11.25341,33.15
36,-0.4563140999999999,0.1267548,0.8807219999999999,0.9696258,-0.5641326999999999,0.05943298,0.8235321,-35.23912,3.174637,-30.50429,3.195084,0.7112841,0.4986366,0.9224552,-0.3811035,0.1694183,0.9088593,29.75151,3.514816,-28.02399,3.4567870000000003,0.6441392,0.4391511999999999,0.03283548,1.320771,-0.3290407,-0.0217880999999999,0.9310311,0.07616112,5.293448,11.25341,33.15
36,-0.4563140999999999,0.1267548,0.8807219999999999,0.9696258,-0.5641326999999999,0.05943298,0.8235321,-35.23912,3.174637,-30.50429,3.195084,0.7112841,0.4986366,0.9224552,-0.3811035,0.1694183,0.9088593,29.75151,3.514816,-28.02399,3.4567870000000003,0.6441392,0.4391511999999999,0.03283548,1.320771,-0.3290407,-0.0217880999999999,0.9310311,0.07616112,5.293448,11.25341,33.15
36,-0.4563140999999999,0.1267548,0.8807219999999999,0.9696258,-0.5641326999999999,0.05943298,0.8235321,-35.23912,3.174637,-30.50429,3.195084,0.7112841,0.4986366,0.9224552,-0.3811035,0.1694183,0.9088593,29.75151,3.514816,-28.02399,3.4567870000000003,0.6441392,0.4391511999999999,0.03283548,1.320771,-0.3290407,-0.0217880999999999,0.9310311,0.07616112,5.293448,11.25341,33.15
36,-0.4508972,0.1183318999999999,0.8846893,1.0,-0.5501251,0.05361938,0.8333434999999999,-35.23325,3.164474,-30.50073,3.170837,0.7090503,0.4994385,1.0,-0.3855896,0.157486,0.9091187,29.82481,3.4706120000000005,-27.98997,3.512253,0.6420215,0.4418717,0.03303003,1.320694,-0.3303567,-0.02147432,0.9324034,0.07695747,5.293448,11.25341,33.15
36,-0.4508972,0.1183318999999999,0.8846893,1.0,-0.5501251,0.05361938,0.8333434999999999,-35.23325,3.164474,-30.50073,3.170837,0.7090503,0.4994385,1.0,-0.3855896,0.157486,0.9091187,29.82481,3.4706120000000005,-27.98997,3.512253,0.6420215,0.4418717,0.03303003,1.320694,-0.3303567,-0.02147432,0.9324034,0.07695747,5.293448,11.25341,33.15
36,-0.4508972,0.1183318999999999,0.8846893,1.0,-0.5501251,0.05361938,0.8333434999999999,-35.23325,3.164474,-30.50073,3.170837,0.7090503,0.4994385,1.0,-0.3855896,0.157486,0.9091187,29.82481,3.4706120000000005,-27.98997,3.512253,0.6420215,0.4418717,0.03303003,1.320694,-0.3303567,-0.02147432,0.9324034,0.07695747,5.293448,11.25341,33.15
36,-0.4012450999999999,0.1364288,0.9057465,1.0,-0.4459991,0.02258301,0.8947296,-35.16907,3.051407,-30.2699,2.569016,0.6917755,0.5032263,1.0,-0.3916015999999999,0.1588745,0.906311,29.91548,3.467361,-27.97118,3.553268,0.6395923000000001,0.4417798,0.03316784,1.320838,-0.3318421,-0.02169454,0.933755,0.07890438,5.293448,11.25341,33.15
36,-0.4012450999999999,0.1364288,0.9057465,1.0,-0.4459991,0.02258301,0.8947296,-35.16907,3.051407,-30.2699,2.569016,0.6917755,0.5032263,1.0,-0.3916015999999999,0.1588745,0.906311,29.91548,3.467361,-27.97118,3.553268,0.6395923000000001,0.4417798,0.03316784,1.320838,-0.3318421,-0.02169454,0.933755,0.07890438,5.293448,11.25341,33.15
36,-0.4012450999999999,0.1364288,0.9057465,1.0,-0.4459991,0.02258301,0.8947296,-35.16907,3.051407,-30.2699,2.569016,0.6917755,0.5032263,1.0,-0.3916015999999999,0.1588745,0.906311,29.91548,3.467361,-27.97118,3.553268,0.6395923000000001,0.4417798,0.03316784,1.320838,-0.3318421,-0.02169454,0.933755,0.07890438,5.293448,11.25341,33.15
36,-0.3903198,0.1420135,0.9096527,1.0,-0.4191437,0.007492065,0.9078827,-35.15279,3.051712,-30.25745,2.309021,0.6875114,0.5044475,1.0,-0.3872833,0.1542969,0.9089508,29.93465,3.467072,-27.963240000000003,3.562378,0.6383721,0.4422167,0.03316784,1.320838,-0.3318421,-0.02169454,0.933755,0.07890438,5.293448,0.5384865,33.15
36,-0.3903198,0.1420135,0.9096527,1.0,-0.4191437,0.007492065,0.9078827,-35.15279,3.051712,-30.25745,2.309021,0.6875114,0.5044475,1.0,-0.3872833,0.1542969,0.9089508,29.93465,3.467072,-27.963240000000003,3.562378,0.6383721,0.4422167,0.03316784,1.320838,-0.3318421,-0.02169454,0.933755,0.07890438,5.293448,0.5384865,33.15
36,-0.3903198,0.1420135,0.9096527,1.0,-0.4191437,0.007492065,0.9078827,-35.15279,3.051712,-30.25745,2.309021,0.6875114,0.5044475,1.0,-0.3872833,0.1542969,0.9089508,29.93465,3.467072,-27.963240000000003,3.562378,0.6383721,0.4422167,0.03316784,1.320838,-0.3318421,-0.02169454,0.933755,0.07890438,5.293448,0.5384865,33.15
36,-0.397171,0.08528137,0.9137573,1.0,-0.4586029,0.02546692,0.8882599,-35.13101,3.049698,-30.258540000000004,2.819946,0.6920944,0.5032036,1.0,-0.3410797,0.1368256,0.9300079,30.026020000000003,3.4127660000000004,-27.86815,3.549103,0.6295016,0.4448177,0.03302407,1.3210309999999998,-0.3331534,-0.02148958,0.935325,0.08084327,5.293448,0.5384865,33.15
36,-0.397171,0.08528137,0.9137573,1.0,-0.4586029,0.02546692,0.8882599,-35.13101,3.049698,-30.258540000000004,2.819946,0.6920944,0.5032036,1.0,-0.3410797,0.1368256,0.9300079,30.026020000000003,3.4127660000000004,-27.86815,3.549103,0.6295016,0.4448177,0.03302407,1.3210309999999998,-0.3331534,-0.02148958,0.935325,0.08084327,5.293448,0.5384865,33.15
36,-0.397171,0.08528137,0.9137573,1.0,-0.4586029,0.02546692,0.8882599,-35.13101,3.049698,-30.258540000000004,2.819946,0.6920944,0.5032036,1.0,-0.3410797,0.1368256,0.9300079,30.026020000000003,3.4127660000000004,-27.86815,3.549103,0.6295016,0.4448177,0.03302407,1.3210309999999998,-0.3331534,-0.02148958,0.935325,0.08084327,5.293448,0.5384865,33.15
36,-0.3297119,0.1038971,0.9383392,1.0,-0.3624573,0.01913452,0.9317932,-35.09581,2.742676,-30.25873,2.128357,0.6777905,0.5129285,1.0,-0.3130645999999999,0.1441956,0.9387054,30.06636,3.401749,-27.8526,3.300247,0.6251431,0.4436603,0.03240085,1.321171,-0.3345116,-0.02128264,0.9373229,0.08280211,5.293448,0.5384865,33.15
36,-0.3297119,0.1038971,0.9383392,1.0,-0.3624573,0.01913452,0.9317932,-35.09581,2.742676,-30.25873,2.128357,0.6777905,0.5129285,1.0,-0.3130645999999999,0.1441956,0.9387054,30.06636,3.401749,-27.8526,3.300247,0.6251431,0.4436603,0.03240085,1.321171,-0.3345116,-0.02128264,0.9373229,0.08280211,5.293448,0.5384865,33.15
36,-0.3297119,0.1038971,0.9383392,1.0,-0.3624573,0.01913452,0.9317932,-35.09581,2.742676,-30.25873,2.128357,0.6777905,0.5129285,1.0,-0.3130645999999999,0.1441956,0.9387054,30.06636,3.401749,-27.8526,3.300247,0.6251431,0.4436603,0.03240085,1.321171,-0.3345116,-0.02128264,0.9373229,0.08280211,5.293448,0.5384865,33.15
36,-0.3139191,0.09466553,0.9447174,1.0,-0.364624,0.02011108,0.9309235,-35.05473,2.726044,-30.25055,2.267166,0.6766262,0.5134662,1.0,-0.2901611,0.128067,0.9483643,30.118990000000004,3.366745,-27.794690000000003,3.310211,0.6204838,0.4460537999999999,0.02981663,1.321331,-0.3378416999999999,-0.02331351,0.9430516,0.08510402,5.293448,0.5384865,33.15
36,-0.3139191,0.09466553,0.9447174,1.0,-0.364624,0.02011108,0.9309235,-35.05473,2.726044,-30.25055,2.267166,0.6766262,0.5134662,1.0,-0.2901611,0.128067,0.9483643,30.118990000000004,3.366745,-27.794690000000003,3.310211,0.6204838,0.4460537999999999,0.02981663,1.321331,-0.3378416999999999,-0.02331351,0.9430516,0.08510402,5.293448,0.5384865,33.15
36,-0.3139191,0.09466553,0.9447174,1.0,-0.364624,0.02011108,0.9309235,-35.05473,2.726044,-30.25055,2.267166,0.6766262,0.5134662,1.0,-0.2901611,0.128067,0.9483643,30.118990000000004,3.366745,-27.794690000000003,3.310211,0.6204838,0.4460537999999999,0.02981663,1.321331,-0.3378416999999999,-0.02331351,0.9430516,0.08510402,5.293448,0.5384865,33.15
36,-0.3394012,0.1007538,0.9352264,1.0,-0.4140167,0.06015015,0.9082642,-34.98787,2.7091220000000003,-30.31244,2.8271330000000003,0.681053,0.5107007,1.0,-0.2879639,0.1274872,0.9491119,30.19258,3.352905,-27.77576,3.363617,0.6176279,0.4464555999999999,0.0273396999999999,1.321495,-0.3403309,-0.02456891,0.9472635,0.08672003,5.293448,0.5384865,33.15
36,-0.3394012,0.1007538,0.9352264,1.0,-0.4140167,0.06015015,0.9082642,-34.98787,2.7091220000000003,-30.31244,2.8271330000000003,0.681053,0.5107007,1.0,-0.2879639,0.1274872,0.9491119,30.19258,3.352905,-27.77576,3.363617,0.6176279,0.4464555999999999,0.0273396999999999,1.321495,-0.3403309,-0.02456891,0.9472635,0.08672003,5.293448,0.5384865,33.15
36,-0.3394012,0.1007538,0.9352264,1.0,-0.4140167,0.06015015,0.9082642,-34.98787,2.7091220000000003,-30.31244,2.8271330000000003,0.681053,0.5107007,1.0,-0.2879639,0.1274872,0.9491119,30.19258,3.352905,-27.77576,3.363617,0.6176279,0.4464555999999999,0.0273396999999999,1.321495,-0.3403309,-0.02456891,0.9472635,0.08672003,5.293448,0.5384865,33.15
36,-0.3350525,0.1105042,0.9356842,1.0,-0.4163513,0.06619263,0.9067841,-34.97821,2.703949,-30.3174,2.76651,0.681037,0.5101382000000001,1.0,-0.2825623,0.1377106,0.949295,30.19627,3.289215,-27.77461,3.354004,0.6168813,0.4473192,0.02452326,1.3216370000000002,-0.3431035,-0.02606794,0.9516987,0.08961832,5.293448,0.5384865,33.15
36,-0.3350525,0.1105042,0.9356842,1.0,-0.4163513,0.06619263,0.9067841,-34.97821,2.703949,-30.3174,2.76651,0.681037,0.5101382000000001,1.0,-0.2825623,0.1377106,0.949295,30.19627,3.289215,-27.77461,3.354004,0.6168813,0.4473192,0.02452326,1.3216370000000002,-0.3431035,-0.02606794,0.9516987,0.08961832,5.293448,0.5384865,33.15
36,-0.3350525,0.1105042,0.9356842,1.0,-0.4163513,0.06619263,0.9067841,-34.97821,2.703949,-30.3174,2.76651,0.681037,0.5101382000000001,1.0,-0.2825623,0.1377106,0.949295,30.19627,3.289215,-27.77461,3.354004,0.6168813,0.4473192,0.02452326,1.3216370000000002,-0.3431035,-0.02606794,0.9516987,0.08961832,5.293448,0.5384865,33.15
36,-0.3350525,0.1105042,0.9356842,1.0,-0.4163513,0.06619263,0.9067841,-34.97821,2.703949,-30.3174,2.76651,0.681037,0.5101382000000001,1.0,-0.2825623,0.1377106,0.949295,30.19627,3.289215,-27.77461,3.354004,0.6168813,0.4473192,0.02452326,1.3216370000000002,-0.3431035,-0.02606794,0.9516987,0.08961832,5.293448,0.5384865,33.15
36,-0.3350525,0.1105042,0.9356842,1.0,-0.4163513,0.06619263,0.9067841,-34.97821,2.703949,-30.3174,2.76651,0.681037,0.5101382000000001,1.0,-0.2825623,0.1377106,0.949295,30.19627,3.289215,-27.77461,3.354004,0.6168813,0.4473192,0.02452326,1.3216370000000002,-0.3431035,-0.02606794,0.9516987,0.08961832,5.293448,0.5384865,33.15
36,-0.3350525,0.1105042,0.9356842,1.0,-0.4163513,0.06619263,0.9067841,-34.97821,2.703949,-30.3174,2.76651,0.681037,0.5101382000000001,1.0,-0.2825623,0.1377106,0.949295,30.19627,3.289215,-27.77461,3.354004,0.6168813,0.4473192,0.02452326,1.3216370000000002,-0.3431035,-0.02606794,0.9516987,0.08961832,5.293448,0.5384865,33.15
36,-0.3235015999999999,0.09307861,0.9416351,1.0,-0.4053497,0.04467773,0.9130554,-34.93748,2.688156,-30.28522,2.714813,0.6780305999999999,0.5128883,1.0,-0.2725677,0.1218414,0.9543762,30.22263,3.345184,-27.75026,3.237488,0.6149254,0.4469049,0.0183084,1.321847,-0.3494315999999999,-0.02418009,0.9614234,0.09566754,5.293448,0.5384865,33.15
36,-0.3235015999999999,0.09307861,0.9416351,1.0,-0.4053497,0.04467773,0.9130554,-34.93748,2.688156,-30.28522,2.714813,0.6780305999999999,0.5128883,1.0,-0.2725677,0.1218414,0.9543762,30.22263,3.345184,-27.75026,3.237488,0.6149254,0.4469049,0.0183084,1.321847,-0.3494315999999999,-0.02418009,0.9614234,0.09566754,5.293448,0.5384865,33.15
36,-0.3235015999999999,0.09307861,0.9416351,1.0,-0.4053497,0.04467773,0.9130554,-34.93748,2.688156,-30.28522,2.714813,0.6780305999999999,0.5128883,1.0,-0.2725677,0.1218414,0.9543762,30.22263,3.345184,-27.75026,3.237488,0.6149254,0.4469049,0.0183084,1.321847,-0.3494315999999999,-0.02418009,0.9614234,0.09566754,5.293448,0.5384865,33.15
36,-0.3235015999999999,0.09307861,0.9416351,1.0,-0.4053497,0.04467773,0.9130554,-34.93748,2.688156,-30.28522,2.714813,0.6780305999999999,0.5128883,1.0,-0.2725677,0.1218414,0.9543762,30.22263,3.345184,-27.75026,3.237488,0.6149254,0.4469049,0.0150938,1.321893,-0.3530632,-0.02037331,0.9660367,0.09851664,5.293448,5.148392,33.15
36,-0.3235015999999999,0.09307861,0.9416351,1.0,-0.4053497,0.04467773,0.9130554,-34.93748,2.688156,-30.28522,2.714813,0.6780305999999999,0.5128883,1.0,-0.2725677,0.1218414,0.9543762,30.22263,3.345184,-27.75026,3.237488,0.6149254,0.4469049,0.0150938,1.321893,-0.3530632,-0.02037331,0.9660367,0.09851664,5.293448,5.148392,33.15
36,-0.3235015999999999,0.09307861,0.9416351,1.0,-0.4053497,0.04467773,0.9130554,-34.93748,2.688156,-30.28522,2.714813,0.6780305999999999,0.5128883,1.0,-0.2725677,0.1218414,0.9543762,30.22263,3.345184,-27.75026,3.237488,0.6149254,0.4469049,0.0150938,1.321893,-0.3530632,-0.02037331,0.9660367,0.09851664,5.293448,5.148392,33.15
36,-0.3193665,0.07707214,0.9444885,1.0,-0.3962097,0.01019287,0.9180908,-34.904709999999994,2.681137,-30.24742,2.463821,0.6755614000000001,0.5167670999999999,1.0,-0.2755432,0.1135253999999999,0.9545441,30.25381,3.337814,-27.73889,3.26326,0.6141654000000001,0.4480912,0.01163173,1.321351,-0.3565771,-0.02010866,0.9706876,0.09870954,5.293448,5.148392,33.15
36,-0.3193665,0.07707214,0.9444885,1.0,-0.3962097,0.01019287,0.9180908,-34.904709999999994,2.681137,-30.24742,2.463821,0.6755614000000001,0.5167670999999999,1.0,-0.2755432,0.1135253999999999,0.9545441,30.25381,3.337814,-27.73889,3.26326,0.6141654000000001,0.4480912,0.01163173,1.321351,-0.3565771,-0.02010866,0.9706876,0.09870954,5.293448,5.148392,33.15
36,-0.3193665,0.07707214,0.9444885,1.0,-0.3962097,0.01019287,0.9180908,-34.904709999999994,2.681137,-30.24742,2.463821,0.6755614000000001,0.5167670999999999,1.0,-0.2755432,0.1135253999999999,0.9545441,30.25381,3.337814,-27.73889,3.26326,0.6141654000000001,0.4480912,0.01163173,1.321351,-0.3565771,-0.02010866,0.9706876,0.09870954,5.293448,5.148392,33.15
36,-0.3691559,0.1314697,0.9200134,1.0,-0.4669189,0.1238708,0.8755646,-35.42334,2.483475,-30.62822,2.921677,0.7046549,0.5142177,1.0,-0.3424988,0.1332245,0.9300079,29.75755,3.258057,-27.96109,3.327744,0.6392015999999999,0.4510134,0.009181023,1.320604,-0.3601074,-0.01838121,0.9743994,0.09811371,5.293448,5.148392,33.15
36,-0.3691559,0.1314697,0.9200134,1.0,-0.4669189,0.1238708,0.8755646,-35.42334,2.483475,-30.62822,2.921677,0.7046549,0.5142177,1.0,-0.3424988,0.1332245,0.9300079,29.75755,3.258057,-27.96109,3.327744,0.6392015999999999,0.4510134,0.009181023,1.320604,-0.3601074,-0.01838121,0.9743994,0.09811371,5.293448,5.148392,33.15
36,-0.3691559,0.1314697,0.9200134,1.0,-0.4669189,0.1238708,0.8755646,-35.42334,2.483475,-30.62822,2.921677,0.7046549,0.5142177,1.0,-0.3424988,0.1332245,0.9300079,29.75755,3.258057,-27.96109,3.327744,0.6392015999999999,0.4510134,0.009181023,1.320604,-0.3601074,-0.01838121,0.9743994,0.09811371,5.293448,5.148392,33.15
36,-0.3544617,0.1114502,0.9283905,1.0,-0.464035,0.08790588,0.8814392,-35.0972,2.598785,-30.42834,2.9783630000000003,0.692025,0.512889,1.0,-0.324234,0.1174773999999999,0.9386444,30.03664,3.229874,-27.85033,3.356125,0.6273227,0.4527303,0.006847858,1.319996,-0.3637015999999999,-0.01634284,0.9772362,0.09705596,5.293448,5.148392,33.15
36,-0.3544617,0.1114502,0.9283905,1.0,-0.464035,0.08790588,0.8814392,-35.0972,2.598785,-30.42834,2.9783630000000003,0.692025,0.512889,1.0,-0.324234,0.1174773999999999,0.9386444,30.03664,3.229874,-27.85033,3.356125,0.6273227,0.4527303,0.006847858,1.319996,-0.3637015999999999,-0.01634284,0.9772362,0.09705596,5.293448,5.148392,33.15
36,-0.3544617,0.1114502,0.9283905,1.0,-0.464035,0.08790588,0.8814392,-35.0972,2.598785,-30.42834,2.9783630000000003,0.692025,0.512889,1.0,-0.324234,0.1174773999999999,0.9386444,30.03664,3.229874,-27.85033,3.356125,0.6273227,0.4527303,0.006847858,1.319996,-0.3637015999999999,-0.01634284,0.9772362,0.09705596,5.293448,5.148392,33.15
36,-0.3269958,0.09031677,0.9406891,1.0,-0.421814,0.05477905,0.905014,-34.87123,2.5821080000000003,-30.2993,2.730286,0.6779289000000001,0.5156564,1.0,-0.2907257,0.1032867,0.9512024,30.29741,3.223312,-27.74274,3.277695,0.6144681,0.4533145999999999,0.004981279,1.319116,-0.3672572,-0.01546781,0.9794636,0.09461497,5.293448,23.85802,33.15
36,-0.3269958,0.09031677,0.9406891,1.0,-0.421814,0.05477905,0.905014,-34.87123,2.5821080000000003,-30.2993,2.730286,0.6779289000000001,0.5156564,1.0,-0.2907257,0.1032867,0.9512024,30.29741,3.223312,-27.74274,3.277695,0.6144681,0.4533145999999999,0.004981279,1.319116,-0.3672572,-0.01546781,0.9794636,0.09461497,5.293448,23.85802,33.15
36,-0.3269958,0.09031677,0.9406891,1.0,-0.421814,0.05477905,0.905014,-34.87123,2.5821080000000003,-30.2993,2.730286,0.6779289000000001,0.5156564,1.0,-0.2907257,0.1032867,0.9512024,30.29741,3.223312,-27.74274,3.277695,0.6144681,0.4533145999999999,0.004981279,1.319116,-0.3672572,-0.01546781,0.9794636,0.09461497,5.293448,23.85802,33.15
36,-0.3175659,0.06771851,0.9458008,1.0,-0.3958587999999999,-0.01004028,0.9182434000000002,-34.76198,2.571487,-30.20976,2.374191,0.6704058,0.5226967,1.0,-0.2826385,0.1008911,0.9539032,30.38118,3.247314,-27.7155,3.239578,0.6107062,0.4524444999999999,0.00352335,1.318036,-0.3708535,-0.01570728,0.9813163,0.09090436,5.293448,23.85802,33.15
36,-0.3175659,0.06771851,0.9458008,1.0,-0.3958587999999999,-0.01004028,0.9182434000000002,-34.76198,2.571487,-30.20976,2.374191,0.6704058,0.5226967,1.0,-0.2826385,0.1008911,0.9539032,30.38118,3.247314,-27.7155,3.239578,0.6107062,0.4524444999999999,0.00352335,1.318036,-0.3708535,-0.01570728,0.9813163,0.09090436,5.293448,23.85802,33.15
36,-0.3175659,0.06771851,0.9458008,1.0,-0.3958587999999999,-0.01004028,0.9182434000000002,-34.76198,2.571487,-30.20976,2.374191,0.6704058,0.5226967,1.0,-0.2826385,0.1008911,0.9539032,30.38118,3.247314,-27.7155,3.239578,0.6107062,0.4524444999999999,0.00352335,1.318036,-0.3708535,-0.01570728,0.9813163,0.09090436,5.293448,23.85802,33.15
36,-0.3175659,0.06771851,0.9458008,1.0,-0.3958587999999999,-0.01004028,0.9182434000000002,-34.76198,2.571487,-30.20976,2.374191,0.6704058,0.5226967,1.0,-0.2826385,0.1008911,0.9539032,30.38118,3.247314,-27.7155,3.239578,0.6107062,0.4524444999999999,0.0027766229999999,1.316899,-0.3743742,-0.01544322,0.9826073,0.08675508,5.293448,23.85802,33.15
36,-0.3175659,0.06771851,0.9458008,1.0,-0.3958587999999999,-0.01004028,0.9182434000000002,-34.76198,2.571487,-30.20976,2.374191,0.6704058,0.5226967,1.0,-0.2826385,0.1008911,0.9539032,30.38118,3.247314,-27.7155,3.239578,0.6107062,0.4524444999999999,0.0027766229999999,1.316899,-0.3743742,-0.01544322,0.9826073,0.08675508,5.293448,23.85802,33.15
36,-0.3175659,0.06771851,0.9458008,1.0,-0.3958587999999999,-0.01004028,0.9182434000000002,-34.76198,2.571487,-30.20976,2.374191,0.6704058,0.5226967,1.0,-0.2826385,0.1008911,0.9539032,30.38118,3.247314,-27.7155,3.239578,0.6107062,0.4524444999999999,0.0027766229999999,1.316899,-0.3743742,-0.01544322,0.9826073,0.08675508,5.293448,23.85802,33.15
36,-0.282486,0.08996582,0.9550323,1.0,-0.3445587,0.05299377,0.9372559,-34.60062,2.572769,-30.185990000000004,2.802063,0.6578746999999999,0.5144645999999999,1.0,-0.2151947,0.128479,0.9680786,30.55655,3.261063,-27.64581,3.3390660000000003,0.5965781,0.4476757,0.002198458,1.314366,-0.3811789,-0.01431714,0.9843112,0.07751532,5.293448,-58.12059,33.15
36,-0.282486,0.08996582,0.9550323,1.0,-0.3445587,0.05299377,0.9372559,-34.60062,2.572769,-30.185990000000004,2.802063,0.6578746999999999,0.5144645999999999,1.0,-0.2151947,0.128479,0.9680786,30.55655,3.261063,-27.64581,3.3390660000000003,0.5965781,0.4476757,0.002198458,1.314366,-0.3811789,-0.01431714,0.9843112,0.07751532,5.293448,-58.12059,33.15
36,-0.282486,0.08996582,0.9550323,1.0,-0.3445587,0.05299377,0.9372559,-34.60062,2.572769,-30.185990000000004,2.802063,0.6578746999999999,0.5144645999999999,1.0,-0.2151947,0.128479,0.9680786,30.55655,3.261063,-27.64581,3.3390660000000003,0.5965781,0.4476757,0.002198458,1.314366,-0.3811789,-0.01431714,0.9843112,0.07751532,5.293448,-58.12059,33.15
36,-0.513031,0.01365662,0.8582458000000001,1.0,-0.5926666,-0.01322937,0.8053284,-35.1859,2.237823,-30.57813,3.004745,0.7137116,0.5417299,1.0,-0.4334259,0.03887939,0.9003448000000001,29.67479,2.807541,-28.03596,3.397568,0.6528903,0.4792992,0.002198458,1.314366,-0.3811789,-0.01431714,0.9843112,0.07751532,5.293448,-58.12059,33.15
36,-0.513031,0.01365662,0.8582458000000001,1.0,-0.5926666,-0.01322937,0.8053284,-35.1859,2.237823,-30.57813,3.004745,0.7137116,0.5417299,1.0,-0.4334259,0.03887939,0.9003448000000001,29.67479,2.807541,-28.03596,3.397568,0.6528903,0.4792992,0.002198458,1.314366,-0.3811789,-0.01431714,0.9843112,0.07751532,5.293448,-58.12059,33.15
36,-0.513031,0.01365662,0.8582458000000001,1.0,-0.5926666,-0.01322937,0.8053284,-35.1859,2.237823,-30.57813,3.004745,0.7137116,0.5417299,1.0,-0.4334259,0.03887939,0.9003448000000001,29.67479,2.807541,-28.03596,3.397568,0.6528903,0.4792992,0.002198458,1.314366,-0.3811789,-0.01431714,0.9843112,0.07751532,5.293448,-58.12059,33.15
36,-0.513031,0.01365662,0.8582458000000001,1.0,-0.5926666,-0.01322937,0.8053284,-35.1859,2.237823,-30.57813,3.004745,0.7137116,0.5417299,1.0,-0.4334259,0.03887939,0.9003448000000001,29.67479,2.807541,-28.03596,3.397568,0.6528903,0.4792992,0.002235413,1.311238,-0.3875884,-0.01324168,0.9856094,0.06681842,5.293448,-58.12059,33.15
36,-0.513031,0.01365662,0.8582458000000001,1.0,-0.5926666,-0.01322937,0.8053284,-35.1859,2.237823,-30.57813,3.004745,0.7137116,0.5417299,1.0,-0.4334259,0.03887939,0.9003448000000001,29.67479,2.807541,-28.03596,3.397568,0.6528903,0.4792992,0.002235413,1.311238,-0.3875884,-0.01324168,0.9856094,0.06681842,5.293448,-58.12059,33.15
36,-0.513031,0.01365662,0.8582458000000001,1.0,-0.5926666,-0.01322937,0.8053284,-35.1859,2.237823,-30.57813,3.004745,0.7137116,0.5417299,1.0,-0.4334259,0.03887939,0.9003448000000001,29.67479,2.807541,-28.03596,3.397568,0.6528903,0.4792992,0.002235413,1.311238,-0.3875884,-0.01324168,0.9856094,0.06681842,5.293448,-58.12059,33.15
36,-0.4631653,0.01135254,0.8861846999999999,1.0,-0.5302734,-0.02168274,0.8475341999999999,-35.4431,2.345688,-30.59361,2.975128,0.7140999,0.5379573000000001,1.0,-0.4106293,0.03611755,0.9110718,29.690340000000003,2.872452,-28.00165,3.293655,0.6497009,0.476761,0.00271225,1.309831,-0.3907822,-0.01043326,0.9858869,0.06248438,5.293448,-58.12059,33.15
36,-0.4631653,0.01135254,0.8861846999999999,1.0,-0.5302734,-0.02168274,0.8475341999999999,-35.4431,2.345688,-30.59361,2.975128,0.7140999,0.5379573000000001,1.0,-0.4106293,0.03611755,0.9110718,29.690340000000003,2.872452,-28.00165,3.293655,0.6497009,0.476761,0.00271225,1.309831,-0.3907822,-0.01043326,0.9858869,0.06248438,5.293448,-58.12059,33.15
36,-0.4631653,0.01135254,0.8861846999999999,1.0,-0.5302734,-0.02168274,0.8475341999999999,-35.4431,2.345688,-30.59361,2.975128,0.7140999,0.5379573000000001,1.0,-0.4106293,0.03611755,0.9110718,29.690340000000003,2.872452,-28.00165,3.293655,0.6497009,0.476761,0.00271225,1.309831,-0.3907822,-0.01043326,0.9858869,0.06248438,5.293448,-58.12059,33.15
36,-0.4871826,0.02516174,0.8729248,1.0,-0.5654296999999999,-0.02175903,0.8244934000000002,-35.228,2.412674,-30.5126,3.156616,0.7110751000000001,0.5356456999999999,1.0,-0.4515839,0.04545593,0.8910674999999999,29.74133,2.922394,-28.03885,3.34436,0.6530163,0.4748898,0.003475189,1.308113,-0.3938589,-0.007717509,0.9859582,0.05718118,5.293448,-58.12059,33.15
36,-0.4871826,0.02516174,0.8729248,1.0,-0.5654296999999999,-0.02175903,0.8244934000000002,-35.228,2.412674,-30.5126,3.156616,0.7110751000000001,0.5356456999999999,1.0,-0.4515839,0.04545593,0.8910674999999999,29.74133,2.922394,-28.03885,3.34436,0.6530163,0.4748898,0.003475189,1.308113,-0.3938589,-0.007717509,0.9859582,0.05718118,5.293448,-58.12059,33.15
36,-0.4871826,0.02516174,0.8729248,1.0,-0.5654296999999999,-0.02175903,0.8244934000000002,-35.228,2.412674,-30.5126,3.156616,0.7110751000000001,0.5356456999999999,1.0,-0.4515839,0.04545593,0.8910674999999999,29.74133,2.922394,-28.03885,3.34436,0.6530163,0.4748898,0.003475189,1.308113,-0.3938589,-0.007717509,0.9859582,0.05718118,5.293448,-58.12059,33.15
36,-0.4957428,0.01689148,0.8683014000000001,1.0,-0.5692139,-0.01312256,0.8220673000000001,-35.23615,2.40976,-30.51534,3.16156,0.7119168,0.5347411999999999,1.0,-0.4308319,0.04196167,0.9014435,29.65988,3.020416,-28.03458,3.341232,0.6532146,0.4716657,0.003973722,1.306145,-0.3967906,-0.007683645,0.9864601,0.05090844,5.293448,-80.73058,33.15
36,-0.4957428,0.01689148,0.8683014000000001,1.0,-0.5692139,-0.01312256,0.8220673000000001,-35.23615,2.40976,-30.51534,3.16156,0.7119168,0.5347411999999999,1.0,-0.4308319,0.04196167,0.9014435,29.65988,3.020416,-28.03458,3.341232,0.6532146,0.4716657,0.003973722,1.306145,-0.3967906,-0.007683645,0.9864601,0.05090844,5.293448,-80.73058,33.15
36,-0.4957428,0.01689148,0.8683014000000001,1.0,-0.5692139,-0.01312256,0.8220673000000001,-35.23615,2.40976,-30.51534,3.16156,0.7119168,0.5347411999999999,1.0,-0.4308319,0.04196167,0.9014435,29.65988,3.020416,-28.03458,3.341232,0.6532146,0.4716657,0.003973722,1.306145,-0.3967906,-0.007683645,0.9864601,0.05090844,5.293448,-80.73058,33.15
36,-0.4727478,0.0209198,0.8809357,1.0,-0.522583,0.01960754,0.8523407,-35.51678,2.460022,-30.63435,3.184158,0.715713,0.529133,1.0,-0.4479675,0.02153015,0.8937835999999999,29.67781,3.0781560000000003,-28.035190000000004,3.397736,0.6545946,0.4724964,0.004123926,1.303956,-0.3997315999999999,-0.005992645,0.9870616,0.04334957,5.293448,-80.73058,33.15
36,-0.4727478,0.0209198,0.8809357,1.0,-0.522583,0.01960754,0.8523407,-35.51678,2.460022,-30.63435,3.184158,0.715713,0.529133,1.0,-0.4479675,0.02153015,0.8937835999999999,29.67781,3.0781560000000003,-28.035190000000004,3.397736,0.6545946,0.4724964,0.004123926,1.303956,-0.3997315999999999,-0.005992645,0.9870616,0.04334957,5.293448,-80.73058,33.15
36,-0.4727478,0.0209198,0.8809357,1.0,-0.522583,0.01960754,0.8523407,-35.51678,2.460022,-30.63435,3.184158,0.715713,0.529133,1.0,-0.4479675,0.02153015,0.8937835999999999,29.67781,3.0781560000000003,-28.035190000000004,3.397736,0.6545946,0.4724964,0.004123926,1.303956,-0.3997315999999999,-0.005992645,0.9870616,0.04334957,5.293448,-80.73058,33.15
36,-0.4722595,0.01826477,0.8812561,1.0,-0.5132141,0.02589417,0.8578644,-35.51501,2.448975,-30.62735,3.130173,0.7143257,0.5284699,1.0,-0.4554138,0.0151824999999999,0.8901367,29.67404,3.089294,-28.04585,3.269791,0.655896,0.4730276,0.004262924,1.30155,-0.4026917,-0.003472037,0.987629,0.03563554,5.293448,-80.73058,33.15
36,-0.4722595,0.01826477,0.8812561,1.0,-0.5132141,0.02589417,0.8578644,-35.51501,2.448975,-30.62735,3.130173,0.7143257,0.5284699,1.0,-0.4554138,0.0151824999999999,0.8901367,29.67404,3.089294,-28.04585,3.269791,0.655896,0.4730276,0.004262924,1.30155,-0.4026917,-0.003472037,0.987629,0.03563554,5.293448,-80.73058,33.15
36,-0.4722595,0.01826477,0.8812561,1.0,-0.5132141,0.02589417,0.8578644,-35.51501,2.448975,-30.62735,3.130173,0.7143257,0.5284699,1.0,-0.4554138,0.0151824999999999,0.8901367,29.67404,3.089294,-28.04585,3.269791,0.655896,0.4730276,0.004262924,1.30155,-0.4026917,-0.003472037,0.987629,0.03563554,5.293448,-80.73058,33.15
36,-0.2742157,-0.2583008,0.9263153,1.0,-0.4429321,-0.2715149,0.8544463999999999,-34.35413,1.527298,-30.166120000000003,3.026779,0.6629562,0.5936471999999999,1.0,-0.2578583,-0.2566071,0.9314728,30.13208,2.2207790000000003,-27.61458,3.326828,0.6156984000000001,0.5295675,0.004247904,1.295468,-0.4081228,0.0005320922,0.9889728,0.01315587,5.293448,-80.73058,33.15
36,-0.2742157,-0.2583008,0.9263153,1.0,-0.4429321,-0.2715149,0.8544463999999999,-34.35413,1.527298,-30.166120000000003,3.026779,0.6629562,0.5936471999999999,1.0,-0.2578583,-0.2566071,0.9314728,30.13208,2.2207790000000003,-27.61458,3.326828,0.6156984000000001,0.5295675,0.004247904,1.295468,-0.4081228,0.0005320922,0.9889728,0.01315587,5.293448,-80.73058,33.15
36,-0.2742157,-0.2583008,0.9263153,1.0,-0.4429321,-0.2715149,0.8544463999999999,-34.35413,1.527298,-30.166120000000003,3.026779,0.6629562,0.5936471999999999,1.0,-0.2578583,-0.2566071,0.9314728,30.13208,2.2207790000000003,-27.61458,3.326828,0.6156984000000001,0.5295675,0.004247904,1.295468,-0.4081228,0.0005320922,0.9889728,0.01315587,5.293448,-80.73058,33.15
37,-0.2706450999999999,-0.3060913,0.9127045,1.0,-0.4207764,-0.2702025999999999,0.8659821,-34.34555,1.495239,-30.14876,2.993088,0.6596326,0.5940377,1.0,-0.2186127,-0.3163605,0.9230957,30.23456,2.193604,-27.562040000000003,2.926743,0.6081846,0.5373315,0.004247904,1.295468,-0.4081228,0.0005320922,0.9889728,0.01315587,5.293448,-2.273285,33.15
37,-0.2706450999999999,-0.3060913,0.9127045,1.0,-0.4207764,-0.2702025999999999,0.8659821,-34.34555,1.495239,-30.14876,2.993088,0.6596326,0.5940377,1.0,-0.2186127,-0.3163605,0.9230957,30.23456,2.193604,-27.562040000000003,2.926743,0.6081846,0.5373315,0.004247904,1.295468,-0.4081228,0.0005320922,0.9889728,0.01315587,5.293448,-2.273285,33.15
37,-0.2706450999999999,-0.3060913,0.9127045,1.0,-0.4207764,-0.2702025999999999,0.8659821,-34.34555,1.495239,-30.14876,2.993088,0.6596326,0.5940377,1.0,-0.2186127,-0.3163605,0.9230957,30.23456,2.193604,-27.562040000000003,2.926743,0.6081846,0.5373315,0.004247904,1.295468,-0.4081228,0.0005320922,0.9889728,0.01315587,5.293448,-2.273285,33.15
37,-0.3064117,-0.2226868,0.9254761,1.0,-0.4280547999999999,-0.2373505,0.8720093000000001,-34.32533,1.622787,-30.11014,2.889297,0.6596814999999999,0.5848897,1.0,-0.2243804999999999,-0.2110138,0.9513702,30.26231,2.385559,-27.55241,3.3341830000000003,0.6072245,0.517293,0.0051152709999999,1.285806,-0.4130645,0.001353825,0.9889812,-0.02527622,5.293448,-2.273285,33.15
37,-0.3064117,-0.2226868,0.9254761,1.0,-0.4280547999999999,-0.2373505,0.8720093000000001,-34.32533,1.622787,-30.11014,2.889297,0.6596814999999999,0.5848897,1.0,-0.2243804999999999,-0.2110138,0.9513702,30.26231,2.385559,-27.55241,3.3341830000000003,0.6072245,0.517293,0.0051152709999999,1.285806,-0.4130645,0.001353825,0.9889812,-0.02527622,5.293448,-2.273285,33.15
37,-0.3064117,-0.2226868,0.9254761,1.0,-0.4280547999999999,-0.2373505,0.8720093000000001,-34.32533,1.622787,-30.11014,2.889297,0.6596814999999999,0.5848897,1.0,-0.2243804999999999,-0.2110138,0.9513702,30.26231,2.385559,-27.55241,3.3341830000000003,0.6072245,0.517293,0.0051152709999999,1.285806,-0.4130645,0.001353825,0.9889812,-0.02527622,5.293448,-2.273285,33.15
37,-0.3064117,-0.2226868,0.9254761,1.0,-0.4280547999999999,-0.2373505,0.8720093000000001,-34.32533,1.622787,-30.11014,2.889297,0.6596814999999999,0.5848897,1.0,-0.2243804999999999,-0.2110138,0.9513702,30.26231,2.385559,-27.55241,3.3341830000000003,0.6072245,0.517293,0.005515814,1.279982,-0.415347,0.0016781889999999,0.9880993,-0.04751923,5.293448,-2.273285,33.15
37,-0.3064117,-0.2226868,0.9254761,1.0,-0.4280547999999999,-0.2373505,0.8720093000000001,-34.32533,1.622787,-30.11014,2.889297,0.6596814999999999,0.5848897,1.0,-0.2243804999999999,-0.2110138,0.9513702,30.26231,2.385559,-27.55241,3.3341830000000003,0.6072245,0.517293,0.005515814,1.279982,-0.415347,0.0016781889999999,0.9880993,-0.04751923,5.293448,-2.273285,33.15
37,-0.3064117,-0.2226868,0.9254761,1.0,-0.4280547999999999,-0.2373505,0.8720093000000001,-34.32533,1.622787,-30.11014,2.889297,0.6596814999999999,0.5848897,1.0,-0.2243804999999999,-0.2110138,0.9513702,30.26231,2.385559,-27.55241,3.3341830000000003,0.6072245,0.517293,0.005515814,1.279982,-0.415347,0.0016781889999999,0.9880993,-0.04751923,5.293448,-2.273285,33.15
37,-0.3064117,-0.2226868,0.9254761,1.0,-0.4280547999999999,-0.2373505,0.8720093000000001,-34.32533,1.622787,-30.11014,2.889297,0.6596814999999999,0.5848897,1.0,-0.2243804999999999,-0.2110138,0.9513702,30.26231,2.385559,-27.55241,3.3341830000000003,0.6072245,0.517293,0.005618334,1.2740200000000002,-0.4176242999999999,0.0008802616,0.9869183,-0.06933767,5.293448,-2.273285,33.15
37,-0.3064117,-0.2226868,0.9254761,1.0,-0.4280547999999999,-0.2373505,0.8720093000000001,-34.32533,1.622787,-30.11014,2.889297,0.6596814999999999,0.5848897,1.0,-0.2243804999999999,-0.2110138,0.9513702,30.26231,2.385559,-27.55241,3.3341830000000003,0.6072245,0.517293,0.005618334,1.2740200000000002,-0.4176242999999999,0.0008802616,0.9869183,-0.06933767,5.293448,-2.273285,33.15
37,-0.3064117,-0.2226868,0.9254761,1.0,-0.4280547999999999,-0.2373505,0.8720093000000001,-34.32533,1.622787,-30.11014,2.889297,0.6596814999999999,0.5848897,1.0,-0.2243804999999999,-0.2110138,0.9513702,30.26231,2.385559,-27.55241,3.3341830000000003,0.6072245,0.517293,0.005618334,1.2740200000000002,-0.4176242999999999,0.0008802616,0.9869183,-0.06933767,5.293448,-2.273285,33.15
37,-0.2405396,-0.1701965,0.9555817,1.0,0.0,0.0,0.0,-34.3801,1.857315,-30.011,-1.0,0.6470121999999999,0.5635553000000001,1.0,-0.2405396,-0.1701965,0.9555817,30.46986,2.6852720000000003,-27.46513,3.297363,0.6021668,0.5015261,0.005936146,1.26875,-0.4197517,0.001519763,0.9855242,-0.08818471,5.293448,-2.273285,33.15
37,-0.2405396,-0.1701965,0.9555817,1.0,0.0,0.0,0.0,-34.3801,1.857315,-30.011,-1.0,0.6470121999999999,0.5635553000000001,1.0,-0.2405396,-0.1701965,0.9555817,30.46986,2.6852720000000003,-27.46513,3.297363,0.6021668,0.5015261,0.005936146,1.26875,-0.4197517,0.001519763,0.9855242,-0.08818471,5.293448,-2.273285,33.15
37,-0.2405396,-0.1701965,0.9555817,1.0,0.0,0.0,0.0,-34.3801,1.857315,-30.011,-1.0,0.6470121999999999,0.5635553000000001,1.0,-0.2405396,-0.1701965,0.9555817,30.46986,2.6852720000000003,-27.46513,3.297363,0.6021668,0.5015261,0.005936146,1.26875,-0.4197517,0.001519763,0.9855242,-0.08818471,5.293448,-2.273285,33.15
37,-0.2405396,-0.1701965,0.9555817,1.0,0.0,0.0,0.0,-34.3801,1.857315,-30.011,-1.0,0.6470121999999999,0.5635553000000001,1.0,-0.2405396,-0.1701965,0.9555817,30.46986,2.6852720000000003,-27.46513,3.297363,0.6021668,0.5015261,0.006289482,1.26318,-0.4213075,0.00200582,0.9834675,-0.1088002999999999,5.293448,-7.661392,33.15
37,-0.2405396,-0.1701965,0.9555817,1.0,0.0,0.0,0.0,-34.3801,1.857315,-30.011,-1.0,0.6470121999999999,0.5635553000000001,1.0,-0.2405396,-0.1701965,0.9555817,30.46986,2.6852720000000003,-27.46513,3.297363,0.6021668,0.5015261,0.006289482,1.26318,-0.4213075,0.00200582,0.9834675,-0.1088002999999999,5.293448,-7.661392,33.15
37,-0.2405396,-0.1701965,0.9555817,1.0,0.0,0.0,0.0,-34.3801,1.857315,-30.011,-1.0,0.6470121999999999,0.5635553000000001,1.0,-0.2405396,-0.1701965,0.9555817,30.46986,2.6852720000000003,-27.46513,3.297363,0.6021668,0.5015261,0.006289482,1.26318,-0.4213075,0.00200582,0.9834675,-0.1088002999999999,5.293448,-7.661392,33.15
37,-0.08647156,-0.3412781,0.9359741,1.0,0.0,0.0,0.0,-33.72717,1.437088,-29.89502,-1.0,0.6113867,0.6017885000000001,1.0,-0.08647156,-0.3412781,0.9359741,30.776290000000003,2.362579,-27.32523,3.341843,0.5735083000000001,0.5313953,0.0067245959999999,1.256953,-0.4225130999999999,0.003363032,0.9807568,-0.1310907999999999,5.293448,-7.661392,33.15
37,-0.08647156,-0.3412781,0.9359741,1.0,0.0,0.0,0.0,-33.72717,1.437088,-29.89502,-1.0,0.6113867,0.6017885000000001,1.0,-0.08647156,-0.3412781,0.9359741,30.776290000000003,2.362579,-27.32523,3.341843,0.5735083000000001,0.5313953,0.0067245959999999,1.256953,-0.4225130999999999,0.003363032,0.9807568,-0.1310907999999999,5.293448,-7.661392,33.15
37,-0.08647156,-0.3412781,0.9359741,1.0,0.0,0.0,0.0,-33.72717,1.437088,-29.89502,-1.0,0.6113867,0.6017885000000001,1.0,-0.08647156,-0.3412781,0.9359741,30.776290000000003,2.362579,-27.32523,3.341843,0.5735083000000001,0.5313953,0.0067245959999999,1.256953,-0.4225130999999999,0.003363032,0.9807568,-0.1310907999999999,5.293448,-7.661392,33.15
37,-0.1066742,-0.2904968,0.9508972,1.0,-0.2346191,-0.3198395,0.9179535,-33.7374,1.7631990000000002,-29.82207,2.870468,0.6135010999999999,0.5858691999999999,1.0,-0.05509949,-0.2773132,0.9591827,30.82123,2.591629,-27.25603,3.210785,0.5684204,0.5147331,0.007186174,1.251105,-0.4234486,0.003164424,0.9778087,-0.1523009,5.352393,-7.661392,33.15
37,-0.1066742,-0.2904968,0.9508972,1.0,-0.2346191,-0.3198395,0.9179535,-33.7374,1.7631990000000002,-29.82207,2.870468,0.6135010999999999,0.5858691999999999,1.0,-0.05509949,-0.2773132,0.9591827,30.82123,2.591629,-27.25603,3.210785,0.5684204,0.5147331,0.007186174,1.251105,-0.4234486,0.003164424,0.9778087,-0.1523009,5.352393,-7.661392,33.15
37,-0.1066742,-0.2904968,0.9508972,1.0,-0.2346191,-0.3198395,0.9179535,-33.7374,1.7631990000000002,-29.82207,2.870468,0.6135010999999999,0.5858691999999999,1.0,-0.05509949,-0.2773132,0.9591827,30.82123,2.591629,-27.25603,3.210785,0.5684204,0.5147331,0.007186174,1.251105,-0.4234486,0.003164424,0.9778087,-0.1523009,5.352393,-7.661392,33.15
37,-0.1379395,-0.2253876,0.964447,1.0,-0.2384186,-0.2654114,0.9341736,-33.79947,1.873459,-29.81958,2.971527,0.6160462,0.5748015999999999,1.0,-0.09025574,-0.2056579999999999,0.9744415,30.771390000000004,2.697998,-27.28929,3.378647,0.5740622,0.5027081,0.007130384,1.24474,-0.4242659,0.00351045,0.9741899,-0.1749058,5.352393,-7.661392,33.15
37,-0.1379395,-0.2253876,0.964447,1.0,-0.2384186,-0.2654114,0.9341736,-33.79947,1.873459,-29.81958,2.971527,0.6160462,0.5748015999999999,1.0,-0.09025574,-0.2056579999999999,0.9744415,30.771390000000004,2.697998,-27.28929,3.378647,0.5740622,0.5027081,0.007130384,1.24474,-0.4242659,0.00351045,0.9741899,-0.1749058,5.352393,-7.661392,33.15
37,-0.1379395,-0.2253876,0.964447,1.0,-0.2384186,-0.2654114,0.9341736,-33.79947,1.873459,-29.81958,2.971527,0.6160462,0.5748015999999999,1.0,-0.09025574,-0.2056579999999999,0.9744415,30.771390000000004,2.697998,-27.28929,3.378647,0.5740622,0.5027081,0.007130384,1.24474,-0.4242659,0.00351045,0.9741899,-0.1749058,5.352393,-7.661392,33.15
37,-0.147049,-0.1565398999999999,0.9766541,1.0,-0.2317199999999999,-0.1457214,0.961792,-33.83833,2.110748,-29.79962,3.164566,0.6163691,0.550981,1.0,-0.09115601,-0.1629639,0.9824066,30.79626,2.988541,-27.340290000000003,3.4235230000000003,0.5733329,0.4882127,0.007631779,1.239131,-0.4251109,0.005947718,0.9703718,-0.1949577,5.352393,-7.661392,33.15
37,-0.147049,-0.1565398999999999,0.9766541,1.0,-0.2317199999999999,-0.1457214,0.961792,-33.83833,2.110748,-29.79962,3.164566,0.6163691,0.550981,1.0,-0.09115601,-0.1629639,0.9824066,30.79626,2.988541,-27.340290000000003,3.4235230000000003,0.5733329,0.4882127,0.007631779,1.239131,-0.4251109,0.005947718,0.9703718,-0.1949577,5.352393,-7.661392,33.15
37,-0.147049,-0.1565398999999999,0.9766541,1.0,-0.2317199999999999,-0.1457214,0.961792,-33.83833,2.110748,-29.79962,3.164566,0.6163691,0.550981,1.0,-0.09115601,-0.1629639,0.9824066,30.79626,2.988541,-27.340290000000003,3.4235230000000003,0.5733329,0.4882127,0.007631779,1.239131,-0.4251109,0.005947718,0.9703718,-0.1949577,5.352393,-7.661392,33.15
37,-0.06672668,-0.2658386,0.9617004,1.0,-0.1856232,-0.2628325999999999,0.9468079,-33.56766,1.790024,-29.77951,3.140747,0.6013252,0.5765771,1.0,-0.03062439,-0.2659912,0.9634705,30.85895,2.701294,-27.252640000000003,3.4375150000000003,0.5640333000000001,0.5094917,0.008302927,1.233467,-0.4256904999999999,0.008491567,0.9661204,-0.215053,5.352393,-7.661392,33.15
37,-0.06672668,-0.2658386,0.9617004,1.0,-0.1856232,-0.2628325999999999,0.9468079,-33.56766,1.790024,-29.77951,3.140747,0.6013252,0.5765771,1.0,-0.03062439,-0.2659912,0.9634705,30.85895,2.701294,-27.252640000000003,3.4375150000000003,0.5640333000000001,0.5094917,0.008302927,1.233467,-0.4256904999999999,0.008491567,0.9661204,-0.215053,5.352393,-7.661392,33.15
37,-0.06672668,-0.2658386,0.9617004,1.0,-0.1856232,-0.2628325999999999,0.9468079,-33.56766,1.790024,-29.77951,3.140747,0.6013252,0.5765771,1.0,-0.03062439,-0.2659912,0.9634705,30.85895,2.701294,-27.252640000000003,3.4375150000000003,0.5640333000000001,0.5094917,0.008302927,1.233467,-0.4256904999999999,0.008491567,0.9661204,-0.215053,5.352393,-7.661392,33.15
37,-0.08312988,-0.2730712999999999,0.9583893,1.0,-0.1752777,-0.2695313,0.9468994,-33.66856,1.764053,-29.77888,3.089127,0.6035239,0.5783043000000001,1.0,-0.02018738,-0.2741241,0.9614716,30.84782,2.672501,-27.25121,3.296066,0.5633143,0.5114228,0.008896589,1.22853,-0.4267988,0.01163004,0.9624169,-0.2308066,5.352393,55.28468,33.15
37,-0.08312988,-0.2730712999999999,0.9583893,1.0,-0.1752777,-0.2695313,0.9468994,-33.66856,1.764053,-29.77888,3.089127,0.6035239,0.5783043000000001,1.0,-0.02018738,-0.2741241,0.9614716,30.84782,2.672501,-27.25121,3.296066,0.5633143,0.5114228,0.008896589,1.22853,-0.4267988,0.01163004,0.9624169,-0.2308066,5.352393,55.28468,33.15
37,-0.08312988,-0.2730712999999999,0.9583893,1.0,-0.1752777,-0.2695313,0.9468994,-33.66856,1.764053,-29.77888,3.089127,0.6035239,0.5783043000000001,1.0,-0.02018738,-0.2741241,0.9614716,30.84782,2.672501,-27.25121,3.296066,0.5633143,0.5114228,0.008896589,1.22853,-0.4267988,0.01163004,0.9624169,-0.2308066,5.352393,55.28468,33.15
37,-0.0725708,-0.2636108,0.9618835,1.0,-0.1080627,-0.2164001,0.9702911,-33.74133,1.860413,-29.73656,3.491699,0.5978401,0.5675285,1.0,-0.05432129,-0.287384,0.9562683,30.83838,2.691925,-27.26068,3.201691,0.5677766,0.5127022,0.009613752,1.2243190000000002,-0.4278225999999999,0.01442962,0.9591426,-0.2440418999999999,5.352393,55.28468,33.15
37,-0.0725708,-0.2636108,0.9618835,1.0,-0.1080627,-0.2164001,0.9702911,-33.74133,1.860413,-29.73656,3.491699,0.5978401,0.5675285,1.0,-0.05432129,-0.287384,0.9562683,30.83838,2.691925,-27.26068,3.201691,0.5677766,0.5127022,0.009613752,1.2243190000000002,-0.4278225999999999,0.01442962,0.9591426,-0.2440418999999999,5.352393,55.28468,33.15
37,-0.0725708,-0.2636108,0.9618835,1.0,-0.1080627,-0.2164001,0.9702911,-33.74133,1.860413,-29.73656,3.491699,0.5978401,0.5675285,1.0,-0.05432129,-0.287384,0.9562683,30.83838,2.691925,-27.26068,3.201691,0.5677766,0.5127022,0.009613752,1.2243190000000002,-0.4278225999999999,0.01442962,0.9591426,-0.2440418999999999,5.352393,55.28468,33.15
37,-0.0725708,-0.2636108,0.9618835,1.0,-0.1080627,-0.2164001,0.9702911,-33.74133,1.860413,-29.73656,3.491699,0.5978401,0.5675285,1.0,-0.05432129,-0.287384,0.9562683,30.83838,2.691925,-27.26068,3.201691,0.5677766,0.5127022,0.01018286,1.221199,-0.4295816,0.01841361,0.9569485,-0.2525401,5.352393,55.28468,33.15
37,-0.0725708,-0.2636108,0.9618835,1.0,-0.1080627,-0.2164001,0.9702911,-33.74133,1.860413,-29.73656,3.491699,0.5978401,0.5675285,1.0,-0.05432129,-0.287384,0.9562683,30.83838,2.691925,-27.26068,3.201691,0.5677766,0.5127022,0.01018286,1.221199,-0.4295816,0.01841361,0.9569485,-0.2525401,5.352393,55.28468,33.15
37,-0.0725708,-0.2636108,0.9618835,1.0,-0.1080627,-0.2164001,0.9702911,-33.74133,1.860413,-29.73656,3.491699,0.5978401,0.5675285,1.0,-0.05432129,-0.287384,0.9562683,30.83838,2.691925,-27.26068,3.201691,0.5677766,0.5127022,0.01018286,1.221199,-0.4295816,0.01841361,0.9569485,-0.2525401,5.352393,55.28468,33.15
37,-0.0725708,-0.2636108,0.9618835,1.0,-0.1080627,-0.2164001,0.9702911,-33.74133,1.860413,-29.73656,3.491699,0.5978401,0.5675285,1.0,-0.05432129,-0.287384,0.9562683,30.83838,2.691925,-27.26068,3.201691,0.5677766,0.5127022,0.01080298,1.219062,-0.4315534,0.02162781,0.955355,-0.2589594999999999,5.352393,55.28468,33.15
37,-0.0725708,-0.2636108,0.9618835,1.0,-0.1080627,-0.2164001,0.9702911,-33.74133,1.860413,-29.73656,3.491699,0.5978401,0.5675285,1.0,-0.05432129,-0.287384,0.9562683,30.83838,2.691925,-27.26068,3.201691,0.5677766,0.5127022,0.01080298,1.219062,-0.4315534,0.02162781,0.955355,-0.2589594999999999,5.352393,55.28468,33.15
37,-0.0725708,-0.2636108,0.9618835,1.0,-0.1080627,-0.2164001,0.9702911,-33.74133,1.860413,-29.73656,3.491699,0.5978401,0.5675285,1.0,-0.05432129,-0.287384,0.9562683,30.83838,2.691925,-27.26068,3.201691,0.5677766,0.5127022,0.01080298,1.219062,-0.4315534,0.02162781,0.955355,-0.2589594999999999,5.352393,55.28468,33.15
37,-0.107666,-0.1861725,0.976593,1.0,-0.1899414,-0.1006011999999999,0.9766235,-33.886309999999995,2.137405,-29.804920000000003,3.842438,0.6131411999999999,0.544669,0.6196859,-0.08207703,-0.2119292999999999,0.9738159,30.92441,2.988434,-27.25841,3.167801,0.5682476,0.493421,0.01112056,1.216807,-0.4336682,0.02599697,0.9539244,-0.2646438,5.352393,55.28468,33.15
37,-0.107666,-0.1861725,0.976593,1.0,-0.1899414,-0.1006011999999999,0.9766235,-33.886309999999995,2.137405,-29.804920000000003,3.842438,0.6131411999999999,0.544669,0.6196859,-0.08207703,-0.2119292999999999,0.9738159,30.92441,2.988434,-27.25841,3.167801,0.5682476,0.493421,0.01112056,1.216807,-0.4336682,0.02599697,0.9539244,-0.2646438,5.352393,55.28468,33.15
37,-0.107666,-0.1861725,0.976593,1.0,-0.1899414,-0.1006011999999999,0.9766235,-33.886309999999995,2.137405,-29.804920000000003,3.842438,0.6131411999999999,0.544669,0.6196859,-0.08207703,-0.2119292999999999,0.9738159,30.92441,2.988434,-27.25841,3.167801,0.5682476,0.493421,0.01112056,1.216807,-0.4336682,0.02599697,0.9539244,-0.2646438,5.352393,55.28468,33.15
37,0.02680969,-0.3058319,0.9516907,1.0,-0.06367493,-0.3236542,0.9440155,-33.06148,1.571121,-29.75931,3.151398,0.5686184,0.5914176,0.221596,0.05554199,-0.2996216,0.9524231,31.76678,2.3367310000000003,-27.326970000000003,3.263718,0.5235201,0.5260191999999999,0.01204324,1.2151,-0.4356179,0.03128289,0.9523545,-0.269748,5.352393,-23.98236,33.15
37,0.02680969,-0.3058319,0.9516907,1.0,-0.06367493,-0.3236542,0.9440155,-33.06148,1.571121,-29.75931,3.151398,0.5686184,0.5914176,0.221596,0.05554199,-0.2996216,0.9524231,31.76678,2.3367310000000003,-27.326970000000003,3.263718,0.5235201,0.5260191999999999,0.01204324,1.2151,-0.4356179,0.03128289,0.9523545,-0.269748,5.352393,-23.98236,33.15
37,0.02680969,-0.3058319,0.9516907,1.0,-0.06367493,-0.3236542,0.9440155,-33.06148,1.571121,-29.75931,3.151398,0.5686184,0.5914176,0.221596,0.05554199,-0.2996216,0.9524231,31.76678,2.3367310000000003,-27.326970000000003,3.263718,0.5235201,0.5260191999999999,0.01204324,1.2151,-0.4356179,0.03128289,0.9523545,-0.269748,5.352393,-23.98236,33.15
37,0.06243896,-0.3091888,0.9489440999999998,1.0,0.01197815,-0.441864,0.8969879000000001,-33.009,1.6573490000000002,-29.70818,2.776443,0.5570688,0.6042546999999999,0.2302852,0.0824585,-0.2534485,0.9638214,31.855320000000003,2.301682,-27.32872,3.415817,0.5172646,0.5213206,0.01309538,1.213037,-0.4369439,0.03818128,0.9500455,-0.2756731,5.352393,-23.98236,33.15
37,0.06243896,-0.3091888,0.9489440999999998,1.0,0.01197815,-0.441864,0.8969879000000001,-33.009,1.6573490000000002,-29.70818,2.776443,0.5570688,0.6042546999999999,0.2302852,0.0824585,-0.2534485,0.9638214,31.855320000000003,2.301682,-27.32872,3.415817,0.5172646,0.5213206,0.01309538,1.213037,-0.4369439,0.03818128,0.9500455,-0.2756731,5.352393,-23.98236,33.15
37,0.06243896,-0.3091888,0.9489440999999998,1.0,0.01197815,-0.441864,0.8969879000000001,-33.009,1.6573490000000002,-29.70818,2.776443,0.5570688,0.6042546999999999,0.2302852,0.0824585,-0.2534485,0.9638214,31.855320000000003,2.301682,-27.32872,3.415817,0.5172646,0.5213206,0.01309538,1.213037,-0.4369439,0.03818128,0.9500455,-0.2756731,5.352393,-23.98236,33.15
37,0.06851196,-0.3256683,0.9429932,1.0,-0.0164032,-0.4074402,0.9130707,-32.84328,1.6571810000000002,-29.73505,2.828644,0.5549245,0.5996019,0.2423939,0.1007538,-0.2930908,0.9507446,32.0072,2.384232,-27.31718,3.321396,0.5100573,0.5233946,0.01507425,1.211625,-0.4381962,0.0423744,0.9483222,-0.2785269,5.352393,-23.98236,33.15
37,0.06851196,-0.3256683,0.9429932,1.0,-0.0164032,-0.4074402,0.9130707,-32.84328,1.6571810000000002,-29.73505,2.828644,0.5549245,0.5996019,0.2423939,0.1007538,-0.2930908,0.9507446,32.0072,2.384232,-27.31718,3.321396,0.5100573,0.5233946,0.01507425,1.211625,-0.4381962,0.0423744,0.9483222,-0.2785269,5.352393,-23.98236,33.15
37,0.06851196,-0.3256683,0.9429932,1.0,-0.0164032,-0.4074402,0.9130707,-32.84328,1.6571810000000002,-29.73505,2.828644,0.5549245,0.5996019,0.2423939,0.1007538,-0.2930908,0.9507446,32.0072,2.384232,-27.31718,3.321396,0.5100573,0.5233946,0.01507425,1.211625,-0.4381962,0.0423744,0.9483222,-0.2785269,5.352393,-23.98236,33.15
37,0.05439758,-0.3445892,0.9371643,1.0,-0.0123290999999999,-0.3926239,0.9196014,-32.85184,1.656219,-29.73453,2.873062,0.5547470999999999,0.5975727,0.3000981,0.0871582,-0.3200073,0.9433899,32.14641,2.469223,-27.314,3.206635,0.5070880999999999,0.5239494,0.01783776,1.210849,-0.4389234999999999,0.04647994,0.9459835,-0.2819183,5.352393,-23.98236,33.15
37,0.05439758,-0.3445892,0.9371643,1.0,-0.0123290999999999,-0.3926239,0.9196014,-32.85184,1.656219,-29.73453,2.873062,0.5547470999999999,0.5975727,0.3000981,0.0871582,-0.3200073,0.9433899,32.14641,2.469223,-27.314,3.206635,0.5070880999999999,0.5239494,0.01783776,1.210849,-0.4389234999999999,0.04647994,0.9459835,-0.2819183,5.352393,-23.98236,33.15
37,0.05439758,-0.3445892,0.9371643,1.0,-0.0123290999999999,-0.3926239,0.9196014,-32.85184,1.656219,-29.73453,2.873062,0.5547470999999999,0.5975727,0.3000981,0.0871582,-0.3200073,0.9433899,32.14641,2.469223,-27.314,3.206635,0.5070880999999999,0.5239494,0.01783776,1.210849,-0.4389234999999999,0.04647994,0.9459835,-0.2819183,5.352393,-23.98236,33.15
37,0.05439758,-0.3445892,0.9371643,1.0,-0.0123290999999999,-0.3926239,0.9196014,-32.85184,1.656219,-29.73453,2.873062,0.5547470999999999,0.5975727,0.3000981,0.0871582,-0.3200073,0.9433899,32.14641,2.469223,-27.314,3.206635,0.5070880999999999,0.5239494,0.02106214,1.210159,-0.4389848,0.05151642,0.9428698,-0.2848202999999999,5.352393,-23.98236,33.15
37,0.05439758,-0.3445892,0.9371643,1.0,-0.0123290999999999,-0.3926239,0.9196014,-32.85184,1.656219,-29.73453,2.873062,0.5547470999999999,0.5975727,0.3000981,0.0871582,-0.3200073,0.9433899,32.14641,2.469223,-27.314,3.206635,0.5070880999999999,0.5239494,0.02106214,1.210159,-0.4389848,0.05151642,0.9428698,-0.2848202999999999,5.352393,-23.98236,33.15
37,0.05439758,-0.3445892,0.9371643,1.0,-0.0123290999999999,-0.3926239,0.9196014,-32.85184,1.656219,-29.73453,2.873062,0.5547470999999999,0.5975727,0.3000981,0.0871582,-0.3200073,0.9433899,32.14641,2.469223,-27.314,3.206635,0.5070880999999999,0.5239494,0.02106214,1.210159,-0.4389848,0.05151642,0.9428698,-0.2848202999999999,5.352393,-23.98236,33.15
37,0.05439758,-0.3445892,0.9371643,1.0,-0.0123290999999999,-0.3926239,0.9196014,-32.85184,1.656219,-29.73453,2.873062,0.5547470999999999,0.5975727,0.3000981,0.0871582,-0.3200073,0.9433899,32.14641,2.469223,-27.314,3.206635,0.5070880999999999,0.5239494,0.0249958,1.210173,-0.4380662,0.05329442,0.9395508,-0.2869446,5.352393,-23.98236,33.15
37,0.05439758,-0.3445892,0.9371643,1.0,-0.0123290999999999,-0.3926239,0.9196014,-32.85184,1.656219,-29.73453,2.873062,0.5547470999999999,0.5975727,0.3000981,0.0871582,-0.3200073,0.9433899,32.14641,2.469223,-27.314,3.206635,0.5070880999999999,0.5239494,0.0249958,1.210173,-0.4380662,0.05329442,0.9395508,-0.2869446,5.352393,-23.98236,33.15
37,0.05439758,-0.3445892,0.9371643,1.0,-0.0123290999999999,-0.3926239,0.9196014,-32.85184,1.656219,-29.73453,2.873062,0.5547470999999999,0.5975727,0.3000981,0.0871582,-0.3200073,0.9433899,32.14641,2.469223,-27.314,3.206635,0.5070880999999999,0.5239494,0.0249958,1.210173,-0.4380662,0.05329442,0.9395508,-0.2869446,5.352393,-23.98236,33.15
37,0.02633667,-0.3245697,0.9454803,1.0,-0.03318787,-0.3652039,0.9303284,-32.86768,1.6881259999999998,-29.7101,2.893936,0.5578799,0.592458,0.4006759,0.06098938,-0.3000640999999999,0.9519501,32.1788,2.519836,-27.30399,3.321503,0.5090542,0.5196405,0.03028512,1.211487,-0.4359161,0.0573406999999999,0.9340159,-0.2894277999999999,5.352393,-150.4299,33.15
37,0.02633667,-0.3245697,0.9454803,1.0,-0.03318787,-0.3652039,0.9303284,-32.86768,1.6881259999999998,-29.7101,2.893936,0.5578799,0.592458,0.4006759,0.06098938,-0.3000640999999999,0.9519501,32.1788,2.519836,-27.30399,3.321503,0.5090542,0.5196405,0.03028512,1.211487,-0.4359161,0.0573406999999999,0.9340159,-0.2894277999999999,5.352393,-150.4299,33.15
37,0.02633667,-0.3245697,0.9454803,1.0,-0.03318787,-0.3652039,0.9303284,-32.86768,1.6881259999999998,-29.7101,2.893936,0.5578799,0.592458,0.4006759,0.06098938,-0.3000640999999999,0.9519501,32.1788,2.519836,-27.30399,3.321503,0.5090542,0.5196405,0.03028512,1.211487,-0.4359161,0.0573406999999999,0.9340159,-0.2894277999999999,5.352393,-150.4299,33.15
37,0.1573639,-0.2908783,0.9437256,1.0,0.1573639,-0.2908783,0.9437256,-31.77278,2.071335,-29.728790000000004,3.044937,0.4966899,0.5697186,0.0,0.0,0.0,0.0,33.30997,2.82431,-27.35313,-1.0,0.4442511999999999,0.5102528000000001,0.03789043,1.213798,-0.4320517,0.06305259,0.9249953000000002,-0.2899613,5.352393,-150.4299,33.15
37,0.1573639,-0.2908783,0.9437256,1.0,0.1573639,-0.2908783,0.9437256,-31.77278,2.071335,-29.728790000000004,3.044937,0.4966899,0.5697186,0.0,0.0,0.0,0.0,33.30997,2.82431,-27.35313,-1.0,0.4442511999999999,0.5102528000000001,0.03789043,1.213798,-0.4320517,0.06305259,0.9249953000000002,-0.2899613,5.352393,-150.4299,33.15
37,0.1573639,-0.2908783,0.9437256,1.0,0.1573639,-0.2908783,0.9437256,-31.77278,2.071335,-29.728790000000004,3.044937,0.4966899,0.5697186,0.0,0.0,0.0,0.0,33.30997,2.82431,-27.35313,-1.0,0.4442511999999999,0.5102528000000001,0.03789043,1.213798,-0.4320517,0.06305259,0.9249953000000002,-0.2899613,5.352393,-150.4299,33.15
37,-1.0,-1.0,-1.0,0.8599073,0.0,0.0,0.0,-31.84695,1.315536,-29.948390000000003,-1.0,0.4734068,0.6535532,0.0,0.0,0.0,0.0,33.9276,3.116745,-27.5466,-1.0,0.4102786,0.5879270999999999,0.04632068,1.215932,-0.426689,0.06773473,0.9131225,-0.2895777,5.352393,-150.4299,33.15
37,-1.0,-1.0,-1.0,0.8599073,0.0,0.0,0.0,-31.84695,1.315536,-29.948390000000003,-1.0,0.4734068,0.6535532,0.0,0.0,0.0,0.0,33.9276,3.116745,-27.5466,-1.0,0.4102786,0.5879270999999999,0.04632068,1.215932,-0.426689,0.06773473,0.9131225,-0.2895777,5.352393,-150.4299,33.15
37,-1.0,-1.0,-1.0,0.8599073,0.0,0.0,0.0,-31.84695,1.315536,-29.948390000000003,-1.0,0.4734068,0.6535532,0.0,0.0,0.0,0.0,33.9276,3.116745,-27.5466,-1.0,0.4102786,0.5879270999999999,0.04632068,1.215932,-0.426689,0.06773473,0.9131225,-0.2895777,5.352393,-150.4299,33.15
37,-1.0,-1.0,-1.0,0.8599073,0.0,0.0,0.0,-31.84695,1.315536,-29.948390000000003,-1.0,0.4868764,0.658641,0.0,0.0,0.0,0.0,33.9276,3.116745,-27.5466,-1.0,0.3854449,0.6270960999999999,0.05497837,1.21848,-0.420346,0.06532736,0.9015623,-0.2869860999999999,5.352393,-150.4299,33.15
37,-1.0,-1.0,-1.0,0.8599073,0.0,0.0,0.0,-31.84695,1.315536,-29.948390000000003,-1.0,0.4868764,0.658641,0.0,0.0,0.0,0.0,33.9276,3.116745,-27.5466,-1.0,0.3854449,0.6270960999999999,0.05497837,1.21848,-0.420346,0.06532736,0.9015623,-0.2869860999999999,5.352393,-150.4299,33.15
37,-1.0,-1.0,-1.0,0.8599073,0.0,0.0,0.0,-31.84695,1.315536,-29.948390000000003,-1.0,0.4868764,0.658641,0.0,0.0,0.0,0.0,33.9276,3.116745,-27.5466,-1.0,0.3854449,0.6270960999999999,0.05497837,1.21848,-0.420346,0.06532736,0.9015623,-0.2869860999999999,5.352393,-150.4299,33.15
37,-1.0,-1.0,-1.0,0.8599073,0.0,0.0,0.0,-31.84695,1.315536,-29.948390000000003,-1.0,0.4868764,0.658641,0.0,0.0,0.0,0.0,33.9276,3.116745,-27.5466,-1.0,0.3854449,0.6270960999999999,0.06319976,1.221001,-0.4127579,0.06147656,0.8897176,-0.2854007,5.352393,27.43276,33.15
37,-1.0,-1.0,-1.0,0.8599073,0.0,0.0,0.0,-31.84695,1.315536,-29.948390000000003,-1.0,0.4868764,0.658641,0.0,0.0,0.0,0.0,33.9276,3.116745,-27.5466,-1.0,0.3854449,0.6270960999999999,0.06319976,1.221001,-0.4127579,0.06147656,0.8897176,-0.2854007,5.352393,27.43276,33.15
37,-1.0,-1.0,-1.0,0.8599073,0.0,0.0,0.0,-31.84695,1.315536,-29.948390000000003,-1.0,0.4868764,0.658641,0.0,0.0,0.0,0.0,33.9276,3.116745,-27.5466,-1.0,0.3854449,0.6270960999999999,0.06319976,1.221001,-0.4127579,0.06147656,0.8897176,-0.2854007,5.352393,27.43276,33.15
37,-1.0,-1.0,-1.0,0.9739086,0.0,0.0,0.0,-32.74765,-0.4947662,-30.6429,-1.0,-1.0,-1.0,0.0,0.0,0.0,0.0,34.88286,0.6662598000000001,-29.28943,-1.0,0.4104925999999999,0.562789,0.07196832,1.2227370000000002,-0.4040007,0.06425828,0.8729985,-0.281422,5.352393,27.43276,33.15
37,-1.0,-1.0,-1.0,0.9739086,0.0,0.0,0.0,-32.74765,-0.4947662,-30.6429,-1.0,-1.0,-1.0,0.0,0.0,0.0,0.0,34.88286,0.6662598000000001,-29.28943,-1.0,0.4104925999999999,0.562789,0.07196832,1.2227370000000002,-0.4040007,0.06425828,0.8729985,-0.281422,5.352393,27.43276,33.15
37,-1.0,-1.0,-1.0,0.9739086,0.0,0.0,0.0,-32.74765,-0.4947662,-30.6429,-1.0,-1.0,-1.0,0.0,0.0,0.0,0.0,34.88286,0.6662598000000001,-29.28943,-1.0,0.4104925999999999,0.562789,0.07196832,1.2227370000000002,-0.4040007,0.06425828,0.8729985,-0.281422,5.352393,27.43276,33.15
37,0.5177612,-0.2373047,0.8219299000000001,1.0,0.5177612,-0.2373047,0.8219299000000001,-30.26685,2.170288,-30.393390000000004,2.512085,0.3976795999999999,0.5699602,0.0,0.0,0.0,0.0,35.28282,2.377182,-28.51353,-1.0,0.3285088,0.5398874,0.0798049,1.223773,-0.3938438,0.06899884,0.8543369000000001,-0.2802507,5.352393,27.43276,33.15
37,0.5177612,-0.2373047,0.8219299000000001,1.0,0.5177612,-0.2373047,0.8219299000000001,-30.26685,2.170288,-30.393390000000004,2.512085,0.3976795999999999,0.5699602,0.0,0.0,0.0,0.0,35.28282,2.377182,-28.51353,-1.0,0.3285088,0.5398874,0.0798049,1.223773,-0.3938438,0.06899884,0.8543369000000001,-0.2802507,5.352393,27.43276,33.15
37,0.5177612,-0.2373047,0.8219299000000001,1.0,0.5177612,-0.2373047,0.8219299000000001,-30.26685,2.170288,-30.393390000000004,2.512085,0.3976795999999999,0.5699602,0.0,0.0,0.0,0.0,35.28282,2.377182,-28.51353,-1.0,0.3285088,0.5398874,0.0798049,1.223773,-0.3938438,0.06899884,0.8543369000000001,-0.2802507,5.352393,27.43276,33.15
38,-1.0,-1.0,-1.0,1.0,0.0,0.0,0.0,-30.28801,2.140305,-30.59702,-1.0,0.3824363,0.5558417,0.008829263,0.0,0.0,0.0,35.223420000000004,2.466614,-28.43277,-1.0,0.332081,0.5338038,0.08706069,1.22462,-0.3825223,0.07310493,0.8335644,-0.2806482999999999,5.352393,27.43276,33.15
38,-1.0,-1.0,-1.0,1.0,0.0,0.0,0.0,-30.28801,2.140305,-30.59702,-1.0,0.3824363,0.5558417,0.008829263,0.0,0.0,0.0,35.223420000000004,2.466614,-28.43277,-1.0,0.332081,0.5338038,0.08706069,1.22462,-0.3825223,0.07310493,0.8335644,-0.2806482999999999,5.352393,27.43276,33.15
38,-1.0,-1.0,-1.0,1.0,0.0,0.0,0.0,-30.28801,2.140305,-30.59702,-1.0,0.3824363,0.5558417,0.008829263,0.0,0.0,0.0,35.223420000000004,2.466614,-28.43277,-1.0,0.332081,0.5338038,0.08706069,1.22462,-0.3825223,0.07310493,0.8335644,-0.2806482999999999,5.352393,27.43276,33.15
38,0.5437774999999999,-0.1650543,0.8228302,1.0,0.5437774999999999,-0.1650543,0.8228302,-30.45302,1.799957,-30.44261,3.524979,0.4031715,0.5742258000000001,0.07814023,0.0,0.0,0.0,34.81046,2.978912,-27.99965,-1.0,0.3563465,0.4997464,0.09321308,1.225144,-0.37062,0.07634784,0.8127198,-0.2817833,5.352393,27.43276,33.15
38,0.5437774999999999,-0.1650543,0.8228302,1.0,0.5437774999999999,-0.1650543,0.8228302,-30.45302,1.799957,-30.44261,3.524979,0.4031715,0.5742258000000001,0.07814023,0.0,0.0,0.0,34.81046,2.978912,-27.99965,-1.0,0.3563465,0.4997464,0.09321308,1.225144,-0.37062,0.07634784,0.8127198,-0.2817833,5.352393,27.43276,33.15
38,0.5437774999999999,-0.1650543,0.8228302,1.0,0.5437774999999999,-0.1650543,0.8228302,-30.45302,1.799957,-30.44261,3.524979,0.4031715,0.5742258000000001,0.07814023,0.0,0.0,0.0,34.81046,2.978912,-27.99965,-1.0,0.3563465,0.4997464,0.09321308,1.225144,-0.37062,0.07634784,0.8127198,-0.2817833,5.352393,27.43276,33.15
38,0.4878234999999999,-0.1355438,0.8623504999999999,1.0,0.4878234999999999,-0.1355438,0.8623504999999999,-30.88211,1.895035,-30.191440000000004,3.627426,0.4258943,0.5637182,0.07814023,0.0,0.0,0.0,34.22678,2.920166,-27.89037,-1.0,0.3683413,0.5109479,0.09842539,1.225802,-0.3588249,0.08310165,0.7928088000000001,-0.2814764,5.352393,98.92435,33.15
38,0.4878234999999999,-0.1355438,0.8623504999999999,1.0,0.4878234999999999,-0.1355438,0.8623504999999999,-30.88211,1.895035,-30.191440000000004,3.627426,0.4258943,0.5637182,0.07814023,0.0,0.0,0.0,34.22678,2.920166,-27.89037,-1.0,0.3683413,0.5109479,0.09842539,1.225802,-0.3588249,0.08310165,0.7928088000000001,-0.2814764,5.352393,98.92435,33.15
38,0.4878234999999999,-0.1355438,0.8623504999999999,1.0,0.4878234999999999,-0.1355438,0.8623504999999999,-30.88211,1.895035,-30.191440000000004,3.627426,0.4258943,0.5637182,0.07814023,0.0,0.0,0.0,34.22678,2.920166,-27.89037,-1.0,0.3683413,0.5109479,0.09842539,1.225802,-0.3588249,0.08310165,0.7928088000000001,-0.2814764,5.352393,98.92435,33.15
38,0.4878234999999999,-0.1355438,0.8623504999999999,1.0,0.4878234999999999,-0.1355438,0.8623504999999999,-30.88211,1.895035,-30.191440000000004,3.627426,0.4258943,0.5637182,0.1480875999999999,0.0,0.0,0.0,34.22678,2.920166,-27.89037,-1.0,0.3683413,0.5109479,0.1028868999999999,1.226323,-0.346375,0.09119964,0.7697244000000001,-0.2805087,5.352393,98.92435,33.15
38,0.4878234999999999,-0.1355438,0.8623504999999999,1.0,0.4878234999999999,-0.1355438,0.8623504999999999,-30.88211,1.895035,-30.191440000000004,3.627426,0.4258943,0.5637182,0.1480875999999999,0.0,0.0,0.0,34.22678,2.920166,-27.89037,-1.0,0.3683413,0.5109479,0.1028868999999999,1.226323,-0.346375,0.09119964,0.7697244000000001,-0.2805087,5.352393,98.92435,33.15
38,0.4878234999999999,-0.1355438,0.8623504999999999,1.0,0.4878234999999999,-0.1355438,0.8623504999999999,-30.88211,1.895035,-30.191440000000004,3.627426,0.4258943,0.5637182,0.1480875999999999,0.0,0.0,0.0,34.22678,2.920166,-27.89037,-1.0,0.3683413,0.5109479,0.1028868999999999,1.226323,-0.346375,0.09119964,0.7697244000000001,-0.2805087,5.352393,98.92435,33.15
38,0.4250031,-0.2731628,0.8629761,1.0,0.4382172,-0.1441802999999999,0.887207,-31.00121,1.948532,-30.09193,3.456589,0.4360428,0.5611956,0.1745134,0.42276,-0.2893524,0.8587799,34.09538,2.887283,-27.60718,2.703766,0.4002422,0.5096509,0.1065316,1.226766,-0.3339508,0.09699234,0.7481561,-0.280173,5.352393,98.92435,33.15
38,0.4250031,-0.2731628,0.8629761,1.0,0.4382172,-0.1441802999999999,0.887207,-31.00121,1.948532,-30.09193,3.456589,0.4360428,0.5611956,0.1745134,0.42276,-0.2893524,0.8587799,34.09538,2.887283,-27.60718,2.703766,0.4002422,0.5096509,0.1065316,1.226766,-0.3339508,0.09699234,0.7481561,-0.280173,5.352393,98.92435,33.15
38,0.4250031,-0.2731628,0.8629761,1.0,0.4382172,-0.1441802999999999,0.887207,-31.00121,1.948532,-30.09193,3.456589,0.4360428,0.5611956,0.1745134,0.42276,-0.2893524,0.8587799,34.09538,2.887283,-27.60718,2.703766,0.4002422,0.5096509,0.1065316,1.226766,-0.3339508,0.09699234,0.7481561,-0.280173,5.352393,98.92435,33.15
38,0.3713379,-0.2168427,0.9028015,1.0,0.3579712,-0.1901245,0.9141541,-31.15196,1.762421,-30.00905,3.4836120000000004,0.4512820999999999,0.5716726,0.3732795,0.4049377,-0.2866210999999999,0.8682404,33.78954,2.761963,-27.53328,2.980103,0.4129297999999999,0.5127357,0.1096036,1.227216,-0.3211649,0.1027502,0.7259219,-0.2795265,5.352393,98.92435,33.15
38,0.3713379,-0.2168427,0.9028015,1.0,0.3579712,-0.1901245,0.9141541,-31.15196,1.762421,-30.00905,3.4836120000000004,0.4512820999999999,0.5716726,0.3732795,0.4049377,-0.2866210999999999,0.8682404,33.78954,2.761963,-27.53328,2.980103,0.4129297999999999,0.5127357,0.1096036,1.227216,-0.3211649,0.1027502,0.7259219,-0.2795265,5.352393,98.92435,33.15
38,0.3713379,-0.2168427,0.9028015,1.0,0.3579712,-0.1901245,0.9141541,-31.15196,1.762421,-30.00905,3.4836120000000004,0.4512820999999999,0.5716726,0.3732795,0.4049377,-0.2866210999999999,0.8682404,33.78954,2.761963,-27.53328,2.980103,0.4129297999999999,0.5127357,0.1096036,1.227216,-0.3211649,0.1027502,0.7259219,-0.2795265,5.352393,98.92435,33.15
38,0.3613739,-0.303772,0.8815308000000001,1.0,0.3388062,-0.2246246,0.9136353000000002,-31.05447,1.61171,-30.04634,3.487579,0.4501629,0.5814679,0.3785886,0.378418,-0.3695679,0.8486481,33.8705,2.5151060000000003,-27.6257,2.669785,0.4130782999999999,0.5325373999999999,0.1117539,1.22719,-0.3081282,0.1093229,0.7015022,-0.278955,5.352393,-29.03503,33.15
38,0.3613739,-0.303772,0.8815308000000001,1.0,0.3388062,-0.2246246,0.9136353000000002,-31.05447,1.61171,-30.04634,3.487579,0.4501629,0.5814679,0.3785886,0.378418,-0.3695679,0.8486481,33.8705,2.5151060000000003,-27.6257,2.669785,0.4130782999999999,0.5325373999999999,0.1117539,1.22719,-0.3081282,0.1093229,0.7015022,-0.278955,5.352393,-29.03503,33.15
38,0.3613739,-0.303772,0.8815308000000001,1.0,0.3388062,-0.2246246,0.9136353000000002,-31.05447,1.61171,-30.04634,3.487579,0.4501629,0.5814679,0.3785886,0.378418,-0.3695679,0.8486481,33.8705,2.5151060000000003,-27.6257,2.669785,0.4130782999999999,0.5325373999999999,0.1117539,1.22719,-0.3081282,0.1093229,0.7015022,-0.278955,5.352393,-29.03503,33.15
38,0.3829345999999999,-0.4147339,0.8254242,1.0,0.3214264,-0.3933868,0.8613434000000001,-30.95291,1.449203,-30.11343,3.355499,0.4479781,0.6103352,0.2708777,0.4371948,-0.4322051999999999,0.7886963,33.69551,2.174835,-27.75832,3.195297,0.4108717,0.5543414000000001,0.1134601,1.227035,-0.2952697999999999,0.1177238,0.676517,-0.2784542,5.352393,-29.03503,33.15
38,0.3829345999999999,-0.4147339,0.8254242,1.0,0.3214264,-0.3933868,0.8613434000000001,-30.95291,1.449203,-30.11343,3.355499,0.4479781,0.6103352,0.2708777,0.4371948,-0.4322051999999999,0.7886963,33.69551,2.174835,-27.75832,3.195297,0.4108717,0.5543414000000001,0.1134601,1.227035,-0.2952697999999999,0.1177238,0.676517,-0.2784542,5.352393,-29.03503,33.15
38,0.3829345999999999,-0.4147339,0.8254242,1.0,0.3214264,-0.3933868,0.8613434000000001,-30.95291,1.449203,-30.11343,3.355499,0.4479781,0.6103352,0.2708777,0.4371948,-0.4322051999999999,0.7886963,33.69551,2.174835,-27.75832,3.195297,0.4108717,0.5543414000000001,0.1134601,1.227035,-0.2952697999999999,0.1177238,0.676517,-0.2784542,5.352393,-29.03503,33.15
38,0.359375,-0.4372710999999999,0.8243866,1.0,0.3350067,-0.4110107,0.8478241,-31.07553,1.241562,-30.18427,3.230362,0.4501502,0.6210793000000001,0.1171859999999999,0.3900757,-0.4701843,0.7916718,33.629670000000004,2.009277,-27.7674,2.990631,0.4189305999999999,0.5647783000000001,0.1152468,1.2251299999999998,-0.2699395999999999,0.1379495,0.6269074,-0.2797875,5.352393,-29.03503,33.15
38,0.359375,-0.4372710999999999,0.8243866,1.0,0.3350067,-0.4110107,0.8478241,-31.07553,1.241562,-30.18427,3.230362,0.4501502,0.6210793000000001,0.1171859999999999,0.3900757,-0.4701843,0.7916718,33.629670000000004,2.009277,-27.7674,2.990631,0.4189305999999999,0.5647783000000001,0.1152468,1.2251299999999998,-0.2699395999999999,0.1379495,0.6269074,-0.2797875,5.352393,-29.03503,33.15
38,0.359375,-0.4372710999999999,0.8243866,1.0,0.3350067,-0.4110107,0.8478241,-31.07553,1.241562,-30.18427,3.230362,0.4501502,0.6210793000000001,0.1171859999999999,0.3900757,-0.4701843,0.7916718,33.629670000000004,2.009277,-27.7674,2.990631,0.4189305999999999,0.5647783000000001,0.1152468,1.2251299999999998,-0.2699395999999999,0.1379495,0.6269074,-0.2797875,5.352393,-29.03503,33.15
38,0.3764801,-0.443222,0.8135071,1.0,0.3090363,-0.4237366,0.8514252,-31.1235,1.124985,-30.19876,3.300613,0.4551623999999999,0.626698,0.0,0.4332122999999999,-0.4578705,0.7763062,33.60181,1.926514,-27.84552,3.434479,0.4143023,0.5669539000000001,0.1152468,1.2251299999999998,-0.2699395999999999,0.1379495,0.6269074,-0.2797875,5.352393,-29.03503,33.15
38,0.3764801,-0.443222,0.8135071,1.0,0.3090363,-0.4237366,0.8514252,-31.1235,1.124985,-30.19876,3.300613,0.4551623999999999,0.626698,0.0,0.4332122999999999,-0.4578705,0.7763062,33.60181,1.926514,-27.84552,3.434479,0.4143023,0.5669539000000001,0.1152468,1.2251299999999998,-0.2699395999999999,0.1379495,0.6269074,-0.2797875,5.352393,-29.03503,33.15
38,0.3764801,-0.443222,0.8135071,1.0,0.3090363,-0.4237366,0.8514252,-31.1235,1.124985,-30.19876,3.300613,0.4551623999999999,0.626698,0.0,0.4332122999999999,-0.4578705,0.7763062,33.60181,1.926514,-27.84552,3.434479,0.4143023,0.5669539000000001,0.1152468,1.2251299999999998,-0.2699395999999999,0.1379495,0.6269074,-0.2797875,5.352393,-29.03503,33.15
38,0.3792114,-0.4422301999999999,0.8127747,1.0,0.30896,-0.4001923,0.8627625,-31.12976,1.06456,-30.20476,3.285568,0.4554274,0.6255255,0.0,0.4290314,-0.4707641999999999,0.7708893,33.60733,1.902176,-27.86551,3.4318699999999995,0.4145487,0.569704,0.1147752,1.224112,-0.2575949999999999,0.1520384,0.6006994999999999,-0.278701,5.352393,-29.03503,33.15
38,0.3792114,-0.4422301999999999,0.8127747,1.0,0.30896,-0.4001923,0.8627625,-31.12976,1.06456,-30.20476,3.285568,0.4554274,0.6255255,0.0,0.4290314,-0.4707641999999999,0.7708893,33.60733,1.902176,-27.86551,3.4318699999999995,0.4145487,0.569704,0.1147752,1.224112,-0.2575949999999999,0.1520384,0.6006994999999999,-0.278701,5.352393,-29.03503,33.15
38,0.3792114,-0.4422301999999999,0.8127747,1.0,0.30896,-0.4001923,0.8627625,-31.12976,1.06456,-30.20476,3.285568,0.4554274,0.6255255,0.0,0.4290314,-0.4707641999999999,0.7708893,33.60733,1.902176,-27.86551,3.4318699999999995,0.4145487,0.569704,0.1147752,1.224112,-0.2575949999999999,0.1520384,0.6006994999999999,-0.278701,5.352393,-29.03503,33.15
38,0.3058929,-0.4192047,0.8547974,1.0,0.2719116,-0.3752440999999999,0.8861389000000001,-31.13142,1.257736,-30.1116,3.4402470000000003,0.4605622,0.6138279000000001,0.0,0.3307037,-0.4512176999999999,0.8288574000000001,33.53474,1.90184,-27.73505,3.275482,0.429897,0.5646647,0.1138851999999999,1.222924,-0.2456335,0.1657264,0.5749221999999999,-0.2778162,5.352393,-29.03503,33.15
38,0.3058929,-0.4192047,0.8547974,1.0,0.2719116,-0.3752440999999999,0.8861389000000001,-31.13142,1.257736,-30.1116,3.4402470000000003,0.4605622,0.6138279000000001,0.0,0.3307037,-0.4512176999999999,0.8288574000000001,33.53474,1.90184,-27.73505,3.275482,0.429897,0.5646647,0.1138851999999999,1.222924,-0.2456335,0.1657264,0.5749221999999999,-0.2778162,5.352393,-29.03503,33.15
38,0.3058929,-0.4192047,0.8547974,1.0,0.2719116,-0.3752440999999999,0.8861389000000001,-31.13142,1.257736,-30.1116,3.4402470000000003,0.4605622,0.6138279000000001,0.0,0.3307037,-0.4512176999999999,0.8288574000000001,33.53474,1.90184,-27.73505,3.275482,0.429897,0.5646647,0.1138851999999999,1.222924,-0.2456335,0.1657264,0.5749221999999999,-0.2778162,5.352393,-29.03503,33.15
38,0.2424163999999999,-0.4483185,0.8603516,1.0,0.2120667,-0.4184113,0.8831482,-31.48102,1.338882,-29.95557,3.300171,0.4798614,0.6149455,0.0,0.2672729,-0.4724579,0.8398285,33.26906,2.112579,-27.58374,2.704086,0.4470327999999999,0.5590261999999999,0.1130029999999999,1.222164,-0.2336949,0.1796697,0.5487563,-0.2731335,5.352393,46.94955,33.17
38,0.2424163999999999,-0.4483185,0.8603516,1.0,0.2120667,-0.4184113,0.8831482,-31.48102,1.338882,-29.95557,3.300171,0.4798614,0.6149455,0.0,0.2672729,-0.4724579,0.8398285,33.26906,2.112579,-27.58374,2.704086,0.4470327999999999,0.5590261999999999,0.1130029999999999,1.222164,-0.2336949,0.1796697,0.5487563,-0.2731335,5.352393,46.94955,33.17
38,0.2424163999999999,-0.4483185,0.8603516,1.0,0.2120667,-0.4184113,0.8831482,-31.48102,1.338882,-29.95557,3.300171,0.4798614,0.6149455,0.0,0.2672729,-0.4724579,0.8398285,33.26906,2.112579,-27.58374,2.704086,0.4470327999999999,0.5590261999999999,0.1130029999999999,1.222164,-0.2336949,0.1796697,0.5487563,-0.2731335,5.352393,46.94955,33.17
38,0.2699127,-0.5007019,0.8224486999999999,1.0,0.2174988,-0.4555054,0.8632354999999999,-31.20218,1.218735,-30.07095,3.239548,0.4692597,0.6255808,0.0,0.2990875,-0.5250701999999999,0.7967529000000001,33.35443,1.910187,-27.7343,2.930588,0.4396869,0.5747715999999999,0.1119192,1.221707,-0.2213089,0.1926841,0.5211149,-0.268012,5.352393,46.94955,33.17
38,0.2699127,-0.5007019,0.8224486999999999,1.0,0.2174988,-0.4555054,0.8632354999999999,-31.20218,1.218735,-30.07095,3.239548,0.4692597,0.6255808,0.0,0.2990875,-0.5250701999999999,0.7967529000000001,33.35443,1.910187,-27.7343,2.930588,0.4396869,0.5747715999999999,0.1119192,1.221707,-0.2213089,0.1926841,0.5211149,-0.268012,5.352393,46.94955,33.17
38,0.2699127,-0.5007019,0.8224486999999999,1.0,0.2174988,-0.4555054,0.8632354999999999,-31.20218,1.218735,-30.07095,3.239548,0.4692597,0.6255808,0.0,0.2990875,-0.5250701999999999,0.7967529000000001,33.35443,1.910187,-27.7343,2.930588,0.4396869,0.5747715999999999,0.1119192,1.221707,-0.2213089,0.1926841,0.5211149,-0.268012,5.352393,46.94955,33.17
38,0.2998047,-0.4806670999999999,0.8240509,1.0,0.2515717,-0.4121704,0.8756714,-31.37762,1.060394,-30.092990000000004,3.244247,0.4711864999999999,0.6255808,0.0,0.3308563,-0.5244751,0.7845001,33.29582,1.814484,-27.77736,3.08548,0.4375252,0.5785307,0.1104786,1.221543,-0.209127,0.2061447,0.4930539,-0.2599648,5.352393,46.94955,33.17
38,0.2998047,-0.4806670999999999,0.8240509,1.0,0.2515717,-0.4121704,0.8756714,-31.37762,1.060394,-30.092990000000004,3.244247,0.4711864999999999,0.6255808,0.0,0.3308563,-0.5244751,0.7845001,33.29582,1.814484,-27.77736,3.08548,0.4375252,0.5785307,0.1104786,1.221543,-0.209127,0.2061447,0.4930539,-0.2599648,5.352393,46.94955,33.17
38,0.2998047,-0.4806670999999999,0.8240509,1.0,0.2515717,-0.4121704,0.8756714,-31.37762,1.060394,-30.092990000000004,3.244247,0.4711864999999999,0.6255808,0.0,0.3308563,-0.5244751,0.7845001,33.29582,1.814484,-27.77736,3.08548,0.4375252,0.5785307,0.1104786,1.221543,-0.209127,0.2061447,0.4930539,-0.2599648,5.352393,46.94955,33.17
38,0.2769775,-0.5044403000000001,0.8178101,1.0,0.0,0.0,0.0,-31.35645,1.157791,-30.074720000000003,-1.0,0.4711155999999999,0.6256212,0.1,0.3063811999999999,-0.5320435,0.7893219,33.30461,1.818924,-27.78291,3.123596,0.4403257,0.5792364999999999,0.1085827,1.221502,-0.1973885,0.2180465,0.4642116,-0.2507822,5.352393,46.94955,33.17
38,0.2769775,-0.5044403000000001,0.8178101,1.0,0.0,0.0,0.0,-31.35645,1.157791,-30.074720000000003,-1.0,0.4711155999999999,0.6256212,0.1,0.3063811999999999,-0.5320435,0.7893219,33.30461,1.818924,-27.78291,3.123596,0.4403257,0.5792364999999999,0.1085827,1.221502,-0.1973885,0.2180465,0.4642116,-0.2507822,5.352393,46.94955,33.17
38,0.2769775,-0.5044403000000001,0.8178101,1.0,0.0,0.0,0.0,-31.35645,1.157791,-30.074720000000003,-1.0,0.4711155999999999,0.6256212,0.1,0.3063811999999999,-0.5320435,0.7893219,33.30461,1.818924,-27.78291,3.123596,0.4403257,0.5792364999999999,0.1085827,1.221502,-0.1973885,0.2180465,0.4642116,-0.2507822,5.352393,46.94955,33.17
38,0.2501221,-0.4751129,0.8436127,1.0,0.2525635,-0.4630737,0.8495636000000001,-31.388690000000004,1.259491,-30.05663,3.211319,0.4712909999999999,0.6255713,0.1,0.2471771,-0.489151,0.8364258,33.11455,1.947327,-27.61942,3.0769040000000003,0.4545607,0.566933,0.1066078999999999,1.221437,-0.1864911,0.2283268999999999,0.4363405999999999,-0.2412795,5.352393,46.94955,33.17
38,0.2501221,-0.4751129,0.8436127,1.0,0.2525635,-0.4630737,0.8495636000000001,-31.388690000000004,1.259491,-30.05663,3.211319,0.4712909999999999,0.6255713,0.1,0.2471771,-0.489151,0.8364258,33.11455,1.947327,-27.61942,3.0769040000000003,0.4545607,0.566933,0.1066078999999999,1.221437,-0.1864911,0.2283268999999999,0.4363405999999999,-0.2412795,5.352393,46.94955,33.17
38,0.2501221,-0.4751129,0.8436127,1.0,0.2525635,-0.4630737,0.8495636000000001,-31.388690000000004,1.259491,-30.05663,3.211319,0.4712909999999999,0.6255713,0.1,0.2471771,-0.489151,0.8364258,33.11455,1.947327,-27.61942,3.0769040000000003,0.4545607,0.566933,0.1066078999999999,1.221437,-0.1864911,0.2283268999999999,0.4363405999999999,-0.2412795,5.352393,46.94955,33.17
38,0.2133484,-0.4254608,0.8794556,1.0,0.1182097999999999,-0.4381866,0.8910674999999999,-31.75131,1.445938,-29.8492,3.031708,0.5005106,0.6124284999999999,0.1,0.2507324,-0.4192657,0.8725280999999999,32.968,2.145493,-27.483690000000003,3.297836,0.4593484,0.5493998000000001,0.105238,1.221594,-0.1759486,0.2372717999999999,0.4090196,-0.2302408,5.352393,46.94955,33.17
38,0.2133484,-0.4254608,0.8794556,1.0,0.1182097999999999,-0.4381866,0.8910674999999999,-31.75131,1.445938,-29.8492,3.031708,0.5005106,0.6124284999999999,0.1,0.2507324,-0.4192657,0.8725280999999999,32.968,2.145493,-27.483690000000003,3.297836,0.4593484,0.5493998000000001,0.105238,1.221594,-0.1759486,0.2372717999999999,0.4090196,-0.2302408,5.352393,46.94955,33.17
38,0.2133484,-0.4254608,0.8794556,1.0,0.1182097999999999,-0.4381866,0.8910674999999999,-31.75131,1.445938,-29.8492,3.031708,0.5005106,0.6124284999999999,0.1,0.2507324,-0.4192657,0.8725280999999999,32.968,2.145493,-27.483690000000003,3.297836,0.4593484,0.5493998000000001,0.105238,1.221594,-0.1759486,0.2372717999999999,0.4090196,-0.2302408,5.352393,46.94955,33.17
38,0.2108458999999999,-0.4193115,0.8830109,1.0,0.1165161,-0.3993073,0.9093628,-31.92349,1.451462,-29.8037,3.084991,0.5067987,0.6063546,0.1,0.2280731,-0.4225464,0.8771667,32.89333,2.202347,-27.44995,3.174545,0.4647108,0.5475901,0.1049693,1.222464,-0.1654628,0.2439264,0.3834765999999999,-0.2202175,5.352393,32.97034,33.17
38,0.2108458999999999,-0.4193115,0.8830109,1.0,0.1165161,-0.3993073,0.9093628,-31.92349,1.451462,-29.8037,3.084991,0.5067987,0.6063546,0.1,0.2280731,-0.4225464,0.8771667,32.89333,2.202347,-27.44995,3.174545,0.4647108,0.5475901,0.1049693,1.222464,-0.1654628,0.2439264,0.3834765999999999,-0.2202175,5.352393,32.97034,33.17
38,0.2108458999999999,-0.4193115,0.8830109,1.0,0.1165161,-0.3993073,0.9093628,-31.92349,1.451462,-29.8037,3.084991,0.5067987,0.6063546,0.1,0.2280731,-0.4225464,0.8771667,32.89333,2.202347,-27.44995,3.174545,0.4647108,0.5475901,0.1049693,1.222464,-0.1654628,0.2439264,0.3834765999999999,-0.2202175,5.352393,32.97034,33.17
38,0.2423706,-0.4989624,0.8320313,1.0,0.1477051,-0.4731293,0.8685149999999999,-31.36755,1.4523469999999998,-29.93776,3.052917,0.4834827,0.6181621999999999,0.1,0.2829742,-0.5085602,0.8131866,33.17743,2.111816,-27.58665,3.266205,0.4479015,0.5639284000000001,0.1040529999999999,1.223004,-0.1553078,0.2505448,0.3561467,-0.2100092,5.352393,32.97034,33.17
38,0.2423706,-0.4989624,0.8320313,1.0,0.1477051,-0.4731293,0.8685149999999999,-31.36755,1.4523469999999998,-29.93776,3.052917,0.4834827,0.6181621999999999,0.1,0.2829742,-0.5085602,0.8131866,33.17743,2.111816,-27.58665,3.266205,0.4479015,0.5639284000000001,0.1040529999999999,1.223004,-0.1553078,0.2505448,0.3561467,-0.2100092,5.352393,32.97034,33.17
38,0.2423706,-0.4989624,0.8320313,1.0,0.1477051,-0.4731293,0.8685149999999999,-31.36755,1.4523469999999998,-29.93776,3.052917,0.4834827,0.6181621999999999,0.1,0.2829742,-0.5085602,0.8131866,33.17743,2.111816,-27.58665,3.266205,0.4479015,0.5639284000000001,0.1040529999999999,1.223004,-0.1553078,0.2505448,0.3561467,-0.2100092,5.352393,32.97034,33.17
38,0.3378296,-0.4817505,0.8085631999999999,1.0,0.2779388,-0.4351501,0.856369,-31.09683,1.4242709999999998,-30.05643,3.2916870000000005,0.4582055,0.6160139,0.1,0.3509979,-0.491745,0.7968445,33.46881,2.005936,-27.70958,3.152298,0.4293782,0.5668807,0.1019684999999999,1.223158,-0.1458047999999999,0.2566557,0.3288132,-0.2023105,5.352393,32.97034,33.17
38,0.3378296,-0.4817505,0.8085631999999999,1.0,0.2779388,-0.4351501,0.856369,-31.09683,1.4242709999999998,-30.05643,3.2916870000000005,0.4582055,0.6160139,0.1,0.3509979,-0.491745,0.7968445,33.46881,2.005936,-27.70958,3.152298,0.4293782,0.5668807,0.1019684999999999,1.223158,-0.1458047999999999,0.2566557,0.3288132,-0.2023105,5.352393,32.97034,33.17
38,0.3378296,-0.4817505,0.8085631999999999,1.0,0.2779388,-0.4351501,0.856369,-31.09683,1.4242709999999998,-30.05643,3.2916870000000005,0.4582055,0.6160139,0.1,0.3509979,-0.491745,0.7968445,33.46881,2.005936,-27.70958,3.152298,0.4293782,0.5668807,0.1019684999999999,1.223158,-0.1458047999999999,0.2566557,0.3288132,-0.2023105,5.352393,32.97034,33.17
38,0.3942719,-0.4323577999999999,0.8109130999999999,1.0,0.3219147,-0.4192352,0.848877,-30.92378,1.469818,-30.13463,3.578003,0.4472153,0.6133643,0.1,0.4231567,-0.4368896,0.7937469,33.65231,1.982758,-27.77557,3.216965,0.4140680999999999,0.5614286,0.1000609,1.223775,-0.1366765,0.2624830999999999,0.3002962999999999,-0.191743,5.352393,32.97034,33.17
38,0.3942719,-0.4323577999999999,0.8109130999999999,1.0,0.3219147,-0.4192352,0.848877,-30.92378,1.469818,-30.13463,3.578003,0.4472153,0.6133643,0.1,0.4231567,-0.4368896,0.7937469,33.65231,1.982758,-27.77557,3.216965,0.4140680999999999,0.5614286,0.1000609,1.223775,-0.1366765,0.2624830999999999,0.3002962999999999,-0.191743,5.352393,32.97034,33.17
38,0.3942719,-0.4323577999999999,0.8109130999999999,1.0,0.3219147,-0.4192352,0.848877,-30.92378,1.469818,-30.13463,3.578003,0.4472153,0.6133643,0.1,0.4231567,-0.4368896,0.7937469,33.65231,1.982758,-27.77557,3.216965,0.4140680999999999,0.5614286,0.1000609,1.223775,-0.1366765,0.2624830999999999,0.3002962999999999,-0.191743,5.352393,32.97034,33.17
38,0.3942719,-0.4323577999999999,0.8109130999999999,1.0,0.3219147,-0.4192352,0.848877,-30.92378,1.469818,-30.13463,3.578003,0.4472153,0.6133643,0.1,0.4231567,-0.4368896,0.7937469,33.65231,1.982758,-27.77557,3.216965,0.4140680999999999,0.5614286,0.09772134,1.22414,-0.1279423,0.267028,0.2713450999999999,-0.1812526,5.352393,32.97034,33.17
38,0.3942719,-0.4323577999999999,0.8109130999999999,1.0,0.3219147,-0.4192352,0.848877,-30.92378,1.469818,-30.13463,3.578003,0.4472153,0.6133643,0.1,0.4231567,-0.4368896,0.7937469,33.65231,1.982758,-27.77557,3.216965,0.4140680999999999,0.5614286,0.09772134,1.22414,-0.1279423,0.267028,0.2713450999999999,-0.1812526,5.352393,32.97034,33.17
38,0.3942719,-0.4323577999999999,0.8109130999999999,1.0,0.3219147,-0.4192352,0.848877,-30.92378,1.469818,-30.13463,3.578003,0.4472153,0.6133643,0.1,0.4231567,-0.4368896,0.7937469,33.65231,1.982758,-27.77557,3.216965,0.4140680999999999,0.5614286,0.09772134,1.22414,-0.1279423,0.267028,0.2713450999999999,-0.1812526,5.352393,32.97034,33.17
38,0.2926940999999999,-0.4061584,0.8656464,1.0,0.2676697,-0.3510895,0.8972473,-31.26236,1.334335,-30.05035,3.215408,0.4653458,0.6072765999999999,0.1406728,0.3158875,-0.4582977,0.8307495,33.54881,2.098129,-27.64433,3.105957,0.4314077999999999,0.5581526,0.09509182,1.224283,-0.1200573,0.2717112,0.2435086,-0.1706677,5.289604,18.1368,33.17
38,0.2926940999999999,-0.4061584,0.8656464,1.0,0.2676697,-0.3510895,0.8972473,-31.26236,1.334335,-30.05035,3.215408,0.4653458,0.6072765999999999,0.1406728,0.3158875,-0.4582977,0.8307495,33.54881,2.098129,-27.64433,3.105957,0.4314077999999999,0.5581526,0.09509182,1.224283,-0.1200573,0.2717112,0.2435086,-0.1706677,5.289604,18.1368,33.17
38,0.2926940999999999,-0.4061584,0.8656464,1.0,0.2676697,-0.3510895,0.8972473,-31.26236,1.334335,-30.05035,3.215408,0.4653458,0.6072765999999999,0.1406728,0.3158875,-0.4582977,0.8307495,33.54881,2.098129,-27.64433,3.105957,0.4314077999999999,0.5581526,0.09509182,1.224283,-0.1200573,0.2717112,0.2435086,-0.1706677,5.289604,18.1368,33.17
38,0.2372893999999999,-0.3793945,0.8942719000000001,1.0,0.2155457,-0.3249817,0.9208221,-31.483490000000003,1.458588,-29.93936,3.361465,0.4798357,0.5978161,0.1071801999999999,0.2663422,-0.4536438,0.8504485999999999,33.39001,2.275833,-27.51538,2.985916,0.4431843,0.5500986,0.09246135,1.2244389999999998,-0.1124033,0.2746605,0.2157508,-0.1639767,5.289604,18.1368,33.17
38,0.2372893999999999,-0.3793945,0.8942719000000001,1.0,0.2155457,-0.3249817,0.9208221,-31.483490000000003,1.458588,-29.93936,3.361465,0.4798357,0.5978161,0.1071801999999999,0.2663422,-0.4536438,0.8504485999999999,33.39001,2.275833,-27.51538,2.985916,0.4431843,0.5500986,0.09246135,1.2244389999999998,-0.1124033,0.2746605,0.2157508,-0.1639767,5.289604,18.1368,33.17
38,0.2372893999999999,-0.3793945,0.8942719000000001,1.0,0.2155457,-0.3249817,0.9208221,-31.483490000000003,1.458588,-29.93936,3.361465,0.4798357,0.5978161,0.1071801999999999,0.2663422,-0.4536438,0.8504485999999999,33.39001,2.275833,-27.51538,2.985916,0.4431843,0.5500986,0.09246135,1.2244389999999998,-0.1124033,0.2746605,0.2157508,-0.1639767,5.289604,18.1368,33.17
38,0.1587829999999999,-0.4136353,0.8964690999999999,1.0,0.1587829999999999,-0.4136353,0.8964690999999999,-31.60498,1.547607,-29.87206,2.8906400000000003,0.4902206,0.6059694999999999,0.0,0.0,0.0,0.0,33.24893,2.387405,-27.42163,-1.0,0.4491315999999999,0.5387206999999999,0.0898148999999999,1.22416,-0.1056119999999999,0.2774508,0.1936292,-0.164851,5.289604,18.1368,33.17
38,0.1587829999999999,-0.4136353,0.8964690999999999,1.0,0.1587829999999999,-0.4136353,0.8964690999999999,-31.60498,1.547607,-29.87206,2.8906400000000003,0.4902206,0.6059694999999999,0.0,0.0,0.0,0.0,33.24893,2.387405,-27.42163,-1.0,0.4491315999999999,0.5387206999999999,0.0898148999999999,1.22416,-0.1056119999999999,0.2774508,0.1936292,-0.164851,5.289604,18.1368,33.17
38,0.1587829999999999,-0.4136353,0.8964690999999999,1.0,0.1587829999999999,-0.4136353,0.8964690999999999,-31.60498,1.547607,-29.87206,2.8906400000000003,0.4902206,0.6059694999999999,0.0,0.0,0.0,0.0,33.24893,2.387405,-27.42163,-1.0,0.4491315999999999,0.5387206999999999,0.0898148999999999,1.22416,-0.1056119999999999,0.2774508,0.1936292,-0.164851,5.289604,18.1368,33.17
38,0.20578,-0.4204102,0.8836823,1.0,0.1326904,-0.4461212,0.8850708,-31.647990000000004,1.620178,-29.81763,2.722961,0.4946875,0.6074519,0.0,0.2473449999999999,-0.4044342,0.8804626,33.25932,2.259155,-27.4621,3.366028,0.4500359,0.5432866999999999,0.08682775,1.223685,-0.09916204,0.2825851,0.1653024,-0.1567322,5.289604,18.1368,33.17
38,0.20578,-0.4204102,0.8836823,1.0,0.1326904,-0.4461212,0.8850708,-31.647990000000004,1.620178,-29.81763,2.722961,0.4946875,0.6074519,0.0,0.2473449999999999,-0.4044342,0.8804626,33.25932,2.259155,-27.4621,3.366028,0.4500359,0.5432866999999999,0.08682775,1.223685,-0.09916204,0.2825851,0.1653024,-0.1567322,5.289604,18.1368,33.17
38,0.20578,-0.4204102,0.8836823,1.0,0.1326904,-0.4461212,0.8850708,-31.647990000000004,1.620178,-29.81763,2.722961,0.4946875,0.6074519,0.0,0.2473449999999999,-0.4044342,0.8804626,33.25932,2.259155,-27.4621,3.366028,0.4500359,0.5432866999999999,0.08682775,1.223685,-0.09916204,0.2825851,0.1653024,-0.1567322,5.289604,18.1368,33.17
38,0.2519073,-0.497406,0.8301238999999999,1.0,0.2519073,-0.497406,0.8301238999999999,-31.03938,1.014069,-30.26038,3.335052,0.4591965999999999,0.6410651999999999,0.0,0.0,0.0,0.0,33.42752,1.472946,-28.06136,-1.0,0.4289706,0.6042705,0.08302665,1.222809,-0.09328157,0.2879444,0.1354176,-0.1490911,5.289604,12.11717,33.17
38,0.2519073,-0.497406,0.8301238999999999,1.0,0.2519073,-0.497406,0.8301238999999999,-31.03938,1.014069,-30.26038,3.335052,0.4591965999999999,0.6410651999999999,0.0,0.0,0.0,0.0,33.42752,1.472946,-28.06136,-1.0,0.4289706,0.6042705,0.08302665,1.222809,-0.09328157,0.2879444,0.1354176,-0.1490911,5.289604,12.11717,33.17
38,0.2519073,-0.497406,0.8301238999999999,1.0,0.2519073,-0.497406,0.8301238999999999,-31.03938,1.014069,-30.26038,3.335052,0.4591965999999999,0.6410651999999999,0.0,0.0,0.0,0.0,33.42752,1.472946,-28.06136,-1.0,0.4289706,0.6042705,0.08302665,1.222809,-0.09328157,0.2879444,0.1354176,-0.1490911,5.289604,12.11717,33.17
38,0.2437897,-0.5130157,0.8230133,1.0,0.2437897,-0.5130157,0.8230133,-31.05917,1.003128,-30.26488,3.20343,0.4606302,0.6438225000000001,0.0,0.0,0.0,0.0,33.439029999999995,1.44339,-28.12985,-1.0,0.4301001,0.6132053000000001,0.07841086,1.221589,-0.0887168,0.2945558,0.107082,-0.1407467,5.289604,12.11717,33.17
38,0.2437897,-0.5130157,0.8230133,1.0,0.2437897,-0.5130157,0.8230133,-31.05917,1.003128,-30.26488,3.20343,0.4606302,0.6438225000000001,0.0,0.0,0.0,0.0,33.439029999999995,1.44339,-28.12985,-1.0,0.4301001,0.6132053000000001,0.07841086,1.221589,-0.0887168,0.2945558,0.107082,-0.1407467,5.289604,12.11717,33.17
38,0.2437897,-0.5130157,0.8230133,1.0,0.2437897,-0.5130157,0.8230133,-31.05917,1.003128,-30.26488,3.20343,0.4606302,0.6438225000000001,0.0,0.0,0.0,0.0,33.439029999999995,1.44339,-28.12985,-1.0,0.4301001,0.6132053000000001,0.07841086,1.221589,-0.0887168,0.2945558,0.107082,-0.1407467,5.289604,12.11717,33.17
38,0.2691345,-0.537674,0.7990265000000001,1.0,0.2270965999999999,-0.5497131,0.8038788,-31.206390000000003,1.052139,-30.23108,3.020004,0.467467,0.6472979,0.0,0.3410187,-0.5142365,0.7869263000000001,33.36909,1.499496,-27.92946,3.325165,0.433589,0.5890349,0.07448554,1.220692,-0.08449906,0.2979091,0.08054958,-0.1327828,5.289604,12.11717,33.17
38,0.2691345,-0.537674,0.7990265000000001,1.0,0.2270965999999999,-0.5497131,0.8038788,-31.206390000000003,1.052139,-30.23108,3.020004,0.467467,0.6472979,0.0,0.3410187,-0.5142365,0.7869263000000001,33.36909,1.499496,-27.92946,3.325165,0.433589,0.5890349,0.07448554,1.220692,-0.08449906,0.2979091,0.08054958,-0.1327828,5.289604,12.11717,33.17
38,0.2691345,-0.537674,0.7990265000000001,1.0,0.2270965999999999,-0.5497131,0.8038788,-31.206390000000003,1.052139,-30.23108,3.020004,0.467467,0.6472979,0.0,0.3410187,-0.5142365,0.7869263000000001,33.36909,1.499496,-27.92946,3.325165,0.433589,0.5890349,0.07448554,1.220692,-0.08449906,0.2979091,0.08054958,-0.1327828,5.289604,12.11717,33.17
39,0.2691345,-0.537674,0.7990265000000001,1.0,0.2270965999999999,-0.5497131,0.8038788,-31.206390000000003,1.052139,-30.23108,3.020004,0.467467,0.6472979,0.0,0.3410187,-0.5142365,0.7869263000000001,33.36909,1.499496,-27.92946,3.325165,0.433589,0.5890349,0.07088685,1.220622,-0.08078808,0.2996730999999999,0.05430209,-0.1237135,5.289604,12.11717,33.17
39,0.2691345,-0.537674,0.7990265000000001,1.0,0.2270965999999999,-0.5497131,0.8038788,-31.206390000000003,1.052139,-30.23108,3.020004,0.467467,0.6472979,0.0,0.3410187,-0.5142365,0.7869263000000001,33.36909,1.499496,-27.92946,3.325165,0.433589,0.5890349,0.07088685,1.220622,-0.08078808,0.2996730999999999,0.05430209,-0.1237135,5.289604,12.11717,33.17
39,0.2691345,-0.537674,0.7990265000000001,1.0,0.2270965999999999,-0.5497131,0.8038788,-31.206390000000003,1.052139,-30.23108,3.020004,0.467467,0.6472979,0.0,0.3410187,-0.5142365,0.7869263000000001,33.36909,1.499496,-27.92946,3.325165,0.433589,0.5890349,0.07088685,1.220622,-0.08078808,0.2996730999999999,0.05430209,-0.1237135,5.289604,12.11717,33.17
39,0.1991882,-0.5940857,0.7793426999999999,1.0,0.1423645,-0.6148529,0.7756653,-31.344790000000003,1.175934,-30.138820000000003,2.380264,0.4819678,0.6521045999999999,0.0,0.3239594,-0.5395355,0.7771300999999999,33.296620000000004,1.673126,-27.8472,3.478149,0.4381984,0.5857538,0.06714177,1.2207,-0.07797557,0.3015503,0.02910577,-0.1164878999999999,5.289604,12.11717,33.17
39,0.1991882,-0.5940857,0.7793426999999999,1.0,0.1423645,-0.6148529,0.7756653,-31.344790000000003,1.175934,-30.138820000000003,2.380264,0.4819678,0.6521045999999999,0.0,0.3239594,-0.5395355,0.7771300999999999,33.296620000000004,1.673126,-27.8472,3.478149,0.4381984,0.5857538,0.06714177,1.2207,-0.07797557,0.3015503,0.02910577,-0.1164878999999999,5.289604,12.11717,33.17
39,0.1991882,-0.5940857,0.7793426999999999,1.0,0.1423645,-0.6148529,0.7756653,-31.344790000000003,1.175934,-30.138820000000003,2.380264,0.4819678,0.6521045999999999,0.0,0.3239594,-0.5395355,0.7771300999999999,33.296620000000004,1.673126,-27.8472,3.478149,0.4381984,0.5857538,0.06714177,1.2207,-0.07797557,0.3015503,0.02910577,-0.1164878999999999,5.289604,12.11717,33.17
39,0.1991882,-0.5940857,0.7793426999999999,1.0,0.1423645,-0.6148529,0.7756653,-31.344790000000003,1.175934,-30.138820000000003,2.380264,0.4819678,0.6521045999999999,0.0,0.3239594,-0.5395355,0.7771300999999999,33.296620000000004,1.673126,-27.8472,3.478149,0.4381984,0.5857538,0.06303263,1.221117,-0.07537276,0.3016365,0.005487736,-0.1100642,5.289604,-69.68509,33.17
39,0.1991882,-0.5940857,0.7793426999999999,1.0,0.1423645,-0.6148529,0.7756653,-31.344790000000003,1.175934,-30.138820000000003,2.380264,0.4819678,0.6521045999999999,0.0,0.3239594,-0.5395355,0.7771300999999999,33.296620000000004,1.673126,-27.8472,3.478149,0.4381984,0.5857538,0.06303263,1.221117,-0.07537276,0.3016365,0.005487736,-0.1100642,5.289604,-69.68509,33.17
39,0.1991882,-0.5940857,0.7793426999999999,1.0,0.1423645,-0.6148529,0.7756653,-31.344790000000003,1.175934,-30.138820000000003,2.380264,0.4819678,0.6521045999999999,0.0,0.3239594,-0.5395355,0.7771300999999999,33.296620000000004,1.673126,-27.8472,3.478149,0.4381984,0.5857538,0.06303263,1.221117,-0.07537276,0.3016365,0.005487736,-0.1100642,5.289604,-69.68509,33.17
39,0.1279448999999999,-0.469635,0.8735199,1.0,0.1136932,-0.4588622999999999,0.8811950999999999,-32.00798,1.324432,-29.8521,3.072449,0.5100043,0.6196208000000001,0.1,0.1729126,-0.5026702999999999,0.8470001,32.87225,1.953598,-27.5549,3.039459,0.4719532999999999,0.5677837,0.0588664999999999,1.221429,-0.07339221,0.3022388,-0.01258982,-0.1061492,5.289604,-69.68509,33.17
39,0.1279448999999999,-0.469635,0.8735199,1.0,0.1136932,-0.4588622999999999,0.8811950999999999,-32.00798,1.324432,-29.8521,3.072449,0.5100043,0.6196208000000001,0.1,0.1729126,-0.5026702999999999,0.8470001,32.87225,1.953598,-27.5549,3.039459,0.4719532999999999,0.5677837,0.0588664999999999,1.221429,-0.07339221,0.3022388,-0.01258982,-0.1061492,5.289604,-69.68509,33.17
39,0.1279448999999999,-0.469635,0.8735199,1.0,0.1136932,-0.4588622999999999,0.8811950999999999,-32.00798,1.324432,-29.8521,3.072449,0.5100043,0.6196208000000001,0.1,0.1729126,-0.5026702999999999,0.8470001,32.87225,1.953598,-27.5549,3.039459,0.4719532999999999,0.5677837,0.0588664999999999,1.221429,-0.07339221,0.3022388,-0.01258982,-0.1061492,5.289604,-69.68509,33.17
39,0.1528473,-0.4867401,0.8600616,1.0,0.0861968999999999,-0.4587708,0.8843536,-32.08623,1.31015,-29.84666,3.005463,0.5160640000000001,0.6199583000000001,0.1,0.1733398,-0.4948425,0.8515014999999999,32.7874,1.978851,-27.53841,2.9810790000000003,0.4748207,0.5657572,0.05351472,1.222092,-0.07178575,0.3015886,-0.03184164,-0.1002035,5.289604,-69.68509,33.17
39,0.1528473,-0.4867401,0.8600616,1.0,0.0861968999999999,-0.4587708,0.8843536,-32.08623,1.31015,-29.84666,3.005463,0.5160640000000001,0.6199583000000001,0.1,0.1733398,-0.4948425,0.8515014999999999,32.7874,1.978851,-27.53841,2.9810790000000003,0.4748207,0.5657572,0.05351472,1.222092,-0.07178575,0.3015886,-0.03184164,-0.1002035,5.289604,-69.68509,33.17
39,0.1528473,-0.4867401,0.8600616,1.0,0.0861968999999999,-0.4587708,0.8843536,-32.08623,1.31015,-29.84666,3.005463,0.5160640000000001,0.6199583000000001,0.1,0.1733398,-0.4948425,0.8515014999999999,32.7874,1.978851,-27.53841,2.9810790000000003,0.4748207,0.5657572,0.05351472,1.222092,-0.07178575,0.3015886,-0.03184164,-0.1002035,5.289604,-69.68509,33.17
39,0.1528473,-0.4867401,0.8600616,1.0,0.0861968999999999,-0.4587708,0.8843536,-32.08623,1.31015,-29.84666,3.005463,0.5160640000000001,0.6199583000000001,0.1,0.1733398,-0.4948425,0.8515014999999999,32.7874,1.978851,-27.53841,2.9810790000000003,0.4748207,0.5657572,0.04696798,1.222953,-0.07030684,0.2991009,-0.0518727,-0.09366564,5.289604,-69.68509,33.17
39,0.1528473,-0.4867401,0.8600616,1.0,0.0861968999999999,-0.4587708,0.8843536,-32.08623,1.31015,-29.84666,3.005463,0.5160640000000001,0.6199583000000001,0.1,0.1733398,-0.4948425,0.8515014999999999,32.7874,1.978851,-27.53841,2.9810790000000003,0.4748207,0.5657572,0.04696798,1.222953,-0.07030684,0.2991009,-0.0518727,-0.09366564,5.289604,-69.68509,33.17
39,0.1528473,-0.4867401,0.8600616,1.0,0.0861968999999999,-0.4587708,0.8843536,-32.08623,1.31015,-29.84666,3.005463,0.5160640000000001,0.6199583000000001,0.1,0.1733398,-0.4948425,0.8515014999999999,32.7874,1.978851,-27.53841,2.9810790000000003,0.4748207,0.5657572,0.04696798,1.222953,-0.07030684,0.2991009,-0.0518727,-0.09366564,5.289604,-69.68509,33.17
39,0.1528473,-0.4867401,0.8600616,1.0,0.0861968999999999,-0.4587708,0.8843536,-32.08623,1.31015,-29.84666,3.005463,0.5160640000000001,0.6199583000000001,0.1,0.1733398,-0.4948425,0.8515014999999999,32.7874,1.978851,-27.53841,2.9810790000000003,0.4748207,0.5657572,0.0394311,1.22427,-0.0686627,0.2946525,-0.07403894,-0.08774377,5.289604,-69.68509,33.17
39,0.1528473,-0.4867401,0.8600616,1.0,0.0861968999999999,-0.4587708,0.8843536,-32.08623,1.31015,-29.84666,3.005463,0.5160640000000001,0.6199583000000001,0.1,0.1733398,-0.4948425,0.8515014999999999,32.7874,1.978851,-27.53841,2.9810790000000003,0.4748207,0.5657572,0.0394311,1.22427,-0.0686627,0.2946525,-0.07403894,-0.08774377,5.289604,-69.68509,33.17
39,0.1528473,-0.4867401,0.8600616,1.0,0.0861968999999999,-0.4587708,0.8843536,-32.08623,1.31015,-29.84666,3.005463,0.5160640000000001,0.6199583000000001,0.1,0.1733398,-0.4948425,0.8515014999999999,32.7874,1.978851,-27.53841,2.9810790000000003,0.4748207,0.5657572,0.0394311,1.22427,-0.0686627,0.2946525,-0.07403894,-0.08774377,5.289604,-69.68509,33.17
39,0.1528473,-0.4867401,0.8600616,1.0,0.0861968999999999,-0.4587708,0.8843536,-32.08623,1.31015,-29.84666,3.005463,0.5160640000000001,0.6199583000000001,0.1,0.1733398,-0.4948425,0.8515014999999999,32.7874,1.978851,-27.53841,2.9810790000000003,0.4748207,0.5657572,0.03066158,1.225472,-0.06775397,0.2908739999999999,-0.09632903,-0.08312639,5.289604,-69.68509,33.17
39,0.1528473,-0.4867401,0.8600616,1.0,0.0861968999999999,-0.4587708,0.8843536,-32.08623,1.31015,-29.84666,3.005463,0.5160640000000001,0.6199583000000001,0.1,0.1733398,-0.4948425,0.8515014999999999,32.7874,1.978851,-27.53841,2.9810790000000003,0.4748207,0.5657572,0.03066158,1.225472,-0.06775397,0.2908739999999999,-0.09632903,-0.08312639,5.289604,-69.68509,33.17
39,0.1528473,-0.4867401,0.8600616,1.0,0.0861968999999999,-0.4587708,0.8843536,-32.08623,1.31015,-29.84666,3.005463,0.5160640000000001,0.6199583000000001,0.1,0.1733398,-0.4948425,0.8515014999999999,32.7874,1.978851,-27.53841,2.9810790000000003,0.4748207,0.5657572,0.03066158,1.225472,-0.06775397,0.2908739999999999,-0.09632903,-0.08312639,5.289604,-69.68509,33.17
39,0.4822693,-0.231369,0.8448943999999999,1.0,0.4822693,-0.231369,0.8448943999999999,-30.26488,1.729904,-30.34781,3.635712,0.4046692,0.5832470999999999,0.4055839,0.0,0.0,0.0,34.5632,2.2509,-27.99434,-1.0,0.3665833,0.5451486,0.02074933,1.227098,-0.06702894,0.2865624,-0.1171573999999999,-0.07872788,5.289604,80.34001,33.17
39,0.4822693,-0.231369,0.8448943999999999,1.0,0.4822693,-0.231369,0.8448943999999999,-30.26488,1.729904,-30.34781,3.635712,0.4046692,0.5832470999999999,0.4055839,0.0,0.0,0.0,34.5632,2.2509,-27.99434,-1.0,0.3665833,0.5451486,0.02074933,1.227098,-0.06702894,0.2865624,-0.1171573999999999,-0.07872788,5.289604,80.34001,33.17
39,0.4822693,-0.231369,0.8448943999999999,1.0,0.4822693,-0.231369,0.8448943999999999,-30.26488,1.729904,-30.34781,3.635712,0.4046692,0.5832470999999999,0.4055839,0.0,0.0,0.0,34.5632,2.2509,-27.99434,-1.0,0.3665833,0.5451486,0.02074933,1.227098,-0.06702894,0.2865624,-0.1171573999999999,-0.07872788,5.289604,80.34001,33.17
39,0.4080353,-0.3242645,0.8534241,1.0,0.4021912,-0.2354126,0.8847655999999999,-30.50301,1.7465970000000002,-30.17685,3.623169,0.4232738,0.5802122,1.0,0.4102478,-0.4116058,0.8137816999999999,34.38962,2.211411,-27.808670000000003,2.812012,0.3909448,0.5502806,0.01044822,1.2288370000000002,-0.0668295,0.2815909,-0.1406317,-0.0722648999999999,5.289604,80.34001,33.17
39,0.4080353,-0.3242645,0.8534241,1.0,0.4021912,-0.2354126,0.8847655999999999,-30.50301,1.7465970000000002,-30.17685,3.623169,0.4232738,0.5802122,1.0,0.4102478,-0.4116058,0.8137816999999999,34.38962,2.211411,-27.808670000000003,2.812012,0.3909448,0.5502806,0.01044822,1.2288370000000002,-0.0668295,0.2815909,-0.1406317,-0.0722648999999999,5.289604,80.34001,33.17
39,0.4080353,-0.3242645,0.8534241,1.0,0.4021912,-0.2354126,0.8847655999999999,-30.50301,1.7465970000000002,-30.17685,3.623169,0.4232738,0.5802122,1.0,0.4102478,-0.4116058,0.8137816999999999,34.38962,2.211411,-27.808670000000003,2.812012,0.3909448,0.5502806,0.01044822,1.2288370000000002,-0.0668295,0.2815909,-0.1406317,-0.0722648999999999,5.289604,80.34001,33.17
39,0.3836974999999999,-0.3095245,0.8700256,1.0,0.3510437,-0.2778473,0.8941803,-30.58168,1.736298,-30.10789,3.418884,0.4319424,0.5848225,1.0,0.4215851,-0.3465424,0.8379517,34.30447,2.26265,-27.7375,3.000153,0.3928164,0.5392023,-1.9550320000000003e-05,1.230938,-0.06754053,0.2772015,-0.165287,-0.06776365,5.289604,80.34001,33.17
39,0.3836974999999999,-0.3095245,0.8700256,1.0,0.3510437,-0.2778473,0.8941803,-30.58168,1.736298,-30.10789,3.418884,0.4319424,0.5848225,1.0,0.4215851,-0.3465424,0.8379517,34.30447,2.26265,-27.7375,3.000153,0.3928164,0.5392023,-1.9550320000000003e-05,1.230938,-0.06754053,0.2772015,-0.165287,-0.06776365,5.289604,80.34001,33.17
39,0.3836974999999999,-0.3095245,0.8700256,1.0,0.3510437,-0.2778473,0.8941803,-30.58168,1.736298,-30.10789,3.418884,0.4319424,0.5848225,1.0,0.4215851,-0.3465424,0.8379517,34.30447,2.26265,-27.7375,3.000153,0.3928164,0.5392023,-1.9550320000000003e-05,1.230938,-0.06754053,0.2772015,-0.165287,-0.06776365,5.289604,80.34001,33.17
39,0.3363647,-0.3191375999999999,0.8859863000000001,1.0,0.2944031,-0.2460938,0.9234466999999998,-30.98993,1.908447,-29.92752,3.504944,0.4535207,0.5723345999999999,0.5827839,0.3670502,-0.3741302,0.8516235000000001,33.96803,2.480652,-27.56866,2.995682,0.4113174,0.5335717,-0.009594202,1.2341879999999998,-0.06800574,0.2696919,-0.1828447,-0.06651746,5.289604,80.34001,33.17
39,0.3363647,-0.3191375999999999,0.8859863000000001,1.0,0.2944031,-0.2460938,0.9234466999999998,-30.98993,1.908447,-29.92752,3.504944,0.4535207,0.5723345999999999,0.5827839,0.3670502,-0.3741302,0.8516235000000001,33.96803,2.480652,-27.56866,2.995682,0.4113174,0.5335717,-0.009594202,1.2341879999999998,-0.06800574,0.2696919,-0.1828447,-0.06651746,5.289604,80.34001,33.17
39,0.3363647,-0.3191375999999999,0.8859863000000001,1.0,0.2944031,-0.2460938,0.9234466999999998,-30.98993,1.908447,-29.92752,3.504944,0.4535207,0.5723345999999999,0.5827839,0.3670502,-0.3741302,0.8516235000000001,33.96803,2.480652,-27.56866,2.995682,0.4113174,0.5335717,-0.009594202,1.2341879999999998,-0.06800574,0.2696919,-0.1828447,-0.06651746,5.289604,80.34001,33.17
39,0.3102417,-0.345047,0.8858185,1.0,0.2446442,-0.2776184,0.9290009,-31.177290000000003,1.983353,-29.85323,3.355743,0.4658509,0.5727079,0.5204833,0.3388672,-0.3743591,0.8631287,33.81459,2.542557,-27.49332,2.986542,0.4201548,0.5306538000000001,-0.01886582,1.238216,-0.06734091,0.2590772999999999,-0.1997156,-0.06256636,5.289604,80.34001,33.17
39,0.3102417,-0.345047,0.8858185,1.0,0.2446442,-0.2776184,0.9290009,-31.177290000000003,1.983353,-29.85323,3.355743,0.4658509,0.5727079,0.5204833,0.3388672,-0.3743591,0.8631287,33.81459,2.542557,-27.49332,2.986542,0.4201548,0.5306538000000001,-0.01886582,1.238216,-0.06734091,0.2590772999999999,-0.1997156,-0.06256636,5.289604,80.34001,33.17
39,0.3102417,-0.345047,0.8858185,1.0,0.2446442,-0.2776184,0.9290009,-31.177290000000003,1.983353,-29.85323,3.355743,0.4658509,0.5727079,0.5204833,0.3388672,-0.3743591,0.8631287,33.81459,2.542557,-27.49332,2.986542,0.4201548,0.5306538000000001,-0.01886582,1.238216,-0.06734091,0.2590772999999999,-0.1997156,-0.06256636,5.289604,80.34001,33.17
39,0.2821349999999999,-0.3129883,0.9068756,1.0,0.1989288,-0.3036652,0.9317627,-31.19194,2.1219330000000003,-29.7733,3.210541,0.4717407,0.5702397,0.4546404,0.3217926,-0.3166656,0.8922728999999999,33.75307,2.615784,-27.42926,3.229309,0.4246331,0.5198963,-0.0281117,1.243113,-0.06541514,0.2445107,-0.2140359,-0.05448918,5.289604,55.69597,33.17
39,0.2821349999999999,-0.3129883,0.9068756,1.0,0.1989288,-0.3036652,0.9317627,-31.19194,2.1219330000000003,-29.7733,3.210541,0.4717407,0.5702397,0.4546404,0.3217926,-0.3166656,0.8922728999999999,33.75307,2.615784,-27.42926,3.229309,0.4246331,0.5198963,-0.0281117,1.243113,-0.06541514,0.2445107,-0.2140359,-0.05448918,5.289604,55.69597,33.17
39,0.2821349999999999,-0.3129883,0.9068756,1.0,0.1989288,-0.3036652,0.9317627,-31.19194,2.1219330000000003,-29.7733,3.210541,0.4717407,0.5702397,0.4546404,0.3217926,-0.3166656,0.8922728999999999,33.75307,2.615784,-27.42926,3.229309,0.4246331,0.5198963,-0.0281117,1.243113,-0.06541514,0.2445107,-0.2140359,-0.05448918,5.289604,55.69597,33.17
39,0.2821349999999999,-0.3129883,0.9068756,1.0,0.1989288,-0.3036652,0.9317627,-31.19194,2.1219330000000003,-29.7733,3.210541,0.4717407,0.5702397,0.4546404,0.3217926,-0.3166656,0.8922728999999999,33.75307,2.615784,-27.42926,3.229309,0.4246331,0.5198963,-0.03726625,1.247405,-0.06348568,0.2293334,-0.230924,-0.04199609,5.289604,55.69597,33.17
39,0.2821349999999999,-0.3129883,0.9068756,1.0,0.1989288,-0.3036652,0.9317627,-31.19194,2.1219330000000003,-29.7733,3.210541,0.4717407,0.5702397,0.4546404,0.3217926,-0.3166656,0.8922728999999999,33.75307,2.615784,-27.42926,3.229309,0.4246331,0.5198963,-0.03726625,1.247405,-0.06348568,0.2293334,-0.230924,-0.04199609,5.289604,55.69597,33.17
39,0.2821349999999999,-0.3129883,0.9068756,1.0,0.1989288,-0.3036652,0.9317627,-31.19194,2.1219330000000003,-29.7733,3.210541,0.4717407,0.5702397,0.4546404,0.3217926,-0.3166656,0.8922728999999999,33.75307,2.615784,-27.42926,3.229309,0.4246331,0.5198963,-0.03726625,1.247405,-0.06348568,0.2293334,-0.230924,-0.04199609,5.289604,55.69597,33.17
39,0.4109497,-0.3083954,0.8578949,1.0,0.4295349,-0.004669189,0.9030304,-30.87103,2.285889,-30.02548,4.315551999999999,0.4346715999999999,0.5317923000000001,0.4096891,0.3979187,-0.3934021,0.8287810999999999,33.97421,2.911896,-27.43549,2.636276,0.4072520999999999,0.5210060000000001,-0.04615831,1.250583,-0.0623312,0.2208142,-0.244854,-0.03538186,5.289604,55.69597,33.17
39,0.4109497,-0.3083954,0.8578949,1.0,0.4295349,-0.004669189,0.9030304,-30.87103,2.285889,-30.02548,4.315551999999999,0.4346715999999999,0.5317923000000001,0.4096891,0.3979187,-0.3934021,0.8287810999999999,33.97421,2.911896,-27.43549,2.636276,0.4072520999999999,0.5210060000000001,-0.04615831,1.250583,-0.0623312,0.2208142,-0.244854,-0.03538186,5.289604,55.69597,33.17
39,0.4109497,-0.3083954,0.8578949,1.0,0.4295349,-0.004669189,0.9030304,-30.87103,2.285889,-30.02548,4.315551999999999,0.4346715999999999,0.5317923000000001,0.4096891,0.3979187,-0.3934021,0.8287810999999999,33.97421,2.911896,-27.43549,2.636276,0.4072520999999999,0.5210060000000001,-0.04615831,1.250583,-0.0623312,0.2208142,-0.244854,-0.03538186,5.289604,55.69597,33.17
39,0.4109497,-0.3083954,0.8578949,1.0,0.4295349,-0.004669189,0.9030304,-30.87103,2.285889,-30.02548,4.315551999999999,0.4346715999999999,0.5317923000000001,0.4096891,0.3979187,-0.3934021,0.8287810999999999,33.97421,2.911896,-27.43549,2.636276,0.4072520999999999,0.5210060000000001,-0.05512571,1.252716,-0.06135321,0.2159236,-0.2560469,-0.02836763,5.289604,55.69597,33.17
39,0.4109497,-0.3083954,0.8578949,1.0,0.4295349,-0.004669189,0.9030304,-30.87103,2.285889,-30.02548,4.315551999999999,0.4346715999999999,0.5317923000000001,0.4096891,0.3979187,-0.3934021,0.8287810999999999,33.97421,2.911896,-27.43549,2.636276,0.4072520999999999,0.5210060000000001,-0.05512571,1.252716,-0.06135321,0.2159236,-0.2560469,-0.02836763,5.289604,55.69597,33.17
39,0.4109497,-0.3083954,0.8578949,1.0,0.4295349,-0.004669189,0.9030304,-30.87103,2.285889,-30.02548,4.315551999999999,0.4346715999999999,0.5317923000000001,0.4096891,0.3979187,-0.3934021,0.8287810999999999,33.97421,2.911896,-27.43549,2.636276,0.4072520999999999,0.5210060000000001,-0.05512571,1.252716,-0.06135321,0.2159236,-0.2560469,-0.02836763,5.289604,55.69597,33.17
39,0.5775604,-0.07301331,0.8130646,1.0,0.4834136999999999,-0.01622009,0.8752289000000001,-30.4633,2.283859,-30.19131,3.811966,0.4126276,0.5351087,0.3751602,0.6018524000000001,-0.08843994,0.7936859,34.56371,2.920425,-27.78644,3.894791000000001,0.3615804,0.4873159999999999,-0.06525254,1.254703,-0.0603081,0.2100221,-0.2711675,-0.0195526,5.289604,55.69597,33.17
39,0.5775604,-0.07301331,0.8130646,1.0,0.4834136999999999,-0.01622009,0.8752289000000001,-30.4633,2.283859,-30.19131,3.811966,0.4126276,0.5351087,0.3751602,0.6018524000000001,-0.08843994,0.7936859,34.56371,2.920425,-27.78644,3.894791000000001,0.3615804,0.4873159999999999,-0.06525254,1.254703,-0.0603081,0.2100221,-0.2711675,-0.0195526,5.289604,55.69597,33.17
39,0.5775604,-0.07301331,0.8130646,1.0,0.4834136999999999,-0.01622009,0.8752289000000001,-30.4633,2.283859,-30.19131,3.811966,0.4126276,0.5351087,0.3751602,0.6018524000000001,-0.08843994,0.7936859,34.56371,2.920425,-27.78644,3.894791000000001,0.3615804,0.4873159999999999,-0.06525254,1.254703,-0.0603081,0.2100221,-0.2711675,-0.0195526,5.289604,55.69597,33.17
39,0.5179138,-0.07095337,0.8524780000000001,1.0,0.4673462,-0.04612732,0.8828583000000001,-30.51265,2.248047,-30.15013,3.710648,0.4161630999999999,0.539399,0.4297608,0.5924377,-0.109024,0.7981873,34.53877,2.933441,-27.754490000000004,3.826691,0.3636856,0.4889633,-0.076051,1.256244,-0.05957484,0.2036222,-0.2902292999999999,-0.01365388,5.289604,55.69597,33.17
39,0.5179138,-0.07095337,0.8524780000000001,1.0,0.4673462,-0.04612732,0.8828583000000001,-30.51265,2.248047,-30.15013,3.710648,0.4161630999999999,0.539399,0.4297608,0.5924377,-0.109024,0.7981873,34.53877,2.933441,-27.754490000000004,3.826691,0.3636856,0.4889633,-0.076051,1.256244,-0.05957484,0.2036222,-0.2902292999999999,-0.01365388,5.289604,55.69597,33.17
39,0.5179138,-0.07095337,0.8524780000000001,1.0,0.4673462,-0.04612732,0.8828583000000001,-30.51265,2.248047,-30.15013,3.710648,0.4161630999999999,0.539399,0.4297608,0.5924377,-0.109024,0.7981873,34.53877,2.933441,-27.754490000000004,3.826691,0.3636856,0.4889633,-0.076051,1.256244,-0.05957484,0.2036222,-0.2902292999999999,-0.01365388,5.289604,55.69597,33.17
39,0.4732055999999999,-0.08120728,0.8771973,1.0,0.3768158,-0.06817627,0.9237671,-30.63455,2.182327,-30.01028,3.652939,0.4316949,0.5419344,0.483718,0.5295868,-0.08872986,0.8435974,34.45665,2.769943,-27.67381,3.84314,0.3749792999999999,0.4903805999999999,-0.08700061,1.257774,-0.06021386,0.1980254,-0.3141587,-0.009479921,5.289604,1.827431,33.17
39,0.4732055999999999,-0.08120728,0.8771973,1.0,0.3768158,-0.06817627,0.9237671,-30.63455,2.182327,-30.01028,3.652939,0.4316949,0.5419344,0.483718,0.5295868,-0.08872986,0.8435974,34.45665,2.769943,-27.67381,3.84314,0.3749792999999999,0.4903805999999999,-0.08700061,1.257774,-0.06021386,0.1980254,-0.3141587,-0.009479921,5.289604,1.827431,33.17
39,0.4732055999999999,-0.08120728,0.8771973,1.0,0.3768158,-0.06817627,0.9237671,-30.63455,2.182327,-30.01028,3.652939,0.4316949,0.5419344,0.483718,0.5295868,-0.08872986,0.8435974,34.45665,2.769943,-27.67381,3.84314,0.3749792999999999,0.4903805999999999,-0.08700061,1.257774,-0.06021386,0.1980254,-0.3141587,-0.009479921,5.289604,1.827431,33.17
39,0.4499512,-0.1009827,0.8873138,1.0,0.3231200999999999,-0.08636475,0.9423981,-30.72005,2.069183,-29.95157,3.3573,0.440733,0.5468367,0.4457544,0.5350647,-0.1102142,0.8375701999999999,34.32083,2.72612,-27.63351,3.872635,0.3788450999999999,0.4942683,-0.09972191,1.25935,-0.06224066,0.1933202,-0.3467399,-0.0052900269999999,5.289604,1.827431,33.17
39,0.4499512,-0.1009827,0.8873138,1.0,0.3231200999999999,-0.08636475,0.9423981,-30.72005,2.069183,-29.95157,3.3573,0.440733,0.5468367,0.4457544,0.5350647,-0.1102142,0.8375701999999999,34.32083,2.72612,-27.63351,3.872635,0.3788450999999999,0.4942683,-0.09972191,1.25935,-0.06224066,0.1933202,-0.3467399,-0.0052900269999999,5.289604,1.827431,33.17
39,0.4499512,-0.1009827,0.8873138,1.0,0.3231200999999999,-0.08636475,0.9423981,-30.72005,2.069183,-29.95157,3.3573,0.440733,0.5468367,0.4457544,0.5350647,-0.1102142,0.8375701999999999,34.32083,2.72612,-27.63351,3.872635,0.3788450999999999,0.4942683,-0.09972191,1.25935,-0.06224066,0.1933202,-0.3467399,-0.0052900269999999,5.289604,1.827431,33.17
39,0.4499512,-0.1009827,0.8873138,1.0,0.3231200999999999,-0.08636475,0.9423981,-30.72005,2.069183,-29.95157,3.3573,0.440733,0.5468367,0.4457544,0.5350647,-0.1102142,0.8375701999999999,34.32083,2.72612,-27.63351,3.872635,0.3788450999999999,0.4942683,-0.1080086,1.261231,-0.06362075,0.1884234,-0.3678047,-0.003145532,5.289604,1.827431,33.17
39,0.4499512,-0.1009827,0.8873138,1.0,0.3231200999999999,-0.08636475,0.9423981,-30.72005,2.069183,-29.95157,3.3573,0.440733,0.5468367,0.4457544,0.5350647,-0.1102142,0.8375701999999999,34.32083,2.72612,-27.63351,3.872635,0.3788450999999999,0.4942683,-0.1080086,1.261231,-0.06362075,0.1884234,-0.3678047,-0.003145532,5.289604,1.827431,33.17
39,0.4499512,-0.1009827,0.8873138,1.0,0.3231200999999999,-0.08636475,0.9423981,-30.72005,2.069183,-29.95157,3.3573,0.440733,0.5468367,0.4457544,0.5350647,-0.1102142,0.8375701999999999,34.32083,2.72612,-27.63351,3.872635,0.3788450999999999,0.4942683,-0.1080086,1.261231,-0.06362075,0.1884234,-0.3678047,-0.003145532,5.289604,1.827431,33.17
39,0.4276122999999999,-0.09181213,0.8992766999999999,1.0,0.3339233,-0.02519226,0.9422455,-30.8441,2.042206,-29.95604,3.549805,0.4441157999999999,0.5404934,0.5112165,0.4782561999999999,-0.1292724999999999,0.8686370999999999,34.20909,2.613831,-27.577070000000003,3.448639,0.3898692,0.4989769,-0.11549,1.263551,-0.06433278,0.1803652999999999,-0.3828163,-0.002360727,5.289604,1.827431,33.17
39,0.4276122999999999,-0.09181213,0.8992766999999999,1.0,0.3339233,-0.02519226,0.9422455,-30.8441,2.042206,-29.95604,3.549805,0.4441157999999999,0.5404934,0.5112165,0.4782561999999999,-0.1292724999999999,0.8686370999999999,34.20909,2.613831,-27.577070000000003,3.448639,0.3898692,0.4989769,-0.11549,1.263551,-0.06433278,0.1803652999999999,-0.3828163,-0.002360727,5.289604,1.827431,33.17
39,0.4276122999999999,-0.09181213,0.8992766999999999,1.0,0.3339233,-0.02519226,0.9422455,-30.8441,2.042206,-29.95604,3.549805,0.4441157999999999,0.5404934,0.5112165,0.4782561999999999,-0.1292724999999999,0.8686370999999999,34.20909,2.613831,-27.577070000000003,3.448639,0.3898692,0.4989769,-0.11549,1.263551,-0.06433278,0.1803652999999999,-0.3828163,-0.002360727,5.289604,1.827431,33.17
39,-1.0,-1.0,-1.0,0.9801233,0.0,0.0,0.0,-30.99622,2.414124,-29.91023,-1.0,0.4491157,0.5195899,0.670808,0.0,0.0,0.0,33.87958,3.200668,-27.45728,-1.0,0.3978287,0.4621467999999999,-0.1218691,1.2658280000000002,-0.06521517,0.1731222,-0.3968067999999999,-0.001256791,5.289604,9.930588,33.17
39,-1.0,-1.0,-1.0,0.9801233,0.0,0.0,0.0,-30.99622,2.414124,-29.91023,-1.0,0.4491157,0.5195899,0.670808,0.0,0.0,0.0,33.87958,3.200668,-27.45728,-1.0,0.3978287,0.4621467999999999,-0.1218691,1.2658280000000002,-0.06521517,0.1731222,-0.3968067999999999,-0.001256791,5.289604,9.930588,33.17
39,-1.0,-1.0,-1.0,0.9801233,0.0,0.0,0.0,-30.99622,2.414124,-29.91023,-1.0,0.4491157,0.5195899,0.670808,0.0,0.0,0.0,33.87958,3.200668,-27.45728,-1.0,0.3978287,0.4621467999999999,-0.1218691,1.2658280000000002,-0.06521517,0.1731222,-0.3968067999999999,-0.001256791,5.289604,9.930588,33.17
39,0.5192108,0.06080627,0.8524628000000001,1.0,0.4150696,0.08268738,0.9060059,-30.82127,2.565109,-30.02548,3.812225,0.4339184,0.5110527,0.2777252999999999,0.5453186,0.05493164,0.8364105,34.163509999999995,3.250061,-27.578290000000003,3.815735,0.3831164,0.4565222,-0.1314187,1.271191,-0.06705791,0.1579224,-0.4241545999999999,0.0078969219999999,5.289604,9.930588,33.17
39,0.5192108,0.06080627,0.8524628000000001,1.0,0.4150696,0.08268738,0.9060059,-30.82127,2.565109,-30.02548,3.812225,0.4339184,0.5110527,0.2777252999999999,0.5453186,0.05493164,0.8364105,34.163509999999995,3.250061,-27.578290000000003,3.815735,0.3831164,0.4565222,-0.1314187,1.271191,-0.06705791,0.1579224,-0.4241545999999999,0.0078969219999999,5.289604,9.930588,33.17
39,0.5192108,0.06080627,0.8524628000000001,1.0,0.4150696,0.08268738,0.9060059,-30.82127,2.565109,-30.02548,3.812225,0.4339184,0.5110527,0.2777252999999999,0.5453186,0.05493164,0.8364105,34.163509999999995,3.250061,-27.578290000000003,3.815735,0.3831164,0.4565222,-0.1314187,1.271191,-0.06705791,0.1579224,-0.4241545999999999,0.0078969219999999,5.289604,9.930588,33.17
39,0.4849243,0.07939148,0.8709259,1.0,0.3134308,0.0562439,0.947937,-31.015290000000004,2.412048,-29.87393,3.473846,0.4526117999999999,0.5169036,0.3073624,0.5158691,0.08352661,0.8525696,34.05417,3.215103,-27.52791,3.958466000000001,0.3907444,0.4537656,-0.1344779,1.273574,-0.06771946,0.1533181,-0.4331771,0.009249193,5.289604,9.930588,33.17
39,0.4849243,0.07939148,0.8709259,1.0,0.3134308,0.0562439,0.947937,-31.015290000000004,2.412048,-29.87393,3.473846,0.4526117999999999,0.5169036,0.3073624,0.5158691,0.08352661,0.8525696,34.05417,3.215103,-27.52791,3.958466000000001,0.3907444,0.4537656,-0.1344779,1.273574,-0.06771946,0.1533181,-0.4331771,0.009249193,5.289604,9.930588,33.17
39,0.4849243,0.07939148,0.8709259,1.0,0.3134308,0.0562439,0.947937,-31.015290000000004,2.412048,-29.87393,3.473846,0.4526117999999999,0.5169036,0.3073624,0.5158691,0.08352661,0.8525696,34.05417,3.215103,-27.52791,3.958466000000001,0.3907444,0.4537656,-0.1344779,1.273574,-0.06771946,0.1533181,-0.4331771,0.009249193,5.289604,9.930588,33.17
39,0.387619,0.03094482,0.9212952,1.0,0.2594909999999999,0.03190613,0.96521,-31.20628,2.306122,-29.781740000000003,3.4492800000000003,0.4657464,0.5222647,0.2680361,0.4531555,0.03019714,0.8909149,33.906620000000004,3.109726,-27.40988,3.776352,0.4038612,0.4618816,-0.1368034,1.2753450000000002,-0.06813711,0.1498894,-0.4417407,0.00874487,5.289604,9.930588,33.17
39,0.387619,0.03094482,0.9212952,1.0,0.2594909999999999,0.03190613,0.96521,-31.20628,2.306122,-29.781740000000003,3.4492800000000003,0.4657464,0.5222647,0.2680361,0.4531555,0.03019714,0.8909149,33.906620000000004,3.109726,-27.40988,3.776352,0.4038612,0.4618816,-0.1368034,1.2753450000000002,-0.06813711,0.1498894,-0.4417407,0.00874487,5.289604,9.930588,33.17
39,0.387619,0.03094482,0.9212952,1.0,0.2594909999999999,0.03190613,0.96521,-31.20628,2.306122,-29.781740000000003,3.4492800000000003,0.4657464,0.5222647,0.2680361,0.4531555,0.03019714,0.8909149,33.906620000000004,3.109726,-27.40988,3.776352,0.4038612,0.4618816,-0.1368034,1.2753450000000002,-0.06813711,0.1498894,-0.4417407,0.00874487,5.289604,9.930588,33.17
39,0.387619,0.03094482,0.9212952,1.0,0.2594909999999999,0.03190613,0.96521,-31.20628,2.306122,-29.781740000000003,3.4492800000000003,0.4657464,0.5222647,0.2680361,0.4531555,0.03019714,0.8909149,33.906620000000004,3.109726,-27.40988,3.776352,0.4038612,0.4618816,-0.138845,1.276409,-0.06845874,0.1457275,-0.4507394,0.01007505,5.289604,9.930588,33.17
39,0.387619,0.03094482,0.9212952,1.0,0.2594909999999999,0.03190613,0.96521,-31.20628,2.306122,-29.781740000000003,3.4492800000000003,0.4657464,0.5222647,0.2680361,0.4531555,0.03019714,0.8909149,33.906620000000004,3.109726,-27.40988,3.776352,0.4038612,0.4618816,-0.138845,1.276409,-0.06845874,0.1457275,-0.4507394,0.01007505,5.289604,9.930588,33.17
39,0.387619,0.03094482,0.9212952,1.0,0.2594909999999999,0.03190613,0.96521,-31.20628,2.306122,-29.781740000000003,3.4492800000000003,0.4657464,0.5222647,0.2680361,0.4531555,0.03019714,0.8909149,33.906620000000004,3.109726,-27.40988,3.776352,0.4038612,0.4618816,-0.138845,1.276409,-0.06845874,0.1457275,-0.4507394,0.01007505,5.289604,9.930588,33.17
39,0.387619,0.03094482,0.9212952,1.0,0.2594909999999999,0.03190613,0.96521,-31.20628,2.306122,-29.781740000000003,3.4492800000000003,0.4657464,0.5222647,0.2680361,0.4531555,0.03019714,0.8909149,33.906620000000004,3.109726,-27.40988,3.776352,0.4038612,0.4618816,-0.1401109999999999,1.276945,-0.06868482,0.1458617999999999,-0.4583229,0.009604847,5.289604,-133.6713,33.17
39,0.387619,0.03094482,0.9212952,1.0,0.2594909999999999,0.03190613,0.96521,-31.20628,2.306122,-29.781740000000003,3.4492800000000003,0.4657464,0.5222647,0.2680361,0.4531555,0.03019714,0.8909149,33.906620000000004,3.109726,-27.40988,3.776352,0.4038612,0.4618816,-0.1401109999999999,1.276945,-0.06868482,0.1458617999999999,-0.4583229,0.009604847,5.289604,-133.6713,33.17
39,0.387619,0.03094482,0.9212952,1.0,0.2594909999999999,0.03190613,0.96521,-31.20628,2.306122,-29.781740000000003,3.4492800000000003,0.4657464,0.5222647,0.2680361,0.4531555,0.03019714,0.8909149,33.906620000000004,3.109726,-27.40988,3.776352,0.4038612,0.4618816,-0.1401109999999999,1.276945,-0.06868482,0.1458617999999999,-0.4583229,0.009604847,5.289604,-133.6713,33.17
39,0.360199,0.03082275,0.9323578,1.0,0.2482146999999999,0.02232361,0.9684448,-31.34366,2.273666,-29.75061,3.629486,0.4721429,0.5243758000000001,1.0,0.4150543,0.03495789,0.9091187,33.72778,2.993713,-27.3381,3.879608,0.4147166,0.4644457,-0.1401109999999999,1.276945,-0.06868482,0.1458617999999999,-0.4583229,0.009604847,5.289604,-133.6713,33.17
39,0.360199,0.03082275,0.9323578,1.0,0.2482146999999999,0.02232361,0.9684448,-31.34366,2.273666,-29.75061,3.629486,0.4721429,0.5243758000000001,1.0,0.4150543,0.03495789,0.9091187,33.72778,2.993713,-27.3381,3.879608,0.4147166,0.4644457,-0.1401109999999999,1.276945,-0.06868482,0.1458617999999999,-0.4583229,0.009604847,5.289604,-133.6713,33.17
39,0.360199,0.03082275,0.9323578,1.0,0.2482146999999999,0.02232361,0.9684448,-31.34366,2.273666,-29.75061,3.629486,0.4721429,0.5243758000000001,1.0,0.4150543,0.03495789,0.9091187,33.72778,2.993713,-27.3381,3.879608,0.4147166,0.4644457,-0.1401109999999999,1.276945,-0.06868482,0.1458617999999999,-0.4583229,0.009604847,5.289604,-133.6713,33.17
40,0.360199,0.03082275,0.9323578,1.0,0.2482146999999999,0.02232361,0.9684448,-31.34366,2.273666,-29.75061,3.629486,0.4721429,0.5243758000000001,1.0,0.4150543,0.03495789,0.9091187,33.72778,2.993713,-27.3381,3.879608,0.4147166,0.4644457,-0.1420276,1.276031,-0.06861269,0.1465051,-0.4727222,0.0155278999999999,5.289604,-133.6713,33.17
40,0.360199,0.03082275,0.9323578,1.0,0.2482146999999999,0.02232361,0.9684448,-31.34366,2.273666,-29.75061,3.629486,0.4721429,0.5243758000000001,1.0,0.4150543,0.03495789,0.9091187,33.72778,2.993713,-27.3381,3.879608,0.4147166,0.4644457,-0.1420276,1.276031,-0.06861269,0.1465051,-0.4727222,0.0155278999999999,5.289604,-133.6713,33.17
40,0.360199,0.03082275,0.9323578,1.0,0.2482146999999999,0.02232361,0.9684448,-31.34366,2.273666,-29.75061,3.629486,0.4721429,0.5243758000000001,1.0,0.4150543,0.03495789,0.9091187,33.72778,2.993713,-27.3381,3.879608,0.4147166,0.4644457,-0.1420276,1.276031,-0.06861269,0.1465051,-0.4727222,0.0155278999999999,5.289604,-133.6713,33.17
40,0.360199,0.03082275,0.9323578,1.0,0.2482146999999999,0.02232361,0.9684448,-31.34366,2.273666,-29.75061,3.629486,0.4721429,0.5243758000000001,1.0,0.4150543,0.03495789,0.9091187,33.72778,2.993713,-27.3381,3.879608,0.4147166,0.4644457,-0.1424606,1.275303,-0.06765711,0.1490535,-0.4773187,0.01476143,5.289604,-133.6713,33.17
40,0.360199,0.03082275,0.9323578,1.0,0.2482146999999999,0.02232361,0.9684448,-31.34366,2.273666,-29.75061,3.629486,0.4721429,0.5243758000000001,1.0,0.4150543,0.03495789,0.9091187,33.72778,2.993713,-27.3381,3.879608,0.4147166,0.4644457,-0.1424606,1.275303,-0.06765711,0.1490535,-0.4773187,0.01476143,5.289604,-133.6713,33.17
40,0.360199,0.03082275,0.9323578,1.0,0.2482146999999999,0.02232361,0.9684448,-31.34366,2.273666,-29.75061,3.629486,0.4721429,0.5243758000000001,1.0,0.4150543,0.03495789,0.9091187,33.72778,2.993713,-27.3381,3.879608,0.4147166,0.4644457,-0.1424606,1.275303,-0.06765711,0.1490535,-0.4773187,0.01476143,5.289604,-133.6713,33.17
40,0.5147858000000001,-0.19487,0.8348540999999999,1.0,0.5147858000000001,-0.19487,0.8348540999999999,-30.35043,1.431732,-30.28616,3.629837,0.4034479,0.5888711999999999,1.0,0.0,0.0,0.0,34.51506,2.3502810000000003,-27.87703,-1.0,0.3542052,0.5221238,-0.1422279,1.274463,-0.0659892,0.152516,-0.4805644,0.01266682,5.289604,-133.6713,33.17
40,0.5147858000000001,-0.19487,0.8348540999999999,1.0,0.5147858000000001,-0.19487,0.8348540999999999,-30.35043,1.431732,-30.28616,3.629837,0.4034479,0.5888711999999999,1.0,0.0,0.0,0.0,34.51506,2.3502810000000003,-27.87703,-1.0,0.3542052,0.5221238,-0.1422279,1.274463,-0.0659892,0.152516,-0.4805644,0.01266682,5.289604,-133.6713,33.17
40,0.5147858000000001,-0.19487,0.8348540999999999,1.0,0.5147858000000001,-0.19487,0.8348540999999999,-30.35043,1.431732,-30.28616,3.629837,0.4034479,0.5888711999999999,1.0,0.0,0.0,0.0,34.51506,2.3502810000000003,-27.87703,-1.0,0.3542052,0.5221238,-0.1422279,1.274463,-0.0659892,0.152516,-0.4805644,0.01266682,5.289604,-133.6713,33.17
40,0.499527,-0.1995849999999999,0.8429870999999999,1.0,0.499527,-0.1995849999999999,0.8429870999999999,-30.49016,1.380112,-30.22466,3.653625,0.4103661,0.5904337,0.6446894,0.0,0.0,0.0,34.43842,2.278107,-27.83215,-1.0,0.3603333,0.5246746999999999,-0.1410687,1.272906,-0.06390184,0.1583198999999999,-0.4799395,0.0108251,5.289604,-238.5213,33.17
40,0.499527,-0.1995849999999999,0.8429870999999999,1.0,0.499527,-0.1995849999999999,0.8429870999999999,-30.49016,1.380112,-30.22466,3.653625,0.4103661,0.5904337,0.6446894,0.0,0.0,0.0,34.43842,2.278107,-27.83215,-1.0,0.3603333,0.5246746999999999,-0.1410687,1.272906,-0.06390184,0.1583198999999999,-0.4799395,0.0108251,5.289604,-238.5213,33.17
40,0.499527,-0.1995849999999999,0.8429870999999999,1.0,0.499527,-0.1995849999999999,0.8429870999999999,-30.49016,1.380112,-30.22466,3.653625,0.4103661,0.5904337,0.6446894,0.0,0.0,0.0,34.43842,2.278107,-27.83215,-1.0,0.3603333,0.5246746999999999,-0.1410687,1.272906,-0.06390184,0.1583198999999999,-0.4799395,0.0108251,5.289604,-238.5213,33.17
40,0.4902801999999999,-0.1928711,0.8499450999999999,1.0,0.4902801999999999,-0.1928711,0.8499450999999999,-30.530690000000003,1.438202,-30.1893,3.597916000000001,0.4129271,0.5869882,0.5688726,0.0,0.0,0.0,34.45381,2.280701,-27.83998,-1.0,0.3601480999999999,0.5198774,-0.1399012,1.271878,-0.06153864,0.1620736,-0.4801248999999999,0.007877083,5.289604,-238.5213,33.17
40,0.4902801999999999,-0.1928711,0.8499450999999999,1.0,0.4902801999999999,-0.1928711,0.8499450999999999,-30.530690000000003,1.438202,-30.1893,3.597916000000001,0.4129271,0.5869882,0.5688726,0.0,0.0,0.0,34.45381,2.280701,-27.83998,-1.0,0.3601480999999999,0.5198774,-0.1399012,1.271878,-0.06153864,0.1620736,-0.4801248999999999,0.007877083,5.289604,-238.5213,33.17
40,0.4902801999999999,-0.1928711,0.8499450999999999,1.0,0.4902801999999999,-0.1928711,0.8499450999999999,-30.530690000000003,1.438202,-30.1893,3.597916000000001,0.4129271,0.5869882,0.5688726,0.0,0.0,0.0,34.45381,2.280701,-27.83998,-1.0,0.3601480999999999,0.5198774,-0.1399012,1.271878,-0.06153864,0.1620736,-0.4801248999999999,0.007877083,5.289604,-238.5213,33.17
40,0.5707397,-0.1711731,0.8030853,1.0,0.483551,-0.1863861,0.8552245999999999,-30.50575,1.507401,-30.17641,3.650986,0.4130962999999999,0.5834748000000001,0.6400688,0.6158142,-0.1620941,0.7710266,34.47937,2.377914,-27.802090000000003,4.172912999999999,0.3622389,0.5152504,-0.1390636,1.270632,-0.05934399,0.1660848999999999,-0.478892,0.0042047859999999,5.289604,-238.5213,33.17
40,0.5707397,-0.1711731,0.8030853,1.0,0.483551,-0.1863861,0.8552245999999999,-30.50575,1.507401,-30.17641,3.650986,0.4130962999999999,0.5834748000000001,0.6400688,0.6158142,-0.1620941,0.7710266,34.47937,2.377914,-27.802090000000003,4.172912999999999,0.3622389,0.5152504,-0.1390636,1.270632,-0.05934399,0.1660848999999999,-0.478892,0.0042047859999999,5.289604,-238.5213,33.17
40,0.5707397,-0.1711731,0.8030853,1.0,0.483551,-0.1863861,0.8552245999999999,-30.50575,1.507401,-30.17641,3.650986,0.4130962999999999,0.5834748000000001,0.6400688,0.6158142,-0.1620941,0.7710266,34.47937,2.377914,-27.802090000000003,4.172912999999999,0.3622389,0.5152504,-0.1390636,1.270632,-0.05934399,0.1660848999999999,-0.478892,0.0042047859999999,5.289604,-238.5213,33.17
40,0.5474548,-0.1858215,0.8159331999999999,1.0,0.4794464,-0.1846313,0.8579101999999998,-30.5,1.514206,-30.1666,3.672104,0.4134817,0.5828468000000001,0.5524514,0.6073456,-0.1858521,0.7723694000000001,34.54204,2.332825,-27.802840000000003,4.183517,0.3611765,0.5195795,-0.1380818,1.268884,-0.0575785,0.1710382,-0.4800927,0.003533719,5.289604,-238.5213,33.17
40,0.5474548,-0.1858215,0.8159331999999999,1.0,0.4794464,-0.1846313,0.8579101999999998,-30.5,1.514206,-30.1666,3.672104,0.4134817,0.5828468000000001,0.5524514,0.6073456,-0.1858521,0.7723694000000001,34.54204,2.332825,-27.802840000000003,4.183517,0.3611765,0.5195795,-0.1380818,1.268884,-0.0575785,0.1710382,-0.4800927,0.003533719,5.289604,-238.5213,33.17
40,0.5474548,-0.1858215,0.8159331999999999,1.0,0.4794464,-0.1846313,0.8579101999999998,-30.5,1.514206,-30.1666,3.672104,0.4134817,0.5828468000000001,0.5524514,0.6073456,-0.1858521,0.7723694000000001,34.54204,2.332825,-27.802840000000003,4.183517,0.3611765,0.5195795,-0.1380818,1.268884,-0.0575785,0.1710382,-0.4800927,0.003533719,5.289604,-238.5213,33.17
40,0.5567017,-0.1780852999999999,0.8113861,1.0,0.4781036,-0.1871185,0.8581238000000001,-30.48143,1.521011,-30.16605,3.67067,0.4130015999999999,0.5829064,1.0,0.6147766,-0.1699982,0.7701416,34.58531,2.298508,-27.84705,4.163176999999999,0.3586561,0.519259,-0.136956,1.2667959999999998,-0.05598658,0.1770148999999999,-0.4800385,0.001873292,5.280634,-238.5213,33.17
40,0.5567017,-0.1780852999999999,0.8113861,1.0,0.4781036,-0.1871185,0.8581238000000001,-30.48143,1.521011,-30.16605,3.67067,0.4130015999999999,0.5829064,1.0,0.6147766,-0.1699982,0.7701416,34.58531,2.298508,-27.84705,4.163176999999999,0.3586561,0.519259,-0.136956,1.2667959999999998,-0.05598658,0.1770148999999999,-0.4800385,0.001873292,5.280634,-238.5213,33.17
40,0.5567017,-0.1780852999999999,0.8113861,1.0,0.4781036,-0.1871185,0.8581238000000001,-30.48143,1.521011,-30.16605,3.67067,0.4130015999999999,0.5829064,1.0,0.6147766,-0.1699982,0.7701416,34.58531,2.298508,-27.84705,4.163176999999999,0.3586561,0.519259,-0.136956,1.2667959999999998,-0.05598658,0.1770148999999999,-0.4800385,0.001873292,5.280634,-238.5213,33.17
40,0.5453033,-0.1816254,0.8183136,1.0,0.4736327999999999,-0.1887512,0.8602448,-30.46527,1.524597,-30.16576,3.666687000000001,0.4130015999999999,0.5829064,1.0,0.6129913,-0.1732483,0.7708435,34.58531,2.301666,-27.84529,4.1607970000000005,0.3588934,0.5195037,-0.1352475,1.264724,-0.05408263,0.1832427999999999,-0.4785714,-0.001118793,5.280634,-279.4858,33.17
40,0.5453033,-0.1816254,0.8183136,1.0,0.4736327999999999,-0.1887512,0.8602448,-30.46527,1.524597,-30.16576,3.666687000000001,0.4130015999999999,0.5829064,1.0,0.6129913,-0.1732483,0.7708435,34.58531,2.301666,-27.84529,4.1607970000000005,0.3588934,0.5195037,-0.1352475,1.264724,-0.05408263,0.1832427999999999,-0.4785714,-0.001118793,5.280634,-279.4858,33.17
40,0.5453033,-0.1816254,0.8183136,1.0,0.4736327999999999,-0.1887512,0.8602448,-30.46527,1.524597,-30.16576,3.666687000000001,0.4130015999999999,0.5829064,1.0,0.6129913,-0.1732483,0.7708435,34.58531,2.301666,-27.84529,4.1607970000000005,0.3588934,0.5195037,-0.1352475,1.264724,-0.05408263,0.1832427999999999,-0.4785714,-0.001118793,5.280634,-279.4858,33.17
40,0.5453033,-0.1816254,0.8183136,1.0,0.4736327999999999,-0.1887512,0.8602448,-30.46527,1.524597,-30.16576,3.666687000000001,0.4130015999999999,0.5829064,1.0,0.6129913,-0.1732483,0.7708435,34.58531,2.301666,-27.84529,4.1607970000000005,0.3588934,0.5195037,-0.1329255,1.262277,-0.05148655,0.1904549999999999,-0.4746005999999999,-0.005572613,5.280634,-279.4858,33.17
40,0.5453033,-0.1816254,0.8183136,1.0,0.4736327999999999,-0.1887512,0.8602448,-30.46527,1.524597,-30.16576,3.666687000000001,0.4130015999999999,0.5829064,1.0,0.6129913,-0.1732483,0.7708435,34.58531,2.301666,-27.84529,4.1607970000000005,0.3588934,0.5195037,-0.1329255,1.262277,-0.05148655,0.1904549999999999,-0.4746005999999999,-0.005572613,5.280634,-279.4858,33.17
40,0.5453033,-0.1816254,0.8183136,1.0,0.4736327999999999,-0.1887512,0.8602448,-30.46527,1.524597,-30.16576,3.666687000000001,0.4130015999999999,0.5829064,1.0,0.6129913,-0.1732483,0.7708435,34.58531,2.301666,-27.84529,4.1607970000000005,0.3588934,0.5195037,-0.1329255,1.262277,-0.05148655,0.1904549999999999,-0.4746005999999999,-0.005572613,5.280634,-279.4858,33.17
40,0.4743347,-0.1903992,0.8594970999999999,1.0,0.4743347,-0.1903992,0.8594970999999999,-30.46953,1.5307309999999998,-30.16507,3.667435,0.4130569999999999,0.5829064,0.6130413,0.0,0.0,0.0,34.5323,2.36911,-27.81857,-1.0,0.3593203,0.5179371,-0.1296313,1.259335,-0.04817337,0.1983339999999999,-0.4688786,-0.009304609,5.280634,-279.4858,33.17
40,0.4743347,-0.1903992,0.8594970999999999,1.0,0.4743347,-0.1903992,0.8594970999999999,-30.46953,1.5307309999999998,-30.16507,3.667435,0.4130569999999999,0.5829064,0.6130413,0.0,0.0,0.0,34.5323,2.36911,-27.81857,-1.0,0.3593203,0.5179371,-0.1296313,1.259335,-0.04817337,0.1983339999999999,-0.4688786,-0.009304609,5.280634,-279.4858,33.17
40,0.4743347,-0.1903992,0.8594970999999999,1.0,0.4743347,-0.1903992,0.8594970999999999,-30.46953,1.5307309999999998,-30.16507,3.667435,0.4130569999999999,0.5829064,0.6130413,0.0,0.0,0.0,34.5323,2.36911,-27.81857,-1.0,0.3593203,0.5179371,-0.1296313,1.259335,-0.04817337,0.1983339999999999,-0.4688786,-0.009304609,5.280634,-279.4858,33.17
40,0.4743347,-0.1903992,0.8594970999999999,1.0,0.4743347,-0.1903992,0.8594970999999999,-30.46953,1.5307309999999998,-30.16507,3.667435,0.4130569999999999,0.5829064,0.6130413,0.0,0.0,0.0,34.5323,2.36911,-27.81857,-1.0,0.3593203,0.5179371,-0.1252642,1.255949,-0.04466176,0.2072811,-0.4609167999999999,-0.01481584,5.280634,-279.4858,33.17
40,0.4743347,-0.1903992,0.8594970999999999,1.0,0.4743347,-0.1903992,0.8594970999999999,-30.46953,1.5307309999999998,-30.16507,3.667435,0.4130569999999999,0.5829064,0.6130413,0.0,0.0,0.0,34.5323,2.36911,-27.81857,-1.0,0.3593203,0.5179371,-0.1252642,1.255949,-0.04466176,0.2072811,-0.4609167999999999,-0.01481584,5.280634,-279.4858,33.17
40,0.4743347,-0.1903992,0.8594970999999999,1.0,0.4743347,-0.1903992,0.8594970999999999,-30.46953,1.5307309999999998,-30.16507,3.667435,0.4130569999999999,0.5829064,0.6130413,0.0,0.0,0.0,34.5323,2.36911,-27.81857,-1.0,0.3593203,0.5179371,-0.1252642,1.255949,-0.04466176,0.2072811,-0.4609167999999999,-0.01481584,5.280634,-279.4858,33.17
40,0.5525818,-0.1813965,0.8134613,1.0,0.473526,-0.1909027,0.8598328000000002,-30.47105,1.533218,-30.16493,3.676208,0.413232,0.5828766,0.6130413,0.6063538,-0.1736603,0.7759857,34.56693,2.311386,-27.82701,4.072495,0.3604198,0.5189198,-0.1196425,1.252356,-0.040833,0.2172677,-0.4501430999999999,-0.02255264,5.280634,-279.4858,33.15
40,0.5525818,-0.1813965,0.8134613,1.0,0.473526,-0.1909027,0.8598328000000002,-30.47105,1.533218,-30.16493,3.676208,0.413232,0.5828766,0.6130413,0.6063538,-0.1736603,0.7759857,34.56693,2.311386,-27.82701,4.072495,0.3604198,0.5189198,-0.1196425,1.252356,-0.040833,0.2172677,-0.4501430999999999,-0.02255264,5.280634,-279.4858,33.15
40,0.5525818,-0.1813965,0.8134613,1.0,0.473526,-0.1909027,0.8598328000000002,-30.47105,1.533218,-30.16493,3.676208,0.413232,0.5828766,0.6130413,0.6063538,-0.1736603,0.7759857,34.56693,2.311386,-27.82701,4.072495,0.3604198,0.5189198,-0.1196425,1.252356,-0.040833,0.2172677,-0.4501430999999999,-0.02255264,5.280634,-279.4858,33.15
40,0.5525818,-0.1813965,0.8134613,1.0,0.473526,-0.1909027,0.8598328000000002,-30.47105,1.533218,-30.16493,3.676208,0.413232,0.5828766,0.6130413,0.6063538,-0.1736603,0.7759857,34.56693,2.311386,-27.82701,4.072495,0.3604198,0.5189198,-0.1135221,1.2490139999999998,-0.03668404,0.2245907,-0.4388222,-0.03023206,5.280634,223.0348,33.15
40,0.5525818,-0.1813965,0.8134613,1.0,0.473526,-0.1909027,0.8598328000000002,-30.47105,1.533218,-30.16493,3.676208,0.413232,0.5828766,0.6130413,0.6063538,-0.1736603,0.7759857,34.56693,2.311386,-27.82701,4.072495,0.3604198,0.5189198,-0.1135221,1.2490139999999998,-0.03668404,0.2245907,-0.4388222,-0.03023206,5.280634,223.0348,33.15
40,0.5525818,-0.1813965,0.8134613,1.0,0.473526,-0.1909027,0.8598328000000002,-30.47105,1.533218,-30.16493,3.676208,0.413232,0.5828766,0.6130413,0.6063538,-0.1736603,0.7759857,34.56693,2.311386,-27.82701,4.072495,0.3604198,0.5189198,-0.1135221,1.2490139999999998,-0.03668404,0.2245907,-0.4388222,-0.03023206,5.280634,223.0348,33.15
40,0.5544281,-0.1640625,0.8158875,1.0,0.4625244,-0.1761932,0.8689117000000001,-30.53465,1.648834,-30.10635,3.740952,0.4171139,0.5762104,0.4429795999999999,0.6192321999999999,-0.1537323,0.769989,34.45534,2.463058,-27.7879,4.245987,0.3626980999999999,0.5113215,-0.1060705,1.245519,-0.03264898,0.2338766,-0.4267477,-0.03875862,5.280634,223.0348,33.15
40,0.5544281,-0.1640625,0.8158875,1.0,0.4625244,-0.1761932,0.8689117000000001,-30.53465,1.648834,-30.10635,3.740952,0.4171139,0.5762104,0.4429795999999999,0.6192321999999999,-0.1537323,0.769989,34.45534,2.463058,-27.7879,4.245987,0.3626980999999999,0.5113215,-0.1060705,1.245519,-0.03264898,0.2338766,-0.4267477,-0.03875862,5.280634,223.0348,33.15
40,0.5544281,-0.1640625,0.8158875,1.0,0.4625244,-0.1761932,0.8689117000000001,-30.53465,1.648834,-30.10635,3.740952,0.4171139,0.5762104,0.4429795999999999,0.6192321999999999,-0.1537323,0.769989,34.45534,2.463058,-27.7879,4.245987,0.3626980999999999,0.5113215,-0.1060705,1.245519,-0.03264898,0.2338766,-0.4267477,-0.03875862,5.280634,223.0348,33.15
40,0.5544281,-0.1640625,0.8158875,1.0,0.4625244,-0.1761932,0.8689117000000001,-30.53465,1.648834,-30.10635,3.740952,0.4171139,0.5762104,0.4429795999999999,0.6192321999999999,-0.1537323,0.769989,34.45534,2.463058,-27.7879,4.245987,0.3626980999999999,0.5113215,-0.09646845,1.241786,-0.02821809,0.2462335,-0.4102129,-0.05489365,5.280634,223.0348,33.15
40,0.5544281,-0.1640625,0.8158875,1.0,0.4625244,-0.1761932,0.8689117000000001,-30.53465,1.648834,-30.10635,3.740952,0.4171139,0.5762104,0.4429795999999999,0.6192321999999999,-0.1537323,0.769989,34.45534,2.463058,-27.7879,4.245987,0.3626980999999999,0.5113215,-0.09646845,1.241786,-0.02821809,0.2462335,-0.4102129,-0.05489365,5.280634,223.0348,33.15
40,0.5544281,-0.1640625,0.8158875,1.0,0.4625244,-0.1761932,0.8689117000000001,-30.53465,1.648834,-30.10635,3.740952,0.4171139,0.5762104,0.4429795999999999,0.6192321999999999,-0.1537323,0.769989,34.45534,2.463058,-27.7879,4.245987,0.3626980999999999,0.5113215,-0.09646845,1.241786,-0.02821809,0.2462335,-0.4102129,-0.05489365,5.280634,223.0348,33.15
40,0.2056732,0.01298523,0.9785309,1.0,0.2043304,0.01811218,0.9787292,-31.577240000000003,2.205414,-29.612440000000003,4.625748000000001,0.4869545999999999,0.5266957,0.5415439999999999,0.2332916,-0.09715271,0.9675293,33.10252,3.235428,-27.04512,4.097183,0.4578499,0.4689642,-0.08611298,1.238615,-0.02347696,0.2524695,-0.3898479,-0.0695653,5.280634,223.0348,33.15
40,0.2056732,0.01298523,0.9785309,1.0,0.2043304,0.01811218,0.9787292,-31.577240000000003,2.205414,-29.612440000000003,4.625748000000001,0.4869545999999999,0.5266957,0.5415439999999999,0.2332916,-0.09715271,0.9675293,33.10252,3.235428,-27.04512,4.097183,0.4578499,0.4689642,-0.08611298,1.238615,-0.02347696,0.2524695,-0.3898479,-0.0695653,5.280634,223.0348,33.15
40,0.2056732,0.01298523,0.9785309,1.0,0.2043304,0.01811218,0.9787292,-31.577240000000003,2.205414,-29.612440000000003,4.625748000000001,0.4869545999999999,0.5266957,0.5415439999999999,0.2332916,-0.09715271,0.9675293,33.10252,3.235428,-27.04512,4.097183,0.4578499,0.4689642,-0.08611298,1.238615,-0.02347696,0.2524695,-0.3898479,-0.0695653,5.280634,223.0348,33.15
40,0.1401672,-0.09407043,0.9856415,0.9850675,0.05934143,-0.08470154,0.9946289,-31.77542,2.544342,-30.39558,4.187668,0.5106544,0.5336152,0.4336633,0.2479248,-0.1057128999999999,0.9629822,32.9043,3.308182,-27.31267,4.055191000000001,0.4626265999999999,0.4698367999999999,-0.07497787,1.235632,-0.01789927,0.2569775,-0.3680620999999999,-0.08338645,5.280634,223.0348,33.15
40,0.1401672,-0.09407043,0.9856415,0.9850675,0.05934143,-0.08470154,0.9946289,-31.77542,2.544342,-30.39558,4.187668,0.5106544,0.5336152,0.4336633,0.2479248,-0.1057128999999999,0.9629822,32.9043,3.308182,-27.31267,4.055191000000001,0.4626265999999999,0.4698367999999999,-0.07497787,1.235632,-0.01789927,0.2569775,-0.3680620999999999,-0.08338645,5.280634,223.0348,33.15
40,0.1401672,-0.09407043,0.9856415,0.9850675,0.05934143,-0.08470154,0.9946289,-31.77542,2.544342,-30.39558,4.187668,0.5106544,0.5336152,0.4336633,0.2479248,-0.1057128999999999,0.9629822,32.9043,3.308182,-27.31267,4.055191000000001,0.4626265999999999,0.4698367999999999,-0.07497787,1.235632,-0.01789927,0.2569775,-0.3680620999999999,-0.08338645,5.280634,223.0348,33.15
40,0.08003235,-0.1232605,0.9891357,0.9571211,-0.02072144,-0.1473846,0.9888611,-32.22197,2.7406770000000003,-31.3029,3.928864,0.5359693,0.5427564,0.5919926,0.08003235,-0.1232605,0.9891357,32.454440000000005,3.158722,-27.257690000000004,4.008575,0.4973528,0.4763768,-0.06362844,1.231955,-0.0130896,0.2613603,-0.3440874,-0.09372059,5.280634,223.0348,33.15
40,0.08003235,-0.1232605,0.9891357,0.9571211,-0.02072144,-0.1473846,0.9888611,-32.22197,2.7406770000000003,-31.3029,3.928864,0.5359693,0.5427564,0.5919926,0.08003235,-0.1232605,0.9891357,32.454440000000005,3.158722,-27.257690000000004,4.008575,0.4973528,0.4763768,-0.06362844,1.231955,-0.0130896,0.2613603,-0.3440874,-0.09372059,5.280634,223.0348,33.15
40,0.08003235,-0.1232605,0.9891357,0.9571211,-0.02072144,-0.1473846,0.9888611,-32.22197,2.7406770000000003,-31.3029,3.928864,0.5359693,0.5427564,0.5919926,0.08003235,-0.1232605,0.9891357,32.454440000000005,3.158722,-27.257690000000004,4.008575,0.4973528,0.4763768,-0.06362844,1.231955,-0.0130896,0.2613603,-0.3440874,-0.09372059,5.280634,223.0348,33.15
40,0.08003235,-0.1232605,0.9891357,0.9571211,-0.02072144,-0.1473846,0.9888611,-32.22197,2.7406770000000003,-31.3029,3.928864,0.5359693,0.5427564,0.5919926,0.08003235,-0.1232605,0.9891357,32.454440000000005,3.158722,-27.257690000000004,4.008575,0.4973528,0.4763768,-0.0524496999999999,1.2285629999999998,-0.0092211369999999,0.2657463,-0.3229894,-0.1015926,5.280634,117.8269,33.15
40,0.08003235,-0.1232605,0.9891357,0.9571211,-0.02072144,-0.1473846,0.9888611,-32.22197,2.7406770000000003,-31.3029,3.928864,0.5359693,0.5427564,0.5919926,0.08003235,-0.1232605,0.9891357,32.454440000000005,3.158722,-27.257690000000004,4.008575,0.4973528,0.4763768,-0.0524496999999999,1.2285629999999998,-0.0092211369999999,0.2657463,-0.3229894,-0.1015926,5.280634,117.8269,33.15
40,0.08003235,-0.1232605,0.9891357,0.9571211,-0.02072144,-0.1473846,0.9888611,-32.22197,2.7406770000000003,-31.3029,3.928864,0.5359693,0.5427564,0.5919926,0.08003235,-0.1232605,0.9891357,32.454440000000005,3.158722,-27.257690000000004,4.008575,0.4973528,0.4763768,-0.0524496999999999,1.2285629999999998,-0.0092211369999999,0.2657463,-0.3229894,-0.1015926,5.280634,117.8269,33.15
40,0.08003235,-0.1232605,0.9891357,0.9571211,-0.02072144,-0.1473846,0.9888611,-32.22197,2.7406770000000003,-31.3029,3.928864,0.5359693,0.5427564,0.5919926,0.08003235,-0.1232605,0.9891357,32.454440000000005,3.158722,-27.257690000000004,4.008575,0.4973528,0.4763768,-0.04073262,1.224752,-0.006385684,0.2720445,-0.300068,-0.1104858,5.280634,117.8269,33.15
40,0.08003235,-0.1232605,0.9891357,0.9571211,-0.02072144,-0.1473846,0.9888611,-32.22197,2.7406770000000003,-31.3029,3.928864,0.5359693,0.5427564,0.5919926,0.08003235,-0.1232605,0.9891357,32.454440000000005,3.158722,-27.257690000000004,4.008575,0.4973528,0.4763768,-0.04073262,1.224752,-0.006385684,0.2720445,-0.300068,-0.1104858,5.280634,117.8269,33.15
40,0.08003235,-0.1232605,0.9891357,0.9571211,-0.02072144,-0.1473846,0.9888611,-32.22197,2.7406770000000003,-31.3029,3.928864,0.5359693,0.5427564,0.5919926,0.08003235,-0.1232605,0.9891357,32.454440000000005,3.158722,-27.257690000000004,4.008575,0.4973528,0.4763768,-0.04073262,1.224752,-0.006385684,0.2720445,-0.300068,-0.1104858,5.280634,117.8269,33.15
40,0.1335297,-0.0763092,0.9880981,1.0,0.02755737,-0.1178741,0.99263,-32.05423,2.738602,-31.31413,3.800858,0.5241481,0.5391922,0.5926581,0.1335297,-0.0763092,0.9880981,32.68863,3.136993,-27.69682,4.237274,0.4830692,0.4752604,-0.02914405,1.2213889999999998,-0.004010856,0.2764907,-0.2780432,-0.1117926,5.280634,117.8269,33.15
40,0.1335297,-0.0763092,0.9880981,1.0,0.02755737,-0.1178741,0.99263,-32.05423,2.738602,-31.31413,3.800858,0.5241481,0.5391922,0.5926581,0.1335297,-0.0763092,0.9880981,32.68863,3.136993,-27.69682,4.237274,0.4830692,0.4752604,-0.02914405,1.2213889999999998,-0.004010856,0.2764907,-0.2780432,-0.1117926,5.280634,117.8269,33.15
40,0.1335297,-0.0763092,0.9880981,1.0,0.02755737,-0.1178741,0.99263,-32.05423,2.738602,-31.31413,3.800858,0.5241481,0.5391922,0.5926581,0.1335297,-0.0763092,0.9880981,32.68863,3.136993,-27.69682,4.237274,0.4830692,0.4752604,-0.02914405,1.2213889999999998,-0.004010856,0.2764907,-0.2780432,-0.1117926,5.280634,117.8269,33.15
40,0.1335297,-0.0763092,0.9880981,1.0,0.02755737,-0.1178741,0.99263,-32.05423,2.738602,-31.31413,3.800858,0.5241481,0.5391922,0.5926581,0.1335297,-0.0763092,0.9880981,32.68863,3.136993,-27.69682,4.237274,0.4830692,0.4752604,-0.0182097,1.218261,-0.0016097429999999,0.2801978,-0.2539795,-0.1161918,5.280634,117.8269,33.15
40,0.1335297,-0.0763092,0.9880981,1.0,0.02755737,-0.1178741,0.99263,-32.05423,2.738602,-31.31413,3.800858,0.5241481,0.5391922,0.5926581,0.1335297,-0.0763092,0.9880981,32.68863,3.136993,-27.69682,4.237274,0.4830692,0.4752604,-0.0182097,1.218261,-0.0016097429999999,0.2801978,-0.2539795,-0.1161918,5.280634,117.8269,33.15
40,0.1335297,-0.0763092,0.9880981,1.0,0.02755737,-0.1178741,0.99263,-32.05423,2.738602,-31.31413,3.800858,0.5241481,0.5391922,0.5926581,0.1335297,-0.0763092,0.9880981,32.68863,3.136993,-27.69682,4.237274,0.4830692,0.4752604,-0.0182097,1.218261,-0.0016097429999999,0.2801978,-0.2539795,-0.1161918,5.280634,117.8269,33.15
40,0.1916198999999999,-0.1151428,0.9746857,0.9908605,0.0302887,-0.1456299,0.9888611,-31.68924,2.265137,-30.39668,3.763565,0.5105965,0.5504554,0.5262581000000001,0.1916198999999999,-0.1151276,0.9746857,33.20432,2.77153,-27.437990000000003,3.971359,0.4590799,0.4896074,-0.008811474,1.2159879999999998,0.0003581643,0.2828777,-0.2322212999999999,-0.1190091999999999,5.280634,117.8269,33.15
40,0.1916198999999999,-0.1151428,0.9746857,0.9908605,0.0302887,-0.1456299,0.9888611,-31.68924,2.265137,-30.39668,3.763565,0.5105965,0.5504554,0.5262581000000001,0.1916198999999999,-0.1151276,0.9746857,33.20432,2.77153,-27.437990000000003,3.971359,0.4590799,0.4896074,-0.008811474,1.2159879999999998,0.0003581643,0.2828777,-0.2322212999999999,-0.1190091999999999,5.280634,117.8269,33.15
40,0.1916198999999999,-0.1151428,0.9746857,0.9908605,0.0302887,-0.1456299,0.9888611,-31.68924,2.265137,-30.39668,3.763565,0.5105965,0.5504554,0.5262581000000001,0.1916198999999999,-0.1151276,0.9746857,33.20432,2.77153,-27.437990000000003,3.971359,0.4590799,0.4896074,-0.008811474,1.2159879999999998,0.0003581643,0.2828777,-0.2322212999999999,-0.1190091999999999,5.280634,117.8269,33.15
40,0.2404327,-0.1936646,0.9511414,1.0,0.1424713,-0.1264801,0.9816742,-31.21184,2.234451,-30.10048,3.891693,0.4806420999999999,0.5466328,1.0,0.2404327,-0.1936646,0.9511414,33.66182,2.667038,-27.42996,3.930679,0.4378015,0.502441,-0.0009539127,1.213957,0.002069175,0.2858697,-0.216637,-0.1181367,5.280634,117.8269,33.15
40,0.2404327,-0.1936646,0.9511414,1.0,0.1424713,-0.1264801,0.9816742,-31.21184,2.234451,-30.10048,3.891693,0.4806420999999999,0.5466328,1.0,0.2404327,-0.1936646,0.9511414,33.66182,2.667038,-27.42996,3.930679,0.4378015,0.502441,-0.0009539127,1.213957,0.002069175,0.2858697,-0.216637,-0.1181367,5.280634,117.8269,33.15
40,0.2404327,-0.1936646,0.9511414,1.0,0.1424713,-0.1264801,0.9816742,-31.21184,2.234451,-30.10048,3.891693,0.4806420999999999,0.5466328,1.0,0.2404327,-0.1936646,0.9511414,33.66182,2.667038,-27.42996,3.930679,0.4378015,0.502441,-0.0009539127,1.213957,0.002069175,0.2858697,-0.216637,-0.1181367,5.280634,117.8269,33.15
40,0.3929442999999999,-0.1640777999999999,0.9048004,1.0,0.1452637,-0.1792908,0.9730072,-30.667140000000003,2.235474,-30.16206,3.412231,0.4607169,0.5534252,1.0,0.3929442999999999,-0.1640777999999999,0.9048004,34.22566,2.501404,-27.68071,4.051849,0.4000369,0.5073175,0.006322622,1.2119879999999998,0.003707528,0.2887667,-0.2012618,-0.1200823,5.280634,100.6228,33.15
40,0.3929442999999999,-0.1640777999999999,0.9048004,1.0,0.1452637,-0.1792908,0.9730072,-30.667140000000003,2.235474,-30.16206,3.412231,0.4607169,0.5534252,1.0,0.3929442999999999,-0.1640777999999999,0.9048004,34.22566,2.501404,-27.68071,4.051849,0.4000369,0.5073175,0.006322622,1.2119879999999998,0.003707528,0.2887667,-0.2012618,-0.1200823,5.280634,100.6228,33.15
40,0.3929442999999999,-0.1640777999999999,0.9048004,1.0,0.1452637,-0.1792908,0.9730072,-30.667140000000003,2.235474,-30.16206,3.412231,0.4607169,0.5534252,1.0,0.3929442999999999,-0.1640777999999999,0.9048004,34.22566,2.501404,-27.68071,4.051849,0.4000369,0.5073175,0.006322622,1.2119879999999998,0.003707528,0.2887667,-0.2012618,-0.1200823,5.280634,100.6228,33.15
40,0.2312317,-0.07310486,0.9701385,0.9987319,0.1682434,-0.03701782,0.9850464,-30.8078,2.387039,-30.1803,4.094437,0.4639652,0.5313693,0.7755215,0.2868805,-0.1052856,0.9521484,33.937740000000005,2.844696,-27.49284,3.940552,0.423118,0.4864984,0.01318407,1.210109,0.005183637,0.2894794,-0.1852877,-0.1243317,5.280634,100.6228,33.15
40,0.2312317,-0.07310486,0.9701385,0.9987319,0.1682434,-0.03701782,0.9850464,-30.8078,2.387039,-30.1803,4.094437,0.4639652,0.5313693,0.7755215,0.2868805,-0.1052856,0.9521484,33.937740000000005,2.844696,-27.49284,3.940552,0.423118,0.4864984,0.01318407,1.210109,0.005183637,0.2894794,-0.1852877,-0.1243317,5.280634,100.6228,33.15
40,0.2312317,-0.07310486,0.9701385,0.9987319,0.1682434,-0.03701782,0.9850464,-30.8078,2.387039,-30.1803,4.094437,0.4639652,0.5313693,0.7755215,0.2868805,-0.1052856,0.9521484,33.937740000000005,2.844696,-27.49284,3.940552,0.423118,0.4864984,0.01318407,1.210109,0.005183637,0.2894794,-0.1852877,-0.1243317,5.280634,100.6228,33.15
40,0.2395324999999999,-0.1152039,0.9640198,1.0,0.2001343,-0.06410217,0.9776611,-30.78493,2.371155,-30.17966,3.876968,0.458992,0.5351800999999999,1.0,0.276474,-0.1639252,0.9469299,34.06133,2.791229,-27.49413,3.573914,0.4201951,0.4950895999999999,0.01963258,1.207739,0.0060656669999999,0.2934410999999999,-0.1727293,-0.1280381,5.280634,100.6228,33.15
40,0.2395324999999999,-0.1152039,0.9640198,1.0,0.2001343,-0.06410217,0.9776611,-30.78493,2.371155,-30.17966,3.876968,0.458992,0.5351800999999999,1.0,0.276474,-0.1639252,0.9469299,34.06133,2.791229,-27.49413,3.573914,0.4201951,0.4950895999999999,0.01963258,1.207739,0.0060656669999999,0.2934410999999999,-0.1727293,-0.1280381,5.280634,100.6228,33.15
40,0.2395324999999999,-0.1152039,0.9640198,1.0,0.2001343,-0.06410217,0.9776611,-30.78493,2.371155,-30.17966,3.876968,0.458992,0.5351800999999999,1.0,0.276474,-0.1639252,0.9469299,34.06133,2.791229,-27.49413,3.573914,0.4201951,0.4950895999999999,0.01963258,1.207739,0.0060656669999999,0.2934410999999999,-0.1727293,-0.1280381,5.280634,100.6228,33.15
40,0.2395324999999999,-0.1152039,0.9640198,1.0,0.2001343,-0.06410217,0.9776611,-30.78493,2.371155,-30.17966,3.876968,0.458992,0.5351800999999999,1.0,0.276474,-0.1639252,0.9469299,34.06133,2.791229,-27.49413,3.573914,0.4201951,0.4950895999999999,0.02594972,1.205196,0.006778777,0.2975312,-0.1565958999999999,-0.1341089999999999,5.280634,100.6228,33.15
40,0.2395324999999999,-0.1152039,0.9640198,1.0,0.2001343,-0.06410217,0.9776611,-30.78493,2.371155,-30.17966,3.876968,0.458992,0.5351800999999999,1.0,0.276474,-0.1639252,0.9469299,34.06133,2.791229,-27.49413,3.573914,0.4201951,0.4950895999999999,0.02594972,1.205196,0.006778777,0.2975312,-0.1565958999999999,-0.1341089999999999,5.280634,100.6228,33.15
40,0.2395324999999999,-0.1152039,0.9640198,1.0,0.2001343,-0.06410217,0.9776611,-30.78493,2.371155,-30.17966,3.876968,0.458992,0.5351800999999999,1.0,0.276474,-0.1639252,0.9469299,34.06133,2.791229,-27.49413,3.573914,0.4201951,0.4950895999999999,0.02594972,1.205196,0.006778777,0.2975312,-0.1565958999999999,-0.1341089999999999,5.280634,100.6228,33.15
40,0.3653869999999999,-0.1028289999999999,0.9251404,1.0,0.3578339,0.04988098,0.9324493,-30.590090000000004,2.348755,-30.38687,4.639816000000001,0.4343137999999999,0.52582,1.0,0.3659972999999999,-0.1514587,0.9181976,34.29849,2.6418,-27.62408,3.690964,0.4010594,0.5001867,0.03266239,1.202657,0.007136643,0.3028038,-0.1406123,-0.1380711,5.280634,60.35138,33.15
40,0.3653869999999999,-0.1028289999999999,0.9251404,1.0,0.3578339,0.04988098,0.9324493,-30.590090000000004,2.348755,-30.38687,4.639816000000001,0.4343137999999999,0.52582,1.0,0.3659972999999999,-0.1514587,0.9181976,34.29849,2.6418,-27.62408,3.690964,0.4010594,0.5001867,0.03266239,1.202657,0.007136643,0.3028038,-0.1406123,-0.1380711,5.280634,60.35138,33.15
40,0.3653869999999999,-0.1028289999999999,0.9251404,1.0,0.3578339,0.04988098,0.9324493,-30.590090000000004,2.348755,-30.38687,4.639816000000001,0.4343137999999999,0.52582,1.0,0.3659972999999999,-0.1514587,0.9181976,34.29849,2.6418,-27.62408,3.690964,0.4010594,0.5001867,0.03266239,1.202657,0.007136643,0.3028038,-0.1406123,-0.1380711,5.280634,60.35138,33.15
41,0.4408569,-0.04624939,0.8963776,1.0,0.3917542,0.004272461,0.9200439,-30.63165,2.184998,-30.40842,4.9255830000000005,0.4319885,0.5376751000000001,1.0,0.478714,-0.08683777,0.8736572,34.32448,2.606567,-27.75401,4.3146510000000005,0.3860355,0.496015,0.04078221,1.200082,0.007649004,0.3094095,-0.1155472999999999,-0.1459434,5.280634,60.35138,33.15
41,0.4408569,-0.04624939,0.8963776,1.0,0.3917542,0.004272461,0.9200439,-30.63165,2.184998,-30.40842,4.9255830000000005,0.4319885,0.5376751000000001,1.0,0.478714,-0.08683777,0.8736572,34.32448,2.606567,-27.75401,4.3146510000000005,0.3860355,0.496015,0.04078221,1.200082,0.007649004,0.3094095,-0.1155472999999999,-0.1459434,5.280634,60.35138,33.15
41,0.4408569,-0.04624939,0.8963776,1.0,0.3917542,0.004272461,0.9200439,-30.63165,2.184998,-30.40842,4.9255830000000005,0.4319885,0.5376751000000001,1.0,0.478714,-0.08683777,0.8736572,34.32448,2.606567,-27.75401,4.3146510000000005,0.3860355,0.496015,0.04078221,1.200082,0.007649004,0.3094095,-0.1155472999999999,-0.1459434,5.280634,60.35138,33.15
41,0.4408569,-0.04624939,0.8963776,1.0,0.3917542,0.004272461,0.9200439,-30.63165,2.184998,-30.40842,4.9255830000000005,0.4319885,0.5376751000000001,0.5613139,0.478714,-0.08683777,0.8736572,34.32448,2.606567,-27.75401,4.3146510000000005,0.3860355,0.496015,0.05058122,1.197732,0.008390129,0.3150817,-0.07643864,-0.1546166,5.280634,60.35138,33.15
41,0.4408569,-0.04624939,0.8963776,1.0,0.3917542,0.004272461,0.9200439,-30.63165,2.184998,-30.40842,4.9255830000000005,0.4319885,0.5376751000000001,0.5613139,0.478714,-0.08683777,0.8736572,34.32448,2.606567,-27.75401,4.3146510000000005,0.3860355,0.496015,0.05058122,1.197732,0.008390129,0.3150817,-0.07643864,-0.1546166,5.280634,60.35138,33.15
41,0.4408569,-0.04624939,0.8963776,1.0,0.3917542,0.004272461,0.9200439,-30.63165,2.184998,-30.40842,4.9255830000000005,0.4319885,0.5376751000000001,0.5613139,0.478714,-0.08683777,0.8736572,34.32448,2.606567,-27.75401,4.3146510000000005,0.3860355,0.496015,0.05058122,1.197732,0.008390129,0.3150817,-0.07643864,-0.1546166,5.280634,60.35138,33.15
41,0.4408569,-0.04624939,0.8963776,1.0,0.3917542,0.004272461,0.9200439,-30.63165,2.184998,-30.40842,4.9255830000000005,0.4319885,0.5376751000000001,0.5613139,0.478714,-0.08683777,0.8736572,34.32448,2.606567,-27.75401,4.3146510000000005,0.3860355,0.496015,0.06109214,1.19486,0.007597983,0.32195,-0.03727245,-0.1588902999999999,5.280634,60.35138,33.15
41,0.4408569,-0.04624939,0.8963776,1.0,0.3917542,0.004272461,0.9200439,-30.63165,2.184998,-30.40842,4.9255830000000005,0.4319885,0.5376751000000001,0.5613139,0.478714,-0.08683777,0.8736572,34.32448,2.606567,-27.75401,4.3146510000000005,0.3860355,0.496015,0.06109214,1.19486,0.007597983,0.32195,-0.03727245,-0.1588902999999999,5.280634,60.35138,33.15
41,0.4408569,-0.04624939,0.8963776,1.0,0.3917542,0.004272461,0.9200439,-30.63165,2.184998,-30.40842,4.9255830000000005,0.4319885,0.5376751000000001,0.5613139,0.478714,-0.08683777,0.8736572,34.32448,2.606567,-27.75401,4.3146510000000005,0.3860355,0.496015,0.06109214,1.19486,0.007597983,0.32195,-0.03727245,-0.1588902999999999,5.280634,60.35138,33.15
41,-0.134903,-0.4172515999999999,0.8987122,1.0,-0.134903,-0.4172515999999999,0.8987122,-33.029720000000005,0.3180847,-30.56143,3.799896,0.5777896,0.6560904000000001,0.5034221999999999,0.0,0.0,0.0,30.46497,0.3135071,-28.42696,-1.0,0.6008705,0.6078044,0.07154465,1.191784,0.0053713919999999,0.3311632,-0.0005320922,-0.1595546,5.280634,60.35138,33.15
41,-0.134903,-0.4172515999999999,0.8987122,1.0,-0.134903,-0.4172515999999999,0.8987122,-33.029720000000005,0.3180847,-30.56143,3.799896,0.5777896,0.6560904000000001,0.5034221999999999,0.0,0.0,0.0,30.46497,0.3135071,-28.42696,-1.0,0.6008705,0.6078044,0.07154465,1.191784,0.0053713919999999,0.3311632,-0.0005320922,-0.1595546,5.280634,60.35138,33.15
41,-0.134903,-0.4172515999999999,0.8987122,1.0,-0.134903,-0.4172515999999999,0.8987122,-33.029720000000005,0.3180847,-30.56143,3.799896,0.5777896,0.6560904000000001,0.5034221999999999,0.0,0.0,0.0,30.46497,0.3135071,-28.42696,-1.0,0.6008705,0.6078044,0.07154465,1.191784,0.0053713919999999,0.3311632,-0.0005320922,-0.1595546,5.280634,60.35138,33.15
41,-1.0,-1.0,-1.0,0.5277039000000001,0.0,0.0,0.0,-33.58432,-0.5149231,-31.10716,-1.0,0.4502964,0.760783,0.0,0.0,0.0,0.0,30.41096,0.2504119999999999,-28.627270000000003,-1.0,0.6075181,0.641209,0.08149743,1.188501,0.002341092,0.3416974,0.03637449,-0.1589818,5.280634,30.56332,33.15
41,-1.0,-1.0,-1.0,0.5277039000000001,0.0,0.0,0.0,-33.58432,-0.5149231,-31.10716,-1.0,0.4502964,0.760783,0.0,0.0,0.0,0.0,30.41096,0.2504119999999999,-28.627270000000003,-1.0,0.6075181,0.641209,0.08149743,1.188501,0.002341092,0.3416974,0.03637449,-0.1589818,5.280634,30.56332,33.15
41,-1.0,-1.0,-1.0,0.5277039000000001,0.0,0.0,0.0,-33.58432,-0.5149231,-31.10716,-1.0,0.4502964,0.760783,0.0,0.0,0.0,0.0,30.41096,0.2504119999999999,-28.627270000000003,-1.0,0.6075181,0.641209,0.08149743,1.188501,0.002341092,0.3416974,0.03637449,-0.1589818,5.280634,30.56332,33.15
41,-0.2388,-0.576416,0.7814635999999999,0.3665506,-0.2388,-0.576416,0.7814635999999999,-33.62636,-0.6150818,-31.18594,3.017395,0.6135223000000001,0.7213469,0.0,0.0,0.0,0.0,30.64842,0.4458008,-28.41167,-1.0,0.5994470000000001,0.6215693,0.0907978999999999,1.184751,-0.001574755,0.3523509,0.07285041,-0.1602266,5.280634,30.56332,33.15
41,-0.2388,-0.576416,0.7814635999999999,0.3665506,-0.2388,-0.576416,0.7814635999999999,-33.62636,-0.6150818,-31.18594,3.017395,0.6135223000000001,0.7213469,0.0,0.0,0.0,0.0,30.64842,0.4458008,-28.41167,-1.0,0.5994470000000001,0.6215693,0.0907978999999999,1.184751,-0.001574755,0.3523509,0.07285041,-0.1602266,5.280634,30.56332,33.15
41,-0.2388,-0.576416,0.7814635999999999,0.3665506,-0.2388,-0.576416,0.7814635999999999,-33.62636,-0.6150818,-31.18594,3.017395,0.6135223000000001,0.7213469,0.0,0.0,0.0,0.0,30.64842,0.4458008,-28.41167,-1.0,0.5994470000000001,0.6215693,0.0907978999999999,1.184751,-0.001574755,0.3523509,0.07285041,-0.1602266,5.280634,30.56332,33.15
41,-1.0,-1.0,-1.0,0.4753776,0.0,0.0,0.0,-33.677609999999994,-0.4610291,-31.09647,-1.0,-1.0,-1.0,0.0,0.0,0.0,0.0,31.00023,0.8308868,-28.256390000000003,-1.0,0.6013728,0.6011386,0.09827542,1.181549,-0.00557214,0.362365,0.09955423,-0.1550852,5.280634,30.56332,33.15
41,-1.0,-1.0,-1.0,0.4753776,0.0,0.0,0.0,-33.677609999999994,-0.4610291,-31.09647,-1.0,-1.0,-1.0,0.0,0.0,0.0,0.0,31.00023,0.8308868,-28.256390000000003,-1.0,0.6013728,0.6011386,0.09827542,1.181549,-0.00557214,0.362365,0.09955423,-0.1550852,5.280634,30.56332,33.15
41,-1.0,-1.0,-1.0,0.4753776,0.0,0.0,0.0,-33.677609999999994,-0.4610291,-31.09647,-1.0,-1.0,-1.0,0.0,0.0,0.0,0.0,31.00023,0.8308868,-28.256390000000003,-1.0,0.6013728,0.6011386,0.09827542,1.181549,-0.00557214,0.362365,0.09955423,-0.1550852,5.280634,30.56332,33.15
41,-1.0,-1.0,-1.0,0.638365,0.0,0.0,0.0,-33.2422,-0.07240295,-30.77553,-1.0,-1.0,-1.0,0.0,0.0,0.0,0.0,30.88217,0.8059387,-28.15619,-1.0,0.5913425999999999,0.5848926999999999,0.1044881,1.178326,-0.009738386,0.3721539,0.1214828,-0.1522734,5.280634,30.56332,33.15
41,-1.0,-1.0,-1.0,0.638365,0.0,0.0,0.0,-33.2422,-0.07240295,-30.77553,-1.0,-1.0,-1.0,0.0,0.0,0.0,0.0,30.88217,0.8059387,-28.15619,-1.0,0.5913425999999999,0.5848926999999999,0.1044881,1.178326,-0.009738386,0.3721539,0.1214828,-0.1522734,5.280634,30.56332,33.15
41,-1.0,-1.0,-1.0,0.638365,0.0,0.0,0.0,-33.2422,-0.07240295,-30.77553,-1.0,-1.0,-1.0,0.0,0.0,0.0,0.0,30.88217,0.8059387,-28.15619,-1.0,0.5913425999999999,0.5848926999999999,0.1044881,1.178326,-0.009738386,0.3721539,0.1214828,-0.1522734,5.280634,30.56332,33.15
41,-0.2216187,-0.5022278,0.8358306999999999,0.7055418000000001,-0.2215576,-0.5024567,0.8357239,-33.28407,-0.07841492,-30.782490000000003,3.8647,0.5984590999999999,0.6854916,0.1,-0.2559357,-0.3280639999999999,0.909317,31.13124,1.059036,-28.00465,4.298386,0.5804104,0.5810843000000001,0.1044881,1.178326,-0.009738386,0.3721539,0.1214828,-0.1522734,5.280634,30.56332,33.15
41,-0.2216187,-0.5022278,0.8358306999999999,0.7055418000000001,-0.2215576,-0.5024567,0.8357239,-33.28407,-0.07841492,-30.782490000000003,3.8647,0.5984590999999999,0.6854916,0.1,-0.2559357,-0.3280639999999999,0.909317,31.13124,1.059036,-28.00465,4.298386,0.5804104,0.5810843000000001,0.1044881,1.178326,-0.009738386,0.3721539,0.1214828,-0.1522734,5.280634,30.56332,33.15
41,-0.2216187,-0.5022278,0.8358306999999999,0.7055418000000001,-0.2215576,-0.5024567,0.8357239,-33.28407,-0.07841492,-30.782490000000003,3.8647,0.5984590999999999,0.6854916,0.1,-0.2559357,-0.3280639999999999,0.909317,31.13124,1.059036,-28.00465,4.298386,0.5804104,0.5810843000000001,0.1044881,1.178326,-0.009738386,0.3721539,0.1214828,-0.1522734,5.280634,30.56332,33.15
41,-0.2050322999999999,-0.3405150999999999,0.9176025,0.8173958,0.0,0.0,0.0,-33.39117,0.5102081,-30.53848,-1.0,0.5983879,0.6448704000000001,0.1,-0.2050322999999999,-0.3405150999999999,0.9176025,31.70386,1.314362,-27.79881,4.312607,0.5549664000000001,0.5713826,0.1125323999999999,1.173631,-0.01649392,0.3859028,0.1539249,-0.1542198,5.280634,46.70392,33.15
41,-0.2050322999999999,-0.3405150999999999,0.9176025,0.8173958,0.0,0.0,0.0,-33.39117,0.5102081,-30.53848,-1.0,0.5983879,0.6448704000000001,0.1,-0.2050322999999999,-0.3405150999999999,0.9176025,31.70386,1.314362,-27.79881,4.312607,0.5549664000000001,0.5713826,0.1125323999999999,1.173631,-0.01649392,0.3859028,0.1539249,-0.1542198,5.280634,46.70392,33.15
41,-0.2050322999999999,-0.3405150999999999,0.9176025,0.8173958,0.0,0.0,0.0,-33.39117,0.5102081,-30.53848,-1.0,0.5983879,0.6448704000000001,0.1,-0.2050322999999999,-0.3405150999999999,0.9176025,31.70386,1.314362,-27.79881,4.312607,0.5549664000000001,0.5713826,0.1125323999999999,1.173631,-0.01649392,0.3859028,0.1539249,-0.1542198,5.280634,46.70392,33.15
41,-0.1096497,-0.3393402,0.9342346,0.9001457,0.0,0.0,0.0,-33.21635,0.6615601,-30.45386,-1.0,0.5882282,0.6347510999999999,0.1,-0.1096497,-0.3393402,0.9342346,31.86845,1.351364,-27.72198,4.212418,0.5384021999999999,0.568365,0.1148405,1.171974,-0.01899785,0.3901825,0.163855,-0.155717,5.280634,46.70392,33.15
41,-0.1096497,-0.3393402,0.9342346,0.9001457,0.0,0.0,0.0,-33.21635,0.6615601,-30.45386,-1.0,0.5882282,0.6347510999999999,0.1,-0.1096497,-0.3393402,0.9342346,31.86845,1.351364,-27.72198,4.212418,0.5384021999999999,0.568365,0.1148405,1.171974,-0.01899785,0.3901825,0.163855,-0.155717,5.280634,46.70392,33.15
41,-0.1096497,-0.3393402,0.9342346,0.9001457,0.0,0.0,0.0,-33.21635,0.6615601,-30.45386,-1.0,0.5882282,0.6347510999999999,0.1,-0.1096497,-0.3393402,0.9342346,31.86845,1.351364,-27.72198,4.212418,0.5384021999999999,0.568365,0.1148405,1.171974,-0.01899785,0.3901825,0.163855,-0.155717,5.280634,46.70392,33.15
41,-0.1157073999999999,-0.3929291,0.9122467,0.9704999,0.0,0.0,0.0,-32.72786,1.418274,-30.220640000000003,-1.0,0.5792351,0.6315778000000001,0.1,-0.1157073999999999,-0.3929291,0.9122467,32.17813,1.576401,-27.59056,4.165298,0.5287391,0.5664948000000001,0.1154737,1.171347,-0.0205152,0.3925548,0.165524,-0.1533065,5.280634,46.70392,33.15
41,-0.1157073999999999,-0.3929291,0.9122467,0.9704999,0.0,0.0,0.0,-32.72786,1.418274,-30.220640000000003,-1.0,0.5792351,0.6315778000000001,0.1,-0.1157073999999999,-0.3929291,0.9122467,32.17813,1.576401,-27.59056,4.165298,0.5287391,0.5664948000000001,0.1154737,1.171347,-0.0205152,0.3925548,0.165524,-0.1533065,5.280634,46.70392,33.15
41,-0.1157073999999999,-0.3929291,0.9122467,0.9704999,0.0,0.0,0.0,-32.72786,1.418274,-30.220640000000003,-1.0,0.5792351,0.6315778000000001,0.1,-0.1157073999999999,-0.3929291,0.9122467,32.17813,1.576401,-27.59056,4.165298,0.5287391,0.5664948000000001,0.1154737,1.171347,-0.0205152,0.3925548,0.165524,-0.1533065,5.280634,46.70392,33.15
41,-0.06781006,-0.3301544,0.9414825,1.0,-0.1543732,-0.526123,0.8362579,-32.63361,1.411743,-30.18625,2.8006900000000003,0.5656283000000001,0.6300265,0.1332063999999999,-0.05976868,-0.3114471,0.9483643,32.30429,1.569122,-27.55109,4.287979,0.5178649000000001,0.5554975999999999,0.1147002999999999,1.171345,-0.02115732,0.3933765999999999,0.1676558,-0.1523982,5.280634,46.70392,33.15
41,-0.06781006,-0.3301544,0.9414825,1.0,-0.1543732,-0.526123,0.8362579,-32.63361,1.411743,-30.18625,2.8006900000000003,0.5656283000000001,0.6300265,0.1332063999999999,-0.05976868,-0.3114471,0.9483643,32.30429,1.569122,-27.55109,4.287979,0.5178649000000001,0.5554975999999999,0.1147002999999999,1.171345,-0.02115732,0.3933765999999999,0.1676558,-0.1523982,5.280634,46.70392,33.15
41,-0.06781006,-0.3301544,0.9414825,1.0,-0.1543732,-0.526123,0.8362579,-32.63361,1.411743,-30.18625,2.8006900000000003,0.5656283000000001,0.6300265,0.1332063999999999,-0.05976868,-0.3114471,0.9483643,32.30429,1.569122,-27.55109,4.287979,0.5178649000000001,0.5554975999999999,0.1147002999999999,1.171345,-0.02115732,0.3933765999999999,0.1676558,-0.1523982,5.280634,46.70392,33.15
41,-0.06420898,-0.2803192,0.9577484,1.0,-0.1089325,-0.3630676,0.925354,-32.62177,1.4778440000000002,-30.13295,3.812576,0.5597656,0.6034984999999999,0.2856944,-0.05432129,-0.261795,0.9635773,32.421170000000004,1.475647,-27.5968,4.139969000000001,0.5134696,0.5527488,0.1127017,1.172797,-0.0205250999999999,0.3908885,0.1622372,-0.144727,5.280634,46.70392,33.15
41,-0.06420898,-0.2803192,0.9577484,1.0,-0.1089325,-0.3630676,0.925354,-32.62177,1.4778440000000002,-30.13295,3.812576,0.5597656,0.6034984999999999,0.2856944,-0.05432129,-0.261795,0.9635773,32.421170000000004,1.475647,-27.5968,4.139969000000001,0.5134696,0.5527488,0.1127017,1.172797,-0.0205250999999999,0.3908885,0.1622372,-0.144727,5.280634,46.70392,33.15
41,-0.06420898,-0.2803192,0.9577484,1.0,-0.1089325,-0.3630676,0.925354,-32.62177,1.4778440000000002,-30.13295,3.812576,0.5597656,0.6034984999999999,0.2856944,-0.05432129,-0.261795,0.9635773,32.421170000000004,1.475647,-27.5968,4.139969000000001,0.5134696,0.5527488,0.1127017,1.172797,-0.0205250999999999,0.3908885,0.1622372,-0.144727,5.280634,46.70392,33.15
41,-0.07344055,-0.2760925,0.958313,1.0,-0.1227722,-0.3453522,0.9304047,-32.7048,1.300995,-30.20154,3.4433290000000003,0.5641519,0.6080753000000001,0.2423821,-0.06477356,-0.2637787,0.9623871,32.53293,1.342606,-27.65483,4.094025,0.5109452,0.5580066,0.1090581,1.174443,-0.01924652,0.3876341,0.1494822,-0.1383319,5.280634,45.4512,33.15
41,-0.07344055,-0.2760925,0.958313,1.0,-0.1227722,-0.3453522,0.9304047,-32.7048,1.300995,-30.20154,3.4433290000000003,0.5641519,0.6080753000000001,0.2423821,-0.06477356,-0.2637787,0.9623871,32.53293,1.342606,-27.65483,4.094025,0.5109452,0.5580066,0.1090581,1.174443,-0.01924652,0.3876341,0.1494822,-0.1383319,5.280634,45.4512,33.15
41,-0.07344055,-0.2760925,0.958313,1.0,-0.1227722,-0.3453522,0.9304047,-32.7048,1.300995,-30.20154,3.4433290000000003,0.5641519,0.6080753000000001,0.2423821,-0.06477356,-0.2637787,0.9623871,32.53293,1.342606,-27.65483,4.094025,0.5109452,0.5580066,0.1090581,1.174443,-0.01924652,0.3876341,0.1494822,-0.1383319,5.280634,45.4512,33.15
41,-0.0710143999999999,-0.2934723,0.9533234,1.0,-0.1402283,-0.4042664,0.9038239,-32.61948,1.450821,-30.13701,3.406693,0.563354,0.6102892,0.4089387,-0.06636047,-0.2858887,0.9559479,32.493179999999995,1.321381,-27.66121,4.266388,0.5122578,0.5615842,0.1038895,1.175985,-0.0181163,0.3863919,0.1353032,-0.1353045,5.280634,45.4512,33.15
41,-0.0710143999999999,-0.2934723,0.9533234,1.0,-0.1402283,-0.4042664,0.9038239,-32.61948,1.450821,-30.13701,3.406693,0.563354,0.6102892,0.4089387,-0.06636047,-0.2858887,0.9559479,32.493179999999995,1.321381,-27.66121,4.266388,0.5122578,0.5615842,0.1038895,1.175985,-0.0181163,0.3863919,0.1353032,-0.1353045,5.280634,45.4512,33.15
41,-0.0710143999999999,-0.2934723,0.9533234,1.0,-0.1402283,-0.4042664,0.9038239,-32.61948,1.450821,-30.13701,3.406693,0.563354,0.6102892,0.4089387,-0.06636047,-0.2858887,0.9559479,32.493179999999995,1.321381,-27.66121,4.266388,0.5122578,0.5615842,0.1038895,1.175985,-0.0181163,0.3863919,0.1353032,-0.1353045,5.280634,45.4512,33.15
41,-0.09399414,-0.3467407,0.9332275,1.0,-0.1450195,-0.4072265999999999,0.9017334,-32.604890000000005,1.418488,-30.15608,3.363846,0.5634401,0.6120498000000001,0.3998945,-0.07321167,-0.3215942,0.9440308,32.512890000000006,1.2699129999999998,-27.68611,4.146561,0.5124925,0.5680891,0.09648108,1.177843,-0.01595467,0.3848061,0.1119579,-0.1315759,5.280634,45.4512,33.15
41,-0.09399414,-0.3467407,0.9332275,1.0,-0.1450195,-0.4072265999999999,0.9017334,-32.604890000000005,1.418488,-30.15608,3.363846,0.5634401,0.6120498000000001,0.3998945,-0.07321167,-0.3215942,0.9440308,32.512890000000006,1.2699129999999998,-27.68611,4.146561,0.5124925,0.5680891,0.09648108,1.177843,-0.01595467,0.3848061,0.1119579,-0.1315759,5.280634,45.4512,33.15
41,-0.09399414,-0.3467407,0.9332275,1.0,-0.1450195,-0.4072265999999999,0.9017334,-32.604890000000005,1.418488,-30.15608,3.363846,0.5634401,0.6120498000000001,0.3998945,-0.07321167,-0.3215942,0.9440308,32.512890000000006,1.2699129999999998,-27.68611,4.146561,0.5124925,0.5680891,0.09648108,1.177843,-0.01595467,0.3848061,0.1119579,-0.1315759,5.280634,45.4512,33.15
41,-0.1106262,-0.3819427,0.9175261999999998,1.0,-0.1106262,-0.3819427,0.9175261999999998,-31.9493,1.31514,-30.19704,3.550949,0.5364,0.6122301,0.3713073,0.0,0.0,0.0,33.05621,1.242447,-27.63525,-1.0,0.4761419,0.5521550000000001,0.08655906,1.180136,-0.01273578,0.3796935,0.08018719,-0.1290833,5.280634,45.4512,33.15
41,-0.1106262,-0.3819427,0.9175261999999998,1.0,-0.1106262,-0.3819427,0.9175261999999998,-31.9493,1.31514,-30.19704,3.550949,0.5364,0.6122301,0.3713073,0.0,0.0,0.0,33.05621,1.242447,-27.63525,-1.0,0.4761419,0.5521550000000001,0.08655906,1.180136,-0.01273578,0.3796935,0.08018719,-0.1290833,5.280634,45.4512,33.15
41,-0.1106262,-0.3819427,0.9175261999999998,1.0,-0.1106262,-0.3819427,0.9175261999999998,-31.9493,1.31514,-30.19704,3.550949,0.5364,0.6122301,0.3713073,0.0,0.0,0.0,33.05621,1.242447,-27.63525,-1.0,0.4761419,0.5521550000000001,0.08655906,1.180136,-0.01273578,0.3796935,0.08018719,-0.1290833,5.280634,45.4512,33.15
41,-0.1106262,-0.3819427,0.9175261999999998,1.0,-0.1106262,-0.3819427,0.9175261999999998,-31.9493,1.31514,-30.19704,3.550949,0.5364,0.6122301,0.3713073,0.0,0.0,0.0,33.05621,1.242447,-27.63525,-1.0,0.4761419,0.5521550000000001,0.07331324,1.182859,-0.00880307,0.3734639999999999,0.03567044,-0.1244825,5.280634,45.4512,33.15
41,-0.1106262,-0.3819427,0.9175261999999998,1.0,-0.1106262,-0.3819427,0.9175261999999998,-31.9493,1.31514,-30.19704,3.550949,0.5364,0.6122301,0.3713073,0.0,0.0,0.0,33.05621,1.242447,-27.63525,-1.0,0.4761419,0.5521550000000001,0.07331324,1.182859,-0.00880307,0.3734639999999999,0.03567044,-0.1244825,5.280634,45.4512,33.15
41,-0.1106262,-0.3819427,0.9175261999999998,1.0,-0.1106262,-0.3819427,0.9175261999999998,-31.9493,1.31514,-30.19704,3.550949,0.5364,0.6122301,0.3713073,0.0,0.0,0.0,33.05621,1.242447,-27.63525,-1.0,0.4761419,0.5521550000000001,0.07331324,1.182859,-0.00880307,0.3734639999999999,0.03567044,-0.1244825,5.280634,45.4512,33.15
41,0.4616699000000001,-0.2588806,0.8484191999999999,1.0,0.4291229,-0.08772278,0.8989716,-29.89731,1.789871,-30.76671,4.586807,0.4006367,0.5660253000000001,0.3961694,0.4624175999999999,-0.2638855,0.8464813,34.85544,1.50473,-28.02986,3.94812,0.3687849,0.5569385,0.05801988,1.185668,-0.005589187,0.366809,-0.01170093,-0.1258362,5.280634,45.4512,33.15
41,0.4616699000000001,-0.2588806,0.8484191999999999,1.0,0.4291229,-0.08772278,0.8989716,-29.89731,1.789871,-30.76671,4.586807,0.4006367,0.5660253000000001,0.3961694,0.4624175999999999,-0.2638855,0.8464813,34.85544,1.50473,-28.02986,3.94812,0.3687849,0.5569385,0.05801988,1.185668,-0.005589187,0.366809,-0.01170093,-0.1258362,5.280634,45.4512,33.15
41,0.4616699000000001,-0.2588806,0.8484191999999999,1.0,0.4291229,-0.08772278,0.8989716,-29.89731,1.789871,-30.76671,4.586807,0.4006367,0.5660253000000001,0.3961694,0.4624175999999999,-0.2638855,0.8464813,34.85544,1.50473,-28.02986,3.94812,0.3687849,0.5569385,0.05801988,1.185668,-0.005589187,0.366809,-0.01170093,-0.1258362,5.280634,45.4512,33.15
41,0.2949677,-0.2732085999999999,0.9156036,1.0,0.2162781,-0.2347565,0.9476776,-30.45033,1.660202,-30.46074,3.8685,0.4448416,0.583785,1.0,0.320694,-0.2855377,0.9031067,34.37773,1.531265,-27.80779,3.796616,0.4030601,0.5554583000000001,0.04158258,1.189499,-0.002743065,0.3594481,-0.06127589,-0.1233247,5.280634,2.350052,33.15
41,0.2949677,-0.2732085999999999,0.9156036,1.0,0.2162781,-0.2347565,0.9476776,-30.45033,1.660202,-30.46074,3.8685,0.4448416,0.583785,1.0,0.320694,-0.2855377,0.9031067,34.37773,1.531265,-27.80779,3.796616,0.4030601,0.5554583000000001,0.04158258,1.189499,-0.002743065,0.3594481,-0.06127589,-0.1233247,5.280634,2.350052,33.15
41,0.2949677,-0.2732085999999999,0.9156036,1.0,0.2162781,-0.2347565,0.9476776,-30.45033,1.660202,-30.46074,3.8685,0.4448416,0.583785,1.0,0.320694,-0.2855377,0.9031067,34.37773,1.531265,-27.80779,3.796616,0.4030601,0.5554583000000001,0.04158258,1.189499,-0.002743065,0.3594481,-0.06127589,-0.1233247,5.280634,2.350052,33.15
41,0.2197723,-0.2206116,0.9502716,1.0,0.115799,-0.1994781,0.9730225,-30.73439,1.650986,-30.36093,3.76709,0.46691,0.5781054,1.0,0.2565613,-0.2276001,0.9393311,34.09706,1.6704709999999998,-27.68697,3.883652,0.4206608,0.5421236,0.02448773,1.194525,-0.0001538992,0.3459989,-0.110913,-0.1243494999999999,5.280634,2.350052,33.15
41,0.2197723,-0.2206116,0.9502716,1.0,0.115799,-0.1994781,0.9730225,-30.73439,1.650986,-30.36093,3.76709,0.46691,0.5781054,1.0,0.2565613,-0.2276001,0.9393311,34.09706,1.6704709999999998,-27.68697,3.883652,0.4206608,0.5421236,0.02448773,1.194525,-0.0001538992,0.3459989,-0.110913,-0.1243494999999999,5.280634,2.350052,33.15
41,0.2197723,-0.2206116,0.9502716,1.0,0.115799,-0.1994781,0.9730225,-30.73439,1.650986,-30.36093,3.76709,0.46691,0.5781054,1.0,0.2565613,-0.2276001,0.9393311,34.09706,1.6704709999999998,-27.68697,3.883652,0.4206608,0.5421236,0.02448773,1.194525,-0.0001538992,0.3459989,-0.110913,-0.1243494999999999,5.280634,2.350052,33.15
41,0.2353820999999999,-0.2295074,0.944397,1.0,0.1065216,-0.2409058,0.9646759,-30.71548,1.978302,-30.28963,3.387772,0.4669221999999999,0.5712301,0.6447866999999999,0.2914429,-0.2231598,0.9301758,34.13062,1.922668,-27.64995,3.839722,0.4154358,0.5329348,0.007364273,1.200312,0.0007535815,0.3320387999999999,-0.1626919,-0.120806,5.345986,2.350052,33.15
41,0.2353820999999999,-0.2295074,0.944397,1.0,0.1065216,-0.2409058,0.9646759,-30.71548,1.978302,-30.28963,3.387772,0.4669221999999999,0.5712301,0.6447866999999999,0.2914429,-0.2231598,0.9301758,34.13062,1.922668,-27.64995,3.839722,0.4154358,0.5329348,0.007364273,1.200312,0.0007535815,0.3320387999999999,-0.1626919,-0.120806,5.345986,2.350052,33.15
41,0.2353820999999999,-0.2295074,0.944397,1.0,0.1065216,-0.2409058,0.9646759,-30.71548,1.978302,-30.28963,3.387772,0.4669221999999999,0.5712301,0.6447866999999999,0.2914429,-0.2231598,0.9301758,34.13062,1.922668,-27.64995,3.839722,0.4154358,0.5329348,0.007364273,1.200312,0.0007535815,0.3320387999999999,-0.1626919,-0.120806,5.345986,2.350052,33.15
41,-1.0,-1.0,-1.0,1.0,0.0,0.0,0.0,-29.96983,2.135284,-30.63322,-1.0,0.406682,0.5497759,0.5948645,0.0,0.0,0.0,34.77515,2.202057,-27.96518,-1.0,0.3624120999999999,0.5037953,-0.009280443,1.206229,8.583068999999999e-05,0.3189836,-0.2091869999999999,-0.1211609999999999,5.345986,2.350052,33.15
41,-1.0,-1.0,-1.0,1.0,0.0,0.0,0.0,-29.96983,2.135284,-30.63322,-1.0,0.406682,0.5497759,0.5948645,0.0,0.0,0.0,34.77515,2.202057,-27.96518,-1.0,0.3624120999999999,0.5037953,-0.009280443,1.206229,8.583068999999999e-05,0.3189836,-0.2091869999999999,-0.1211609999999999,5.345986,2.350052,33.15
41,-1.0,-1.0,-1.0,1.0,0.0,0.0,0.0,-29.96983,2.135284,-30.63322,-1.0,0.406682,0.5497759,0.5948645,0.0,0.0,0.0,34.77515,2.202057,-27.96518,-1.0,0.3624120999999999,0.5037953,-0.009280443,1.206229,8.583068999999999e-05,0.3189836,-0.2091869999999999,-0.1211609999999999,5.345986,2.350052,33.15
41,-1.0,-1.0,-1.0,1.0,0.0,0.0,0.0,-29.96983,2.135284,-30.63322,-1.0,0.406682,0.5497759,0.4741451,0.0,0.0,0.0,34.77515,2.202057,-27.96518,-1.0,0.3624120999999999,0.5037953,-0.02456427,1.212216,-0.001576841,0.3063742,-0.2520019,-0.1193205,5.345986,2.350052,33.15
41,-1.0,-1.0,-1.0,1.0,0.0,0.0,0.0,-29.96983,2.135284,-30.63322,-1.0,0.406682,0.5497759,0.4741451,0.0,0.0,0.0,34.77515,2.202057,-27.96518,-1.0,0.3624120999999999,0.5037953,-0.02456427,1.212216,-0.001576841,0.3063742,-0.2520019,-0.1193205,5.345986,2.350052,33.15
41,-1.0,-1.0,-1.0,1.0,0.0,0.0,0.0,-29.96983,2.135284,-30.63322,-1.0,0.406682,0.5497759,0.4741451,0.0,0.0,0.0,34.77515,2.202057,-27.96518,-1.0,0.3624120999999999,0.5037953,-0.02456427,1.212216,-0.001576841,0.3063742,-0.2520019,-0.1193205,5.345986,2.350052,33.15
41,-1.0,-1.0,-1.0,1.0,0.0,0.0,0.0,-29.96983,2.135284,-30.63322,-1.0,0.406682,0.5497759,0.4741451,0.0,0.0,0.0,34.77515,2.202057,-27.96518,-1.0,0.3624120999999999,0.5037953,-0.03812265,1.217976,-0.004315674,0.2949330999999999,-0.2893027,-0.1165213,5.345986,-15.68337,33.15
41,-1.0,-1.0,-1.0,1.0,0.0,0.0,0.0,-29.96983,2.135284,-30.63322,-1.0,0.406682,0.5497759,0.4741451,0.0,0.0,0.0,34.77515,2.202057,-27.96518,-1.0,0.3624120999999999,0.5037953,-0.03812265,1.217976,-0.004315674,0.2949330999999999,-0.2893027,-0.1165213,5.345986,-15.68337,33.15
41,-1.0,-1.0,-1.0,1.0,0.0,0.0,0.0,-29.96983,2.135284,-30.63322,-1.0,0.406682,0.5497759,0.4741451,0.0,0.0,0.0,34.77515,2.202057,-27.96518,-1.0,0.3624120999999999,0.5037953,-0.03812265,1.217976,-0.004315674,0.2949330999999999,-0.2893027,-0.1165213,5.345986,-15.68337,33.15
41,-1.0,-1.0,-1.0,1.0,0.0,0.0,0.0,-29.19371,2.2419740000000004,-31.32155,-1.0,0.3445312,0.5370976,0.1024963999999999,0.0,0.0,0.0,35.602709999999995,2.405121,-28.54819,-1.0,0.303197,0.497905,-0.04969192,1.22346,-0.006649673,0.2822669,-0.3197978,-0.1095231,5.345986,-15.68337,33.15
41,-1.0,-1.0,-1.0,1.0,0.0,0.0,0.0,-29.19371,2.2419740000000004,-31.32155,-1.0,0.3445312,0.5370976,0.1024963999999999,0.0,0.0,0.0,35.602709999999995,2.405121,-28.54819,-1.0,0.303197,0.497905,-0.04969192,1.22346,-0.006649673,0.2822669,-0.3197978,-0.1095231,5.345986,-15.68337,33.15
41,-1.0,-1.0,-1.0,1.0,0.0,0.0,0.0,-29.19371,2.2419740000000004,-31.32155,-1.0,0.3445312,0.5370976,0.1024963999999999,0.0,0.0,0.0,35.602709999999995,2.405121,-28.54819,-1.0,0.303197,0.497905,-0.04969192,1.22346,-0.006649673,0.2822669,-0.3197978,-0.1095231,5.345986,-15.68337,33.15
41,0.5892791999999999,-0.01197815,0.8078308000000001,1.0,0.5892791999999999,-0.01197815,0.8078308000000001,-29.53467,2.220352,-31.02307,3.947647,0.3658538,0.546179,0.1775233,0.0,0.0,0.0,35.37363,2.367889,-28.39162,-1.0,0.3161595999999999,0.4999129,-0.05988431,1.228397,-0.008809328,0.2707093,-0.3417494,-0.1046902,5.345986,-15.68337,33.15
41,0.5892791999999999,-0.01197815,0.8078308000000001,1.0,0.5892791999999999,-0.01197815,0.8078308000000001,-29.53467,2.220352,-31.02307,3.947647,0.3658538,0.546179,0.1775233,0.0,0.0,0.0,35.37363,2.367889,-28.39162,-1.0,0.3161595999999999,0.4999129,-0.05988431,1.228397,-0.008809328,0.2707093,-0.3417494,-0.1046902,5.345986,-15.68337,33.15
41,0.5892791999999999,-0.01197815,0.8078308000000001,1.0,0.5892791999999999,-0.01197815,0.8078308000000001,-29.53467,2.220352,-31.02307,3.947647,0.3658538,0.546179,0.1775233,0.0,0.0,0.0,35.37363,2.367889,-28.39162,-1.0,0.3161595999999999,0.4999129,-0.05988431,1.228397,-0.008809328,0.2707093,-0.3417494,-0.1046902,5.345986,-15.68337,33.15
41,0.5892791999999999,-0.01197815,0.8078308000000001,1.0,0.5892791999999999,-0.01197815,0.8078308000000001,-29.53467,2.220352,-31.02307,3.947647,0.3658538,0.546179,0.1775233,0.0,0.0,0.0,35.37363,2.367889,-28.39162,-1.0,0.3161595999999999,0.4999129,-0.06910324,1.232741,-0.01103914,0.2606313,-0.3605994,-0.09426801,5.345986,-15.68337,33.15
41,0.5892791999999999,-0.01197815,0.8078308000000001,1.0,0.5892791999999999,-0.01197815,0.8078308000000001,-29.53467,2.220352,-31.02307,3.947647,0.3658538,0.546179,0.1775233,0.0,0.0,0.0,35.37363,2.367889,-28.39162,-1.0,0.3161595999999999,0.4999129,-0.06910324,1.232741,-0.01103914,0.2606313,-0.3605994,-0.09426801,5.345986,-15.68337,33.15
41,0.5892791999999999,-0.01197815,0.8078308000000001,1.0,0.5892791999999999,-0.01197815,0.8078308000000001,-29.53467,2.220352,-31.02307,3.947647,0.3658538,0.546179,0.1775233,0.0,0.0,0.0,35.37363,2.367889,-28.39162,-1.0,0.3161595999999999,0.4999129,-0.06910324,1.232741,-0.01103914,0.2606313,-0.3605994,-0.09426801,5.345986,-15.68337,33.15
41,0.4544678,0.04083252,0.8898163,1.0,0.3228302,0.03843689,0.9456635,-30.73598,2.203964,-30.42523,3.884415,0.4423477,0.5316224,0.3794341,0.4894867,0.04135132,0.8710174999999999,34.367290000000004,2.472458,-27.80971,4.398438,0.3831806,0.4859469,-0.07794976,1.236412,-0.01333433,0.2509244,-0.3759937,-0.08405089,5.345986,-43.3447,33.15
41,0.4544678,0.04083252,0.8898163,1.0,0.3228302,0.03843689,0.9456635,-30.73598,2.203964,-30.42523,3.884415,0.4423477,0.5316224,0.3794341,0.4894867,0.04135132,0.8710174999999999,34.367290000000004,2.472458,-27.80971,4.398438,0.3831806,0.4859469,-0.07794976,1.236412,-0.01333433,0.2509244,-0.3759937,-0.08405089,5.345986,-43.3447,33.15
41,0.4544678,0.04083252,0.8898163,1.0,0.3228302,0.03843689,0.9456635,-30.73598,2.203964,-30.42523,3.884415,0.4423477,0.5316224,0.3794341,0.4894867,0.04135132,0.8710174999999999,34.367290000000004,2.472458,-27.80971,4.398438,0.3831806,0.4859469,-0.07794976,1.236412,-0.01333433,0.2509244,-0.3759937,-0.08405089,5.345986,-43.3447,33.15
42,0.378006,0.02687073,0.9253998,1.0,0.276535,0.01307678,0.960907,-30.82304,2.247086,-30.36961,3.711365,0.4507755,0.5321871,0.317332,0.4140778,0.03182983,0.9096832,34.28078,2.477692,-27.72565,4.0481110000000005,0.3957330999999999,0.4852295999999999,-0.08657837,1.239445,-0.01624578,0.2433024,-0.3924408,-0.07354157,5.345986,-43.3447,33.15
42,0.378006,0.02687073,0.9253998,1.0,0.276535,0.01307678,0.960907,-30.82304,2.247086,-30.36961,3.711365,0.4507755,0.5321871,0.317332,0.4140778,0.03182983,0.9096832,34.28078,2.477692,-27.72565,4.0481110000000005,0.3957330999999999,0.4852295999999999,-0.08657837,1.239445,-0.01624578,0.2433024,-0.3924408,-0.07354157,5.345986,-43.3447,33.15
42,0.378006,0.02687073,0.9253998,1.0,0.276535,0.01307678,0.960907,-30.82304,2.247086,-30.36961,3.711365,0.4507755,0.5321871,0.317332,0.4140778,0.03182983,0.9096832,34.28078,2.477692,-27.72565,4.0481110000000005,0.3957330999999999,0.4852295999999999,-0.08657837,1.239445,-0.01624578,0.2433024,-0.3924408,-0.07354157,5.345986,-43.3447,33.15
42,0.378006,0.02687073,0.9253998,1.0,0.276535,0.01307678,0.960907,-30.82304,2.247086,-30.36961,3.711365,0.4507755,0.5321871,1.0,0.4140778,0.03182983,0.9096832,34.28078,2.477692,-27.72565,4.0481110000000005,0.3957330999999999,0.4852295999999999,-0.0944518999999999,1.241914,-0.0199334,0.2375978999999999,-0.4079904,-0.06484979,5.345986,-43.3447,33.15
42,0.378006,0.02687073,0.9253998,1.0,0.276535,0.01307678,0.960907,-30.82304,2.247086,-30.36961,3.711365,0.4507755,0.5321871,1.0,0.4140778,0.03182983,0.9096832,34.28078,2.477692,-27.72565,4.0481110000000005,0.3957330999999999,0.4852295999999999,-0.0944518999999999,1.241914,-0.0199334,0.2375978999999999,-0.4079904,-0.06484979,5.345986,-43.3447,33.15
42,0.378006,0.02687073,0.9253998,1.0,0.276535,0.01307678,0.960907,-30.82304,2.247086,-30.36961,3.711365,0.4507755,0.5321871,1.0,0.4140778,0.03182983,0.9096832,34.28078,2.477692,-27.72565,4.0481110000000005,0.3957330999999999,0.4852295999999999,-0.0944518999999999,1.241914,-0.0199334,0.2375978999999999,-0.4079904,-0.06484979,5.345986,-43.3447,33.15
42,0.378006,0.02687073,0.9253998,1.0,0.276535,0.01307678,0.960907,-30.82304,2.247086,-30.36961,3.711365,0.4507755,0.5321871,1.0,0.4140778,0.03182983,0.9096832,34.28078,2.477692,-27.72565,4.0481110000000005,0.3957330999999999,0.4852295999999999,-0.1012184999999999,1.243975,-0.02432954,0.2327946,-0.4259577999999999,-0.05452131,5.345986,-43.3447,33.15
42,0.378006,0.02687073,0.9253998,1.0,0.276535,0.01307678,0.960907,-30.82304,2.247086,-30.36961,3.711365,0.4507755,0.5321871,1.0,0.4140778,0.03182983,0.9096832,34.28078,2.477692,-27.72565,4.0481110000000005,0.3957330999999999,0.4852295999999999,-0.1012184999999999,1.243975,-0.02432954,0.2327946,-0.4259577999999999,-0.05452131,5.345986,-43.3447,33.15
42,0.378006,0.02687073,0.9253998,1.0,0.276535,0.01307678,0.960907,-30.82304,2.247086,-30.36961,3.711365,0.4507755,0.5321871,1.0,0.4140778,0.03182983,0.9096832,34.28078,2.477692,-27.72565,4.0481110000000005,0.3957330999999999,0.4852295999999999,-0.1012184999999999,1.243975,-0.02432954,0.2327946,-0.4259577999999999,-0.05452131,5.345986,-43.3447,33.15
42,0.585144,-0.2009888,0.785614,1.0,0.585144,-0.2009888,0.785614,-29.236040000000003,1.443573,-31.24078,3.87886,0.3545006,0.6000298000000001,1.0,0.0,0.0,0.0,35.42017,1.71315,-28.54152,-1.0,0.3117367,0.5473604000000001,-0.1073213,1.24599,-0.02892774,0.2292072999999999,-0.4424805999999999,-0.0469828,5.345986,-43.3447,33.15
42,0.585144,-0.2009888,0.785614,1.0,0.585144,-0.2009888,0.785614,-29.236040000000003,1.443573,-31.24078,3.87886,0.3545006,0.6000298000000001,1.0,0.0,0.0,0.0,35.42017,1.71315,-28.54152,-1.0,0.3117367,0.5473604000000001,-0.1073213,1.24599,-0.02892774,0.2292072999999999,-0.4424805999999999,-0.0469828,5.345986,-43.3447,33.15
42,0.585144,-0.2009888,0.785614,1.0,0.585144,-0.2009888,0.785614,-29.236040000000003,1.443573,-31.24078,3.87886,0.3545006,0.6000298000000001,1.0,0.0,0.0,0.0,35.42017,1.71315,-28.54152,-1.0,0.3117367,0.5473604000000001,-0.1073213,1.24599,-0.02892774,0.2292072999999999,-0.4424805999999999,-0.0469828,5.345986,-43.3447,33.15
42,0.5513763,-0.1998596,0.8099518,1.0,0.5513763,-0.1998596,0.8099518,-29.4706,1.555023,-31.06335,3.662491,0.3671993,0.5934111999999999,1.0,0.0,0.0,0.0,35.36513,1.923996,-28.40411,-1.0,0.318542,0.539166,-0.1124033999999999,1.248019,-0.03299505,0.2253476,-0.4560325,-0.04038074,5.345986,1.756462,33.15
42,0.5513763,-0.1998596,0.8099518,1.0,0.5513763,-0.1998596,0.8099518,-29.4706,1.555023,-31.06335,3.662491,0.3671993,0.5934111999999999,1.0,0.0,0.0,0.0,35.36513,1.923996,-28.40411,-1.0,0.318542,0.539166,-0.1124033999999999,1.248019,-0.03299505,0.2253476,-0.4560325,-0.04038074,5.345986,1.756462,33.15
42,0.5513763,-0.1998596,0.8099518,1.0,0.5513763,-0.1998596,0.8099518,-29.4706,1.555023,-31.06335,3.662491,0.3671993,0.5934111999999999,1.0,0.0,0.0,0.0,35.36513,1.923996,-28.40411,-1.0,0.318542,0.539166,-0.1124033999999999,1.248019,-0.03299505,0.2253476,-0.4560325,-0.04038074,5.345986,1.756462,33.15
42,0.534317,-0.1695250999999999,0.8280945,1.0,0.534317,-0.1695250999999999,0.8280945,-29.60301,1.595932,-30.97839,3.730362,0.3745255,0.5867525,1.0,0.0,0.0,0.0,35.31793,2.013458,-28.3476,-1.0,0.3232723,0.5296178,-0.1201718,1.2517049999999998,-0.04074806,0.2206922999999999,-0.4752067,-0.02321199,5.345986,1.756462,33.15
42,0.534317,-0.1695250999999999,0.8280945,1.0,0.534317,-0.1695250999999999,0.8280945,-29.60301,1.595932,-30.97839,3.730362,0.3745255,0.5867525,1.0,0.0,0.0,0.0,35.31793,2.013458,-28.3476,-1.0,0.3232723,0.5296178,-0.1201718,1.2517049999999998,-0.04074806,0.2206922999999999,-0.4752067,-0.02321199,5.345986,1.756462,33.15
42,0.534317,-0.1695250999999999,0.8280945,1.0,0.534317,-0.1695250999999999,0.8280945,-29.60301,1.595932,-30.97839,3.730362,0.3745255,0.5867525,1.0,0.0,0.0,0.0,35.31793,2.013458,-28.3476,-1.0,0.3232723,0.5296178,-0.1201718,1.2517049999999998,-0.04074806,0.2206922999999999,-0.4752067,-0.02321199,5.345986,1.756462,33.15
42,0.5075989000000001,-0.1437836,0.8495026,1.0,0.5075989000000001,-0.1437836,0.8495026,-30.00591,1.824738,-30.75916,3.746796,0.3926309,0.5728154999999999,0.5768312,0.0,0.0,0.0,34.97562,2.300751,-28.15381,-1.0,0.3384949,0.5124469,-0.1228738,1.253817,-0.04407698,0.2168946,-0.4807508,-0.01490258,5.345986,1.756462,33.15
42,0.5075989000000001,-0.1437836,0.8495026,1.0,0.5075989000000001,-0.1437836,0.8495026,-30.00591,1.824738,-30.75916,3.746796,0.3926309,0.5728154999999999,0.5768312,0.0,0.0,0.0,34.97562,2.300751,-28.15381,-1.0,0.3384949,0.5124469,-0.1228738,1.253817,-0.04407698,0.2168946,-0.4807508,-0.01490258,5.345986,1.756462,33.15
42,0.5075989000000001,-0.1437836,0.8495026,1.0,0.5075989000000001,-0.1437836,0.8495026,-30.00591,1.824738,-30.75916,3.746796,0.3926309,0.5728154999999999,0.5768312,0.0,0.0,0.0,34.97562,2.300751,-28.15381,-1.0,0.3384949,0.5124469,-0.1228738,1.253817,-0.04407698,0.2168946,-0.4807508,-0.01490258,5.345986,1.756462,33.15
42,0.5868378000000001,-0.1022186,0.8032074,1.0,0.4819946,-0.1158905,0.8684691999999999,-30.11551,1.963837,-30.67276,3.870453,0.4002465,0.563157,0.5077435,0.6345062,-0.09501648,0.7670441,34.87115,2.479385,-28.03825,4.395996,0.346296,0.5058590000000001,-0.1255729,1.255621,-0.04723537,0.2108885,-0.4870274999999999,-0.007068493,5.345986,1.756462,33.15
42,0.5868378000000001,-0.1022186,0.8032074,1.0,0.4819946,-0.1158905,0.8684691999999999,-30.11551,1.963837,-30.67276,3.870453,0.4002465,0.563157,0.5077435,0.6345062,-0.09501648,0.7670441,34.87115,2.479385,-28.03825,4.395996,0.346296,0.5058590000000001,-0.1255729,1.255621,-0.04723537,0.2108885,-0.4870274999999999,-0.007068493,5.345986,1.756462,33.15
42,0.5868378000000001,-0.1022186,0.8032074,1.0,0.4819946,-0.1158905,0.8684691999999999,-30.11551,1.963837,-30.67276,3.870453,0.4002465,0.563157,0.5077435,0.6345062,-0.09501648,0.7670441,34.87115,2.479385,-28.03825,4.395996,0.346296,0.5058590000000001,-0.1255729,1.255621,-0.04723537,0.2108885,-0.4870274999999999,-0.007068493,5.345986,1.756462,33.15
42,0.5050507000000001,-0.2493134,0.8262939,1.0,0.5050507000000001,-0.2493134,0.8262939,-29.9212,1.731354,-30.7818,3.780609,0.3896099,0.5901816999999999,1.0,0.0,0.0,0.0,34.88414,2.248642,-28.0696,-1.0,0.3432813,0.5271195,-0.1279066,1.257484,-0.05069095,0.2073745,-0.4953809,-0.0002283725999999,5.345986,1.756462,33.15
42,0.5050507000000001,-0.2493134,0.8262939,1.0,0.5050507000000001,-0.2493134,0.8262939,-29.9212,1.731354,-30.7818,3.780609,0.3896099,0.5901816999999999,1.0,0.0,0.0,0.0,34.88414,2.248642,-28.0696,-1.0,0.3432813,0.5271195,-0.1279066,1.257484,-0.05069095,0.2073745,-0.4953809,-0.0002283725999999,5.345986,1.756462,33.15
42,0.5050507000000001,-0.2493134,0.8262939,1.0,0.5050507000000001,-0.2493134,0.8262939,-29.9212,1.731354,-30.7818,3.780609,0.3896099,0.5901816999999999,1.0,0.0,0.0,0.0,34.88414,2.248642,-28.0696,-1.0,0.3432813,0.5271195,-0.1279066,1.257484,-0.05069095,0.2073745,-0.4953809,-0.0002283725999999,5.345986,1.756462,33.15
42,0.5050507000000001,-0.2493134,0.8262939,1.0,0.5050507000000001,-0.2493134,0.8262939,-29.9212,1.731354,-30.7818,3.780609,0.3896099,0.5901816999999999,1.0,0.0,0.0,0.0,34.88414,2.248642,-28.0696,-1.0,0.3432813,0.5271195,-0.1299741,1.258767,-0.05401397,0.2053593,-0.5006229999999999,0.0021734,5.345986,-37.93083,33.15
42,0.5050507000000001,-0.2493134,0.8262939,1.0,0.5050507000000001,-0.2493134,0.8262939,-29.9212,1.731354,-30.7818,3.780609,0.3896099,0.5901816999999999,1.0,0.0,0.0,0.0,34.88414,2.248642,-28.0696,-1.0,0.3432813,0.5271195,-0.1299741,1.258767,-0.05401397,0.2053593,-0.5006229999999999,0.0021734,5.345986,-37.93083,33.15
42,0.5050507000000001,-0.2493134,0.8262939,1.0,0.5050507000000001,-0.2493134,0.8262939,-29.9212,1.731354,-30.7818,3.780609,0.3896099,0.5901816999999999,1.0,0.0,0.0,0.0,34.88414,2.248642,-28.0696,-1.0,0.3432813,0.5271195,-0.1299741,1.258767,-0.05401397,0.2053593,-0.5006229999999999,0.0021734,5.345986,-37.93083,33.15
42,0.5050507000000001,-0.2493134,0.8262939,1.0,0.5050507000000001,-0.2493134,0.8262939,-29.9212,1.731354,-30.7818,3.780609,0.3896099,0.5901816999999999,1.0,0.0,0.0,0.0,34.88414,2.248642,-28.0696,-1.0,0.3432813,0.5271195,-0.1314974,1.259876,-0.05660862,0.2029297999999999,-0.504844,0.007333877,5.345986,-37.93083,33.15
42,0.5050507000000001,-0.2493134,0.8262939,1.0,0.5050507000000001,-0.2493134,0.8262939,-29.9212,1.731354,-30.7818,3.780609,0.3896099,0.5901816999999999,1.0,0.0,0.0,0.0,34.88414,2.248642,-28.0696,-1.0,0.3432813,0.5271195,-0.1314974,1.259876,-0.05660862,0.2029297999999999,-0.504844,0.007333877,5.345986,-37.93083,33.15
42,0.5050507000000001,-0.2493134,0.8262939,1.0,0.5050507000000001,-0.2493134,0.8262939,-29.9212,1.731354,-30.7818,3.780609,0.3896099,0.5901816999999999,1.0,0.0,0.0,0.0,34.88414,2.248642,-28.0696,-1.0,0.3432813,0.5271195,-0.1314974,1.259876,-0.05660862,0.2029297999999999,-0.504844,0.007333877,5.345986,-37.93083,33.15
42,0.5021362,-0.2120972,0.8383636000000001,1.0,0.5021362,-0.2120972,0.8383636000000001,-29.93773,1.680023,-30.78651,3.890366,0.3909265,0.5870018,1.0,0.0,0.0,0.0,34.8644,2.204651,-28.07007,-1.0,0.343615,0.5306185999999999,-0.1327543,1.260329,-0.0588879,0.2012551,-0.5060641,0.009521093,5.345986,-37.93083,33.17
42,0.5021362,-0.2120972,0.8383636000000001,1.0,0.5021362,-0.2120972,0.8383636000000001,-29.93773,1.680023,-30.78651,3.890366,0.3909265,0.5870018,1.0,0.0,0.0,0.0,34.8644,2.204651,-28.07007,-1.0,0.343615,0.5306185999999999,-0.1327543,1.260329,-0.0588879,0.2012551,-0.5060641,0.009521093,5.345986,-37.93083,33.17
42,0.5021362,-0.2120972,0.8383636000000001,1.0,0.5021362,-0.2120972,0.8383636000000001,-29.93773,1.680023,-30.78651,3.890366,0.3909265,0.5870018,1.0,0.0,0.0,0.0,34.8644,2.204651,-28.07007,-1.0,0.343615,0.5306185999999999,-0.1327543,1.260329,-0.0588879,0.2012551,-0.5060641,0.009521093,5.345986,-37.93083,33.17
42,0.5021362,-0.2120972,0.8383636000000001,1.0,0.5021362,-0.2120972,0.8383636000000001,-29.93773,1.680023,-30.78651,3.890366,0.3909265,0.5870018,1.0,0.0,0.0,0.0,34.8644,2.204651,-28.07007,-1.0,0.343615,0.5306185999999999,-0.1340191,1.261095,-0.0608893,0.197805,-0.5087665,0.01582447,5.345986,-37.93083,33.17
42,0.5021362,-0.2120972,0.8383636000000001,1.0,0.5021362,-0.2120972,0.8383636000000001,-29.93773,1.680023,-30.78651,3.890366,0.3909265,0.5870018,1.0,0.0,0.0,0.0,34.8644,2.204651,-28.07007,-1.0,0.343615,0.5306185999999999,-0.1340191,1.261095,-0.0608893,0.197805,-0.5087665,0.01582447,5.345986,-37.93083,33.17
42,0.5021362,-0.2120972,0.8383636000000001,1.0,0.5021362,-0.2120972,0.8383636000000001,-29.93773,1.680023,-30.78651,3.890366,0.3909265,0.5870018,1.0,0.0,0.0,0.0,34.8644,2.204651,-28.07007,-1.0,0.343615,0.5306185999999999,-0.1340191,1.261095,-0.0608893,0.197805,-0.5087665,0.01582447,5.345986,-37.93083,33.17
42,0.5782013,-0.1693115,0.798111,1.0,0.4621886999999999,-0.1963043,0.8647613999999999,-30.25061,1.874939,-30.5914,3.778687,0.407119,0.5755343,1.0,0.6212463,-0.1577301,0.7675628999999999,34.72903,2.404449,-27.95468,4.597824,0.3530028,0.5153239000000001,-0.1345037999999999,1.261079,-0.06257588,0.1995132999999999,-0.5072693,0.01441309,5.345986,-37.93083,33.17
42,0.5782013,-0.1693115,0.798111,1.0,0.4621886999999999,-0.1963043,0.8647613999999999,-30.25061,1.874939,-30.5914,3.778687,0.407119,0.5755343,1.0,0.6212463,-0.1577301,0.7675628999999999,34.72903,2.404449,-27.95468,4.597824,0.3530028,0.5153239000000001,-0.1345037999999999,1.261079,-0.06257588,0.1995132999999999,-0.5072693,0.01441309,5.345986,-37.93083,33.17
42,0.5782013,-0.1693115,0.798111,1.0,0.4621886999999999,-0.1963043,0.8647613999999999,-30.25061,1.874939,-30.5914,3.778687,0.407119,0.5755343,1.0,0.6212463,-0.1577301,0.7675628999999999,34.72903,2.404449,-27.95468,4.597824,0.3530028,0.5153239000000001,-0.1345037999999999,1.261079,-0.06257588,0.1995132999999999,-0.5072693,0.01441309,5.345986,-37.93083,33.17
42,0.57724,-0.1652832,0.7996674,1.0,0.4632720999999999,-0.1927337999999999,0.8649902,-30.26311,1.85437,-30.59857,3.81929,0.4074977,0.5758791999999999,1.0,0.6207428,-0.1532287999999999,0.7688904000000001,34.65984,2.471039,-27.92165,4.460266000000001,0.3554617,0.5121838,-0.1348357,1.261051,-0.06408137,0.1980519,-0.5077729,0.02022761,5.345986,-37.93083,33.17
42,0.57724,-0.1652832,0.7996674,1.0,0.4632720999999999,-0.1927337999999999,0.8649902,-30.26311,1.85437,-30.59857,3.81929,0.4074977,0.5758791999999999,1.0,0.6207428,-0.1532287999999999,0.7688904000000001,34.65984,2.471039,-27.92165,4.460266000000001,0.3554617,0.5121838,-0.1348357,1.261051,-0.06408137,0.1980519,-0.5077729,0.02022761,5.345986,-37.93083,33.17
42,0.57724,-0.1652832,0.7996674,1.0,0.4632720999999999,-0.1927337999999999,0.8649902,-30.26311,1.85437,-30.59857,3.81929,0.4074977,0.5758791999999999,1.0,0.6207428,-0.1532287999999999,0.7688904000000001,34.65984,2.471039,-27.92165,4.460266000000001,0.3554617,0.5121838,-0.1348357,1.261051,-0.06408137,0.1980519,-0.5077729,0.02022761,5.345986,-37.93083,33.17
42,0.57724,-0.1652832,0.7996674,1.0,0.4632720999999999,-0.1927337999999999,0.8649902,-30.26311,1.85437,-30.59857,3.81929,0.4074977,0.5758791999999999,1.0,0.6207428,-0.1532287999999999,0.7688904000000001,34.65984,2.471039,-27.92165,4.460266000000001,0.3554617,0.5121838,-0.1350708,1.261057,-0.06521922,0.1984239,-0.5060210999999999,0.01993655,5.345986,-43.00698,33.17
42,0.57724,-0.1652832,0.7996674,1.0,0.4632720999999999,-0.1927337999999999,0.8649902,-30.26311,1.85437,-30.59857,3.81929,0.4074977,0.5758791999999999,1.0,0.6207428,-0.1532287999999999,0.7688904000000001,34.65984,2.471039,-27.92165,4.460266000000001,0.3554617,0.5121838,-0.1350708,1.261057,-0.06521922,0.1984239,-0.5060210999999999,0.01993655,5.345986,-43.00698,33.17
42,0.57724,-0.1652832,0.7996674,1.0,0.4632720999999999,-0.1927337999999999,0.8649902,-30.26311,1.85437,-30.59857,3.81929,0.4074977,0.5758791999999999,1.0,0.6207428,-0.1532287999999999,0.7688904000000001,34.65984,2.471039,-27.92165,4.460266000000001,0.3554617,0.5121838,-0.1350708,1.261057,-0.06521922,0.1984239,-0.5060210999999999,0.01993655,5.345986,-43.00698,33.17
42,0.57724,-0.1652832,0.7996674,1.0,0.4632720999999999,-0.1927337999999999,0.8649902,-30.26311,1.85437,-30.59857,3.81929,0.4074977,0.5758791999999999,1.0,0.6207428,-0.1532287999999999,0.7688904000000001,34.65984,2.471039,-27.92165,4.460266000000001,0.3554617,0.5121838,-0.135648,1.2612139999999998,-0.0666272,0.1970583,-0.5068116,0.0240782,5.345986,-43.00698,33.17
42,0.57724,-0.1652832,0.7996674,1.0,0.4632720999999999,-0.1927337999999999,0.8649902,-30.26311,1.85437,-30.59857,3.81929,0.4074977,0.5758791999999999,1.0,0.6207428,-0.1532287999999999,0.7688904000000001,34.65984,2.471039,-27.92165,4.460266000000001,0.3554617,0.5121838,-0.135648,1.2612139999999998,-0.0666272,0.1970583,-0.5068116,0.0240782,5.345986,-43.00698,33.17
42,0.57724,-0.1652832,0.7996674,1.0,0.4632720999999999,-0.1927337999999999,0.8649902,-30.26311,1.85437,-30.59857,3.81929,0.4074977,0.5758791999999999,1.0,0.6207428,-0.1532287999999999,0.7688904000000001,34.65984,2.471039,-27.92165,4.460266000000001,0.3554617,0.5121838,-0.135648,1.2612139999999998,-0.0666272,0.1970583,-0.5068116,0.0240782,5.345986,-43.00698,33.17
42,0.57724,-0.1652832,0.7996674,1.0,0.4632720999999999,-0.1927337999999999,0.8649902,-30.26311,1.85437,-30.59857,3.81929,0.4074977,0.5758791999999999,1.0,0.6207428,-0.1532287999999999,0.7688904000000001,34.65984,2.471039,-27.92165,4.460266000000001,0.3554617,0.5121838,-0.136528,1.261213,-0.06832737,0.197952,-0.5082549,0.02358091,5.345986,-43.00698,33.17
42,0.57724,-0.1652832,0.7996674,1.0,0.4632720999999999,-0.1927337999999999,0.8649902,-30.26311,1.85437,-30.59857,3.81929,0.4074977,0.5758791999999999,1.0,0.6207428,-0.1532287999999999,0.7688904000000001,34.65984,2.471039,-27.92165,4.460266000000001,0.3554617,0.5121838,-0.136528,1.261213,-0.06832737,0.197952,-0.5082549,0.02358091,5.345986,-43.00698,33.17
42,0.57724,-0.1652832,0.7996674,1.0,0.4632720999999999,-0.1927337999999999,0.8649902,-30.26311,1.85437,-30.59857,3.81929,0.4074977,0.5758791999999999,1.0,0.6207428,-0.1532287999999999,0.7688904000000001,34.65984,2.471039,-27.92165,4.460266000000001,0.3554617,0.5121838,-0.136528,1.261213,-0.06832737,0.197952,-0.5082549,0.02358091,5.345986,-43.00698,33.17
42,0.5271759,-0.199234,0.8260498,1.0,0.5271759,-0.199234,0.8260498,-29.80132,1.955688,-30.82851,3.836029,0.3828775,0.5765256,0.6206008000000001,0.0,0.0,0.0,35.10519,2.550186,-28.23215,-1.0,0.3272607,0.5124065,-0.1377789999999999,1.261219,-0.06972402,0.1968359999999999,-0.5098585,0.02754951,5.345986,-43.00698,33.17
42,0.5271759,-0.199234,0.8260498,1.0,0.5271759,-0.199234,0.8260498,-29.80132,1.955688,-30.82851,3.836029,0.3828775,0.5765256,0.6206008000000001,0.0,0.0,0.0,35.10519,2.550186,-28.23215,-1.0,0.3272607,0.5124065,-0.1377789999999999,1.261219,-0.06972402,0.1968359999999999,-0.5098585,0.02754951,5.345986,-43.00698,33.17
42,0.5271759,-0.199234,0.8260498,1.0,0.5271759,-0.199234,0.8260498,-29.80132,1.955688,-30.82851,3.836029,0.3828775,0.5765256,0.6206008000000001,0.0,0.0,0.0,35.10519,2.550186,-28.23215,-1.0,0.3272607,0.5124065,-0.1377789999999999,1.261219,-0.06972402,0.1968359999999999,-0.5098585,0.02754951,5.345986,-43.00698,33.17
42,0.5259705,-0.166626,0.8340148999999999,1.0,0.5259705,-0.166626,0.8340148999999999,-29.787,2.056015,-30.81985,3.819534,0.3826738,0.5686011,1.0,0.0,0.0,0.0,35.13646,2.6196900000000003,-28.21396,-1.0,0.3276386,0.5109773,-0.1388063,1.261014,-0.07118636,0.1979604,-0.511219,0.02898714,5.345986,-55.27821,33.17
42,0.5259705,-0.166626,0.8340148999999999,1.0,0.5259705,-0.166626,0.8340148999999999,-29.787,2.056015,-30.81985,3.819534,0.3826738,0.5686011,1.0,0.0,0.0,0.0,35.13646,2.6196900000000003,-28.21396,-1.0,0.3276386,0.5109773,-0.1388063,1.261014,-0.07118636,0.1979604,-0.511219,0.02898714,5.345986,-55.27821,33.17
42,0.5259705,-0.166626,0.8340148999999999,1.0,0.5259705,-0.166626,0.8340148999999999,-29.787,2.056015,-30.81985,3.819534,0.3826738,0.5686011,1.0,0.0,0.0,0.0,35.13646,2.6196900000000003,-28.21396,-1.0,0.3276386,0.5109773,-0.1388063,1.261014,-0.07118636,0.1979604,-0.511219,0.02898714,5.345986,-55.27821,33.17
42,0.5405121,-0.1397095,0.8296509,1.0,0.5405121,-0.1397095,0.8296509,-29.78053,2.075607,-30.83736,3.899994,0.3807745,0.5648965,0.5647383,0.0,0.0,0.0,35.14223,2.707123,-28.20148,-1.0,0.3279258,0.5078527,-0.1400487,1.261262,-0.07269406,0.1974485,-0.5129709,0.03378923,5.345986,-55.27821,33.17
42,0.5405121,-0.1397095,0.8296509,1.0,0.5405121,-0.1397095,0.8296509,-29.78053,2.075607,-30.83736,3.899994,0.3807745,0.5648965,0.5647383,0.0,0.0,0.0,35.14223,2.707123,-28.20148,-1.0,0.3279258,0.5078527,-0.1400487,1.261262,-0.07269406,0.1974485,-0.5129709,0.03378923,5.345986,-55.27821,33.17
42,0.5405121,-0.1397095,0.8296509,1.0,0.5405121,-0.1397095,0.8296509,-29.78053,2.075607,-30.83736,3.899994,0.3807745,0.5648965,0.5647383,0.0,0.0,0.0,35.14223,2.707123,-28.20148,-1.0,0.3279258,0.5078527,-0.1400487,1.261262,-0.07269406,0.1974485,-0.5129709,0.03378923,5.345986,-55.27821,33.17
42,0.5405731,-0.1287537,0.8313751,1.0,0.5405731,-0.1287537,0.8313751,-29.779190000000003,2.08638,-30.82561,3.903931,0.3807745,0.5629804,0.5276649,0.0,0.0,0.0,35.15302,2.760986,-28.19102,-1.0,0.3285847,0.5034438,-0.1411178,1.261676,-0.07398587,0.1983234999999999,-0.5142067,0.03336988,5.345986,-55.27821,33.17
42,0.5405731,-0.1287537,0.8313751,1.0,0.5405731,-0.1287537,0.8313751,-29.779190000000003,2.08638,-30.82561,3.903931,0.3807745,0.5629804,0.5276649,0.0,0.0,0.0,35.15302,2.760986,-28.19102,-1.0,0.3285847,0.5034438,-0.1411178,1.261676,-0.07398587,0.1983234999999999,-0.5142067,0.03336988,5.345986,-55.27821,33.17
42,0.5405731,-0.1287537,0.8313751,1.0,0.5405731,-0.1287537,0.8313751,-29.779190000000003,2.08638,-30.82561,3.903931,0.3807745,0.5629804,0.5276649,0.0,0.0,0.0,35.15302,2.760986,-28.19102,-1.0,0.3285847,0.5034438,-0.1411178,1.261676,-0.07398587,0.1983234999999999,-0.5142067,0.03336988,5.345986,-55.27821,33.17
42,0.5405121,-0.1434783999999999,0.8289948,1.0,0.5405121,-0.1434783999999999,0.8289948,-29.779190000000003,2.1572720000000003,-30.828000000000003,3.905472,0.3807745,0.5624295,0.4953976,0.0,0.0,0.0,35.1523,2.82785,-28.157590000000003,-1.0,0.330313,0.5024033,-0.1422193,1.262387,-0.07503778,0.1964974,-0.5156322,0.03486684,5.345986,-55.27821,33.17
42,0.5405121,-0.1434783999999999,0.8289948,1.0,0.5405121,-0.1434783999999999,0.8289948,-29.779190000000003,2.1572720000000003,-30.828000000000003,3.905472,0.3807745,0.5624295,0.4953976,0.0,0.0,0.0,35.1523,2.82785,-28.157590000000003,-1.0,0.330313,0.5024033,-0.1422193,1.262387,-0.07503778,0.1964974,-0.5156322,0.03486684,5.345986,-55.27821,33.17
42,0.5405121,-0.1434783999999999,0.8289948,1.0,0.5405121,-0.1434783999999999,0.8289948,-29.779190000000003,2.1572720000000003,-30.828000000000003,3.905472,0.3807745,0.5624295,0.4953976,0.0,0.0,0.0,35.1523,2.82785,-28.157590000000003,-1.0,0.330313,0.5024033,-0.1422193,1.262387,-0.07503778,0.1964974,-0.5156322,0.03486684,5.345986,-55.27821,33.17
42,0.5406951999999999,-0.1407013,0.829361,1.0,0.5406951999999999,-0.1407013,0.829361,-29.779190000000003,2.182983,-30.8262,3.90657,0.3807745,0.5611626999999999,0.4692366,0.0,0.0,0.0,35.15126,2.832657,-28.15343,-1.0,0.33042,0.5024033,-0.1430049,1.262742,-0.07615072,0.1953474999999999,-0.5171395999999999,0.0358545,5.345986,-55.27821,33.17
42,0.5406951999999999,-0.1407013,0.829361,1.0,0.5406951999999999,-0.1407013,0.829361,-29.779190000000003,2.182983,-30.8262,3.90657,0.3807745,0.5611626999999999,0.4692366,0.0,0.0,0.0,35.15126,2.832657,-28.15343,-1.0,0.33042,0.5024033,-0.1430049,1.262742,-0.07615072,0.1953474999999999,-0.5171395999999999,0.0358545,5.345986,-55.27821,33.17
42,0.5406951999999999,-0.1407013,0.829361,1.0,0.5406951999999999,-0.1407013,0.829361,-29.779190000000003,2.182983,-30.8262,3.90657,0.3807745,0.5611626999999999,0.4692366,0.0,0.0,0.0,35.15126,2.832657,-28.15343,-1.0,0.33042,0.5024033,-0.1430049,1.262742,-0.07615072,0.1953474999999999,-0.5171395999999999,0.0358545,5.345986,-55.27821,33.17
42,0.5406951999999999,-0.1407013,0.829361,1.0,0.5406951999999999,-0.1407013,0.829361,-29.779190000000003,2.182983,-30.8262,3.90657,0.3807745,0.5611626999999999,0.4692366,0.0,0.0,0.0,35.15126,2.832657,-28.15343,-1.0,0.33042,0.5024033,-0.1436286,1.262829,-0.07709789,0.1944457,-0.5184202,0.03886842,5.345986,-55.27821,33.17
42,0.5406951999999999,-0.1407013,0.829361,1.0,0.5406951999999999,-0.1407013,0.829361,-29.779190000000003,2.182983,-30.8262,3.90657,0.3807745,0.5611626999999999,0.4692366,0.0,0.0,0.0,35.15126,2.832657,-28.15343,-1.0,0.33042,0.5024033,-0.1436286,1.262829,-0.07709789,0.1944457,-0.5184202,0.03886842,5.345986,-55.27821,33.17
42,0.5406951999999999,-0.1407013,0.829361,1.0,0.5406951999999999,-0.1407013,0.829361,-29.779190000000003,2.182983,-30.8262,3.90657,0.3807745,0.5611626999999999,0.4692366,0.0,0.0,0.0,35.15126,2.832657,-28.15343,-1.0,0.33042,0.5024033,-0.1436286,1.262829,-0.07709789,0.1944457,-0.5184202,0.03886842,5.345986,-55.27821,33.17
42,0.5411986999999999,-0.1338958999999999,0.8301544,1.0,0.5411986999999999,-0.1338958999999999,0.8301544,-29.779190000000003,2.1844330000000003,-30.8257,3.92836,0.3807745,0.560245,0.4692366,0.0,0.0,0.0,35.15187,2.83287,-28.15169,-1.0,0.3304215,0.5023361,-0.1439592999999999,1.262707,-0.07782513,0.1951858,-0.5191317,0.03900104,5.345986,-60.11863,33.17
42,0.5411986999999999,-0.1338958999999999,0.8301544,1.0,0.5411986999999999,-0.1338958999999999,0.8301544,-29.779190000000003,2.1844330000000003,-30.8257,3.92836,0.3807745,0.560245,0.4692366,0.0,0.0,0.0,35.15187,2.83287,-28.15169,-1.0,0.3304215,0.5023361,-0.1439592999999999,1.262707,-0.07782513,0.1951858,-0.5191317,0.03900104,5.345986,-60.11863,33.17
42,0.5411986999999999,-0.1338958999999999,0.8301544,1.0,0.5411986999999999,-0.1338958999999999,0.8301544,-29.779190000000003,2.1844330000000003,-30.8257,3.92836,0.3807745,0.560245,0.4692366,0.0,0.0,0.0,35.15187,2.83287,-28.15169,-1.0,0.3304215,0.5023361,-0.1439592999999999,1.262707,-0.07782513,0.1951858,-0.5191317,0.03900104,5.345986,-60.11863,33.17
42,0.5411986999999999,-0.1338958999999999,0.8301544,1.0,0.5411986999999999,-0.1338958999999999,0.8301544,-29.779190000000003,2.1844330000000003,-30.8257,3.92836,0.3807745,0.560245,0.4692366,0.0,0.0,0.0,35.15187,2.83287,-28.15169,-1.0,0.3304215,0.5023361,-0.1444267999999999,1.2627620000000002,-0.07838887,0.1943701,-0.5187016999999999,0.04097782,5.345986,-60.11863,33.17
42,0.5411986999999999,-0.1338958999999999,0.8301544,1.0,0.5411986999999999,-0.1338958999999999,0.8301544,-29.779190000000003,2.1844330000000003,-30.8257,3.92836,0.3807745,0.560245,0.4692366,0.0,0.0,0.0,35.15187,2.83287,-28.15169,-1.0,0.3304215,0.5023361,-0.1444267999999999,1.2627620000000002,-0.07838887,0.1943701,-0.5187016999999999,0.04097782,5.345986,-60.11863,33.17
42,0.5411986999999999,-0.1338958999999999,0.8301544,1.0,0.5411986999999999,-0.1338958999999999,0.8301544,-29.779190000000003,2.1844330000000003,-30.8257,3.92836,0.3807745,0.560245,0.4692366,0.0,0.0,0.0,35.15187,2.83287,-28.15169,-1.0,0.3304215,0.5023361,-0.1444267999999999,1.2627620000000002,-0.07838887,0.1943701,-0.5187016999999999,0.04097782,5.345986,-60.11863,33.17
42,0.6311951,-0.07815552,0.7716675000000001,1.0,0.6311951,-0.07815552,0.7716675000000001,-29.834670000000003,2.226563,-30.97466,4.132446,0.3710401,0.5550271,0.4141082,0.0,0.0,0.0,35.13054,2.811127,-28.13818,-1.0,0.3316287,0.5029142,-0.1447658999999999,1.262938,-0.07879257,0.1946008,-0.5185936,0.04158667,5.345986,-60.11863,33.17
42,0.6311951,-0.07815552,0.7716675000000001,1.0,0.6311951,-0.07815552,0.7716675000000001,-29.834670000000003,2.226563,-30.97466,4.132446,0.3710401,0.5550271,0.4141082,0.0,0.0,0.0,35.13054,2.811127,-28.13818,-1.0,0.3316287,0.5029142,-0.1447658999999999,1.262938,-0.07879257,0.1946008,-0.5185936,0.04158667,5.345986,-60.11863,33.17
42,0.6311951,-0.07815552,0.7716675000000001,1.0,0.6311951,-0.07815552,0.7716675000000001,-29.834670000000003,2.226563,-30.97466,4.132446,0.3710401,0.5550271,0.4141082,0.0,0.0,0.0,35.13054,2.811127,-28.13818,-1.0,0.3316287,0.5029142,-0.1447658999999999,1.262938,-0.07879257,0.1946008,-0.5185936,0.04158667,5.345986,-60.11863,33.17
42,0.6311951,-0.07815552,0.7716675000000001,1.0,0.6311951,-0.07815552,0.7716675000000001,-29.834670000000003,2.226563,-30.97466,4.132446,0.3710401,0.5550271,0.4141082,0.0,0.0,0.0,35.13054,2.811127,-28.13818,-1.0,0.3316287,0.5029142,-0.144923,1.263101,-0.07888752,0.1943654,-0.5180392,0.04170046,5.345986,-60.11863,33.17
42,0.6311951,-0.07815552,0.7716675000000001,1.0,0.6311951,-0.07815552,0.7716675000000001,-29.834670000000003,2.226563,-30.97466,4.132446,0.3710401,0.5550271,0.4141082,0.0,0.0,0.0,35.13054,2.811127,-28.13818,-1.0,0.3316287,0.5029142,-0.144923,1.263101,-0.07888752,0.1943654,-0.5180392,0.04170046,5.345986,-60.11863,33.17
42,0.6311951,-0.07815552,0.7716675000000001,1.0,0.6311951,-0.07815552,0.7716675000000001,-29.834670000000003,2.226563,-30.97466,4.132446,0.3710401,0.5550271,0.4141082,0.0,0.0,0.0,35.13054,2.811127,-28.13818,-1.0,0.3316287,0.5029142,-0.144923,1.263101,-0.07888752,0.1943654,-0.5180392,0.04170046,5.345986,-60.11863,33.17
43,0.5868225,-0.07818604,0.8059235,1.0,0.4994659000000001,-0.05882263,0.8643188,-30.097,2.40535,-30.637940000000004,4.151154,0.3982217,0.5406454,0.3536013,0.6298676,-0.08796692,0.7716826999999999,34.840090000000004,3.018494,-27.95152,4.567215,0.3484159,0.4860643,-0.1452447999999999,1.263346,-0.07905293,0.1931551,-0.518055,0.04240446,5.345986,-60.11863,33.17
43,0.5868225,-0.07818604,0.8059235,1.0,0.4994659000000001,-0.05882263,0.8643188,-30.097,2.40535,-30.637940000000004,4.151154,0.3982217,0.5406454,0.3536013,0.6298676,-0.08796692,0.7716826999999999,34.840090000000004,3.018494,-27.95152,4.567215,0.3484159,0.4860643,-0.1452447999999999,1.263346,-0.07905293,0.1931551,-0.518055,0.04240446,5.345986,-60.11863,33.17
43,0.5868225,-0.07818604,0.8059235,1.0,0.4994659000000001,-0.05882263,0.8643188,-30.097,2.40535,-30.637940000000004,4.151154,0.3982217,0.5406454,0.3536013,0.6298676,-0.08796692,0.7716826999999999,34.840090000000004,3.018494,-27.95152,4.567215,0.3484159,0.4860643,-0.1452447999999999,1.263346,-0.07905293,0.1931551,-0.518055,0.04240446,5.345986,-60.11863,33.17
43,0.5669708000000001,-0.03909302,0.8227844000000001,0.9642165,0.4220581,-0.06851196,0.9039612,-30.31508,2.569901,-30.4521,3.971329,0.4155063,0.5332771,0.2668635,0.5954742,-0.03274536,0.8027039,34.61867,3.192825,-27.836440000000003,4.653351,0.3609829,0.4721236,-0.1452453,1.26337,-0.07924992,0.193114,-0.517622,0.04211771,5.345986,-78.36229,33.17
43,0.5669708000000001,-0.03909302,0.8227844000000001,0.9642165,0.4220581,-0.06851196,0.9039612,-30.31508,2.569901,-30.4521,3.971329,0.4155063,0.5332771,0.2668635,0.5954742,-0.03274536,0.8027039,34.61867,3.192825,-27.836440000000003,4.653351,0.3609829,0.4721236,-0.1452453,1.26337,-0.07924992,0.193114,-0.517622,0.04211771,5.345986,-78.36229,33.17
43,0.5669708000000001,-0.03909302,0.8227844000000001,0.9642165,0.4220581,-0.06851196,0.9039612,-30.31508,2.569901,-30.4521,3.971329,0.4155063,0.5332771,0.2668635,0.5954742,-0.03274536,0.8027039,34.61867,3.192825,-27.836440000000003,4.653351,0.3609829,0.4721236,-0.1452453,1.26337,-0.07924992,0.193114,-0.517622,0.04211771,5.345986,-78.36229,33.17
43,0.5439301,-0.05308533,0.8374328999999999,0.9509932,0.4291382,-0.0536499,0.9016266,-30.3206,2.563263,-30.45615,3.994446,0.4148673,0.5318081,0.2448893,0.5924683000000001,-0.05253601,0.8038635000000001,34.63647,3.189545,-27.82356,4.626007,0.3607805,0.4744305,-0.1452317,1.263386,-0.07956904,0.1925684,-0.518468,0.04271493,5.345986,-78.36229,33.17
43,0.5439301,-0.05308533,0.8374328999999999,0.9509932,0.4291382,-0.0536499,0.9016266,-30.3206,2.563263,-30.45615,3.994446,0.4148673,0.5318081,0.2448893,0.5924683000000001,-0.05253601,0.8038635000000001,34.63647,3.189545,-27.82356,4.626007,0.3607805,0.4744305,-0.1452317,1.263386,-0.07956904,0.1925684,-0.518468,0.04271493,5.345986,-78.36229,33.17
43,0.5439301,-0.05308533,0.8374328999999999,0.9509932,0.4291382,-0.0536499,0.9016266,-30.3206,2.563263,-30.45615,3.994446,0.4148673,0.5318081,0.2448893,0.5924683000000001,-0.05253601,0.8038635000000001,34.63647,3.189545,-27.82356,4.626007,0.3607805,0.4744305,-0.1452317,1.263386,-0.07956904,0.1925684,-0.518468,0.04271493,5.345986,-78.36229,33.17
43,0.5279694,-0.05059814,0.8477478,0.9672707,0.4259338,-0.05476379,0.9030914,-30.31911,2.565643,-30.455170000000003,3.99173,0.4152148,0.5318081,0.2729212,0.5927429,-0.0473938,0.8039856,34.64481,3.1859740000000003,-27.82913,4.646026999999999,0.3604633,0.4739936999999999,-0.1452019,1.263387,-0.08005333,0.1922767,-0.5180895999999999,0.04413547,5.345986,-78.36229,33.17
43,0.5279694,-0.05059814,0.8477478,0.9672707,0.4259338,-0.05476379,0.9030914,-30.31911,2.565643,-30.455170000000003,3.99173,0.4152148,0.5318081,0.2729212,0.5927429,-0.0473938,0.8039856,34.64481,3.1859740000000003,-27.82913,4.646026999999999,0.3604633,0.4739936999999999,-0.1452019,1.263387,-0.08005333,0.1922767,-0.5180895999999999,0.04413547,5.345986,-78.36229,33.17
43,0.5279694,-0.05059814,0.8477478,0.9672707,0.4259338,-0.05476379,0.9030914,-30.31911,2.565643,-30.455170000000003,3.99173,0.4152148,0.5318081,0.2729212,0.5927429,-0.0473938,0.8039856,34.64481,3.1859740000000003,-27.82913,4.646026999999999,0.3604633,0.4739936999999999,-0.1452019,1.263387,-0.08005333,0.1922767,-0.5180895999999999,0.04413547,5.345986,-78.36229,33.17
43,0.5227814000000001,-0.04830933,0.8510742,0.972465,0.4276581,-0.05445862,0.9022827,-30.31796,2.5655360000000003,-30.45615,3.992294,0.4149587,0.5318081,0.2281748,0.5913239,-0.04322815,0.8052521,34.65263,3.182358,-27.83377,4.647476,0.3603832,0.4736301999999999,-0.1452019,1.263387,-0.08005333,0.1922767,-0.5180895999999999,0.04413547,5.345986,-78.36229,33.17
43,0.5227814000000001,-0.04830933,0.8510742,0.972465,0.4276581,-0.05445862,0.9022827,-30.31796,2.5655360000000003,-30.45615,3.992294,0.4149587,0.5318081,0.2281748,0.5913239,-0.04322815,0.8052521,34.65263,3.182358,-27.83377,4.647476,0.3603832,0.4736301999999999,-0.1452019,1.263387,-0.08005333,0.1922767,-0.5180895999999999,0.04413547,5.345986,-78.36229,33.17
43,0.5227814000000001,-0.04830933,0.8510742,0.972465,0.4276581,-0.05445862,0.9022827,-30.31796,2.5655360000000003,-30.45615,3.992294,0.4149587,0.5318081,0.2281748,0.5913239,-0.04322815,0.8052521,34.65263,3.182358,-27.83377,4.647476,0.3603832,0.4736301999999999,-0.1452019,1.263387,-0.08005333,0.1922767,-0.5180895999999999,0.04413547,5.345986,-78.36229,33.17
43,0.5227814000000001,-0.04830933,0.8510742,0.972465,0.4276581,-0.05445862,0.9022827,-30.31796,2.5655360000000003,-30.45615,3.992294,0.4149587,0.5318081,0.2281748,0.5913239,-0.04322815,0.8052521,34.65263,3.182358,-27.83377,4.647476,0.3603832,0.4736301999999999,-0.1449857,1.263629,-0.07999986,0.1918702,-0.5174721999999999,0.04325563,5.345986,-78.36229,33.17
43,0.5227814000000001,-0.04830933,0.8510742,0.972465,0.4276581,-0.05445862,0.9022827,-30.31796,2.5655360000000003,-30.45615,3.992294,0.4149587,0.5318081,0.2281748,0.5913239,-0.04322815,0.8052521,34.65263,3.182358,-27.83377,4.647476,0.3603832,0.4736301999999999,-0.1449857,1.263629,-0.07999986,0.1918702,-0.5174721999999999,0.04325563,5.345986,-78.36229,33.17
43,0.5227814000000001,-0.04830933,0.8510742,0.972465,0.4276581,-0.05445862,0.9022827,-30.31796,2.5655360000000003,-30.45615,3.992294,0.4149587,0.5318081,0.2281748,0.5913239,-0.04322815,0.8052521,34.65263,3.182358,-27.83377,4.647476,0.3603832,0.4736301999999999,-0.1449857,1.263629,-0.07999986,0.1918702,-0.5174721999999999,0.04325563,5.345986,-78.36229,33.17
43,0.5209808,-0.04492188,0.8523712,0.9559154,0.4273987,-0.05134583,0.9025879,-30.31856,2.565109,-30.45677,4.002289,0.4150348,0.5314475000000001,0.3047354,0.590271,-0.03953552,0.8062286,34.656859999999995,3.18338,-27.8371,4.648361,0.3603792,0.4731632,-0.1447163,1.263702,-0.07990688,0.1915782999999999,-0.5164317,0.04401316,5.345986,-78.36229,33.17
43,0.5209808,-0.04492188,0.8523712,0.9559154,0.4273987,-0.05134583,0.9025879,-30.31856,2.565109,-30.45677,4.002289,0.4150348,0.5314475000000001,0.3047354,0.590271,-0.03953552,0.8062286,34.656859999999995,3.18338,-27.8371,4.648361,0.3603792,0.4731632,-0.1447163,1.263702,-0.07990688,0.1915782999999999,-0.5164317,0.04401316,5.345986,-78.36229,33.17
43,0.5209808,-0.04492188,0.8523712,0.9559154,0.4273987,-0.05134583,0.9025879,-30.31856,2.565109,-30.45677,4.002289,0.4150348,0.5314475000000001,0.3047354,0.590271,-0.03953552,0.8062286,34.656859999999995,3.18338,-27.8371,4.648361,0.3603792,0.4731632,-0.1447163,1.263702,-0.07990688,0.1915782999999999,-0.5164317,0.04401316,5.345986,-78.36229,33.17
43,0.5209808,-0.04492188,0.8523712,0.9559154,0.4273987,-0.05134583,0.9025879,-30.31856,2.565109,-30.45677,4.002289,0.4150348,0.5314475000000001,0.3047354,0.590271,-0.03953552,0.8062286,34.656859999999995,3.18338,-27.8371,4.648361,0.3603792,0.4731632,-0.1441441,1.2636120000000002,-0.07963049,0.1925108999999999,-0.514754,0.04305623,5.311388,-33.79834,33.17
43,0.5209808,-0.04492188,0.8523712,0.9559154,0.4273987,-0.05134583,0.9025879,-30.31856,2.565109,-30.45677,4.002289,0.4150348,0.5314475000000001,0.3047354,0.590271,-0.03953552,0.8062286,34.656859999999995,3.18338,-27.8371,4.648361,0.3603792,0.4731632,-0.1441441,1.2636120000000002,-0.07963049,0.1925108999999999,-0.514754,0.04305623,5.311388,-33.79834,33.17
43,0.5209808,-0.04492188,0.8523712,0.9559154,0.4273987,-0.05134583,0.9025879,-30.31856,2.565109,-30.45677,4.002289,0.4150348,0.5314475000000001,0.3047354,0.590271,-0.03953552,0.8062286,34.656859999999995,3.18338,-27.8371,4.648361,0.3603792,0.4731632,-0.1441441,1.2636120000000002,-0.07963049,0.1925108999999999,-0.514754,0.04305623,5.311388,-33.79834,33.17
43,0.526886,-0.05406189,0.8482056,0.9527309000000002,0.4263611,-0.05766296,0.90271,-30.31998,2.5655360000000003,-30.45605,3.999863,0.4152019,0.5321968,0.2207206,0.6122894,-0.0501709,0.789032,34.68393,3.211243,-27.87762,4.609694999999999,0.3563976,0.4741444,-0.1437321,1.2636120000000002,-0.07938898,0.1916047999999999,-0.513838,0.04386827,5.311388,-33.79834,33.17
43,0.526886,-0.05406189,0.8482056,0.9527309000000002,0.4263611,-0.05766296,0.90271,-30.31998,2.5655360000000003,-30.45605,3.999863,0.4152019,0.5321968,0.2207206,0.6122894,-0.0501709,0.789032,34.68393,3.211243,-27.87762,4.609694999999999,0.3563976,0.4741444,-0.1437321,1.2636120000000002,-0.07938898,0.1916047999999999,-0.513838,0.04386827,5.311388,-33.79834,33.17
43,0.526886,-0.05406189,0.8482056,0.9527309000000002,0.4263611,-0.05766296,0.90271,-30.31998,2.5655360000000003,-30.45605,3.999863,0.4152019,0.5321968,0.2207206,0.6122894,-0.0501709,0.789032,34.68393,3.211243,-27.87762,4.609694999999999,0.3563976,0.4741444,-0.1437321,1.2636120000000002,-0.07938898,0.1916047999999999,-0.513838,0.04386827,5.311388,-33.79834,33.17
43,0.526886,-0.05406189,0.8482056,0.9527309000000002,0.4263611,-0.05766296,0.90271,-30.31998,2.5655360000000003,-30.45605,3.999863,0.4152019,0.5321968,0.2207206,0.6122894,-0.0501709,0.789032,34.68393,3.211243,-27.87762,4.609694999999999,0.3563976,0.4741444,-0.1433527,1.263417,-0.07926434,0.1926379,-0.512558,0.04349371,5.311388,-33.79834,33.17
43,0.526886,-0.05406189,0.8482056,0.9527309000000002,0.4263611,-0.05766296,0.90271,-30.31998,2.5655360000000003,-30.45605,3.999863,0.4152019,0.5321968,0.2207206,0.6122894,-0.0501709,0.789032,34.68393,3.211243,-27.87762,4.609694999999999,0.3563976,0.4741444,-0.1433527,1.263417,-0.07926434,0.1926379,-0.512558,0.04349371,5.311388,-33.79834,33.17
43,0.526886,-0.05406189,0.8482056,0.9527309000000002,0.4263611,-0.05766296,0.90271,-30.31998,2.5655360000000003,-30.45605,3.999863,0.4152019,0.5321968,0.2207206,0.6122894,-0.0501709,0.789032,34.68393,3.211243,-27.87762,4.609694999999999,0.3563976,0.4741444,-0.1433527,1.263417,-0.07926434,0.1926379,-0.512558,0.04349371,5.311388,-33.79834,33.17
43,0.5217285,-0.04592896,0.8518524,1.0,0.4193573,-0.05641174,0.9060516,-30.27675,2.586044,-30.45758,3.978714,0.4145465,0.5312328000000001,0.2189173999999999,0.6170654000000001,-0.03482056,0.7861328000000001,34.73746,3.224472,-27.91229,4.690109,0.3539104,0.4722419,-0.1430545,1.263422,-0.07912952,0.1925647999999999,-0.5126141,0.04321427,5.311388,-33.79834,33.17
43,0.5217285,-0.04592896,0.8518524,1.0,0.4193573,-0.05641174,0.9060516,-30.27675,2.586044,-30.45758,3.978714,0.4145465,0.5312328000000001,0.2189173999999999,0.6170654000000001,-0.03482056,0.7861328000000001,34.73746,3.224472,-27.91229,4.690109,0.3539104,0.4722419,-0.1430545,1.263422,-0.07912952,0.1925647999999999,-0.5126141,0.04321427,5.311388,-33.79834,33.17
43,0.5217285,-0.04592896,0.8518524,1.0,0.4193573,-0.05641174,0.9060516,-30.27675,2.586044,-30.45758,3.978714,0.4145465,0.5312328000000001,0.2189173999999999,0.6170654000000001,-0.03482056,0.7861328000000001,34.73746,3.224472,-27.91229,4.690109,0.3539104,0.4722419,-0.1430545,1.263422,-0.07912952,0.1925647999999999,-0.5126141,0.04321427,5.311388,-33.79834,33.17
43,0.5315094,-0.04629517,0.8457794,0.9760035,0.4200744999999999,-0.05755615,0.9056549,-30.27332,2.594498,-30.45963,3.988693,0.4143557,0.5311134,0.2024323999999999,0.6193695,-0.03613281,0.7842560000000001,34.739290000000004,3.230011,-27.91356,4.73201,0.3535422,0.4722854,-0.1424138999999999,1.263466,-0.07893664,0.1926475,-0.512138,0.04228701,5.311388,139.3529,33.17
43,0.5315094,-0.04629517,0.8457794,0.9760035,0.4200744999999999,-0.05755615,0.9056549,-30.27332,2.594498,-30.45963,3.988693,0.4143557,0.5311134,0.2024323999999999,0.6193695,-0.03613281,0.7842560000000001,34.739290000000004,3.230011,-27.91356,4.73201,0.3535422,0.4722854,-0.1424138999999999,1.263466,-0.07893664,0.1926475,-0.512138,0.04228701,5.311388,139.3529,33.17
43,0.5315094,-0.04629517,0.8457794,0.9760035,0.4200744999999999,-0.05755615,0.9056549,-30.27332,2.594498,-30.45963,3.988693,0.4143557,0.5311134,0.2024323999999999,0.6193695,-0.03613281,0.7842560000000001,34.739290000000004,3.230011,-27.91356,4.73201,0.3535422,0.4722854,-0.1424138999999999,1.263466,-0.07893664,0.1926475,-0.512138,0.04228701,5.311388,139.3529,33.17
43,0.5440520999999999,-0.05117798,0.8374786,0.9891214,0.4259491,-0.05651855,0.9029694,-30.27161,2.594803,-30.460890000000003,3.984695,0.4135495,0.5310499,0.2692414,0.6204071,-0.04690552,0.7828522,34.74248,3.232788,-27.91484,4.705551,0.3532763,0.4734975999999999,-0.1423156,1.263521,-0.07890356,0.1921013,-0.5123318,0.04352393,5.311388,139.3529,33.17
43,0.5440520999999999,-0.05117798,0.8374786,0.9891214,0.4259491,-0.05651855,0.9029694,-30.27161,2.594803,-30.460890000000003,3.984695,0.4135495,0.5310499,0.2692414,0.6204071,-0.04690552,0.7828522,34.74248,3.232788,-27.91484,4.705551,0.3532763,0.4734975999999999,-0.1423156,1.263521,-0.07890356,0.1921013,-0.5123318,0.04352393,5.311388,139.3529,33.17
43,0.5440520999999999,-0.05117798,0.8374786,0.9891214,0.4259491,-0.05651855,0.9029694,-30.27161,2.594803,-30.460890000000003,3.984695,0.4135495,0.5310499,0.2692414,0.6204071,-0.04690552,0.7828522,34.74248,3.232788,-27.91484,4.705551,0.3532763,0.4734975999999999,-0.1423156,1.263521,-0.07890356,0.1921013,-0.5123318,0.04352393,5.311388,139.3529,33.17
43,0.5440520999999999,-0.05117798,0.8374786,0.9891214,0.4259491,-0.05651855,0.9029694,-30.27161,2.594803,-30.460890000000003,3.984695,0.4135495,0.5310499,0.2692414,0.6204071,-0.04690552,0.7828522,34.74248,3.232788,-27.91484,4.705551,0.3532763,0.4734975999999999,-0.1423156,1.263521,-0.07890356,0.1921013,-0.5123318,0.04352393,5.311388,139.3529,33.17
43,0.5440520999999999,-0.05117798,0.8374786,0.9891214,0.4259491,-0.05651855,0.9029694,-30.27161,2.594803,-30.460890000000003,3.984695,0.4135495,0.5310499,0.2692414,0.6204071,-0.04690552,0.7828522,34.74248,3.232788,-27.91484,4.705551,0.3532763,0.4734975999999999,-0.1423156,1.263521,-0.07890356,0.1921013,-0.5123318,0.04352393,5.311388,139.3529,33.17
43,0.5440520999999999,-0.05117798,0.8374786,0.9891214,0.4259491,-0.05651855,0.9029694,-30.27161,2.594803,-30.460890000000003,3.984695,0.4135495,0.5310499,0.2692414,0.6204071,-0.04690552,0.7828522,34.74248,3.232788,-27.91484,4.705551,0.3532763,0.4734975999999999,-0.1423156,1.263521,-0.07890356,0.1921013,-0.5123318,0.04352393,5.311388,139.3529,33.17
43,0.5440520999999999,-0.05117798,0.8374786,0.9891214,0.4259491,-0.05651855,0.9029694,-30.27161,2.594803,-30.460890000000003,3.984695,0.4135495,0.5310499,0.2692414,0.6204071,-0.04690552,0.7828522,34.74248,3.232788,-27.91484,4.705551,0.3532763,0.4734975999999999,-0.1422662999999999,1.263843,-0.07892883,0.1918356,-0.5123306,0.0421216,5.311388,139.3529,33.17
43,0.5440520999999999,-0.05117798,0.8374786,0.9891214,0.4259491,-0.05651855,0.9029694,-30.27161,2.594803,-30.460890000000003,3.984695,0.4135495,0.5310499,0.2692414,0.6204071,-0.04690552,0.7828522,34.74248,3.232788,-27.91484,4.705551,0.3532763,0.4734975999999999,-0.1422662999999999,1.263843,-0.07892883,0.1918356,-0.5123306,0.0421216,5.311388,139.3529,33.17
43,0.5440520999999999,-0.05117798,0.8374786,0.9891214,0.4259491,-0.05651855,0.9029694,-30.27161,2.594803,-30.460890000000003,3.984695,0.4135495,0.5310499,0.2692414,0.6204071,-0.04690552,0.7828522,34.74248,3.232788,-27.91484,4.705551,0.3532763,0.4734975999999999,-0.1422662999999999,1.263843,-0.07892883,0.1918356,-0.5123306,0.0421216,5.311388,139.3529,33.17
43,0.5451508,-0.04243469,0.8372497999999999,1.0,0.4264984,-0.05540466,0.902771,-30.308640000000004,2.595154,-30.45877,4.006439,0.4148135,0.5309108,0.2468671,0.6304474,-0.03181458,0.7755585,34.72153,3.210327,-27.9408,4.690689,0.3525598,0.4728181999999999,-0.1421747,1.263989,-0.07877833,0.1920154,-0.512169,0.04135482,5.311388,95.95093,33.17
43,0.5451508,-0.04243469,0.8372497999999999,1.0,0.4264984,-0.05540466,0.902771,-30.308640000000004,2.595154,-30.45877,4.006439,0.4148135,0.5309108,0.2468671,0.6304474,-0.03181458,0.7755585,34.72153,3.210327,-27.9408,4.690689,0.3525598,0.4728181999999999,-0.1421747,1.263989,-0.07877833,0.1920154,-0.512169,0.04135482,5.311388,95.95093,33.17
43,0.5451508,-0.04243469,0.8372497999999999,1.0,0.4264984,-0.05540466,0.902771,-30.308640000000004,2.595154,-30.45877,4.006439,0.4148135,0.5309108,0.2468671,0.6304474,-0.03181458,0.7755585,34.72153,3.210327,-27.9408,4.690689,0.3525598,0.4728181999999999,-0.1421747,1.263989,-0.07877833,0.1920154,-0.512169,0.04135482,5.311388,95.95093,33.17
43,0.2462462999999999,0.04234314,0.968277,0.8372816999999999,0.0,0.0,0.0,-31.68802,3.501343,-30.37994,-1.0,0.5058621,0.4807029,0.4331344,0.2462462999999999,0.04234314,0.968277,33.15082,3.763641,-27.20264,4.47052,0.4547380999999999,0.4368097999999999,-0.1420577,1.264585,-0.07801199,0.1903148999999999,-0.5104548,0.04044794,5.311388,95.95093,33.17
43,0.2462462999999999,0.04234314,0.968277,0.8372816999999999,0.0,0.0,0.0,-31.68802,3.501343,-30.37994,-1.0,0.5058621,0.4807029,0.4331344,0.2462462999999999,0.04234314,0.968277,33.15082,3.763641,-27.20264,4.47052,0.4547380999999999,0.4368097999999999,-0.1420577,1.264585,-0.07801199,0.1903148999999999,-0.5104548,0.04044794,5.311388,95.95093,33.17
43,0.2462462999999999,0.04234314,0.968277,0.8372816999999999,0.0,0.0,0.0,-31.68802,3.501343,-30.37994,-1.0,0.5058621,0.4807029,0.4331344,0.2462462999999999,0.04234314,0.968277,33.15082,3.763641,-27.20264,4.47052,0.4547380999999999,0.4368097999999999,-0.1420577,1.264585,-0.07801199,0.1903148999999999,-0.5104548,0.04044794,5.311388,95.95093,33.17
43,-0.00793457,0.1679077,0.9857635,0.7972974,-0.1519623,0.1022491,0.983078,-32.38556,4.109634,-32.17113,4.236358999999999,0.558739,0.4731314,0.430159,-0.00793457,0.1679077,0.9857635,32.30446,4.001297,-28.269820000000003,4.535507,0.512432,0.4233769,-0.1420577,1.264585,-0.07801199,0.1903148999999999,-0.5104548,0.04044794,5.311388,95.95093,33.17
43,-0.00793457,0.1679077,0.9857635,0.7972974,-0.1519623,0.1022491,0.983078,-32.38556,4.109634,-32.17113,4.236358999999999,0.558739,0.4731314,0.430159,-0.00793457,0.1679077,0.9857635,32.30446,4.001297,-28.269820000000003,4.535507,0.512432,0.4233769,-0.1420577,1.264585,-0.07801199,0.1903148999999999,-0.5104548,0.04044794,5.311388,95.95093,33.17
43,-0.00793457,0.1679077,0.9857635,0.7972974,-0.1519623,0.1022491,0.983078,-32.38556,4.109634,-32.17113,4.236358999999999,0.558739,0.4731314,0.430159,-0.00793457,0.1679077,0.9857635,32.30446,4.001297,-28.269820000000003,4.535507,0.512432,0.4233769,-0.1420577,1.264585,-0.07801199,0.1903148999999999,-0.5104548,0.04044794,5.311388,95.95093,33.17
43,-0.01126099,0.1367645,0.9905243,0.7991871,-0.148056,0.0466156,0.9878693,-32.516220000000004,3.5573120000000005,-30.63969,3.851257,0.5612921,0.4851014,0.6796849,0.03613281,0.167099,0.9852753,32.46326,3.563904,-27.174840000000003,4.499176,0.502085,0.4292254,-0.1415639,1.264489,-0.0775314,0.1907152999999999,-0.5087891999999999,0.04006417,5.311388,95.95093,33.17
43,-0.01126099,0.1367645,0.9905243,0.7991871,-0.148056,0.0466156,0.9878693,-32.516220000000004,3.5573120000000005,-30.63969,3.851257,0.5612921,0.4851014,0.6796849,0.03613281,0.167099,0.9852753,32.46326,3.563904,-27.174840000000003,4.499176,0.502085,0.4292254,-0.1415639,1.264489,-0.0775314,0.1907152999999999,-0.5087891999999999,0.04006417,5.311388,95.95093,33.17
43,-0.01126099,0.1367645,0.9905243,0.7991871,-0.148056,0.0466156,0.9878693,-32.516220000000004,3.5573120000000005,-30.63969,3.851257,0.5612921,0.4851014,0.6796849,0.03613281,0.167099,0.9852753,32.46326,3.563904,-27.174840000000003,4.499176,0.502085,0.4292254,-0.1415639,1.264489,-0.0775314,0.1907152999999999,-0.5087891999999999,0.04006417,5.311388,95.95093,33.17
43,0.04234314,0.1693267999999999,0.9846344,0.7786959,-0.12854,0.0320282,0.9911804,-32.51877,3.520065,-30.52371,3.817337,0.5588866,0.4870181999999999,0.6101365,0.0428009,0.169693,0.9845581,32.47379,3.568481,-27.23286,4.498688,0.5009612,0.4292254,-0.1410401,1.264342,-0.07697695,0.1913157,-0.5069996,0.03993668,5.311388,95.95093,33.17
43,0.04234314,0.1693267999999999,0.9846344,0.7786959,-0.12854,0.0320282,0.9911804,-32.51877,3.520065,-30.52371,3.817337,0.5588866,0.4870181999999999,0.6101365,0.0428009,0.169693,0.9845581,32.47379,3.568481,-27.23286,4.498688,0.5009612,0.4292254,-0.1410401,1.264342,-0.07697695,0.1913157,-0.5069996,0.03993668,5.311388,95.95093,33.17
43,0.04234314,0.1693267999999999,0.9846344,0.7786959,-0.12854,0.0320282,0.9911804,-32.51877,3.520065,-30.52371,3.817337,0.5588866,0.4870181999999999,0.6101365,0.0428009,0.169693,0.9845581,32.47379,3.568481,-27.23286,4.498688,0.5009612,0.4292254,-0.1410401,1.264342,-0.07697695,0.1913157,-0.5069996,0.03993668,5.311388,95.95093,33.17
43,-0.004608154,0.1329956,0.9911041,0.8037888000000001,-0.1271515,0.03739929,0.9911652,-32.521159999999995,3.486206,-30.42216,3.87178,0.5587597,0.4867081,0.7307134,0.05400085,0.1775665,0.9826202,32.50294,3.59024,-27.3149,4.524551,0.498671,0.4282710999999999,-0.140425,1.264022,-0.07602245,0.1916088,-0.5046468,0.03935144,5.311388,27.44684,33.17
43,-0.004608154,0.1329956,0.9911041,0.8037888000000001,-0.1271515,0.03739929,0.9911652,-32.521159999999995,3.486206,-30.42216,3.87178,0.5587597,0.4867081,0.7307134,0.05400085,0.1775665,0.9826202,32.50294,3.59024,-27.3149,4.524551,0.498671,0.4282710999999999,-0.140425,1.264022,-0.07602245,0.1916088,-0.5046468,0.03935144,5.311388,27.44684,33.17
43,-0.004608154,0.1329956,0.9911041,0.8037888000000001,-0.1271515,0.03739929,0.9911652,-32.521159999999995,3.486206,-30.42216,3.87178,0.5587597,0.4867081,0.7307134,0.05400085,0.1775665,0.9826202,32.50294,3.59024,-27.3149,4.524551,0.498671,0.4282710999999999,-0.140425,1.264022,-0.07602245,0.1916088,-0.5046468,0.03935144,5.311388,27.44684,33.17
43,-0.005111694,0.1366425,0.9906006,0.8015732,-0.127182,0.05010986,0.9906006,-32.520140000000005,3.482559,-30.42088,3.884338,0.5587444,0.4853189999999999,0.7985241999999999,0.05316162,0.1768341,0.9827881,32.51503,3.590439,-27.34581,4.526001,0.4983573,0.4285912999999999,-0.140425,1.264022,-0.07602245,0.1916088,-0.5046468,0.03935144,5.311388,27.44684,33.17
43,-0.005111694,0.1366425,0.9906006,0.8015732,-0.127182,0.05010986,0.9906006,-32.520140000000005,3.482559,-30.42088,3.884338,0.5587444,0.4853189999999999,0.7985241999999999,0.05316162,0.1768341,0.9827881,32.51503,3.590439,-27.34581,4.526001,0.4983573,0.4285912999999999,-0.140425,1.264022,-0.07602245,0.1916088,-0.5046468,0.03935144,5.311388,27.44684,33.17
43,-0.005111694,0.1366425,0.9906006,0.8015732,-0.127182,0.05010986,0.9906006,-32.520140000000005,3.482559,-30.42088,3.884338,0.5587444,0.4853189999999999,0.7985241999999999,0.05316162,0.1768341,0.9827881,32.51503,3.590439,-27.34581,4.526001,0.4983573,0.4285912999999999,-0.140425,1.264022,-0.07602245,0.1916088,-0.5046468,0.03935144,5.311388,27.44684,33.17
43,-0.02383423,0.1227569999999999,0.9921417,0.7909299,-0.1266937,0.04925537,0.9907074,-32.51408,3.475937,-30.3842,3.873459,0.5584380999999999,0.4853189999999999,0.6536126999999999,0.06430054,0.1839752,0.9808197,32.550540000000005,3.59024,-27.44968,4.547546,0.4958526,0.4286114,-0.1401615,1.263906,-0.07562584,0.1925448,-0.5041876000000001,0.03837855,5.311388,27.44684,33.17
43,-0.02383423,0.1227569999999999,0.9921417,0.7909299,-0.1266937,0.04925537,0.9907074,-32.51408,3.475937,-30.3842,3.873459,0.5584380999999999,0.4853189999999999,0.6536126999999999,0.06430054,0.1839752,0.9808197,32.550540000000005,3.59024,-27.44968,4.547546,0.4958526,0.4286114,-0.1401615,1.263906,-0.07562584,0.1925448,-0.5041876000000001,0.03837855,5.311388,27.44684,33.17
43,-0.02383423,0.1227569999999999,0.9921417,0.7909299,-0.1266937,0.04925537,0.9907074,-32.51408,3.475937,-30.3842,3.873459,0.5584380999999999,0.4853189999999999,0.6536126999999999,0.06430054,0.1839752,0.9808197,32.550540000000005,3.59024,-27.44968,4.547546,0.4958526,0.4286114,-0.1401615,1.263906,-0.07562584,0.1925448,-0.5041876000000001,0.03837855,5.311388,27.44684,33.17
43,-0.02062988,0.118103,0.9927826,0.790219,-0.1062775,0.05305481,0.9929047,-32.50563,3.475937,-30.37518,3.850143,0.5556582,0.4847096999999999,0.7070031999999999,0.06721497,0.1832427999999999,0.9807587,32.60414,3.59024,-27.45636,4.551025,0.4937183,0.4287339,-0.1399009,1.263942,-0.07533175,0.192563,-0.5035427,0.03781639,5.311388,27.44684,33.17
43,-0.02062988,0.118103,0.9927826,0.790219,-0.1062775,0.05305481,0.9929047,-32.50563,3.475937,-30.37518,3.850143,0.5556582,0.4847096999999999,0.7070031999999999,0.06721497,0.1832427999999999,0.9807587,32.60414,3.59024,-27.45636,4.551025,0.4937183,0.4287339,-0.1399009,1.263942,-0.07533175,0.192563,-0.5035427,0.03781639,5.311388,27.44684,33.17
43,-0.02062988,0.118103,0.9927826,0.790219,-0.1062775,0.05305481,0.9929047,-32.50563,3.475937,-30.37518,3.850143,0.5556582,0.4847096999999999,0.7070031999999999,0.06721497,0.1832427999999999,0.9807587,32.60414,3.59024,-27.45636,4.551025,0.4937183,0.4287339,-0.1399009,1.263942,-0.07533175,0.192563,-0.5035427,0.03781639,5.311388,27.44684,33.17
43,-0.01481628,0.1237793,0.9921875,0.7830316999999999,-0.105957,0.05445862,0.9928741,-32.50563,3.475937,-30.37518,3.815842,0.5555949,0.4845132,0.7216784,0.06715393,0.1846466,0.9804993,32.61465,3.590332,-27.4769,4.551558999999999,0.4933685,0.4287339,-0.1393277999999999,1.263838,-0.07488686,0.193973,-0.5014036000000001,0.03686736,5.311388,27.44684,33.17
43,-0.01481628,0.1237793,0.9921875,0.7830316999999999,-0.105957,0.05445862,0.9928741,-32.50563,3.475937,-30.37518,3.815842,0.5555949,0.4845132,0.7216784,0.06715393,0.1846466,0.9804993,32.61465,3.590332,-27.4769,4.551558999999999,0.4933685,0.4287339,-0.1393277999999999,1.263838,-0.07488686,0.193973,-0.5014036000000001,0.03686736,5.311388,27.44684,33.17
43,-0.01481628,0.1237793,0.9921875,0.7830316999999999,-0.105957,0.05445862,0.9928741,-32.50563,3.475937,-30.37518,3.815842,0.5555949,0.4845132,0.7216784,0.06715393,0.1846466,0.9804993,32.61465,3.590332,-27.4769,4.551558999999999,0.4933685,0.4287339,-0.1393277999999999,1.263838,-0.07488686,0.193973,-0.5014036000000001,0.03686736,5.311388,27.44684,33.17
43,-0.01481628,0.1237793,0.9921875,0.7830316999999999,-0.105957,0.05445862,0.9928741,-32.50563,3.475937,-30.37518,3.815842,0.5555949,0.4845132,0.7216784,0.06715393,0.1846466,0.9804993,32.61465,3.590332,-27.4769,4.551558999999999,0.4933685,0.4287339,-0.1393277999999999,1.263838,-0.07488686,0.193973,-0.5014036000000001,0.03686736,5.311388,27.44684,33.17
43,-0.01481628,0.1237793,0.9921875,0.7830316999999999,-0.105957,0.05445862,0.9928741,-32.50563,3.475937,-30.37518,3.815842,0.5555949,0.4845132,0.7216784,0.06715393,0.1846466,0.9804993,32.61465,3.590332,-27.4769,4.551558999999999,0.4933685,0.4287339,-0.1393277999999999,1.263838,-0.07488686,0.193973,-0.5014036000000001,0.03686736,5.311388,27.44684,33.17
43,-0.01481628,0.1237793,0.9921875,0.7830316999999999,-0.105957,0.05445862,0.9928741,-32.50563,3.475937,-30.37518,3.815842,0.5555949,0.4845132,0.7216784,0.06715393,0.1846466,0.9804993,32.61465,3.590332,-27.4769,4.551558999999999,0.4933685,0.4287339,-0.1393277999999999,1.263838,-0.07488686,0.193973,-0.5014036000000001,0.03686736,5.311388,27.44684,33.17
43,-0.04258728,-0.1360016,0.9897766,0.8435207,-0.04301453,-0.1361542,0.9897461,-32.1545,2.520065,-29.99451,3.692596,0.5353201999999999,0.5368170999999999,0.9159943000000002,0.09138489,-0.09022522,0.9917145,32.59885,3.151169,-28.58728,4.284912,0.4907119,0.4839563,-0.1390419,1.263684,-0.07462353,0.1945267,-0.5005609000000001,0.03676637,5.311388,27.44684,33.17
43,-0.04258728,-0.1360016,0.9897766,0.8435207,-0.04301453,-0.1361542,0.9897461,-32.1545,2.520065,-29.99451,3.692596,0.5353201999999999,0.5368170999999999,0.9159943000000002,0.09138489,-0.09022522,0.9917145,32.59885,3.151169,-28.58728,4.284912,0.4907119,0.4839563,-0.1390419,1.263684,-0.07462353,0.1945267,-0.5005609000000001,0.03676637,5.311388,27.44684,33.17
43,-0.04258728,-0.1360016,0.9897766,0.8435207,-0.04301453,-0.1361542,0.9897461,-32.1545,2.520065,-29.99451,3.692596,0.5353201999999999,0.5368170999999999,0.9159943000000002,0.09138489,-0.09022522,0.9917145,32.59885,3.151169,-28.58728,4.284912,0.4907119,0.4839563,-0.1390419,1.263684,-0.07462353,0.1945267,-0.5005609000000001,0.03676637,5.311388,27.44684,33.17
43,-0.03553772,-0.3937988,0.9185028,1.0,-0.04077148,-0.3943176,0.9180603,-32.16507,1.473175,-30.4117,3.659897,0.5355611,0.6103523,1.0,0.09780884,-0.3768768,0.9210663,32.166990000000006,1.7388150000000002,-27.55838,4.128265,0.5042567,0.5577270000000001,-0.1381924,1.262835,-0.07428068,0.1981955,-0.4979149999999999,0.03652759,5.311388,-32.90758,33.17
43,-0.03553772,-0.3937988,0.9185028,1.0,-0.04077148,-0.3943176,0.9180603,-32.16507,1.473175,-30.4117,3.659897,0.5355611,0.6103523,1.0,0.09780884,-0.3768768,0.9210663,32.166990000000006,1.7388150000000002,-27.55838,4.128265,0.5042567,0.5577270000000001,-0.1381924,1.262835,-0.07428068,0.1981955,-0.4979149999999999,0.03652759,5.311388,-32.90758,33.17
43,-0.03553772,-0.3937988,0.9185028,1.0,-0.04077148,-0.3943176,0.9180603,-32.16507,1.473175,-30.4117,3.659897,0.5355611,0.6103523,1.0,0.09780884,-0.3768768,0.9210663,32.166990000000006,1.7388150000000002,-27.55838,4.128265,0.5042567,0.5577270000000001,-0.1381924,1.262835,-0.07428068,0.1981955,-0.4979149999999999,0.03652759,5.311388,-32.90758,33.17
43,-0.01564026,-0.4594574,0.8880463,1.0,-0.08535767,-0.4663544,0.8804626,-32.2496,1.298538,-30.50243,3.732651,0.5441883000000001,0.6274165,1.0,0.03184509,-0.4534607,0.8906860000000001,32.21263,1.557373,-27.61462,4.242172,0.5102502999999999,0.5744302,-0.1353805,1.259565,-0.07242531,0.2102563999999999,-0.4884067,0.03672633,5.311388,-32.90758,33.17
43,-0.01564026,-0.4594574,0.8880463,1.0,-0.08535767,-0.4663544,0.8804626,-32.2496,1.298538,-30.50243,3.732651,0.5441883000000001,0.6274165,1.0,0.03184509,-0.4534607,0.8906860000000001,32.21263,1.557373,-27.61462,4.242172,0.5102502999999999,0.5744302,-0.1353805,1.259565,-0.07242531,0.2102563999999999,-0.4884067,0.03672633,5.311388,-32.90758,33.17
43,-0.01564026,-0.4594574,0.8880463,1.0,-0.08535767,-0.4663544,0.8804626,-32.2496,1.298538,-30.50243,3.732651,0.5441883000000001,0.6274165,1.0,0.03184509,-0.4534607,0.8906860000000001,32.21263,1.557373,-27.61462,4.242172,0.5102502999999999,0.5744302,-0.1353805,1.259565,-0.07242531,0.2102563999999999,-0.4884067,0.03672633,5.311388,-32.90758,33.17
44,-0.003417969,-0.46315,0.8862610000000001,1.0,-0.07949829,-0.4701079999999999,0.8790131,-32.30154,1.294083,-30.48973,3.64595,0.545212,0.6280274,1.0,0.03591919,-0.4584808,0.88797,32.21689,1.55864,-27.60928,4.13504,0.5097179000000001,0.5750501,-0.1353805,1.259565,-0.07242531,0.2102563999999999,-0.4884067,0.03672633,5.311388,-32.90758,33.17
44,-0.003417969,-0.46315,0.8862610000000001,1.0,-0.07949829,-0.4701079999999999,0.8790131,-32.30154,1.294083,-30.48973,3.64595,0.545212,0.6280274,1.0,0.03591919,-0.4584808,0.88797,32.21689,1.55864,-27.60928,4.13504,0.5097179000000001,0.5750501,-0.1353805,1.259565,-0.07242531,0.2102563999999999,-0.4884067,0.03672633,5.311388,-32.90758,33.17
44,-0.003417969,-0.46315,0.8862610000000001,1.0,-0.07949829,-0.4701079999999999,0.8790131,-32.30154,1.294083,-30.48973,3.64595,0.545212,0.6280274,1.0,0.03591919,-0.4584808,0.88797,32.21689,1.55864,-27.60928,4.13504,0.5097179000000001,0.5750501,-0.1353805,1.259565,-0.07242531,0.2102563999999999,-0.4884067,0.03672633,5.311388,-32.90758,33.17
44,0.01358032,-0.461792,0.8868713,1.0,-0.07745361,-0.4651489,0.8818359,-32.32193,1.344894,-30.4845,3.696747,0.5457039,0.6254597,0.627552,0.06752014,-0.4579925999999999,0.8863678,32.2587,1.647202,-27.56496,4.253265,0.5045305,0.5714524999999999,-0.1312311,1.253581,-0.06810135,0.2277699999999999,-0.4705164,0.03401953,5.311388,-32.90758,33.17
44,0.01358032,-0.461792,0.8868713,1.0,-0.07745361,-0.4651489,0.8818359,-32.32193,1.344894,-30.4845,3.696747,0.5457039,0.6254597,0.627552,0.06752014,-0.4579925999999999,0.8863678,32.2587,1.647202,-27.56496,4.253265,0.5045305,0.5714524999999999,-0.1312311,1.253581,-0.06810135,0.2277699999999999,-0.4705164,0.03401953,5.311388,-33.95178,33.17
44,0.01358032,-0.461792,0.8868713,1.0,-0.07745361,-0.4651489,0.8818359,-32.32193,1.344894,-30.4845,3.696747,0.5457039,0.6254597,0.627552,0.06752014,-0.4579925999999999,0.8863678,32.2587,1.647202,-27.56496,4.253265,0.5045305,0.5714524999999999,-0.1312311,1.253581,-0.06810135,0.2277699999999999,-0.4705164,0.03401953,5.311388,-32.9792,33.17
44,0.01022339,-0.4580077999999999,0.8888701999999999,1.0,-0.07801819,-0.4624786,0.8831787,-32.32069,1.353943,-30.482190000000003,3.66835,0.5457039,0.6247517,0.6396156999999999,0.06381226,-0.4535522,0.8889313,32.27238,1.642563,-27.56345,4.222794,0.5045305,0.5710208000000001,-0.1312311,1.253581,-0.06810135,0.2277699999999999,-0.4705164,0.03401953,5.311388,-0.8816681,33.17
44,0.01022339,-0.4580077999999999,0.8888701999999999,1.0,-0.07801819,-0.4624786,0.8831787,-32.32069,1.353943,-30.482190000000003,3.66835,0.5457039,0.6247517,0.6396156999999999,0.06381226,-0.4535522,0.8889313,32.27238,1.642563,-27.56345,4.222794,0.5045305,0.5710208000000001,-0.1312311,1.253581,-0.06810135,0.2277699999999999,-0.4705164,0.03401953,5.311388,-0.8816681,33.17
44,0.01022339,-0.4580077999999999,0.8888701999999999,1.0,-0.07801819,-0.4624786,0.8831787,-32.32069,1.353943,-30.482190000000003,3.66835,0.5457039,0.6247517,0.6396156999999999,0.06381226,-0.4535522,0.8889313,32.27238,1.642563,-27.56345,4.222794,0.5045305,0.5710208000000001,-0.1312311,1.253581,-0.06810135,0.2277699999999999,-0.4705164,0.03401953,5.311388,-0.8816681,33.17
44,0.04711914,-0.4308319,0.9011993,1.0,-0.0342865,-0.4360657,0.8992462,-32.24205,1.452927,-30.41742,3.5931550000000003,0.5374189,0.616896,1.0,0.09136963,-0.4267577999999999,0.8997344999999999,32.42941,1.646118,-27.53856,4.220244999999999,0.4960402,0.5670559000000001,-0.1285242999999999,1.249425,-0.0658914999999999,0.2396886,-0.4594359999999999,0.03521416,5.311388,-0.8816681,33.17
44,0.04711914,-0.4308319,0.9011993,1.0,-0.0342865,-0.4360657,0.8992462,-32.24205,1.452927,-30.41742,3.5931550000000003,0.5374189,0.616896,1.0,0.09136963,-0.4267577999999999,0.8997344999999999,32.42941,1.646118,-27.53856,4.220244999999999,0.4960402,0.5670559000000001,-0.1285242999999999,1.249425,-0.0658914999999999,0.2396886,-0.4594359999999999,0.03521416,5.311388,-0.8816681,33.17
44,0.04711914,-0.4308319,0.9011993,1.0,-0.0342865,-0.4360657,0.8992462,-32.24205,1.452927,-30.41742,3.5931550000000003,0.5374189,0.616896,1.0,0.09136963,-0.4267577999999999,0.8997344999999999,32.42941,1.646118,-27.53856,4.220244999999999,0.4960402,0.5670559000000001,-0.1285242999999999,1.249425,-0.0658914999999999,0.2396886,-0.4594359999999999,0.03521416,5.311388,-0.8816681,33.17
44,0.07728577,-0.3574829,0.9307098,1.0,-0.01118469,-0.4214935,0.9067535,-32.14577,1.623108,-30.350720000000003,3.596878,0.5311814,0.6082571,0.5941343000000001,0.1091766,-0.3331299,0.9365234,32.57527,1.7934880000000002,-27.47266,4.387497,0.489098,0.5494198,-0.1246058999999999,1.241055,-0.06241697,0.2621358,-0.4418515999999999,0.04004539,5.311388,-0.8816681,33.17
44,0.07728577,-0.3574829,0.9307098,1.0,-0.01118469,-0.4214935,0.9067535,-32.14577,1.623108,-30.350720000000003,3.596878,0.5311814,0.6082571,0.5941343000000001,0.1091766,-0.3331299,0.9365234,32.57527,1.7934880000000002,-27.47266,4.387497,0.489098,0.5494198,-0.1246058999999999,1.241055,-0.06241697,0.2621358,-0.4418515999999999,0.04004539,5.311388,-0.8816681,33.17
44,0.07728577,-0.3574829,0.9307098,1.0,-0.01118469,-0.4214935,0.9067535,-32.14577,1.623108,-30.350720000000003,3.596878,0.5311814,0.6082571,0.5941343000000001,0.1091766,-0.3331299,0.9365234,32.57527,1.7934880000000002,-27.47266,4.387497,0.489098,0.5494198,-0.1246058999999999,1.241055,-0.06241697,0.2621358,-0.4418515999999999,0.04004539,5.311388,-0.8816681,33.17
44,0.07116699,-0.4172821,0.9059753,1.0,-0.01901245,-0.3985442999999999,0.9169464,-32.03763,1.729141,-30.31245,3.656372,0.5284135,0.6009929,0.5978846999999999,0.1050262,-0.4234009,0.899826,32.69266,1.92598,-27.455440000000003,3.873901,0.4858904,0.5565060000000001,-0.1233277,1.237916,-0.06143254,0.2728019,-0.4358319,0.0419,5.311388,-0.8816681,33.17
44,0.07116699,-0.4172821,0.9059753,1.0,-0.01901245,-0.3985442999999999,0.9169464,-32.03763,1.729141,-30.31245,3.656372,0.5284135,0.6009929,0.5978846999999999,0.1050262,-0.4234009,0.899826,32.69266,1.92598,-27.455440000000003,3.873901,0.4858904,0.5565060000000001,-0.1233277,1.237916,-0.06143254,0.2728019,-0.4358319,0.0419,5.311388,-0.8816681,33.17
44,0.07116699,-0.4172821,0.9059753,1.0,-0.01901245,-0.3985442999999999,0.9169464,-32.03763,1.729141,-30.31245,3.656372,0.5284135,0.6009929,0.5978846999999999,0.1050262,-0.4234009,0.899826,32.69266,1.92598,-27.455440000000003,3.873901,0.4858904,0.5565060000000001,-0.1233277,1.237916,-0.06143254,0.2728019,-0.4358319,0.0419,5.311388,-0.8816681,33.17
44,0.09399414,-0.3815765,0.9195404,0.9896098,0.03199768,-0.3591156,0.9327393,-31.943890000000003,1.938156,-30.25676,3.56842,0.5187980999999999,0.5879247,0.5837215,0.120224,-0.3905945,0.9126587,32.76749,2.074921,-27.40326,4.152191,0.4815010999999999,0.5466609,-0.1227269,1.235864,-0.06033832,0.2790499,-0.4318015999999999,0.0404495,5.311388,-0.8816681,33.17
44,0.09399414,-0.3815765,0.9195404,0.9896098,0.03199768,-0.3591156,0.9327393,-31.943890000000003,1.938156,-30.25676,3.56842,0.5187980999999999,0.5879247,0.5837215,0.120224,-0.3905945,0.9126587,32.76749,2.074921,-27.40326,4.152191,0.4815010999999999,0.5466609,-0.1227269,1.235864,-0.06033832,0.2790499,-0.4318015999999999,0.0404495,5.311388,-0.8816681,33.17
44,0.09399414,-0.3815765,0.9195404,0.9896098,0.03199768,-0.3591156,0.9327393,-31.943890000000003,1.938156,-30.25676,3.56842,0.5187980999999999,0.5879247,0.5837215,0.120224,-0.3905945,0.9126587,32.76749,2.074921,-27.40326,4.152191,0.4815010999999999,0.5466609,-0.1227269,1.235864,-0.06033832,0.2790499,-0.4318015999999999,0.0404495,5.311388,-0.8816681,33.17
44,0.1023712,-0.3434601,0.9335632,0.9482487,0.03610229,-0.3619537,0.931488,-31.98083,2.067886,-30.20921,3.831329,0.5198663,0.5833018,0.6057545999999999,0.128479,-0.3356934,0.9331511999999998,32.80151,2.179596,-27.35918,4.2983400000000005,0.4794194,0.5357510999999999,-0.1227269,1.235864,-0.06033832,0.2790499,-0.4318015999999999,0.0404495,5.311388,27.40813,33.17
44,0.1023712,-0.3434601,0.9335632,0.9482487,0.03610229,-0.3619537,0.931488,-31.98083,2.067886,-30.20921,3.831329,0.5198663,0.5833018,0.6057545999999999,0.128479,-0.3356934,0.9331511999999998,32.80151,2.179596,-27.35918,4.2983400000000005,0.4794194,0.5357510999999999,-0.1227269,1.235864,-0.06033832,0.2790499,-0.4318015999999999,0.0404495,5.311388,27.40813,33.17
44,0.1023712,-0.3434601,0.9335632,0.9482487,0.03610229,-0.3619537,0.931488,-31.98083,2.067886,-30.20921,3.831329,0.5198663,0.5833018,0.6057545999999999,0.128479,-0.3356934,0.9331511999999998,32.80151,2.179596,-27.35918,4.2983400000000005,0.4794194,0.5357510999999999,-0.1227269,1.235864,-0.06033832,0.2790499,-0.4318015999999999,0.0404495,5.311388,27.40813,33.17
44,0.1023712,-0.3434601,0.9335632,0.9482487,0.03610229,-0.3619537,0.931488,-31.98083,2.067886,-30.20921,3.831329,0.5198663,0.5833018,0.6057545999999999,0.128479,-0.3356934,0.9331511999999998,32.80151,2.179596,-27.35918,4.2983400000000005,0.4794194,0.5357510999999999,-0.1223631,1.234731,-0.05931836,0.2826633,-0.4300989,0.04016976,5.311388,27.40813,33.17
44,0.1023712,-0.3434601,0.9335632,0.9482487,0.03610229,-0.3619537,0.931488,-31.98083,2.067886,-30.20921,3.831329,0.5198663,0.5833018,0.6057545999999999,0.128479,-0.3356934,0.9331511999999998,32.80151,2.179596,-27.35918,4.2983400000000005,0.4794194,0.5357510999999999,-0.1223631,1.234731,-0.05931836,0.2826633,-0.4300989,0.04016976,5.311388,27.40813,33.17
44,0.1023712,-0.3434601,0.9335632,0.9482487,0.03610229,-0.3619537,0.931488,-31.98083,2.067886,-30.20921,3.831329,0.5198663,0.5833018,0.6057545999999999,0.128479,-0.3356934,0.9331511999999998,32.80151,2.179596,-27.35918,4.2983400000000005,0.4794194,0.5357510999999999,-0.1223631,1.234731,-0.05931836,0.2826633,-0.4300989,0.04016976,5.311388,27.40813,33.17
44,0.07714844,-0.3426055999999999,0.9362946,0.9356819,0.0247345,-0.3204956,0.9469147,-31.92114,2.135544,-30.18811,3.804855,0.5191469,0.5752578,0.5370439,0.1067505,-0.3546295,0.9288788,32.82806,2.245239,-27.354340000000004,3.988907,0.4812601999999999,0.5359187,-0.1212708999999999,1.233759,-0.05684239,0.2860819,-0.4250952,0.03736987,5.311388,27.40813,33.17
44,0.07714844,-0.3426055999999999,0.9362946,0.9356819,0.0247345,-0.3204956,0.9469147,-31.92114,2.135544,-30.18811,3.804855,0.5191469,0.5752578,0.5370439,0.1067505,-0.3546295,0.9288788,32.82806,2.245239,-27.354340000000004,3.988907,0.4812601999999999,0.5359187,-0.1212708999999999,1.233759,-0.05684239,0.2860819,-0.4250952,0.03736987,5.311388,27.40813,33.17
44,0.07714844,-0.3426055999999999,0.9362946,0.9356819,0.0247345,-0.3204956,0.9469147,-31.92114,2.135544,-30.18811,3.804855,0.5191469,0.5752578,0.5370439,0.1067505,-0.3546295,0.9288788,32.82806,2.245239,-27.354340000000004,3.988907,0.4812601999999999,0.5359187,-0.1212708999999999,1.233759,-0.05684239,0.2860819,-0.4250952,0.03736987,5.311388,27.40813,33.17
44,0.07714844,-0.3426055999999999,0.9362946,0.9356819,0.0247345,-0.3204956,0.9469147,-31.92114,2.135544,-30.18811,3.804855,0.5191469,0.5752578,0.5370439,0.1067505,-0.3546295,0.9288788,32.82806,2.245239,-27.354340000000004,3.988907,0.4812601999999999,0.5359187,-0.1206348,1.233695,-0.05566281,0.2875190999999999,-0.4224116,0.03541407,5.311388,27.40813,33.17
44,0.07714844,-0.3426055999999999,0.9362946,0.9356819,0.0247345,-0.3204956,0.9469147,-31.92114,2.135544,-30.18811,3.804855,0.5191469,0.5752578,0.5370439,0.1067505,-0.3546295,0.9288788,32.82806,2.245239,-27.354340000000004,3.988907,0.4812601999999999,0.5359187,-0.1206348,1.233695,-0.05566281,0.2875190999999999,-0.4224116,0.03541407,5.311388,27.40813,33.17
44,0.07714844,-0.3426055999999999,0.9362946,0.9356819,0.0247345,-0.3204956,0.9469147,-31.92114,2.135544,-30.18811,3.804855,0.5191469,0.5752578,0.5370439,0.1067505,-0.3546295,0.9288788,32.82806,2.245239,-27.354340000000004,3.988907,0.4812601999999999,0.5359187,-0.1206348,1.233695,-0.05566281,0.2875190999999999,-0.4224116,0.03541407,5.311388,27.40813,33.17
44,0.09434509,-0.3081512,0.94664,0.9020307,0.0244750999999999,-0.2918549,0.956131,-31.91364,2.174591,-30.17786,3.83078,0.5189569,0.5700679,0.5556024,0.1364441,-0.3172455,0.9384613000000002,32.83699,2.272018,-27.344590000000004,4.270844,0.4773647,0.5302217,-0.1200442,1.233601,-0.05447131,0.2874552999999999,-0.4204164999999999,0.0352003,5.311388,27.40813,33.17
44,0.09434509,-0.3081512,0.94664,0.9020307,0.0244750999999999,-0.2918549,0.956131,-31.91364,2.174591,-30.17786,3.83078,0.5189569,0.5700679,0.5556024,0.1364441,-0.3172455,0.9384613000000002,32.83699,2.272018,-27.344590000000004,4.270844,0.4773647,0.5302217,-0.1200442,1.233601,-0.05447131,0.2874552999999999,-0.4204164999999999,0.0352003,5.311388,27.40813,33.17
44,0.09434509,-0.3081512,0.94664,0.9020307,0.0244750999999999,-0.2918549,0.956131,-31.91364,2.174591,-30.17786,3.83078,0.5189569,0.5700679,0.5556024,0.1364441,-0.3172455,0.9384613000000002,32.83699,2.272018,-27.344590000000004,4.270844,0.4773647,0.5302217,-0.1200442,1.233601,-0.05447131,0.2874552999999999,-0.4204164999999999,0.0352003,5.311388,27.40813,33.17
44,0.09434509,-0.3081512,0.94664,0.9020307,0.0244750999999999,-0.2918549,0.956131,-31.91364,2.174591,-30.17786,3.83078,0.5189569,0.5700679,0.5556024,0.1364441,-0.3172455,0.9384613000000002,32.83699,2.272018,-27.344590000000004,4.270844,0.4773647,0.5302217,-0.1195257,1.233351,-0.05341095,0.2886643,-0.4183315999999999,0.03486,5.311388,27.40813,33.17
44,0.09434509,-0.3081512,0.94664,0.9020307,0.0244750999999999,-0.2918549,0.956131,-31.91364,2.174591,-30.17786,3.83078,0.5189569,0.5700679,0.5556024,0.1364441,-0.3172455,0.9384613000000002,32.83699,2.272018,-27.344590000000004,4.270844,0.4773647,0.5302217,-0.1195257,1.233351,-0.05341095,0.2886643,-0.4183315999999999,0.03486,5.311388,27.40813,33.17
44,0.09434509,-0.3081512,0.94664,0.9020307,0.0244750999999999,-0.2918549,0.956131,-31.91364,2.174591,-30.17786,3.83078,0.5189569,0.5700679,0.5556024,0.1364441,-0.3172455,0.9384613000000002,32.83699,2.272018,-27.344590000000004,4.270844,0.4773647,0.5302217,-0.1195257,1.233351,-0.05341095,0.2886643,-0.4183315999999999,0.03486,5.311388,27.40813,33.17
44,0.1110992,-0.2960815,0.9486694,0.9123018,0.04095459,-0.2841339,0.957901,-31.91602,2.125641,-30.19606,3.760895,0.5169719,0.5709576999999999,0.6566709,0.1542511,-0.3027190999999999,0.940506,32.87939,2.174698,-27.36743,4.1764980000000005,0.4738850999999999,0.5318670999999999,-0.1188295,1.232761,-0.05249733,0.2900375,-0.4165683,0.03484899,5.311388,15.70091,33.21
44,0.1110992,-0.2960815,0.9486694,0.9123018,0.04095459,-0.2841339,0.957901,-31.91602,2.125641,-30.19606,3.760895,0.5169719,0.5709576999999999,0.6566709,0.1542511,-0.3027190999999999,0.940506,32.87939,2.174698,-27.36743,4.1764980000000005,0.4738850999999999,0.5318670999999999,-0.1188295,1.232761,-0.05249733,0.2900375,-0.4165683,0.03484899,5.311388,15.70091,33.21
44,0.1110992,-0.2960815,0.9486694,0.9123018,0.04095459,-0.2841339,0.957901,-31.91602,2.125641,-30.19606,3.760895,0.5169719,0.5709576999999999,0.6566709,0.1542511,-0.3027190999999999,0.940506,32.87939,2.174698,-27.36743,4.1764980000000005,0.4738850999999999,0.5318670999999999,-0.1188295,1.232761,-0.05249733,0.2900375,-0.4165683,0.03484899,5.311388,15.70091,33.21
44,0.1146393,-0.2962341,0.9481964,0.8839263,0.03964233,-0.2878418,0.9568481,-31.91411,2.114548,-30.19708,3.758423000000001,0.517058,0.5718307,0.6820639000000001,0.1637573,-0.3008422999999999,0.9394989,32.87975,2.148636,-27.37553,4.2001800000000005,0.4727335999999999,0.5325887,-0.1185686999999999,1.232361,-0.0517568,0.2909755,-0.4162393,0.03466281,5.311388,15.70091,33.21
44,0.1146393,-0.2962341,0.9481964,0.8839263,0.03964233,-0.2878418,0.9568481,-31.91411,2.114548,-30.19708,3.758423000000001,0.517058,0.5718307,0.6820639000000001,0.1637573,-0.3008422999999999,0.9394989,32.87975,2.148636,-27.37553,4.2001800000000005,0.4727335999999999,0.5325887,-0.1185686999999999,1.232361,-0.0517568,0.2909755,-0.4162393,0.03466281,5.311388,15.70091,33.21
44,0.1146393,-0.2962341,0.9481964,0.8839263,0.03964233,-0.2878418,0.9568481,-31.91411,2.114548,-30.19708,3.758423000000001,0.517058,0.5718307,0.6820639000000001,0.1637573,-0.3008422999999999,0.9394989,32.87975,2.148636,-27.37553,4.2001800000000005,0.4727335999999999,0.5325887,-0.1185686999999999,1.232361,-0.0517568,0.2909755,-0.4162393,0.03466281,5.311388,15.70091,33.21
44,0.1118011,-0.2897644,0.950531,0.8839263,0.03985596,-0.2874145999999999,0.9569702,-31.90948,2.117477,-30.19598,3.761292,0.5168752999999999,0.571659,0.6820639000000001,0.1656799,-0.2905273,0.9423981,32.8829,2.138672,-27.37787,4.182739,0.4724194,0.5316623,-0.1182261,1.231751,-0.05135661,0.2930379,-0.4160566,0.0329444,5.311388,15.70091,33.21
44,0.1118011,-0.2897644,0.950531,0.8839263,0.03985596,-0.2874145999999999,0.9569702,-31.90948,2.117477,-30.19598,3.761292,0.5168752999999999,0.571659,0.6820639000000001,0.1656799,-0.2905273,0.9423981,32.8829,2.138672,-27.37787,4.182739,0.4724194,0.5316623,-0.1182261,1.231751,-0.05135661,0.2930379,-0.4160566,0.0329444,5.311388,15.70091,33.21
44,0.1118011,-0.2897644,0.950531,0.8839263,0.03985596,-0.2874145999999999,0.9569702,-31.90948,2.117477,-30.19598,3.761292,0.5168752999999999,0.571659,0.6820639000000001,0.1656799,-0.2905273,0.9423981,32.8829,2.138672,-27.37787,4.182739,0.4724194,0.5316623,-0.1182261,1.231751,-0.05135661,0.2930379,-0.4160566,0.0329444,5.311388,15.70091,33.21
44,0.1118011,-0.2897644,0.950531,0.8839263,0.03985596,-0.2874145999999999,0.9569702,-31.90948,2.117477,-30.19598,3.761292,0.5168752999999999,0.571659,0.6820639000000001,0.1656799,-0.2905273,0.9423981,32.8829,2.138672,-27.37787,4.182739,0.4724194,0.5316623,-0.1182261,1.231751,-0.05135661,0.2930379,-0.4160566,0.0329444,5.311388,15.70091,33.21
44,0.1118011,-0.2897644,0.950531,0.8839263,0.03985596,-0.2874145999999999,0.9569702,-31.90948,2.117477,-30.19598,3.761292,0.5168752999999999,0.571659,0.6820639000000001,0.1656799,-0.2905273,0.9423981,32.8829,2.138672,-27.37787,4.182739,0.4724194,0.5316623,-0.1182261,1.231751,-0.05135661,0.2930379,-0.4160566,0.0329444,5.311388,15.70091,33.21
44,0.1118011,-0.2897644,0.950531,0.8839263,0.03985596,-0.2874145999999999,0.9569702,-31.90948,2.117477,-30.19598,3.761292,0.5168752999999999,0.571659,0.6820639000000001,0.1656799,-0.2905273,0.9423981,32.8829,2.138672,-27.37787,4.182739,0.4724194,0.5316623,-0.1182261,1.231751,-0.05135661,0.2930379,-0.4160566,0.0329444,5.311388,15.70091,33.21
44,0.1153259,-0.2873077,0.9508667,0.8728117,0.03987122,-0.2906189,0.9559937,-31.90538,2.119171,-30.19496,3.75914,0.5167267,0.5720071,0.6479441999999999,0.1648865,-0.2842102,0.944458,32.88605,2.134247,-27.37738,4.1867980000000005,0.4724130999999999,0.5310170999999999,-0.1181783999999999,1.231155,-0.05101687,0.2956637,-0.4184419,0.03064293,5.311388,15.70091,33.21
44,0.1153259,-0.2873077,0.9508667,0.8728117,0.03987122,-0.2906189,0.9559937,-31.90538,2.119171,-30.19496,3.75914,0.5167267,0.5720071,0.6479441999999999,0.1648865,-0.2842102,0.944458,32.88605,2.134247,-27.37738,4.1867980000000005,0.4724130999999999,0.5310170999999999,-0.1181783999999999,1.231155,-0.05101687,0.2956637,-0.4184419,0.03064293,5.311388,15.70091,33.21
44,0.1153259,-0.2873077,0.9508667,0.8728117,0.03987122,-0.2906189,0.9559937,-31.90538,2.119171,-30.19496,3.75914,0.5167267,0.5720071,0.6479441999999999,0.1648865,-0.2842102,0.944458,32.88605,2.134247,-27.37738,4.1867980000000005,0.4724130999999999,0.5310170999999999,-0.1181783999999999,1.231155,-0.05101687,0.2956637,-0.4184419,0.03064293,5.311388,15.70091,33.21
44,0.1153259,-0.2873077,0.9508667,0.8728117,0.03987122,-0.2906189,0.9559937,-31.90538,2.119171,-30.19496,3.75914,0.5167267,0.5720071,0.6479441999999999,0.1648865,-0.2842102,0.944458,32.88605,2.134247,-27.37738,4.1867980000000005,0.4724130999999999,0.5310170999999999,-0.1180269999999999,1.230936,-0.05099934,0.296407,-0.4193202,0.0302291,5.311388,10.25799,33.21
44,0.1153259,-0.2873077,0.9508667,0.8728117,0.03987122,-0.2906189,0.9559937,-31.90538,2.119171,-30.19496,3.75914,0.5167267,0.5720071,0.6479441999999999,0.1648865,-0.2842102,0.944458,32.88605,2.134247,-27.37738,4.1867980000000005,0.4724130999999999,0.5310170999999999,-0.1180269999999999,1.230936,-0.05099934,0.296407,-0.4193202,0.0302291,5.311388,10.25799,33.21
44,0.1153259,-0.2873077,0.9508667,0.8728117,0.03987122,-0.2906189,0.9559937,-31.90538,2.119171,-30.19496,3.75914,0.5167267,0.5720071,0.6479441999999999,0.1648865,-0.2842102,0.944458,32.88605,2.134247,-27.37738,4.1867980000000005,0.4724130999999999,0.5310170999999999,-0.1180269999999999,1.230936,-0.05099934,0.296407,-0.4193202,0.0302291,5.311388,10.25799,33.21
44,0.1160736,-0.2880096,0.9505615,0.8728117,0.03971863,-0.2914886,0.9557343,-31.89987,2.1174470000000003,-30.19499,3.758118,0.5165527,0.5721788000000001,0.6479441999999999,0.1661377,-0.2847748,0.9440765,32.89088,2.133301,-27.37553,4.188095,0.4721010999999999,0.5311028,-0.1177188999999999,1.2307,-0.05058104,0.2967252999999999,-0.418742,0.02984164,5.311388,10.25799,33.21
44,0.1160736,-0.2880096,0.9505615,0.8728117,0.03971863,-0.2914886,0.9557343,-31.89987,2.1174470000000003,-30.19499,3.758118,0.5165527,0.5721788000000001,0.6479441999999999,0.1661377,-0.2847748,0.9440765,32.89088,2.133301,-27.37553,4.188095,0.4721010999999999,0.5311028,-0.1177188999999999,1.2307,-0.05058104,0.2967252999999999,-0.418742,0.02984164,5.311388,10.25799,33.21
44,0.1160736,-0.2880096,0.9505615,0.8728117,0.03971863,-0.2914886,0.9557343,-31.89987,2.1174470000000003,-30.19499,3.758118,0.5165527,0.5721788000000001,0.6479441999999999,0.1661377,-0.2847748,0.9440765,32.89088,2.133301,-27.37553,4.188095,0.4721010999999999,0.5311028,-0.1177188999999999,1.2307,-0.05058104,0.2967252999999999,-0.418742,0.02984164,5.311388,10.25799,33.21
44,0.1160736,-0.2880096,0.9505615,0.8728117,0.03971863,-0.2914886,0.9557343,-31.89987,2.1174470000000003,-30.19499,3.758118,0.5165527,0.5721788000000001,0.6479441999999999,0.1661377,-0.2847748,0.9440765,32.89088,2.133301,-27.37553,4.188095,0.4721010999999999,0.5311028,-0.1171172,1.230484,-0.04996979,0.2972982999999999,-0.4167082,0.02861163,5.311388,10.25799,33.21
44,0.1160736,-0.2880096,0.9505615,0.8728117,0.03971863,-0.2914886,0.9557343,-31.89987,2.1174470000000003,-30.19499,3.758118,0.5165527,0.5721788000000001,0.6479441999999999,0.1661377,-0.2847748,0.9440765,32.89088,2.133301,-27.37553,4.188095,0.4721010999999999,0.5311028,-0.1171172,1.230484,-0.04996979,0.2972982999999999,-0.4167082,0.02861163,5.311388,10.25799,33.21
44,0.1160736,-0.2880096,0.9505615,0.8728117,0.03971863,-0.2914886,0.9557343,-31.89987,2.1174470000000003,-30.19499,3.758118,0.5165527,0.5721788000000001,0.6479441999999999,0.1661377,-0.2847748,0.9440765,32.89088,2.133301,-27.37553,4.188095,0.4721010999999999,0.5311028,-0.1171172,1.230484,-0.04996979,0.2972982999999999,-0.4167082,0.02861163,5.311388,10.25799,33.21
44,-0.1562042,-0.1479034,0.9765778,1.0,-0.1562042,-0.1479034,0.9765778,-32.64049,2.638458,-29.95418,3.6008150000000003,0.5657873999999999,0.5341187,1.0,-0.01011658,-0.09002686,0.9958801,32.24562,3.188644,-29.15941,4.146439,0.5145586,0.4877222,-0.1160505,1.230144,-0.0491571999999999,0.2982177,-0.4129420999999999,0.02732126,5.311388,10.25799,33.21
44,-0.1562042,-0.1479034,0.9765778,1.0,-0.1562042,-0.1479034,0.9765778,-32.64049,2.638458,-29.95418,3.6008150000000003,0.5657873999999999,0.5341187,1.0,-0.01011658,-0.09002686,0.9958801,32.24562,3.188644,-29.15941,4.146439,0.5145586,0.4877222,-0.1160505,1.230144,-0.0491571999999999,0.2982177,-0.4129420999999999,0.02732126,5.311388,10.25799,33.21
44,-0.1562042,-0.1479034,0.9765778,1.0,-0.1562042,-0.1479034,0.9765778,-32.64049,2.638458,-29.95418,3.6008150000000003,0.5657873999999999,0.5341187,1.0,-0.01011658,-0.09002686,0.9958801,32.24562,3.188644,-29.15941,4.146439,0.5145586,0.4877222,-0.1160505,1.230144,-0.0491571999999999,0.2982177,-0.4129420999999999,0.02732126,5.311388,10.25799,33.21
44,-0.1484222,-0.1439209,0.9783936,1.0,-0.1493683,-0.1443024,0.9781799,-32.67343,2.604675,-29.83762,3.636688,0.5660123,0.5337659,1.0,-0.007324219,-0.08638,0.9962311,32.238240000000005,3.240479,-29.39088,4.143356,0.514484,0.4875029000000001,-0.114677,1.229592,-0.04822236,0.2999694,-0.4083936999999999,0.02600728,5.32292,-10.8692,33.21
44,-0.1484222,-0.1439209,0.9783936,1.0,-0.1493683,-0.1443024,0.9781799,-32.67343,2.604675,-29.83762,3.636688,0.5660123,0.5337659,1.0,-0.007324219,-0.08638,0.9962311,32.238240000000005,3.240479,-29.39088,4.143356,0.514484,0.4875029000000001,-0.114677,1.229592,-0.04822236,0.2999694,-0.4083936999999999,0.02600728,5.32292,-10.8692,33.21
44,-0.1484222,-0.1439209,0.9783936,1.0,-0.1493683,-0.1443024,0.9781799,-32.67343,2.604675,-29.83762,3.636688,0.5660123,0.5337659,1.0,-0.007324219,-0.08638,0.9962311,32.238240000000005,3.240479,-29.39088,4.143356,0.514484,0.4875029000000001,-0.114677,1.229592,-0.04822236,0.2999694,-0.4083936999999999,0.02600728,5.32292,-10.8692,33.21
44,-0.1484222,-0.1439209,0.9783936,1.0,-0.1493683,-0.1443024,0.9781799,-32.67343,2.604675,-29.83762,3.636688,0.5660123,0.5337659,1.0,-0.007324219,-0.08638,0.9962311,32.238240000000005,3.240479,-29.39088,4.143356,0.514484,0.4875029000000001,-0.1114616,1.228486,-0.04633832,0.3036514,-0.3982896999999999,0.02323444,5.32292,-10.8692,33.21
44,-0.1484222,-0.1439209,0.9783936,1.0,-0.1493683,-0.1443024,0.9781799,-32.67343,2.604675,-29.83762,3.636688,0.5660123,0.5337659,1.0,-0.007324219,-0.08638,0.9962311,32.238240000000005,3.240479,-29.39088,4.143356,0.514484,0.4875029000000001,-0.1114616,1.228486,-0.04633832,0.3036514,-0.3982896999999999,0.02323444,5.32292,-10.8692,33.21
44,-0.1484222,-0.1439209,0.9783936,1.0,-0.1493683,-0.1443024,0.9781799,-32.67343,2.604675,-29.83762,3.636688,0.5660123,0.5337659,1.0,-0.007324219,-0.08638,0.9962311,32.238240000000005,3.240479,-29.39088,4.143356,0.514484,0.4875029000000001,-0.1114616,1.228486,-0.04633832,0.3036514,-0.3982896999999999,0.02323444,5.32292,-10.8692,33.21
44,-0.1230469,-0.1305237,0.9837646,1.0,-0.1519623,-0.1413574,0.9782104,-32.67212,2.605743,-29.86227,3.636826,0.5663037,0.5335986999999999,1.0,-0.0050354,-0.08544922,0.9963226,32.24072,3.23938,-29.445590000000003,4.121811,0.5141491,0.4878784,-0.1095665,1.227665,-0.04535306,0.3056245999999999,-0.3934249,0.02103828,5.32292,-10.8692,33.21
44,-0.1230469,-0.1305237,0.9837646,1.0,-0.1519623,-0.1413574,0.9782104,-32.67212,2.605743,-29.86227,3.636826,0.5663037,0.5335986999999999,1.0,-0.0050354,-0.08544922,0.9963226,32.24072,3.23938,-29.445590000000003,4.121811,0.5141491,0.4878784,-0.1095665,1.227665,-0.04535306,0.3056245999999999,-0.3934249,0.02103828,5.32292,-10.8692,33.21
44,-0.1230469,-0.1305237,0.9837646,1.0,-0.1519623,-0.1413574,0.9782104,-32.67212,2.605743,-29.86227,3.636826,0.5663037,0.5335986999999999,1.0,-0.0050354,-0.08544922,0.9963226,32.24072,3.23938,-29.445590000000003,4.121811,0.5141491,0.4878784,-0.1095665,1.227665,-0.04535306,0.3056245999999999,-0.3934249,0.02103828,5.32292,-10.8692,33.21
44,-0.1230469,-0.1305237,0.9837646,1.0,-0.1519623,-0.1413574,0.9782104,-32.67212,2.605743,-29.86227,3.636826,0.5663037,0.5335986999999999,1.0,-0.0050354,-0.08544922,0.9963226,32.24072,3.23938,-29.445590000000003,4.121811,0.5141491,0.4878784,-0.106648,1.226714,-0.04396325,0.3074627,-0.3867983,0.01787194,5.32292,-10.8692,33.21
44,-0.1230469,-0.1305237,0.9837646,1.0,-0.1519623,-0.1413574,0.9782104,-32.67212,2.605743,-29.86227,3.636826,0.5663037,0.5335986999999999,1.0,-0.0050354,-0.08544922,0.9963226,32.24072,3.23938,-29.445590000000003,4.121811,0.5141491,0.4878784,-0.106648,1.226714,-0.04396325,0.3074627,-0.3867983,0.01787194,5.32292,-10.8692,33.21
44,-0.1230469,-0.1305237,0.9837646,1.0,-0.1519623,-0.1413574,0.9782104,-32.67212,2.605743,-29.86227,3.636826,0.5663037,0.5335986999999999,1.0,-0.0050354,-0.08544922,0.9963226,32.24072,3.23938,-29.445590000000003,4.121811,0.5141491,0.4878784,-0.106648,1.226714,-0.04396325,0.3074627,-0.3867983,0.01787194,5.32292,-10.8692,33.21
44,-0.05308533,-0.03878784,0.9978333,0.8341683000000001,-0.05308533,-0.03878784,0.9978333,-32.54947,2.743896,-30.09685,4.262131,0.5507981,0.5186913,0.9523875,0.01771545,-0.07756042,0.9968262,32.48489,2.976395,-27.82964,4.329330000000001,0.5031752,0.4821244,-0.1020508,1.2249709999999998,-0.04213893,0.3129984,-0.375641,0.01196289,5.32292,-10.8692,33.21
44,-0.05308533,-0.03878784,0.9978333,0.8341683000000001,-0.05308533,-0.03878784,0.9978333,-32.54947,2.743896,-30.09685,4.262131,0.5507981,0.5186913,0.9523875,0.01771545,-0.07756042,0.9968262,32.48489,2.976395,-27.82964,4.329330000000001,0.5031752,0.4821244,-0.1020508,1.2249709999999998,-0.04213893,0.3129984,-0.375641,0.01196289,5.32292,-10.8692,33.21
44,-0.05308533,-0.03878784,0.9978333,0.8341683000000001,-0.05308533,-0.03878784,0.9978333,-32.54947,2.743896,-30.09685,4.262131,0.5507981,0.5186913,0.9523875,0.01771545,-0.07756042,0.9968262,32.48489,2.976395,-27.82964,4.329330000000001,0.5031752,0.4821244,-0.1020508,1.2249709999999998,-0.04213893,0.3129984,-0.375641,0.01196289,5.32292,-10.8692,33.21
44,-1.0,-1.0,-1.0,0.9145818,0.0,0.0,0.0,-33.19595,2.802032,-30.008440000000004,-1.0,0.5785645,0.5394995,0.0,0.0,0.0,0.0,32.00969,3.721176,-30.64195,-1.0,0.5394563,0.4734412,-0.1020508,1.2249709999999998,-0.04213893,0.3129984,-0.375641,0.01196289,5.32292,-25.12253,33.21
44,-1.0,-1.0,-1.0,0.9145818,0.0,0.0,0.0,-33.19595,2.802032,-30.008440000000004,-1.0,0.5785645,0.5394995,0.0,0.0,0.0,0.0,32.00969,3.721176,-30.64195,-1.0,0.5394563,0.4734412,-0.1020508,1.2249709999999998,-0.04213893,0.3129984,-0.375641,0.01196289,5.32292,-25.12253,33.21
44,-1.0,-1.0,-1.0,0.9145818,0.0,0.0,0.0,-33.19595,2.802032,-30.008440000000004,-1.0,0.5785645,0.5394995,0.0,0.0,0.0,0.0,32.00969,3.721176,-30.64195,-1.0,0.5394563,0.4734412,-0.1020508,1.2249709999999998,-0.04213893,0.3129984,-0.375641,0.01196289,5.32292,-25.12253,33.21
44,-1.0,-1.0,-1.0,0.9145818,0.0,0.0,0.0,-33.19595,2.802032,-30.008440000000004,-1.0,-1.0,-1.0,0.0,0.0,0.0,0.0,30.96384,3.175552,-28.32227,-1.0,0.5813972,0.5012338,-0.09545112,1.22252,-0.03933203,0.3205995,-0.3574438,0.002426099,5.32292,-25.12253,33.21
44,-1.0,-1.0,-1.0,0.9145818,0.0,0.0,0.0,-33.19595,2.802032,-30.008440000000004,-1.0,-1.0,-1.0,0.0,0.0,0.0,0.0,30.96384,3.175552,-28.32227,-1.0,0.5813972,0.5012338,-0.09545112,1.22252,-0.03933203,0.3205995,-0.3574438,0.002426099,5.32292,-25.12253,33.21
44,-1.0,-1.0,-1.0,0.9145818,0.0,0.0,0.0,-33.19595,2.802032,-30.008440000000004,-1.0,-1.0,-1.0,0.0,0.0,0.0,0.0,30.96384,3.175552,-28.32227,-1.0,0.5813972,0.5012338,-0.09545112,1.22252,-0.03933203,0.3205995,-0.3574438,0.002426099,5.32292,-25.12253,33.21
45,-1.0,-1.0,-1.0,0.9145818,0.0,0.0,0.0,-33.19595,2.802032,-30.008440000000004,-1.0,-1.0,-1.0,0.0,0.0,0.0,0.0,30.96384,3.175552,-28.32227,-1.0,0.5813972,0.5012338,-0.08713937,1.219193,-0.03584737,0.3276102,-0.3337454,-0.006415373,5.32292,-25.12253,33.21
45,-1.0,-1.0,-1.0,0.9145818,0.0,0.0,0.0,-33.19595,2.802032,-30.008440000000004,-1.0,-1.0,-1.0,0.0,0.0,0.0,0.0,30.96384,3.175552,-28.32227,-1.0,0.5813972,0.5012338,-0.08713937,1.219193,-0.03584737,0.3276102,-0.3337454,-0.006415373,5.32292,-25.12253,33.21
45,-1.0,-1.0,-1.0,0.9145818,0.0,0.0,0.0,-33.19595,2.802032,-30.008440000000004,-1.0,-1.0,-1.0,0.0,0.0,0.0,0.0,30.96384,3.175552,-28.32227,-1.0,0.5813972,0.5012338,-0.08713937,1.219193,-0.03584737,0.3276102,-0.3337454,-0.006415373,5.32292,-25.12253,33.21
45,-1.0,-1.0,-1.0,1.0,0.0,0.0,0.0,-34.5226,1.741699,-30.68044,-1.0,0.6693336999999999,0.5966748000000001,0.2195877999999999,0.0,0.0,0.0,29.99199,2.568359,-28.94821,-1.0,0.646943,0.5453039000000001,-0.07618237,1.2150299999999998,-0.03212065,0.335877,-0.3051998,-0.0159352,5.32292,-25.12253,33.21
45,-1.0,-1.0,-1.0,1.0,0.0,0.0,0.0,-34.5226,1.741699,-30.68044,-1.0,0.6693336999999999,0.5966748000000001,0.2195877999999999,0.0,0.0,0.0,29.99199,2.568359,-28.94821,-1.0,0.646943,0.5453039000000001,-0.07618237,1.2150299999999998,-0.03212065,0.335877,-0.3051998,-0.0159352,5.32292,-25.12253,33.21
45,-1.0,-1.0,-1.0,1.0,0.0,0.0,0.0,-34.5226,1.741699,-30.68044,-1.0,0.6693336999999999,0.5966748000000001,0.2195877999999999,0.0,0.0,0.0,29.99199,2.568359,-28.94821,-1.0,0.646943,0.5453039000000001,-0.07618237,1.2150299999999998,-0.03212065,0.335877,-0.3051998,-0.0159352,5.32292,-25.12253,33.21
45,-0.4458465999999999,-0.3823395,0.8093262,1.0,0.0,0.0,0.0,-34.48952,2.4030150000000003,-30.58983,-1.0,0.6826211,0.5986196999999999,1.0,-0.4458465999999999,-0.3823395,0.8093262,30.04166,2.859207,-28.80486,4.44104,0.6410843,0.5380251,-0.0487988,1.206179,-0.02637821,0.3528002,-0.2353107999999999,-0.03060461,5.32292,-25.12253,33.21
45,-0.4458465999999999,-0.3823395,0.8093262,1.0,0.0,0.0,0.0,-34.48952,2.4030150000000003,-30.58983,-1.0,0.6826211,0.5986196999999999,1.0,-0.4458465999999999,-0.3823395,0.8093262,30.04166,2.859207,-28.80486,4.44104,0.6410843,0.5380251,-0.0487988,1.206179,-0.02637821,0.3528002,-0.2353107999999999,-0.03060461,5.32292,-52.47747,33.21
45,-0.4458465999999999,-0.3823395,0.8093262,1.0,0.0,0.0,0.0,-34.48952,2.4030150000000003,-30.58983,-1.0,0.6826211,0.5986196999999999,1.0,-0.4458465999999999,-0.3823395,0.8093262,30.04166,2.859207,-28.80486,4.44104,0.6410843,0.5380251,-0.0487988,1.206179,-0.02637821,0.3528002,-0.2353107999999999,-0.03060461,5.32292,-39.88964,33.21
45,-0.4004059,-0.2468719,0.8824463,1.0,-0.5119629,-0.3202362,0.7970734,-34.33484,1.888275,-30.66245,3.617142,0.6726932,0.5938701,1.0,-0.4004059,-0.2468719,0.8824463,30.24727,2.486786,-28.76231,4.359787,0.628229,0.5315493,-0.0487988,1.206179,-0.02637821,0.3528002,-0.2353107999999999,-0.03060461,5.32292,-33.92438,33.21
45,-0.4004059,-0.2468719,0.8824463,1.0,-0.5119629,-0.3202362,0.7970734,-34.33484,1.888275,-30.66245,3.617142,0.6726932,0.5938701,1.0,-0.4004059,-0.2468719,0.8824463,30.24727,2.486786,-28.76231,4.359787,0.628229,0.5315493,-0.0487988,1.206179,-0.02637821,0.3528002,-0.2353107999999999,-0.03060461,5.32292,-33.92438,33.21
45,-0.4004059,-0.2468719,0.8824463,1.0,-0.5119629,-0.3202362,0.7970734,-34.33484,1.888275,-30.66245,3.617142,0.6726932,0.5938701,1.0,-0.4004059,-0.2468719,0.8824463,30.24727,2.486786,-28.76231,4.359787,0.628229,0.5315493,-0.0487988,1.206179,-0.02637821,0.3528002,-0.2353107999999999,-0.03060461,5.32292,-33.92438,33.21
45,-0.4004059,-0.2468719,0.8824463,1.0,-0.5119629,-0.3202362,0.7970734,-34.33484,1.888275,-30.66245,3.617142,0.6726932,0.5938701,1.0,-0.4004059,-0.2468719,0.8824463,30.24727,2.486786,-28.76231,4.359787,0.628229,0.5315493,-0.03393531,1.202456,-0.02432352,0.3603835,-0.1976103,-0.04059953,5.32292,-33.92438,33.21
45,-0.4004059,-0.2468719,0.8824463,1.0,-0.5119629,-0.3202362,0.7970734,-34.33484,1.888275,-30.66245,3.617142,0.6726932,0.5938701,1.0,-0.4004059,-0.2468719,0.8824463,30.24727,2.486786,-28.76231,4.359787,0.628229,0.5315493,-0.03393531,1.202456,-0.02432352,0.3603835,-0.1976103,-0.04059953,5.32292,-33.92438,33.21
45,-0.4004059,-0.2468719,0.8824463,1.0,-0.5119629,-0.3202362,0.7970734,-34.33484,1.888275,-30.66245,3.617142,0.6726932,0.5938701,1.0,-0.4004059,-0.2468719,0.8824463,30.24727,2.486786,-28.76231,4.359787,0.628229,0.5315493,-0.03393531,1.202456,-0.02432352,0.3603835,-0.1976103,-0.04059953,5.32292,-33.92438,33.21
45,-0.4572600999999999,-0.2532501,0.8524933000000001,1.0,-0.5457916,-0.3248138,0.7723846,-34.1749,2.015213,-30.62589,3.657501,0.6716581,0.5904446999999999,1.0,-0.40065,-0.2085724,0.8921661,30.27061,2.507034,-28.75441,4.430145,0.6272941999999999,0.5259279,-0.01895475,1.198867,-0.0238331,0.3677394,-0.1615064,-0.05000385,5.32292,-33.92438,33.21
45,-0.4572600999999999,-0.2532501,0.8524933000000001,1.0,-0.5457916,-0.3248138,0.7723846,-34.1749,2.015213,-30.62589,3.657501,0.6716581,0.5904446999999999,1.0,-0.40065,-0.2085724,0.8921661,30.27061,2.507034,-28.75441,4.430145,0.6272941999999999,0.5259279,-0.01895475,1.198867,-0.0238331,0.3677394,-0.1615064,-0.05000385,5.32292,-33.92438,33.21
45,-0.4572600999999999,-0.2532501,0.8524933000000001,1.0,-0.5457916,-0.3248138,0.7723846,-34.1749,2.015213,-30.62589,3.657501,0.6716581,0.5904446999999999,1.0,-0.40065,-0.2085724,0.8921661,30.27061,2.507034,-28.75441,4.430145,0.6272941999999999,0.5259279,-0.01895475,1.198867,-0.0238331,0.3677394,-0.1615064,-0.05000385,5.32292,-33.92438,33.21
45,-0.2362212999999999,-0.2090607,0.9489288,1.0,-0.2694092,-0.3061066,0.9130707,-33.26511,2.006912,-30.1404,3.024155,0.6018538,0.5788128,1.0,-0.2220306,-0.1691589,0.9602509,31.35548,2.246262,-28.45065,4.361572,0.5689616999999999,0.5245922,-0.00390172,1.195187,-0.02454692,0.3751113,-0.1283566,-0.06023783,5.32292,-33.92438,33.21
45,-0.2362212999999999,-0.2090607,0.9489288,1.0,-0.2694092,-0.3061066,0.9130707,-33.26511,2.006912,-30.1404,3.024155,0.6018538,0.5788128,1.0,-0.2220306,-0.1691589,0.9602509,31.35548,2.246262,-28.45065,4.361572,0.5689616999999999,0.5245922,-0.00390172,1.195187,-0.02454692,0.3751113,-0.1283566,-0.06023783,5.32292,-33.92438,33.21
45,-0.2362212999999999,-0.2090607,0.9489288,1.0,-0.2694092,-0.3061066,0.9130707,-33.26511,2.006912,-30.1404,3.024155,0.6018538,0.5788128,1.0,-0.2220306,-0.1691589,0.9602509,31.35548,2.246262,-28.45065,4.361572,0.5689616999999999,0.5245922,-0.00390172,1.195187,-0.02454692,0.3751113,-0.1283566,-0.06023783,5.32292,-33.92438,33.21
45,-0.1315613,-0.1831207,0.9742432,0.9830372,-0.1927795,-0.2507324,0.9486542,-32.93376,2.111771,-30.03757,3.201553,0.5804518,0.566233,0.9067165,-0.1087799,-0.1578827,0.9814453000000002,31.66982,2.334305,-28.32074,4.292358,0.5451729000000001,0.5181195,0.01102948,1.1916129999999998,-0.02517843,0.3813387,-0.09240706,-0.07786794,5.32292,-1.80065,33.21
45,-0.1315613,-0.1831207,0.9742432,0.9830372,-0.1927795,-0.2507324,0.9486542,-32.93376,2.111771,-30.03757,3.201553,0.5804518,0.566233,0.9067165,-0.1087799,-0.1578827,0.9814453000000002,31.66982,2.334305,-28.32074,4.292358,0.5451729000000001,0.5181195,0.01102948,1.1916129999999998,-0.02517843,0.3813387,-0.09240706,-0.07786794,5.32292,-1.80065,33.21
45,-0.1315613,-0.1831207,0.9742432,0.9830372,-0.1927795,-0.2507324,0.9486542,-32.93376,2.111771,-30.03757,3.201553,0.5804518,0.566233,0.9067165,-0.1087799,-0.1578827,0.9814453000000002,31.66982,2.334305,-28.32074,4.292358,0.5451729000000001,0.5181195,0.01102948,1.1916129999999998,-0.02517843,0.3813387,-0.09240706,-0.07786794,5.32292,-1.80065,33.21
45,-0.1300658999999999,-0.1734772,0.9761963,0.9831533,-0.2195282,-0.2498016,0.9430695,-32.78076,1.970001,-30.06731,3.3870089999999995,0.5785792,0.5714805000000001,0.9073058,-0.09925842,-0.1469727,0.9841461,31.65704,2.122162,-28.36671,4.444778,0.5442969,0.5243671999999999,0.04195333,1.183657,-0.02953082,0.3927757,-0.02346959,-0.1079213,5.32292,-1.80065,33.21
45,-0.1300658999999999,-0.1734772,0.9761963,0.9831533,-0.2195282,-0.2498016,0.9430695,-32.78076,1.970001,-30.06731,3.3870089999999995,0.5785792,0.5714805000000001,0.9073058,-0.09925842,-0.1469727,0.9841461,31.65704,2.122162,-28.36671,4.444778,0.5442969,0.5243671999999999,0.04195333,1.183657,-0.02953082,0.3927757,-0.02346959,-0.1079213,5.32292,-1.80065,33.21
45,-0.1300658999999999,-0.1734772,0.9761963,0.9831533,-0.2195282,-0.2498016,0.9430695,-32.78076,1.970001,-30.06731,3.3870089999999995,0.5785792,0.5714805000000001,0.9073058,-0.09925842,-0.1469727,0.9841461,31.65704,2.122162,-28.36671,4.444778,0.5442969,0.5243671999999999,0.04195333,1.183657,-0.02953082,0.3927757,-0.02346959,-0.1079213,5.32292,-1.80065,33.21
45,-0.1651154,-0.2401276,0.9565886999999998,1.0,-0.2319183,-0.3246155,0.9169617,-32.855470000000004,1.7344669999999998,-30.14987,3.124207,0.5828684000000001,0.5904241,1.0,-0.1463928,-0.2163696,0.965271,31.4408,2.003922,-28.45705,4.310333,0.5572765000000001,0.5379289,0.0572207,1.179265,-0.03253299,0.3979729,0.0123996,-0.1240233999999999,5.32292,-1.80065,33.21
45,-0.1651154,-0.2401276,0.9565886999999998,1.0,-0.2319183,-0.3246155,0.9169617,-32.855470000000004,1.7344669999999998,-30.14987,3.124207,0.5828684000000001,0.5904241,1.0,-0.1463928,-0.2163696,0.965271,31.4408,2.003922,-28.45705,4.310333,0.5572765000000001,0.5379289,0.0572207,1.179265,-0.03253299,0.3979729,0.0123996,-0.1240233999999999,5.32292,-1.80065,33.21
45,-0.1651154,-0.2401276,0.9565886999999998,1.0,-0.2319183,-0.3246155,0.9169617,-32.855470000000004,1.7344669999999998,-30.14987,3.124207,0.5828684000000001,0.5904241,1.0,-0.1463928,-0.2163696,0.965271,31.4408,2.003922,-28.45705,4.310333,0.5572765000000001,0.5379289,0.0572207,1.179265,-0.03253299,0.3979729,0.0123996,-0.1240233999999999,5.32292,-1.80065,33.21
45,-0.1701202,-0.2442932,0.9546509,1.0,-0.2625122,-0.2709045,0.9261017,-32.843779999999995,1.464264,-30.22801,3.850876,0.5865157,0.5937760999999999,1.0,-0.141037,-0.2355194,0.9615784,31.355,1.912064,-28.5006,4.185912999999999,0.5597251999999999,0.5437521,0.07168126,1.174786,-0.03607994,0.4026915,0.04367815,-0.1330515,5.32292,-1.80065,33.21
45,-0.1701202,-0.2442932,0.9546509,1.0,-0.2625122,-0.2709045,0.9261017,-32.843779999999995,1.464264,-30.22801,3.850876,0.5865157,0.5937760999999999,1.0,-0.141037,-0.2355194,0.9615784,31.355,1.912064,-28.5006,4.185912999999999,0.5597251999999999,0.5437521,0.07168126,1.174786,-0.03607994,0.4026915,0.04367815,-0.1330515,5.32292,-1.80065,33.21
45,-0.1701202,-0.2442932,0.9546509,1.0,-0.2625122,-0.2709045,0.9261017,-32.843779999999995,1.464264,-30.22801,3.850876,0.5865157,0.5937760999999999,1.0,-0.141037,-0.2355194,0.9615784,31.355,1.912064,-28.5006,4.185912999999999,0.5597251999999999,0.5437521,0.07168126,1.174786,-0.03607994,0.4026915,0.04367815,-0.1330515,5.32292,-1.80065,33.21
45,-0.1968384,-0.2862854,0.9376984,1.0,-0.2691192999999999,-0.3439331,0.8995972,-32.84024,1.434952,-30.25058,3.4114379999999995,0.5873075,0.6047659000000001,1.0,-0.1647339,-0.2602844,0.9513702,31.34772,1.831802,-28.54231,4.355316,0.5625349000000001,0.5501585999999999,0.08499193,1.170216,-0.04022044,0.4070017,0.07156508,-0.1457783999999999,5.32292,-1.80065,33.21
45,-0.1968384,-0.2862854,0.9376984,1.0,-0.2691192999999999,-0.3439331,0.8995972,-32.84024,1.434952,-30.25058,3.4114379999999995,0.5873075,0.6047659000000001,1.0,-0.1647339,-0.2602844,0.9513702,31.34772,1.831802,-28.54231,4.355316,0.5625349000000001,0.5501585999999999,0.08499193,1.170216,-0.04022044,0.4070017,0.07156508,-0.1457783999999999,5.32292,-1.80065,33.21
45,-0.1968384,-0.2862854,0.9376984,1.0,-0.2691192999999999,-0.3439331,0.8995972,-32.84024,1.434952,-30.25058,3.4114379999999995,0.5873075,0.6047659000000001,1.0,-0.1647339,-0.2602844,0.9513702,31.34772,1.831802,-28.54231,4.355316,0.5625349000000001,0.5501585999999999,0.08499193,1.170216,-0.04022044,0.4070017,0.07156508,-0.1457783999999999,5.32292,-1.80065,33.21
45,-0.1968384,-0.2862854,0.9376984,1.0,-0.2691192999999999,-0.3439331,0.8995972,-32.84024,1.434952,-30.25058,3.4114379999999995,0.5873075,0.6047659000000001,1.0,-0.1647339,-0.2602844,0.9513702,31.34772,1.831802,-28.54231,4.355316,0.5625349000000001,0.5501585999999999,0.08499193,1.170216,-0.04022044,0.4070017,0.07156508,-0.1457783999999999,5.32292,-1.80065,33.21
45,-0.1968384,-0.2862854,0.9376984,1.0,-0.2691192999999999,-0.3439331,0.8995972,-32.84024,1.434952,-30.25058,3.4114379999999995,0.5873075,0.6047659000000001,1.0,-0.1647339,-0.2602844,0.9513702,31.34772,1.831802,-28.54231,4.355316,0.5625349000000001,0.5501585999999999,0.08499193,1.170216,-0.04022044,0.4070017,0.07156508,-0.1457783999999999,5.32292,-1.80065,33.21
45,-0.1968384,-0.2862854,0.9376984,1.0,-0.2691192999999999,-0.3439331,0.8995972,-32.84024,1.434952,-30.25058,3.4114379999999995,0.5873075,0.6047659000000001,1.0,-0.1647339,-0.2602844,0.9513702,31.34772,1.831802,-28.54231,4.355316,0.5625349000000001,0.5501585999999999,0.08499193,1.170216,-0.04022044,0.4070017,0.07156508,-0.1457783999999999,5.32292,-1.80065,33.21
45,-0.1265259,-0.2590332,0.9575348,1.0,-0.1831665,-0.2969665999999999,0.937149,-32.62158,1.342667,-30.2027,3.5878300000000003,0.568785,0.6004986999999999,1.0,-0.08251953,-0.2289581,0.9699249,31.89546,1.7286830000000002,-28.446140000000003,4.227203,0.5344774,0.5480973000000001,0.1100154,1.160909,-0.04935515,0.4160495,0.1287804,-0.1778786,5.32292,27.22159,33.21
45,-0.1265259,-0.2590332,0.9575348,1.0,-0.1831665,-0.2969665999999999,0.937149,-32.62158,1.342667,-30.2027,3.5878300000000003,0.568785,0.6004986999999999,1.0,-0.08251953,-0.2289581,0.9699249,31.89546,1.7286830000000002,-28.446140000000003,4.227203,0.5344774,0.5480973000000001,0.1100154,1.160909,-0.04935515,0.4160495,0.1287804,-0.1778786,5.32292,27.22159,33.21
45,-0.1265259,-0.2590332,0.9575348,1.0,-0.1831665,-0.2969665999999999,0.937149,-32.62158,1.342667,-30.2027,3.5878300000000003,0.568785,0.6004986999999999,1.0,-0.08251953,-0.2289581,0.9699249,31.89546,1.7286830000000002,-28.446140000000003,4.227203,0.5344774,0.5480973000000001,0.1100154,1.160909,-0.04935515,0.4160495,0.1287804,-0.1778786,5.32292,27.22159,33.21
45,-0.09976196,-0.2460632,0.9640961,1.0,-0.1572723,-0.2599335,0.9527283,-32.3909,1.459778,-30.1404,3.500793,0.5573895000000001,0.5907508,1.0,-0.03141785,-0.2285308999999999,0.9730225,32.16531,1.713959,-28.40436,4.132217,0.5194691,0.5478066,0.1221938,1.1560780000000002,-0.05411553,0.4190151,0.1541312,-0.1926249,5.32292,27.22159,33.21
45,-0.09976196,-0.2460632,0.9640961,1.0,-0.1572723,-0.2599335,0.9527283,-32.3909,1.459778,-30.1404,3.500793,0.5573895000000001,0.5907508,1.0,-0.03141785,-0.2285308999999999,0.9730225,32.16531,1.713959,-28.40436,4.132217,0.5194691,0.5478066,0.1221938,1.1560780000000002,-0.05411553,0.4190151,0.1541312,-0.1926249,5.32292,27.22159,33.21
45,-0.09976196,-0.2460632,0.9640961,1.0,-0.1572723,-0.2599335,0.9527283,-32.3909,1.459778,-30.1404,3.500793,0.5573895000000001,0.5907508,1.0,-0.03141785,-0.2285308999999999,0.9730225,32.16531,1.713959,-28.40436,4.132217,0.5194691,0.5478066,0.1221938,1.1560780000000002,-0.05411553,0.4190151,0.1541312,-0.1926249,5.32292,27.22159,33.21
45,-0.03755188,-0.2292938,0.9726257,1.0,-0.1388092,-0.2689514,0.9530792,-32.35283,1.523773,-30.112990000000003,3.519135,0.5537859,0.5893538,1.0,0.002502441,-0.2128754,0.977066,32.21893,1.719345,-28.39719,4.060028,0.5137565,0.5454533,0.133666,1.151124,-0.05973989,0.4230406,0.1825297,-0.209879,5.32292,27.22159,33.21
45,-0.03755188,-0.2292938,0.9726257,1.0,-0.1388092,-0.2689514,0.9530792,-32.35283,1.523773,-30.112990000000003,3.519135,0.5537859,0.5893538,1.0,0.002502441,-0.2128754,0.977066,32.21893,1.719345,-28.39719,4.060028,0.5137565,0.5454533,0.133666,1.151124,-0.05973989,0.4230406,0.1825297,-0.209879,5.32292,27.22159,33.21
45,-0.03755188,-0.2292938,0.9726257,1.0,-0.1388092,-0.2689514,0.9530792,-32.35283,1.523773,-30.112990000000003,3.519135,0.5537859,0.5893538,1.0,0.002502441,-0.2128754,0.977066,32.21893,1.719345,-28.39719,4.060028,0.5137565,0.5454533,0.133666,1.151124,-0.05973989,0.4230406,0.1825297,-0.209879,5.32292,27.22159,33.21
45,1.525879e-05,-0.2141417999999999,0.9767914,1.0,-0.0763092,-0.2476807,0.9658203000000002,-32.24493,1.452393,-30.12497,3.530792,0.5423415,0.5889807,1.0,0.03953552,-0.1961975,0.9797516,32.27834,1.630234,-28.39691,4.050766,0.5074032,0.5463026999999999,0.1446457,1.146205,-0.06555206,0.4255049,0.208955,-0.2283556,5.32292,27.22159,33.21
45,1.525879e-05,-0.2141417999999999,0.9767914,1.0,-0.0763092,-0.2476807,0.9658203000000002,-32.24493,1.452393,-30.12497,3.530792,0.5423415,0.5889807,1.0,0.03953552,-0.1961975,0.9797516,32.27834,1.630234,-28.39691,4.050766,0.5074032,0.5463026999999999,0.1446457,1.146205,-0.06555206,0.4255049,0.208955,-0.2283556,5.32292,27.22159,33.21
45,1.525879e-05,-0.2141417999999999,0.9767914,1.0,-0.0763092,-0.2476807,0.9658203000000002,-32.24493,1.452393,-30.12497,3.530792,0.5423415,0.5889807,1.0,0.03953552,-0.1961975,0.9797516,32.27834,1.630234,-28.39691,4.050766,0.5074032,0.5463026999999999,0.1446457,1.146205,-0.06555206,0.4255049,0.208955,-0.2283556,5.32292,27.22159,33.21
45,-0.214798,-0.2381744,0.9471588,1.0,-0.2776642,-0.2908936,0.9155579,-32.86615,1.439774,-30.24272,3.209061,0.5891227,0.597478,1.0,-0.1573944,-0.1896362,0.9691467,31.33675,1.836914,-28.5522,4.110428,0.562361,0.541166,0.15537,1.141721,-0.07121003,0.4240234,0.2359373,-0.2479399,5.32292,27.22159,33.21
45,-0.214798,-0.2381744,0.9471588,1.0,-0.2776642,-0.2908936,0.9155579,-32.86615,1.439774,-30.24272,3.209061,0.5891227,0.597478,1.0,-0.1573944,-0.1896362,0.9691467,31.33675,1.836914,-28.5522,4.110428,0.562361,0.541166,0.15537,1.141721,-0.07121003,0.4240234,0.2359373,-0.2479399,5.32292,27.22159,33.21
45,-0.214798,-0.2381744,0.9471588,1.0,-0.2776642,-0.2908936,0.9155579,-32.86615,1.439774,-30.24272,3.209061,0.5891227,0.597478,1.0,-0.1573944,-0.1896362,0.9691467,31.33675,1.836914,-28.5522,4.110428,0.562361,0.541166,0.15537,1.141721,-0.07121003,0.4240234,0.2359373,-0.2479399,5.32292,27.22159,33.21
45,-0.3141174,-0.2180634,0.923996,1.0,-0.3610534999999999,-0.2705688,0.8924103000000001,-33.141040000000004,1.412842,-30.34833,3.278397,0.6095719,0.5977615,1.0,-0.2572937,-0.1555176,0.9537354,31.06511,1.783051,-28.668840000000003,4.248581,0.5832009,0.5409062,0.15537,1.141721,-0.07121003,0.4240234,0.2359373,-0.2479399,5.32292,19.15506,33.21
45,-0.3141174,-0.2180634,0.923996,1.0,-0.3610534999999999,-0.2705688,0.8924103000000001,-33.141040000000004,1.412842,-30.34833,3.278397,0.6095719,0.5977615,1.0,-0.2572937,-0.1555176,0.9537354,31.06511,1.783051,-28.668840000000003,4.248581,0.5832009,0.5409062,0.15537,1.141721,-0.07121003,0.4240234,0.2359373,-0.2479399,5.32292,19.15506,33.21
45,-0.3141174,-0.2180634,0.923996,1.0,-0.3610534999999999,-0.2705688,0.8924103000000001,-33.141040000000004,1.412842,-30.34833,3.278397,0.6095719,0.5977615,1.0,-0.2572937,-0.1555176,0.9537354,31.06511,1.783051,-28.668840000000003,4.248581,0.5832009,0.5409062,0.15537,1.141721,-0.07121003,0.4240234,0.2359373,-0.2479399,5.32292,19.15506,33.21
45,-0.4282837,-0.2171021,0.8771667,1.0,-0.4902496,-0.2520599,0.8343200999999999,-33.46875,1.3344120000000002,-30.555770000000003,3.4967650000000003,0.6384876,0.6023151,1.0,-0.3756256,-0.1875152999999999,0.9075928,30.76674,1.5145110000000002,-28.901,4.115402,0.6079055,0.5577331999999999,0.1654618,1.137505,-0.07672387,0.4247528,0.2560305,-0.2576875,5.32292,19.15506,33.21
45,-0.4282837,-0.2171021,0.8771667,1.0,-0.4902496,-0.2520599,0.8343200999999999,-33.46875,1.3344120000000002,-30.555770000000003,3.4967650000000003,0.6384876,0.6023151,1.0,-0.3756256,-0.1875152999999999,0.9075928,30.76674,1.5145110000000002,-28.901,4.115402,0.6079055,0.5577331999999999,0.1654618,1.137505,-0.07672387,0.4247528,0.2560305,-0.2576875,5.32292,19.15506,33.21
45,-0.4282837,-0.2171021,0.8771667,1.0,-0.4902496,-0.2520599,0.8343200999999999,-33.46875,1.3344120000000002,-30.555770000000003,3.4967650000000003,0.6384876,0.6023151,1.0,-0.3756256,-0.1875152999999999,0.9075928,30.76674,1.5145110000000002,-28.901,4.115402,0.6079055,0.5577331999999999,0.1654618,1.137505,-0.07672387,0.4247528,0.2560305,-0.2576875,5.32292,19.15506,33.21
45,-0.4964293999999999,-0.242691,0.8334503000000001,1.0,-0.5513763,-0.2650757,0.7910156,-33.74158,1.264801,-30.72025,3.690552,0.6569305999999999,0.6096209,1.0,-0.4373474,-0.2184143,0.872345,30.48972,1.463013,-29.059420000000003,4.014725,0.6252998000000001,0.5660555,0.1746424,1.1335540000000002,-0.0821858,0.4247987,0.2742083,-0.2645582,5.32292,19.15506,33.21
45,-0.4964293999999999,-0.242691,0.8334503000000001,1.0,-0.5513763,-0.2650757,0.7910156,-33.74158,1.264801,-30.72025,3.690552,0.6569305999999999,0.6096209,1.0,-0.4373474,-0.2184143,0.872345,30.48972,1.463013,-29.059420000000003,4.014725,0.6252998000000001,0.5660555,0.1746424,1.1335540000000002,-0.0821858,0.4247987,0.2742083,-0.2645582,5.32292,19.15506,33.21
45,-0.4964293999999999,-0.242691,0.8334503000000001,1.0,-0.5513763,-0.2650757,0.7910156,-33.74158,1.264801,-30.72025,3.690552,0.6569305999999999,0.6096209,1.0,-0.4373474,-0.2184143,0.872345,30.48972,1.463013,-29.059420000000003,4.014725,0.6252998000000001,0.5660555,0.1746424,1.1335540000000002,-0.0821858,0.4247987,0.2742083,-0.2645582,5.32292,19.15506,33.21
45,-0.4673615,-0.1725616,0.8670502,1.0,-0.5429993000000001,-0.1906433,0.8177948,-33.85196,1.113144,-30.80235,3.649887,0.6595607,0.6055895,1.0,-0.4396667,-0.1658172999999999,0.8827056999999999,30.54904,1.387405,-29.07751,4.066055,0.6234375,0.5620955,0.1838771,1.129636,-0.0883835,0.4245255999999999,0.2977366,-0.2750343,5.32292,19.15506,33.21
45,-0.4673615,-0.1725616,0.8670502,1.0,-0.5429993000000001,-0.1906433,0.8177948,-33.85196,1.113144,-30.80235,3.649887,0.6595607,0.6055895,1.0,-0.4396667,-0.1658172999999999,0.8827056999999999,30.54904,1.387405,-29.07751,4.066055,0.6234375,0.5620955,0.1838771,1.129636,-0.0883835,0.4245255999999999,0.2977366,-0.2750343,5.32292,19.15506,33.21
45,-0.4673615,-0.1725616,0.8670502,1.0,-0.5429993000000001,-0.1906433,0.8177948,-33.85196,1.113144,-30.80235,3.649887,0.6595607,0.6055895,1.0,-0.4396667,-0.1658172999999999,0.8827056999999999,30.54904,1.387405,-29.07751,4.066055,0.6234375,0.5620955,0.1838771,1.129636,-0.0883835,0.4245255999999999,0.2977366,-0.2750343,5.32292,19.15506,33.21
45,-0.4341430999999999,-0.1743622,0.8837891,1.0,-0.521225,-0.1998901,0.8296661,-33.78893,1.127502,-30.75758,3.625031,0.6542534999999999,0.6053733,1.0,-0.3659668,-0.1540375,0.9177856,30.67537,1.369156,-28.95581,3.9758,0.6101354999999999,0.5587956000000001,0.1928101,1.125671,-0.0950411,0.4253670999999999,0.3200493,-0.2855303,5.32292,19.15506,33.21
45,-0.4341430999999999,-0.1743622,0.8837891,1.0,-0.521225,-0.1998901,0.8296661,-33.78893,1.127502,-30.75758,3.625031,0.6542534999999999,0.6053733,1.0,-0.3659668,-0.1540375,0.9177856,30.67537,1.369156,-28.95581,3.9758,0.6101354999999999,0.5587956000000001,0.1928101,1.125671,-0.0950411,0.4253670999999999,0.3200493,-0.2855303,5.32292,19.15506,33.21
45,-0.4341430999999999,-0.1743622,0.8837891,1.0,-0.521225,-0.1998901,0.8296661,-33.78893,1.127502,-30.75758,3.625031,0.6542534999999999,0.6053733,1.0,-0.3659668,-0.1540375,0.9177856,30.67537,1.369156,-28.95581,3.9758,0.6101354999999999,0.5587956000000001,0.1928101,1.125671,-0.0950411,0.4253670999999999,0.3200493,-0.2855303,5.32292,19.15506,33.21
45,-0.4504852,-0.1495819,0.8801575,1.0,-0.536026,-0.1581879,0.8292389000000001,-33.76282,1.138428,-30.771290000000004,3.679153,0.6552161999999999,0.5999431,1.0,-0.3641357,-0.1399078,0.9207611,30.7137,1.37912,-28.94431,3.998032,0.6085527,0.5565532,0.2016944,1.1217290000000002,-0.101936,0.4247317,0.3428287,-0.2960261,5.32292,24.21464,33.21
45,-0.4504852,-0.1495819,0.8801575,1.0,-0.536026,-0.1581879,0.8292389000000001,-33.76282,1.138428,-30.771290000000004,3.679153,0.6552161999999999,0.5999431,1.0,-0.3641357,-0.1399078,0.9207611,30.7137,1.37912,-28.94431,3.998032,0.6085527,0.5565532,0.2016944,1.1217290000000002,-0.101936,0.4247317,0.3428287,-0.2960261,5.32292,24.21464,33.21
45,-0.4504852,-0.1495819,0.8801575,1.0,-0.536026,-0.1581879,0.8292389000000001,-33.76282,1.138428,-30.771290000000004,3.679153,0.6552161999999999,0.5999431,1.0,-0.3641357,-0.1399078,0.9207611,30.7137,1.37912,-28.94431,3.998032,0.6085527,0.5565532,0.2016944,1.1217290000000002,-0.101936,0.4247317,0.3428287,-0.2960261,5.32292,24.21464,33.21
45,-0.4504852,-0.1495819,0.8801575,1.0,-0.536026,-0.1581879,0.8292389000000001,-33.76282,1.138428,-30.771290000000004,3.679153,0.6552161999999999,0.5999431,1.0,-0.3641357,-0.1399078,0.9207611,30.7137,1.37912,-28.94431,3.998032,0.6085527,0.5565532,0.2106925,1.118356,-0.1091823999999999,0.4237349,0.3671173,-0.3040449999999999,5.32292,24.21464,33.21
45,-0.4504852,-0.1495819,0.8801575,1.0,-0.536026,-0.1581879,0.8292389000000001,-33.76282,1.138428,-30.771290000000004,3.679153,0.6552161999999999,0.5999431,1.0,-0.3641357,-0.1399078,0.9207611,30.7137,1.37912,-28.94431,3.998032,0.6085527,0.5565532,0.2106925,1.118356,-0.1091823999999999,0.4237349,0.3671173,-0.3040449999999999,5.32292,24.21464,33.21
45,-0.4504852,-0.1495819,0.8801575,1.0,-0.536026,-0.1581879,0.8292389000000001,-33.76282,1.138428,-30.771290000000004,3.679153,0.6552161999999999,0.5999431,1.0,-0.3641357,-0.1399078,0.9207611,30.7137,1.37912,-28.94431,3.998032,0.6085527,0.5565532,0.2106925,1.118356,-0.1091823999999999,0.4237349,0.3671173,-0.3040449999999999,5.32292,24.21464,33.21
45,-0.4395447,-0.1410674999999999,0.8870544,1.0,-0.5081177,-0.1387023999999999,0.8500366,-33.74315,1.126007,-30.74028,3.5195769999999995,0.6506193,0.5968859999999999,1.0,-0.349472,-0.1428375,0.9259796,30.77727,1.38591,-28.90822,3.918976,0.6047121999999999,0.5560994,0.2251084,1.11273,-0.1247036,0.4226813,0.4107042999999999,-0.3188585,5.32292,24.21464,33.21
45,-0.4395447,-0.1410674999999999,0.8870544,1.0,-0.5081177,-0.1387023999999999,0.8500366,-33.74315,1.126007,-30.74028,3.5195769999999995,0.6506193,0.5968859999999999,1.0,-0.349472,-0.1428375,0.9259796,30.77727,1.38591,-28.90822,3.918976,0.6047121999999999,0.5560994,0.2251084,1.11273,-0.1247036,0.4226813,0.4107042999999999,-0.3188585,5.32292,24.21464,33.21
45,-0.4395447,-0.1410674999999999,0.8870544,1.0,-0.5081177,-0.1387023999999999,0.8500366,-33.74315,1.126007,-30.74028,3.5195769999999995,0.6506193,0.5968859999999999,1.0,-0.349472,-0.1428375,0.9259796,30.77727,1.38591,-28.90822,3.918976,0.6047121999999999,0.5560994,0.2251084,1.11273,-0.1247036,0.4226813,0.4107042999999999,-0.3188585,5.32292,24.21464,33.21
45,-0.4395447,-0.1410674999999999,0.8870544,1.0,-0.5081177,-0.1387023999999999,0.8500366,-33.74315,1.126007,-30.74028,3.5195769999999995,0.6506193,0.5968859999999999,1.0,-0.349472,-0.1428375,0.9259796,30.77727,1.38591,-28.90822,3.918976,0.6047121999999999,0.5560994,0.2251084,1.11273,-0.1247036,0.4226813,0.4107042999999999,-0.3188585,5.32292,24.21464,33.21
45,-0.4395447,-0.1410674999999999,0.8870544,1.0,-0.5081177,-0.1387023999999999,0.8500366,-33.74315,1.126007,-30.74028,3.5195769999999995,0.6506193,0.5968859999999999,1.0,-0.349472,-0.1428375,0.9259796,30.77727,1.38591,-28.90822,3.918976,0.6047121999999999,0.5560994,0.2251084,1.11273,-0.1247036,0.4226813,0.4107042999999999,-0.3188585,5.32292,24.21464,33.21
45,-0.4395447,-0.1410674999999999,0.8870544,1.0,-0.5081177,-0.1387023999999999,0.8500366,-33.74315,1.126007,-30.74028,3.5195769999999995,0.6506193,0.5968859999999999,1.0,-0.349472,-0.1428375,0.9259796,30.77727,1.38591,-28.90822,3.918976,0.6047121999999999,0.5560994,0.2251084,1.11273,-0.1247036,0.4226813,0.4107042999999999,-0.3188585,5.32292,24.21464,33.21
45,-0.2458954,-0.1193237,0.9619141,1.0,-0.3127136,-0.1342162999999999,0.9403076,-33.43933,1.054794,-30.45395,3.2901,0.6136554,0.5930125,1.0,-0.2233429,-0.1142273,0.9680176,31.16026,1.256851,-28.73335,4.02211,0.5762804,0.5537692,0.2360576,1.108992,-0.1386082,0.4170127999999999,0.4474222,-0.3332337,5.32292,24.21464,33.21
45,-0.2458954,-0.1193237,0.9619141,1.0,-0.3127136,-0.1342162999999999,0.9403076,-33.43933,1.054794,-30.45395,3.2901,0.6136554,0.5930125,1.0,-0.2233429,-0.1142273,0.9680176,31.16026,1.256851,-28.73335,4.02211,0.5762804,0.5537692,0.2360576,1.108992,-0.1386082,0.4170127999999999,0.4474222,-0.3332337,5.32292,24.21464,33.21
45,-0.2458954,-0.1193237,0.9619141,1.0,-0.3127136,-0.1342162999999999,0.9403076,-33.43933,1.054794,-30.45395,3.2901,0.6136554,0.5930125,1.0,-0.2233429,-0.1142273,0.9680176,31.16026,1.256851,-28.73335,4.02211,0.5762804,0.5537692,0.2360576,1.108992,-0.1386082,0.4170127999999999,0.4474222,-0.3332337,5.32292,24.21464,33.21
45,-0.2718811,-0.1390227999999999,0.9522247,1.0,-0.3943787,-0.2051849,0.8957367,-33.35667,0.8861389000000001,-30.52005,3.32547,0.6216345999999999,0.6097414000000001,1.0,-0.2452393,-0.1246643,0.9614105,30.94507,1.152344,-28.82072,4.031799,0.5862335999999999,0.5596810999999999,0.2397856,1.107608,-0.1443842,0.4126049,0.4595053,-0.3416837,5.32292,24.21464,33.21
45,-0.2718811,-0.1390227999999999,0.9522247,1.0,-0.3943787,-0.2051849,0.8957367,-33.35667,0.8861389000000001,-30.52005,3.32547,0.6216345999999999,0.6097414000000001,1.0,-0.2452393,-0.1246643,0.9614105,30.94507,1.152344,-28.82072,4.031799,0.5862335999999999,0.5596810999999999,0.2397856,1.107608,-0.1443842,0.4126049,0.4595053,-0.3416837,5.32292,24.21464,33.21
45,-0.2718811,-0.1390227999999999,0.9522247,1.0,-0.3943787,-0.2051849,0.8957367,-33.35667,0.8861389000000001,-30.52005,3.32547,0.6216345999999999,0.6097414000000001,1.0,-0.2452393,-0.1246643,0.9614105,30.94507,1.152344,-28.82072,4.031799,0.5862335999999999,0.5596810999999999,0.2397856,1.107608,-0.1443842,0.4126049,0.4595053,-0.3416837,5.32292,24.21464,33.21
45,-0.336731,-0.1476135,0.9299469,1.0,-0.3777008,-0.2171326,0.9000853999999999,-33.45128,0.7950745,-30.54466,2.904388,0.6228918999999999,0.6143827,1.0,-0.303009,-0.09255981,0.9484711,30.87097,1.118515,-28.90182,4.011108,0.5957486999999999,0.5582917,0.2397856,1.107608,-0.1443842,0.4126049,0.4595053,-0.3416837,5.32292,32.85159,33.21
45,-0.336731,-0.1476135,0.9299469,1.0,-0.3777008,-0.2171326,0.9000853999999999,-33.45128,0.7950745,-30.54466,2.904388,0.6228918999999999,0.6143827,1.0,-0.303009,-0.09255981,0.9484711,30.87097,1.118515,-28.90182,4.011108,0.5957486999999999,0.5582917,0.2397856,1.107608,-0.1443842,0.4126049,0.4595053,-0.3416837,5.32292,32.85159,33.21
45,-0.336731,-0.1476135,0.9299469,1.0,-0.3777008,-0.2171326,0.9000853999999999,-33.45128,0.7950745,-30.54466,2.904388,0.6228918999999999,0.6143827,1.0,-0.303009,-0.09255981,0.9484711,30.87097,1.118515,-28.90182,4.011108,0.5957486999999999,0.5582917,0.2397856,1.107608,-0.1443842,0.4126049,0.4595053,-0.3416837,5.32292,32.85159,33.21
46,-0.3358612,-0.1094359999999999,0.9355164,1.0,-0.4320526,-0.1775055,0.884201,-33.4377,1.039856,-30.53073,3.484528,0.6293561,0.6014982,1.0,-0.2828674,-0.07278442,0.9563751,31.07372,1.1755520000000002,-28.837390000000003,4.054794,0.5863214,0.5530888,0.2462354,1.106781,-0.1535555,0.4003144,0.4780242999999999,-0.3519944,5.32292,32.85159,33.21
46,-0.3358612,-0.1094359999999999,0.9355164,1.0,-0.4320526,-0.1775055,0.884201,-33.4377,1.039856,-30.53073,3.484528,0.6293561,0.6014982,1.0,-0.2828674,-0.07278442,0.9563751,31.07372,1.1755520000000002,-28.837390000000003,4.054794,0.5863214,0.5530888,0.2462354,1.106781,-0.1535555,0.4003144,0.4780242999999999,-0.3519944,5.32292,32.85159,33.21
46,-0.3358612,-0.1094359999999999,0.9355164,1.0,-0.4320526,-0.1775055,0.884201,-33.4377,1.039856,-30.53073,3.484528,0.6293561,0.6014982,1.0,-0.2828674,-0.07278442,0.9563751,31.07372,1.1755520000000002,-28.837390000000003,4.054794,0.5863214,0.5530888,0.2462354,1.106781,-0.1535555,0.4003144,0.4780242999999999,-0.3519944,5.32292,32.85159,33.21
46,-0.3358612,-0.1094359999999999,0.9355164,1.0,-0.4320526,-0.1775055,0.884201,-33.4377,1.039856,-30.53073,3.484528,0.6293561,0.6014982,1.0,-0.2828674,-0.07278442,0.9563751,31.07372,1.1755520000000002,-28.837390000000003,4.054794,0.5863214,0.5530888,0.249234,1.107228,-0.1573349,0.3931572,0.4862503999999999,-0.3537167,5.32292,32.85159,33.21
46,-0.3358612,-0.1094359999999999,0.9355164,1.0,-0.4320526,-0.1775055,0.884201,-33.4377,1.039856,-30.53073,3.484528,0.6293561,0.6014982,1.0,-0.2828674,-0.07278442,0.9563751,31.07372,1.1755520000000002,-28.837390000000003,4.054794,0.5863214,0.5530888,0.249234,1.107228,-0.1573349,0.3931572,0.4862503999999999,-0.3537167,5.32292,32.85159,33.21
46,-0.3358612,-0.1094359999999999,0.9355164,1.0,-0.4320526,-0.1775055,0.884201,-33.4377,1.039856,-30.53073,3.484528,0.6293561,0.6014982,1.0,-0.2828674,-0.07278442,0.9563751,31.07372,1.1755520000000002,-28.837390000000003,4.054794,0.5863214,0.5530888,0.249234,1.107228,-0.1573349,0.3931572,0.4862503999999999,-0.3537167,5.32292,32.85159,33.21
46,-0.3358612,-0.1094359999999999,0.9355164,1.0,-0.4320526,-0.1775055,0.884201,-33.4377,1.039856,-30.53073,3.484528,0.6293561,0.6014982,1.0,-0.2828674,-0.07278442,0.9563751,31.07372,1.1755520000000002,-28.837390000000003,4.054794,0.5863214,0.5530888,0.249234,1.107228,-0.1573349,0.3931572,0.4862503999999999,-0.3537167,5.32292,32.85159,33.21
46,-0.3358612,-0.1094359999999999,0.9355164,1.0,-0.4320526,-0.1775055,0.884201,-33.4377,1.039856,-30.53073,3.484528,0.6293561,0.6014982,1.0,-0.2828674,-0.07278442,0.9563751,31.07372,1.1755520000000002,-28.837390000000003,4.054794,0.5863214,0.5530888,0.249234,1.107228,-0.1573349,0.3931572,0.4862503999999999,-0.3537167,5.32292,32.85159,33.21
46,-0.3358612,-0.1094359999999999,0.9355164,1.0,-0.4320526,-0.1775055,0.884201,-33.4377,1.039856,-30.53073,3.484528,0.6293561,0.6014982,1.0,-0.2828674,-0.07278442,0.9563751,31.07372,1.1755520000000002,-28.837390000000003,4.054794,0.5863214,0.5530888,0.249234,1.107228,-0.1573349,0.3931572,0.4862503999999999,-0.3537167,5.32292,32.85159,33.21
46,-0.32724,-0.1154174999999999,0.937851,1.0,-0.4284058,-0.1730042,0.8868560999999999,-33.45135,1.023315,-30.537,3.4833220000000003,0.6293561,0.6014982,1.0,-0.2637939,-0.0798645,0.9612579,31.09239,1.1487120000000002,-28.81978,3.987122,0.5835007,0.5544386,0.2519478,1.108004,-0.16096,0.3858150999999999,0.4943170999999999,-0.3543058,5.32292,32.85159,33.21
46,-0.32724,-0.1154174999999999,0.937851,1.0,-0.4284058,-0.1730042,0.8868560999999999,-33.45135,1.023315,-30.537,3.4833220000000003,0.6293561,0.6014982,1.0,-0.2637939,-0.0798645,0.9612579,31.09239,1.1487120000000002,-28.81978,3.987122,0.5835007,0.5544386,0.2519478,1.108004,-0.16096,0.3858150999999999,0.4943170999999999,-0.3543058,5.32292,32.85159,33.21
46,-0.32724,-0.1154174999999999,0.937851,1.0,-0.4284058,-0.1730042,0.8868560999999999,-33.45135,1.023315,-30.537,3.4833220000000003,0.6293561,0.6014982,1.0,-0.2637939,-0.0798645,0.9612579,31.09239,1.1487120000000002,-28.81978,3.987122,0.5835007,0.5544386,0.2519478,1.108004,-0.16096,0.3858150999999999,0.4943170999999999,-0.3543058,5.32292,32.85159,33.21
46,-0.27771,-0.1195831,0.953186,1.0,-0.3380585,-0.1838226,0.9229889,-33.66806,0.901123,-30.53084,3.242798,0.6252066999999999,0.605835,1.0,-0.2395935,-0.07977295,0.9675751,31.0831,1.089966,-28.8156,4.103958,0.5807512,0.5562069000000001,0.2544804,1.109083,-0.1648832999999999,0.378581,0.5044679,-0.3529768,5.32292,46.1151,33.21
46,-0.27771,-0.1195831,0.953186,1.0,-0.3380585,-0.1838226,0.9229889,-33.66806,0.901123,-30.53084,3.242798,0.6252066999999999,0.605835,1.0,-0.2395935,-0.07977295,0.9675751,31.0831,1.089966,-28.8156,4.103958,0.5807512,0.5562069000000001,0.2544804,1.109083,-0.1648832999999999,0.378581,0.5044679,-0.3529768,5.32292,46.1151,33.21
46,-0.27771,-0.1195831,0.953186,1.0,-0.3380585,-0.1838226,0.9229889,-33.66806,0.901123,-30.53084,3.242798,0.6252066999999999,0.605835,1.0,-0.2395935,-0.07977295,0.9675751,31.0831,1.089966,-28.8156,4.103958,0.5807512,0.5562069000000001,0.2544804,1.109083,-0.1648832999999999,0.378581,0.5044679,-0.3529768,5.32292,46.1151,33.21
46,-0.4396515,0.0333251999999999,0.8975371999999999,1.0,-0.5550537,0.01013184,0.8317413,-34.18994,1.460754,-30.89713,3.709915,0.6729856,0.5687765,1.0,-0.386734,0.04325867,0.9211578,30.38225,1.6209870000000002,-29.12396,4.360458,0.6223425,0.5282205,0.2574444,1.110751,-0.1686597,0.3700942,0.5155032,-0.3496335,5.32292,46.1151,33.21
46,-0.4396515,0.0333251999999999,0.8975371999999999,1.0,-0.5550537,0.01013184,0.8317413,-34.18994,1.460754,-30.89713,3.709915,0.6729856,0.5687765,1.0,-0.386734,0.04325867,0.9211578,30.38225,1.6209870000000002,-29.12396,4.360458,0.6223425,0.5282205,0.2574444,1.110751,-0.1686597,0.3700942,0.5155032,-0.3496335,5.32292,46.1151,33.21
46,-0.4396515,0.0333251999999999,0.8975371999999999,1.0,-0.5550537,0.01013184,0.8317413,-34.18994,1.460754,-30.89713,3.709915,0.6729856,0.5687765,1.0,-0.386734,0.04325867,0.9211578,30.38225,1.6209870000000002,-29.12396,4.360458,0.6223425,0.5282205,0.2574444,1.110751,-0.1686597,0.3700942,0.5155032,-0.3496335,5.32292,46.1151,33.21
46,-1.0,-1.0,-1.0,0.9322098,0.0,0.0,0.0,-34.97047,2.300537,-31.55031,-1.0,0.724163,0.5278975,0.9085085,0.0,0.0,0.0,29.56351,2.489105,-29.83286,-1.0,0.6707025,0.4815674,0.2610159999999999,1.113091,-0.172555,0.3593005999999999,0.5290921,-0.3423799,5.32292,46.1151,33.21
46,-1.0,-1.0,-1.0,0.9322098,0.0,0.0,0.0,-34.97047,2.300537,-31.55031,-1.0,0.724163,0.5278975,0.9085085,0.0,0.0,0.0,29.56351,2.489105,-29.83286,-1.0,0.6707025,0.4815674,0.2610159999999999,1.113091,-0.172555,0.3593005999999999,0.5290921,-0.3423799,5.32292,46.1151,33.21
46,-1.0,-1.0,-1.0,0.9322098,0.0,0.0,0.0,-34.97047,2.300537,-31.55031,-1.0,0.724163,0.5278975,0.9085085,0.0,0.0,0.0,29.56351,2.489105,-29.83286,-1.0,0.6707025,0.4815674,0.2610159999999999,1.113091,-0.172555,0.3593005999999999,0.5290921,-0.3423799,5.32292,46.1151,33.21
46,-0.4747009,0.1635437,0.8648070999999999,1.0,0.0,0.0,0.0,-34.96291,2.124054,-31.47127,-1.0,0.7176608,0.5319102,1.0,-0.4747009,0.1635437,0.8648070999999999,29.69591,2.277557,-29.55812,4.453094,0.6576883000000001,0.4966973,0.2656578,1.116086,-0.1767567,0.3471019,0.544871,-0.3301252999999999,5.32292,46.1151,33.21
46,-0.4747009,0.1635437,0.8648070999999999,1.0,0.0,0.0,0.0,-34.96291,2.124054,-31.47127,-1.0,0.7176608,0.5319102,1.0,-0.4747009,0.1635437,0.8648070999999999,29.69591,2.277557,-29.55812,4.453094,0.6576883000000001,0.4966973,0.2656578,1.116086,-0.1767567,0.3471019,0.544871,-0.3301252999999999,5.32292,46.1151,33.21
46,-0.4747009,0.1635437,0.8648070999999999,1.0,0.0,0.0,0.0,-34.96291,2.124054,-31.47127,-1.0,0.7176608,0.5319102,1.0,-0.4747009,0.1635437,0.8648070999999999,29.69591,2.277557,-29.55812,4.453094,0.6576883000000001,0.4966973,0.2656578,1.116086,-0.1767567,0.3471019,0.544871,-0.3301252999999999,5.32292,46.1151,33.21
46,-0.545517,0.09703064,0.8324584999999999,1.0,-0.5832672,0.06756592,0.8094482,-34.91182,2.470337,-31.189740000000004,4.034653,0.7035434,0.529687,1.0,-0.48703,0.1399994,0.8620758,29.940140000000003,2.362976,-29.44885,4.552719000000001,0.6503866,0.4958718,0.2721622,1.120024,-0.1803735,0.330339,0.5586419,-0.3088395,5.32292,46.1151,33.21
46,-0.545517,0.09703064,0.8324584999999999,1.0,-0.5832672,0.06756592,0.8094482,-34.91182,2.470337,-31.189740000000004,4.034653,0.7035434,0.529687,1.0,-0.48703,0.1399994,0.8620758,29.940140000000003,2.362976,-29.44885,4.552719000000001,0.6503866,0.4958718,0.2721622,1.120024,-0.1803735,0.330339,0.5586419,-0.3088395,5.32292,46.1151,33.21
46,-0.545517,0.09703064,0.8324584999999999,1.0,-0.5832672,0.06756592,0.8094482,-34.91182,2.470337,-31.189740000000004,4.034653,0.7035434,0.529687,1.0,-0.48703,0.1399994,0.8620758,29.940140000000003,2.362976,-29.44885,4.552719000000001,0.6503866,0.4958718,0.2721622,1.120024,-0.1803735,0.330339,0.5586419,-0.3088395,5.32292,46.1151,33.21
46,-0.5084991,0.1026001,0.8549194,1.0,-0.615799,0.1105956999999999,0.7800751,-34.82242,2.472275,-31.24965,4.346558,0.7052315,0.5257135000000001,1.0,-0.4489899,0.09771729,0.8881683000000001,30.03522,2.443756,-29.3228,4.403748,0.6422611999999999,0.4964054,0.280378,1.126463,-0.1831966,0.3085684999999999,0.5744005999999999,-0.276883,5.293448,-72.96988,33.21
46,-0.5084991,0.1026001,0.8549194,1.0,-0.615799,0.1105956999999999,0.7800751,-34.82242,2.472275,-31.24965,4.346558,0.7052315,0.5257135000000001,1.0,-0.4489899,0.09771729,0.8881683000000001,30.03522,2.443756,-29.3228,4.403748,0.6422611999999999,0.4964054,0.280378,1.126463,-0.1831966,0.3085684999999999,0.5744005999999999,-0.276883,5.293448,-72.96988,33.21
46,-0.5084991,0.1026001,0.8549194,1.0,-0.615799,0.1105956999999999,0.7800751,-34.82242,2.472275,-31.24965,4.346558,0.7052315,0.5257135000000001,1.0,-0.4489899,0.09771729,0.8881683000000001,30.03522,2.443756,-29.3228,4.403748,0.6422611999999999,0.4964054,0.280378,1.126463,-0.1831966,0.3085684999999999,0.5744005999999999,-0.276883,5.293448,-72.96988,33.21
46,-0.4549561,0.08261108,0.8866576999999999,1.0,-0.565979,0.004226685,0.8243866,-34.63377,1.5196379999999998,-31.0703,3.726547,0.6908963,0.5694011,1.0,-0.4369354,0.09454346,0.8945006999999999,29.97604,1.932724,-29.3392,4.508774,0.6426218,0.5142683,0.2845885999999999,1.132944,-0.1862568,0.2880495,0.5902478,-0.2605852,5.293448,-72.96988,33.21
46,-0.4549561,0.08261108,0.8866576999999999,1.0,-0.565979,0.004226685,0.8243866,-34.63377,1.5196379999999998,-31.0703,3.726547,0.6908963,0.5694011,1.0,-0.4369354,0.09454346,0.8945006999999999,29.97604,1.932724,-29.3392,4.508774,0.6426218,0.5142683,0.2845885999999999,1.132944,-0.1862568,0.2880495,0.5902478,-0.2605852,5.293448,-72.96988,33.21
46,-0.4549561,0.08261108,0.8866576999999999,1.0,-0.565979,0.004226685,0.8243866,-34.63377,1.5196379999999998,-31.0703,3.726547,0.6908963,0.5694011,1.0,-0.4369354,0.09454346,0.8945006999999999,29.97604,1.932724,-29.3392,4.508774,0.6426218,0.5142683,0.2845885999999999,1.132944,-0.1862568,0.2880495,0.5902478,-0.2605852,5.293448,-72.96988,33.21
46,-0.3990631,0.2171631,0.8908234,1.0,0.0,0.0,0.0,-34.71249,2.095215,-31.19104,-1.0,0.6933828000000001,0.5282066,1.0,-0.3990631,0.2171631,0.8908234,29.89743,2.33786,-29.42677,4.475128,0.6412451,0.486212,0.2867768,1.139426,-0.1900753,0.2732877,0.6036788000000001,-0.2474665,5.293448,-72.96988,33.21
46,-0.3990631,0.2171631,0.8908234,1.0,0.0,0.0,0.0,-34.71249,2.095215,-31.19104,-1.0,0.6933828000000001,0.5282066,1.0,-0.3990631,0.2171631,0.8908234,29.89743,2.33786,-29.42677,4.475128,0.6412451,0.486212,0.2867768,1.139426,-0.1900753,0.2732877,0.6036788000000001,-0.2474665,5.293448,-72.96988,33.21
46,-0.3990631,0.2171631,0.8908234,1.0,0.0,0.0,0.0,-34.71249,2.095215,-31.19104,-1.0,0.6933828000000001,0.5282066,1.0,-0.3990631,0.2171631,0.8908234,29.89743,2.33786,-29.42677,4.475128,0.6412451,0.486212,0.2867768,1.139426,-0.1900753,0.2732877,0.6036788000000001,-0.2474665,5.293448,-72.96988,33.21
46,-1.0,-1.0,-1.0,1.0,0.0,0.0,0.0,-34.59744,2.7099,-31.25276,-1.0,0.6872779,0.4932417,1.0,0.0,0.0,0.0,30.01616,2.93721,-29.56651,-1.0,0.6362287,0.4518300999999999,0.2888801,1.146023,-0.1936904,0.2588526,0.6149634,-0.2334514999999999,5.293448,-72.96988,33.21
46,-1.0,-1.0,-1.0,1.0,0.0,0.0,0.0,-34.59744,2.7099,-31.25276,-1.0,0.6872779,0.4932417,1.0,0.0,0.0,0.0,30.01616,2.93721,-29.56651,-1.0,0.6362287,0.4518300999999999,0.2888801,1.146023,-0.1936904,0.2588526,0.6149634,-0.2334514999999999,5.293448,-72.96988,33.21
46,-1.0,-1.0,-1.0,1.0,0.0,0.0,0.0,-34.59744,2.7099,-31.25276,-1.0,0.6872779,0.4932417,1.0,0.0,0.0,0.0,30.01616,2.93721,-29.56651,-1.0,0.6362287,0.4518300999999999,0.2888801,1.146023,-0.1936904,0.2588526,0.6149634,-0.2334514999999999,5.293448,-72.96988,33.21
46,-0.4158782999999999,0.3386993,0.8439789000000001,1.0,-0.4916992,0.2321472,0.8392334000000001,-34.5397,2.788391,-31.07417,3.734161,0.6774812,0.4957614999999999,0.3948278,-0.3718719,0.3939514,0.8405304,30.2243,3.169739,-29.57101,4.7157290000000005,0.6275305,0.4381634,0.2944345,1.160079,-0.1988305,0.233286,0.6338173,-0.2129877,5.293448,-83.21426,33.21
46,-0.4158782999999999,0.3386993,0.8439789000000001,1.0,-0.4916992,0.2321472,0.8392334000000001,-34.5397,2.788391,-31.07417,3.734161,0.6774812,0.4957614999999999,0.3948278,-0.3718719,0.3939514,0.8405304,30.2243,3.169739,-29.57101,4.7157290000000005,0.6275305,0.4381634,0.2944345,1.160079,-0.1988305,0.233286,0.6338173,-0.2129877,5.293448,-83.21426,33.21
46,-0.4158782999999999,0.3386993,0.8439789000000001,1.0,-0.4916992,0.2321472,0.8392334000000001,-34.5397,2.788391,-31.07417,3.734161,0.6774812,0.4957614999999999,0.3948278,-0.3718719,0.3939514,0.8405304,30.2243,3.169739,-29.57101,4.7157290000000005,0.6275305,0.4381634,0.2944345,1.160079,-0.1988305,0.233286,0.6338173,-0.2129877,5.293448,-83.21426,33.21
46,-0.4376526,0.2263183999999999,0.8701781999999999,1.0,-0.4627837999999999,0.2191162,0.8589478000000002,-34.46054,2.455597,-30.9841,3.796707,0.6704489,0.5079324000000001,1.0,-0.2669829999999999,0.2683105,0.9255829,30.252990000000004,2.930984,-29.23994,4.337372,0.6131433000000001,0.4571114,0.2949784,1.165182,-0.201664,0.2219861,0.6412346,-0.2074441,5.293448,-83.21426,33.21
46,-0.4376526,0.2263183999999999,0.8701781999999999,1.0,-0.4627837999999999,0.2191162,0.8589478000000002,-34.46054,2.455597,-30.9841,3.796707,0.6704489,0.5079324000000001,1.0,-0.2669829999999999,0.2683105,0.9255829,30.252990000000004,2.930984,-29.23994,4.337372,0.6131433000000001,0.4571114,0.2949784,1.165182,-0.201664,0.2219861,0.6412346,-0.2074441,5.293448,-83.21426,33.21
46,-0.4376526,0.2263183999999999,0.8701781999999999,1.0,-0.4627837999999999,0.2191162,0.8589478000000002,-34.46054,2.455597,-30.9841,3.796707,0.6704489,0.5079324000000001,1.0,-0.2669829999999999,0.2683105,0.9255829,30.252990000000004,2.930984,-29.23994,4.337372,0.6131433000000001,0.4571114,0.2949784,1.165182,-0.201664,0.2219861,0.6412346,-0.2074441,5.293448,-83.21426,33.21
46,-0.4128722999999999,0.2370147999999999,0.8793945,1.0,-0.4400787,0.2346953999999999,0.8667296999999998,-34.406279999999995,2.2694240000000003,-30.95241,3.894867,0.6654512,0.5121827999999999,1.0,-0.2336272999999999,0.2465514999999999,0.9405365,30.41142,2.659729,-29.1105,4.27301,0.6035768,0.4674248,0.2948899,1.169423,-0.2039828,0.2136558,0.6460630999999999,-0.2025332,5.293448,-83.21426,33.21
46,-0.4128722999999999,0.2370147999999999,0.8793945,1.0,-0.4400787,0.2346953999999999,0.8667296999999998,-34.406279999999995,2.2694240000000003,-30.95241,3.894867,0.6654512,0.5121827999999999,1.0,-0.2336272999999999,0.2465514999999999,0.9405365,30.41142,2.659729,-29.1105,4.27301,0.6035768,0.4674248,0.2948899,1.169423,-0.2039828,0.2136558,0.6460630999999999,-0.2025332,5.293448,-83.21426,33.21
46,-0.4128722999999999,0.2370147999999999,0.8793945,1.0,-0.4400787,0.2346953999999999,0.8667296999999998,-34.406279999999995,2.2694240000000003,-30.95241,3.894867,0.6654512,0.5121827999999999,1.0,-0.2336272999999999,0.2465514999999999,0.9405365,30.41142,2.659729,-29.1105,4.27301,0.6035768,0.4674248,0.2948899,1.169423,-0.2039828,0.2136558,0.6460630999999999,-0.2025332,5.293448,-83.21426,33.21
46,-0.3661804,0.2028961,0.9081421,1.0,-0.4206085,0.1862946,0.8878937,-34.38589,2.2522580000000003,-30.87303,3.704987000000001,0.6617936,0.5174161,1.0,-0.2909241,0.2240295,0.93013,30.68018,2.674713,-29.0685,4.357193,0.6010653,0.4696698,0.2946099,1.172981,-0.2057367,0.2051869999999999,0.6493058,-0.2008547,5.293448,-83.21426,33.21
46,-0.3661804,0.2028961,0.9081421,1.0,-0.4206085,0.1862946,0.8878937,-34.38589,2.2522580000000003,-30.87303,3.704987000000001,0.6617936,0.5174161,1.0,-0.2909241,0.2240295,0.93013,30.68018,2.674713,-29.0685,4.357193,0.6010653,0.4696698,0.2946099,1.172981,-0.2057367,0.2051869999999999,0.6493058,-0.2008547,5.293448,-83.21426,33.21
46,-0.3661804,0.2028961,0.9081421,1.0,-0.4206085,0.1862946,0.8878937,-34.38589,2.2522580000000003,-30.87303,3.704987000000001,0.6617936,0.5174161,1.0,-0.2909241,0.2240295,0.93013,30.68018,2.674713,-29.0685,4.357193,0.6010653,0.4696698,0.2946099,1.172981,-0.2057367,0.2051869999999999,0.6493058,-0.2008547,5.293448,-83.21426,33.21
