Second,eye_comb_direction_x,eye_comb_direction_y,eye_comb_direction_z,eye_r_openness,eye_r_direction_x,eye_r_direction_y,eye_r_direction_z,eye_r_origin_x,eye_r_origin_y,eye_r_origin_z,eye_r_pupil_diameter,eye_r_pupil_position_x,eye_r_pupil_position_y,eye_l_openness,eye_l_direction_x,eye_l_direction_y,eye_l_direction_z,eye_l_origin_x,eye_l_origin_y,eye_l_origin_z,eye_l_pupil_diameter,eye_l_pupil_position_x,eye_l_pupil_position_y,head_position_x,head_position_y,head_position_z,head_rotation_roll,head_rotation_pitch,head_rotation_yaw,EDA,BVP,TMP
0,0.0,0.0,0.0,0.0,0.0,0.0,0.0,0.0,0.0,0.0,0.0,0.0,0.0,0.0,0.0,0.0,0.0,0.0,0.0,0.0,0.0,0.0,0.0,0.0,0.0,0.0,0.0,0.0,0.0,0.9263038051399614,-0.623531760207529,32.156824324324326
0,0.005691528,-0.3256378,0.9454651,0.3799737,0.0,0.0,0.0,-24.75079,5.925476,-33.4855,-1.0,0.2307006,0.4339782,0.6177695,0.005691528,-0.3256378,0.9454651,31.38908,8.908722,-41.11192,5.143372,0.5520764,0.4465588,0.03109896,1.24997,-0.1831392,-0.1692323,-0.07226995,-0.004125182,0.9263038051399614,-0.623531760207529,32.156824324324326
0,-0.0652771,-0.3187256,0.9455872,0.4087348,0.0,0.0,0.0,-24.71669,5.851059,-33.48547,-1.0,0.2326888,0.4359199,0.6628428,-0.0652771,-0.3187256,0.9455872,31.43295,8.981476,-41.36093,5.247162,0.5637072,0.444901,0.03221035,1.251475,-0.2056818,-0.161485,-0.0691056,0.0125418,0.8264766,-0.623531760207529,32.156824324324326
0,-0.0652771,-0.3187256,0.9455872,0.4087348,0.0,0.0,0.0,-24.71669,5.851059,-33.48547,-1.0,0.2326888,0.4359199,0.6628428,-0.0652771,-0.3187256,0.9455872,31.43295,8.981476,-41.36093,5.247162,0.5637072,0.444901,0.03221035,1.251475,-0.2056818,-0.161485,-0.0691056,0.0125418,0.8264766,-0.623531760207529,32.156824324324326
0,-0.0652771,-0.3187256,0.9455872,0.4087348,0.0,0.0,0.0,-24.71669,5.851059,-33.48547,-1.0,0.2326888,0.4359199,0.6628428,-0.0652771,-0.3187256,0.9455872,31.43295,8.981476,-41.36093,5.247162,0.5637072,0.444901,0.03221035,1.251475,-0.2056818,-0.161485,-0.0691056,0.0125418,0.8264766,-0.623531760207529,32.156824324324326
0,-0.0652771,-0.3187256,0.9455872,0.4087348,0.0,0.0,0.0,-24.71669,5.851059,-33.48547,-1.0,0.2326888,0.4359199,0.6628428,-0.0652771,-0.3187256,0.9455872,31.43295,8.981476,-41.36093,5.247162,0.5637072,0.444901,0.03221035,1.251475,-0.2056818,-0.161485,-0.0691056,0.0125418,0.8264766,-0.623531760207529,32.156824324324326
0,-0.0652771,-0.3187256,0.9455872,0.4087348,0.0,0.0,0.0,-24.71669,5.851059,-33.48547,-1.0,0.2326888,0.4359199,0.6628428,-0.0652771,-0.3187256,0.9455872,31.43295,8.981476,-41.36093,5.247162,0.5637072,0.444901,0.03221035,1.251475,-0.2056818,-0.161485,-0.0691056,0.0125418,0.8264766,-0.623531760207529,32.156824324324326
0,-0.0652771,-0.3187256,0.9455872,0.4087348,0.0,0.0,0.0,-24.71669,5.851059,-33.48547,-1.0,0.2326888,0.4359199,0.6628428,-0.0652771,-0.3187256,0.9455872,31.43295,8.981476,-41.36093,5.247162,0.5637072,0.444901,0.03221035,1.251475,-0.2056818,-0.161485,-0.0691056,0.0125418,0.8264766,-0.623531760207529,32.156824324324326
0,-0.0652771,-0.3187256,0.9455872,0.4087348,0.0,0.0,0.0,-24.71669,5.851059,-33.48547,-1.0,0.2326888,0.4359199,0.6628428,-0.0652771,-0.3187256,0.9455872,31.43295,8.981476,-41.36093,5.247162,0.5637072,0.444901,0.03221035,1.251475,-0.2056818,-0.161485,-0.0691056,0.0125418,0.8264766,-0.623531760207529,32.156824324324326
0,-0.0652771,-0.3187256,0.9455872,0.4087348,0.0,0.0,0.0,-24.71669,5.851059,-33.48547,-1.0,0.2326888,0.4359199,0.6628428,-0.0652771,-0.3187256,0.9455872,31.43295,8.981476,-41.36093,5.247162,0.5637072,0.444901,0.03221035,1.251475,-0.2056818,-0.161485,-0.0691056,0.0125418,0.8264766,-0.623531760207529,32.156824324324326
0,-0.0652771,-0.3187256,0.9455872,0.4087348,0.0,0.0,0.0,-24.71669,5.851059,-33.48547,-1.0,0.2326888,0.4359199,0.6628428,-0.0652771,-0.3187256,0.9455872,31.43295,8.981476,-41.36093,5.247162,0.5637072,0.444901,0.03221035,1.251475,-0.2056818,-0.161485,-0.0691056,0.0125418,0.8264766,-0.623531760207529,32.156824324324326
0,0.05484009,-0.09780884,0.9936829,0.4058875,0.0584259,-0.09298706,0.9939423,-25.01389,5.724625,-33.4848,3.609634,0.2480907,0.4445885,0.5573062,-0.01115417,-0.1855469,0.9825592,31.12912,7.762314,-41.51541,4.525757,0.5650763,0.4664994,0.03419852,1.247991,-0.2265431,-0.1131141,-0.05658469,0.01450378,0.8264766,-0.623531760207529,32.156824324324326
0,0.05484009,-0.09780884,0.9936829,0.4058875,0.0584259,-0.09298706,0.9939423,-25.01389,5.724625,-33.4848,3.609634,0.2480907,0.4445885,0.5573062,-0.01115417,-0.1855469,0.9825592,31.12912,7.762314,-41.51541,4.525757,0.5650763,0.4664994,0.03419852,1.247991,-0.2265431,-0.1131141,-0.05658469,0.01450378,0.8264766,-0.623531760207529,32.156824324324326
0,0.05484009,-0.09780884,0.9936829,0.4058875,0.0584259,-0.09298706,0.9939423,-25.01389,5.724625,-33.4848,3.609634,0.2480907,0.4445885,0.5573062,-0.01115417,-0.1855469,0.9825592,31.12912,7.762314,-41.51541,4.525757,0.5650763,0.4664994,0.03419852,1.247991,-0.2265431,-0.1131141,-0.05658469,0.01450378,0.8264766,-0.623531760207529,32.156824324324326
0,0.05484009,-0.09780884,0.9936829,0.4058875,0.0584259,-0.09298706,0.9939423,-25.01389,5.724625,-33.4848,3.609634,0.2480907,0.4445885,0.5573062,-0.01115417,-0.1855469,0.9825592,31.12912,7.762314,-41.51541,4.525757,0.5650763,0.4664994,0.03419852,1.247991,-0.2265431,-0.1131141,-0.05658469,0.01450378,0.8264766,-0.623531760207529,32.156824324324326
0,0.05484009,-0.09780884,0.9936829,0.4058875,0.0584259,-0.09298706,0.9939423,-25.01389,5.724625,-33.4848,3.609634,0.2480907,0.4445885,0.5573062,-0.01115417,-0.1855469,0.9825592,31.12912,7.762314,-41.51541,4.525757,0.5650763,0.4664994,0.03419852,1.247991,-0.2265431,-0.1131141,-0.05658469,0.01450378,0.8264766,-0.623531760207529,32.156824324324326
1,-0.06298828,-0.1876526,0.9802094,0.4286046,0.02256775,-0.1391144,0.9900055,-25.23997,5.509109,-33.5087,3.279724,0.2638363,0.4617977,0.6088154,-0.06300354,-0.1876678,0.9801941,30.97664,7.497437,-41.62584,4.615356,0.5807067,0.4782541,0.03293598,1.244995,-0.228667,-0.0928651,-0.06737685,0.01544756,0.8264766,-0.623531760207529,32.156824324324326
1,-0.1005707,-0.2425842,0.9648895,0.4275593,-0.05412292,-0.1051483,0.992981,-25.62473,5.689682,-33.48151,4.373917,0.2908852,0.4496378,0.5734282,-0.1005859,-0.24263,0.9648743,30.82085,7.912888,-41.47537,4.929291,0.5937046,0.4719442,0.03212655,1.243847,-0.2293683,-0.08524188,-0.07326446,0.01458881,0.8264766,-0.623531760207529,32.156824324324326
1,-0.1005707,-0.2425842,0.9648895,0.4275593,-0.05412292,-0.1051483,0.992981,-25.62473,5.689682,-33.48151,4.373917,0.2908852,0.4496378,0.5734282,-0.1005859,-0.24263,0.9648743,30.82085,7.912888,-41.47537,4.929291,0.5937046,0.4719442,0.03212655,1.243847,-0.2293683,-0.08524188,-0.07326446,0.01458881,0.8264766,-0.623531760207529,32.156824324324326
1,-0.07740784,-0.3096466,0.9476776,0.4121138,0.0,0.0,0.0,-27.01357,11.88232,-55.89334,-1.0,0.2904126,0.4426166,0.5807017,-0.07740784,-0.3096466,0.9476776,30.51971,8.202621,-41.38159,4.924271,0.6009294,0.4732796,0.03163779,1.243106,-0.2297088,-0.08224487,-0.07641709,0.01385861,0.8264766,-0.623531760207529,32.156824324324326
1,-0.05795288,-0.332077,0.9414673,0.4121138,-0.050354,-0.1235352,0.9910583,-26.52229,8.811935,-45.60571,3.690262,0.306884,0.4545906,0.5807017,-0.05795288,-0.332077,0.9414673,30.43774,8.212631,-41.38304,4.631607,0.6004206,0.4775129,0.03105247,1.242368,-0.2301587,-0.0787328,-0.07972883,0.01299461,0.8264766,-0.623531760207529,32.156824324324326
1,-0.05795288,-0.332077,0.9414673,0.4121138,-0.050354,-0.1235352,0.9910583,-26.52229,8.811935,-45.60571,3.690262,0.306884,0.4545906,0.5807017,-0.05795288,-0.332077,0.9414673,30.43774,8.212631,-41.38304,4.631607,0.6004206,0.4775129,0.03105247,1.242368,-0.2301587,-0.0787328,-0.07972883,0.01299461,0.8264766,-0.623531760207529,32.156824324324326
1,-0.08120728,-0.3074646,0.9480743,0.4509307,-0.02032471,-0.0790863,0.9966583,-26.7189,8.942444,-46.85162,3.071762,0.3074527,0.4529735,0.5921594,-0.08120728,-0.3074646,0.9480743,30.14958,8.200592,-41.41827,4.545105,0.6159501,0.4734144,0.03000021,1.240753,-0.2310841,-0.06986337,-0.08714957,0.01073456,0.8264766,-0.623531760207529,32.156824324324326
1,-0.0692749,-0.3061676,0.9494476,0.4681597,-0.1536407,-0.1132202,0.9816132,-26.18762,5.642944,-33.54175,3.656448,0.3297677,0.4547828,0.619892,-0.0692749,-0.3061676,0.9494476,30.01564,8.212799,-41.42598,4.535797,0.6188917,0.4727088,0.02958977,1.240082,-0.2314365,-0.06542866,-0.09027568,0.009828745,0.8264766,-0.623531760207529,32.156824324324326
1,-0.1239319,-0.1217804,0.984787,0.5377005,0.0,0.0,0.0,-26.76718,6.529114,-33.55342,-1.0,0.3471624,0.4413785,0.6125337,-0.1239319,-0.1217804,0.984787,29.87027,7.490753,-41.72778,4.68338,0.6352401,0.4668002,0.02924323,1.239512,-0.2318639,-0.06097483,-0.09305426,0.009786964,0.8264766,-0.623531760207529,32.156824324324326
1,-0.1239319,-0.1217804,0.984787,0.5377005,0.0,0.0,0.0,-26.76718,6.529114,-33.55342,-1.0,0.3471624,0.4413785,0.6125337,-0.1239319,-0.1217804,0.984787,29.87027,7.490753,-41.72778,4.68338,0.6352401,0.4668002,0.02924323,1.239512,-0.2318639,-0.06097483,-0.09305426,0.009786964,0.8264766,-0.623531760207529,32.156824324324326
1,-0.09039307,-0.2865906,0.9537659,0.5640742,0.0,0.0,0.0,-27.31294,6.65657,-33.45583,-1.0,0.3678885,0.4360522,0.5908144,-0.09039307,-0.2865906,0.9537659,29.2729,8.294632,-41.49734,4.518021,0.6519151,0.4662659,0.02872109,1.238668,-0.232344,-0.05576235,-0.09853312,0.009837837,0.8264766,-0.623531760207529,32.156824324324326
1,-0.1164551,-0.2628937,0.9577637,0.5867029,0.0,0.0,0.0,-27.73984,6.864532,-33.51825,-1.0,0.390365,0.4436558,0.600195,-0.1164551,-0.2628937,0.9577637,28.91992,8.369308,-41.56868,4.558685,0.6709627,0.4592426,0.02842748,1.238389,-0.2326547,-0.05328981,-0.1014371,0.009662851,0.8264766,-0.623531760207529,32.156824324324326
1,-0.1164551,-0.2628937,0.9577637,0.5867029,0.0,0.0,0.0,-27.73984,6.864532,-33.51825,-1.0,0.390365,0.4436558,0.600195,-0.1164551,-0.2628937,0.9577637,28.91992,8.369308,-41.56868,4.558685,0.6709627,0.4592426,0.02842748,1.238389,-0.2326547,-0.05328981,-0.1014371,0.009662851,0.8264766,-0.623531760207529,32.156824324324326
1,-0.1040955,-0.2540741,0.9615631,0.6081195,0.0,0.0,0.0,-27.51988,5.237579,-34.02242,-1.0,0.4003051,0.4320822,0.597009,-0.1040955,-0.2540741,0.9615631,28.4601,8.397629,-41.65724,4.696655,0.6870376,0.4569166,0.02799284,1.238219,-0.232961,-0.04946244,-0.1060552,0.008506471,0.8264766,-0.623531760207529,32.156824324324326
1,-1.0,-1.0,-1.0,0.6083428,0.0,0.0,0.0,-28.99048,7.273972,-33.53717,-1.0,0.4215685,0.437229,0.556378,0.0,0.0,0.0,29.42859,8.134323,-41.75612,-1.0,0.7094215,0.4586003,0.02794397,1.238138,-0.2331067,-0.04812962,-0.1072629,0.007936448,0.8264766,-0.623531760207529,32.156824324324326
1,-1.0,-1.0,-1.0,0.6698425,0.0,0.0,0.0,-27.84145,6.05925,-34.0103,-1.0,0.4420232,0.4364728,0.5496417,0.0,0.0,0.0,29.42859,8.134323,-41.75612,-1.0,0.7338442,0.4642376,0.02801836,1.238006,-0.2331744,-0.04725824,-0.1072997,0.007709782,0.8264766,-0.623531760207529,32.156824324324326
1,-1.0,-1.0,-1.0,0.6698425,0.0,0.0,0.0,-27.84145,6.05925,-34.0103,-1.0,0.4420232,0.4364728,0.5496417,0.0,0.0,0.0,29.42859,8.134323,-41.75612,-1.0,0.7338442,0.4642376,0.02801836,1.238006,-0.2331744,-0.04725824,-0.1072997,0.007709782,0.8264766,-0.623531760207529,32.156824324324326
1,-1.0,-1.0,-1.0,0.6251723,0.0,0.0,0.0,-29.80907,7.091629,-33.82671,-1.0,0.4569617,0.4401921,0.5485645,0.0,0.0,0.0,29.42859,8.134323,-41.75612,-1.0,0.7396113,0.461116,0.02826488,1.237753,-0.2332355,-0.04503584,-0.1063725,0.007246495,0.8264766,-0.623531760207529,32.156824324324326
1,-1.0,-1.0,-1.0,0.656626,0.0,0.0,0.0,-29.96826,7.030029,-33.81508,-1.0,0.4650263,0.454713,0.5395674,0.0,0.0,0.0,29.42859,8.134323,-41.75612,-1.0,0.7534521,0.4585546,0.02840114,1.237712,-0.2332261,-0.04388831,-0.1060107,0.006920429,0.8264766,-0.623531760207529,32.156824324324326
1,-1.0,-1.0,-1.0,0.656626,0.0,0.0,0.0,-29.96826,7.030029,-33.81508,-1.0,0.4650263,0.454713,0.5395674,0.0,0.0,0.0,29.42859,8.134323,-41.75612,-1.0,0.7534521,0.4585546,0.02840114,1.237712,-0.2332261,-0.04388831,-0.1060107,0.006920429,0.8264766,-0.623531760207529,32.156824324324326
1,-1.0,-1.0,-1.0,0.6618728,0.0,0.0,0.0,-30.42952,6.971451,-34.00949,-1.0,0.4758894,0.4447877,0.5290428,0.0,0.0,0.0,29.42859,8.134323,-41.75612,-1.0,0.7650481,0.4543666,0.02887237,1.237661,-0.2329693,-0.04262597,-0.1049264,0.006109616,0.8264766,-0.623531760207529,32.156824324324326
1,-1.0,-1.0,-1.0,0.6737818,0.0,0.0,0.0,-30.42952,6.971451,-34.00949,-1.0,0.481189,0.4415663,0.5170282,0.0,0.0,0.0,29.42859,8.134323,-41.75612,-1.0,0.7759378,0.4497748,0.02915359,1.237648,-0.2328118,-0.0422582,-0.1038743,0.005540432,0.8264766,-0.623531760207529,32.156824324324326
1,-1.0,-1.0,-1.0,0.6898852,0.0,0.0,0.0,-30.76318,6.939041,-34.15515,-1.0,0.499532,0.4516771,0.5097604,0.0,0.0,0.0,29.42859,8.134323,-41.75612,-1.0,0.7815276,0.4446575,0.02941203,1.237674,-0.2325837,-0.04181224,-0.1027454,0.004904128,0.8264766,-14.604,32.156824324324326
1,-1.0,-1.0,-1.0,0.6898852,0.0,0.0,0.0,-30.76318,6.939041,-34.15515,-1.0,0.499532,0.4516771,0.5097604,0.0,0.0,0.0,29.42859,8.134323,-41.75612,-1.0,0.7815276,0.4446575,0.02941203,1.237674,-0.2325837,-0.04181224,-0.1027454,0.004904128,0.8264766,-14.604,32.156824324324326
1,-1.0,-1.0,-1.0,0.6937833,0.0,0.0,0.0,-30.86093,7.025452,-34.23767,-1.0,0.5002487,0.4494902,0.5164361,0.0,0.0,0.0,29.42859,8.134323,-41.75612,-1.0,0.7840002,0.4454659,0.0296737,1.237651,-0.2320971,-0.04161685,-0.1008923,0.00375056,0.8264766,-14.604,32.156824324324326
1,-1.0,-1.0,-1.0,0.7549731,0.0,0.0,0.0,-30.81012,7.04953,-34.15378,-1.0,0.492894,0.4468003,0.5640854,0.0,0.0,0.0,29.42859,8.134323,-41.75612,-1.0,0.783105,0.4477091,0.02974439,1.23776,-0.2318185,-0.04203617,-0.1001536,0.003435363,0.8264766,-14.604,32.156824324324326
1,-1.0,-1.0,-1.0,0.7744135,0.0,0.0,0.0,-30.80992,7.115463,-34.16887,-1.0,0.4945253,0.4416735,0.5627649,0.0,0.0,0.0,29.42859,8.134323,-41.75612,-1.0,0.7795895,0.4475743,0.02981138,1.237863,-0.231578,-0.04251308,-0.09939478,0.003140791,0.8264766,-14.604,32.156824324324326
1,-1.0,-1.0,-1.0,0.7744135,0.0,0.0,0.0,-30.80992,7.115463,-34.16887,-1.0,0.4945253,0.4416735,0.5627649,0.0,0.0,0.0,29.42859,8.134323,-41.75612,-1.0,0.7795895,0.4475743,0.02981138,1.237863,-0.231578,-0.04251308,-0.09939478,0.003140791,0.8264766,-14.604,32.156824324324326
1,-0.04429626,-0.2249451,0.9733582,0.7744135,0.0,0.0,0.0,-30.68341,7.132446,-34.12965,-1.0,0.4907916,0.4381191,0.5627649,-0.04429626,-0.2249451,0.9733582,25.90027,8.73497,-42.29077,4.622299,0.7746271,0.4458134,0.0298903,1.238027,-0.2310876,-0.04357312,-0.09863024,0.002980116,0.8264766,-14.604,32.156824324324326
1,-1.0,-1.0,-1.0,0.8181968,0.0,0.0,0.0,-30.62834,7.1651,-34.06007,-1.0,0.4796284,0.428045,0.5729049,0.0,0.0,0.0,25.90027,8.73497,-42.29077,-1.0,0.7670575,0.4442009,0.02986324,1.238128,-0.230993,-0.0437022,-0.09885992,0.003059073,0.8264766,-14.604,32.156824324324326
1,-1.0,-1.0,-1.0,0.8123163,0.0,0.0,0.0,-30.33905,7.079224,-34.0273,-1.0,0.4784828,0.4358389,0.5880083,0.0,0.0,0.0,25.90027,8.73497,-42.29077,-1.0,0.7607176,0.446403,0.02960229,1.237885,-0.2305945,-0.04359483,-0.09996352,0.002580856,0.8264766,-14.604,32.156824324324326
1,-1.0,-1.0,-1.0,0.8123163,0.0,0.0,0.0,-30.33905,7.079224,-34.0273,-1.0,0.4784828,0.4358389,0.5880083,0.0,0.0,0.0,25.90027,8.73497,-42.29077,-1.0,0.7607176,0.446403,0.02960229,1.237885,-0.2305945,-0.04359483,-0.09996352,0.002580856,0.8264766,-14.604,32.156824324324326
1,-1.0,-1.0,-1.0,0.8228397,0.0,0.0,0.0,-30.33905,7.079224,-34.0273,-1.0,0.4774271,0.4370904,0.6169908,0.0,0.0,0.0,25.90027,8.73497,-42.29077,-1.0,0.7588301,0.4469709,0.02949321,1.237827,-0.2303281,-0.04325769,-0.1002812,0.001818807,0.8264766,-14.604,32.156824324324326
1,-1.0,-1.0,-1.0,0.8000808,0.0,0.0,0.0,-28.13887,6.130203,-34.16417,-1.0,0.4620845,0.4333798,0.6328017,0.0,0.0,0.0,25.90027,8.73497,-42.29077,-1.0,0.7440783,0.446353,0.02952945,1.237782,-0.2299086,-0.04262055,-0.09919744,0.0,0.8264766,-14.604,32.156824324324326
1,-1.0,-1.0,-1.0,0.8000808,0.0,0.0,0.0,-28.13887,6.130203,-34.16417,-1.0,0.4620845,0.4333798,0.6328017,0.0,0.0,0.0,25.90027,8.73497,-42.29077,-1.0,0.7440783,0.446353,0.02952945,1.237782,-0.2299086,-0.04262055,-0.09919744,0.0,0.8264766,-14.604,32.156824324324326
1,-1.0,-1.0,-1.0,0.8499938,0.0,0.0,0.0,-29.8533,7.201233,-33.81151,-1.0,0.4570329,0.4356186,0.6455237,0.0,0.0,0.0,25.90027,8.73497,-42.29077,-1.0,0.7417412,0.4380359,0.02963412,1.237676,-0.2296494,-0.04222945,-0.09824037,-0.0005320922,0.8264766,-14.604,32.156824324324326
1,-1.0,-1.0,-1.0,0.8784944,0.0,0.0,0.0,-29.62657,7.245972,-33.76125,-1.0,0.451405,0.4348094,0.6549225,0.0,0.0,0.0,25.90027,8.73497,-42.29077,-1.0,0.7310598,0.4430195,0.02994359,1.237679,-0.2292984,-0.0420778,-0.09726952,-0.0008717565,0.8264766,-14.604,32.156824324324326
1,-1.0,-1.0,-1.0,0.8784944,0.0,0.0,0.0,-29.62657,7.245972,-33.76125,-1.0,0.451405,0.4348094,0.6549225,0.0,0.0,0.0,25.90027,8.73497,-42.29077,-1.0,0.7310598,0.4430195,0.02994359,1.237679,-0.2292984,-0.0420778,-0.09726952,-0.0008717565,0.8264766,-14.604,32.156824324324326
1,-0.1517029,-0.2439117,0.95784,0.8504086,-0.1517029,-0.2439117,0.95784,-29.47734,7.266678,-33.72775,4.385757,0.4449335,0.4253276,0.6990915,0.0,0.0,0.0,25.90027,8.73497,-42.29077,-1.0,0.7272072,0.4386763,0.03069627,1.237387,-0.2286187,-0.04177053,-0.09469809,-0.00200582,0.8264766,-75.09985,32.156824324324326
1,-0.08113098,-0.3566742,0.9306946,0.8563365,-0.08113098,-0.3566742,0.9306946,-29.13696,7.332718,-33.50955,3.351791,0.4211085,0.4420771,0.6894813,0.0,0.0,0.0,25.90027,8.73497,-42.29077,-1.0,0.7111874,0.4401429,0.03118598,1.237165,-0.2282281,-0.04127312,-0.09274565,-0.003054198,0.8264766,-75.09985,32.156824324324326
1,-0.1895142,-0.1395721,0.9718933,0.8287375,-0.2117767,-0.0443573,0.9763031,-28.28241,6.457596,-33.70068,3.947021,0.4141223,0.4172509,0.7126136,-0.1698151,-0.2170105,0.9612732,28.55621,8.808044,-41.66136,4.39534,0.6963027,0.4338515,0.03179121,1.237051,-0.2279146,-0.04027506,-0.0895036,-0.003778268,0.8264766,-75.09985,32.156824324324326
1,-0.1895142,-0.1395721,0.9718933,0.8287375,-0.2117767,-0.0443573,0.9763031,-28.28241,6.457596,-33.70068,3.947021,0.4141223,0.4172509,0.7126136,-0.1698151,-0.2170105,0.9612732,28.55621,8.808044,-41.66136,4.39534,0.6963027,0.4338515,0.03179121,1.237051,-0.2279146,-0.04027506,-0.0895036,-0.003778268,0.8264766,-75.09985,32.156824324324326
1,-0.1705933,-0.06282043,0.9833221,0.8287375,-0.1734314,-0.07336426,0.9821014,-28.20641,6.566574,-33.6348,3.824402,0.404759,0.4175746,0.7126136,-0.1613617,-0.02909851,0.9864502,28.70758,7.891327,-41.86761,4.466751,0.6889441,0.4341684,0.03231108,1.237089,-0.2275563,-0.03923986,-0.08518409,-0.003435363,0.8264766,-75.09985,32.156824324324326
1,-0.2095184,0.02311707,0.9775238,0.7792439,-0.2425995,0.09136963,0.9658051,-27.19249,5.533905,-33.85754,3.3797,0.3820065,0.4263075,0.6967434,-0.09997559,-0.1876373,0.9771271,28.83487,8.777557,-41.47383,4.460037,0.6712723,0.4271754,0.03329408,1.236992,-0.226604,-0.03915966,-0.0791526,-0.003102604,0.8264766,-75.09985,32.156824324324326
1,-0.2709656,0.08848572,0.9584961,0.8138478,-0.2924957,0.1287384,0.9475555,-26.82564,5.503067,-33.87657,3.605515,0.3779801,0.4214956,0.7206886,-0.1122284,-0.184433,0.9764099,29.1304,8.792191,-41.41902,4.587479,0.6619828,0.4255969,0.03380358,1.236999,-0.2260908,-0.0387242,-0.0769444,-0.002914389,0.8264766,-75.09985,32.156824324324326
1,-0.09718323,-0.3049927,0.9473724,0.8313463,-0.09614563,-0.3226166,0.9416199,-27.46741,7.748932,-33.13182,3.562271,0.3651408,0.4165424,0.7359806,-0.102356,-0.2033234,0.9737396,29.46498,8.798965,-41.34612,4.318954,0.6467376,0.4286506,0.03445172,1.236506,-0.2255038,-0.03658527,-0.07360324,-0.002447502,0.8264766,-75.09985,32.156824324324326
1,-0.09718323,-0.3049927,0.9473724,0.8313463,-0.09614563,-0.3226166,0.9416199,-27.46741,7.748932,-33.13182,3.562271,0.3651408,0.4165424,0.7359806,-0.102356,-0.2033234,0.9737396,29.46498,8.798965,-41.34612,4.318954,0.6467376,0.4286506,0.03445172,1.236506,-0.2255038,-0.03658527,-0.07360324,-0.002447502,0.8264766,-75.09985,32.156824324324326
1,-0.1340332,-0.1257629,0.9829559,0.8886085,-0.1988525,0.004928589,0.980011,-26.74055,6.04126,-33.72612,3.31308,0.3580264,0.421835,0.7646279,-0.1054077,-0.1809082,0.977829,29.56065,8.81163,-41.3347,4.486267,0.6436672,0.4235576,0.03470075,1.236239,-0.2252235,-0.03519057,-0.07203989,-0.002204037,0.8264766,-75.09985,32.156824324324326
1,-0.1227417,-0.1616669,0.9791718,0.8885114,-0.2154236,0.009735107,0.9764557,-26.57025,6.176208,-33.76813,3.366867,0.3548708,0.4166413,0.7804947,-0.1043091,-0.1940765,0.9754181,29.73981,8.8703,-41.29283,4.277512,0.6363785,0.4236529,0.03507757,1.235966,-0.2248682,-0.03412733,-0.07059929,-0.002085938,0.8264766,-75.09985,32.156824324324326
1,-0.09785461,-0.190979,0.9766998,0.8917466,-0.0907135,-0.04754639,0.9947357,-27.27834,10.58452,-49.2525,3.206161,0.3411131,0.4062555,0.7889372,-0.09785461,-0.190979,0.9766998,29.87201,8.927795,-41.22878,4.31189,0.629971,0.4202103,0.0352757,1.235837,-0.2244954,-0.03344548,-0.06920321,-0.002128369,0.8264766,-75.09985,32.156824324324326
1,-0.1022797,-0.2019348,0.9740295,0.8917466,-0.07548523,-0.288269,0.9545593,-26.81143,7.339111,-29.7998,3.91507,0.3413581,0.3943765,0.7889372,-0.1022797,-0.2019348,0.9740295,29.93648,8.977295,-41.20116,4.289276,0.6282833,0.420278,0.03537476,1.235562,-0.2237865,-0.03290491,-0.06753027,-0.002227574,0.8264766,-75.09985,32.156824324324326
1,-0.1022797,-0.2019348,0.9740295,0.8917466,-0.07548523,-0.288269,0.9545593,-26.81143,7.339111,-29.7998,3.91507,0.3413581,0.3943765,0.7889372,-0.1022797,-0.2019348,0.9740295,29.93648,8.977295,-41.20116,4.289276,0.6282833,0.420278,0.03537476,1.235562,-0.2237865,-0.03290491,-0.06753027,-0.002227574,0.8264766,-75.09985,32.156824324324326
1,-0.1053925,-0.208313,0.9723663,0.9207494,-0.06445313,-0.1047516,0.9924011,-28.81088,22.74628,-96.18513,1.883255,0.3425147,0.3931608,0.8011093,-0.1053925,-0.208313,0.9723663,30.03123,9.051605,-41.13474,4.33963,0.6251616,0.4180826,0.03537679,1.235498,-0.22338,-0.03270938,-0.06741421,-0.002379589,0.8264766,-75.09985,32.156824324324326
1,-0.1053925,-0.208313,0.9723663,0.9207494,-0.06445313,-0.1047516,0.9924011,-28.81088,22.74628,-96.18513,1.883255,0.3425147,0.3931608,0.8011093,-0.1053925,-0.208313,0.9723663,30.03123,9.051605,-41.13474,4.33963,0.6251616,0.4180826,0.03537679,1.235498,-0.22338,-0.03270938,-0.06741421,-0.002379589,0.8264766,-75.09985,32.156824324324326
1,-0.1034851,-0.2010345,0.9740906,0.9456395,-0.05880737,-0.1098022,0.9922028,-28.8401,23.0733,-97.36012,1.781097,0.3401125,0.3922616,0.8167596,-0.1034851,-0.2010345,0.9740906,30.07298,9.091568,-41.06326,4.255661,0.6231139,0.4144248,0.03531969,1.235368,-0.2226679,-0.03223696,-0.06803457,-0.002254173,0.8264766,-75.09985,32.156824324324326
1,-0.1034851,-0.2010345,0.9740906,0.9456395,-0.05880737,-0.1098022,0.9922028,-28.8401,23.0733,-97.36012,1.781097,0.3401125,0.3922616,0.8167596,-0.1034851,-0.2010345,0.9740906,30.07298,9.091568,-41.06326,4.255661,0.6231139,0.4144248,0.03523982,1.235355,-0.2223145,-0.03191549,-0.06864489,-0.002009531,0.8264766,-44.68278,32.156824324324326
1,-0.1034851,-0.2010345,0.9740906,0.9456395,-0.05880737,-0.1098022,0.9922028,-28.8401,23.0733,-97.36012,1.781097,0.3401125,0.3922616,0.8167596,-0.1034851,-0.2010345,0.9740906,30.07298,9.091568,-41.06326,4.255661,0.6231139,0.4144248,0.03480089,1.235075,-0.2221081,-0.0319484,-0.06937505,-0.001734945,0.8264766,-44.68278,32.156824324324326
1,-0.09799194,-0.1953125,0.9758301,0.9456395,-0.06237793,-0.09645081,0.9933777,-28.43243,20.3396,-86.43291,2.090454,0.3359876,0.3906731,0.8167596,-0.09799194,-0.1953125,0.9758301,30.09067,9.10498,-40.9816,4.379654,0.62133,0.4119241,0.03434181,1.235117,-0.2214372,-0.03240915,-0.07127485,-0.001708984,0.8264766,-44.68278,32.156824324324326
1,-0.09799194,-0.1953125,0.9758301,0.9456395,-0.06237793,-0.09645081,0.9933777,-28.43243,20.3396,-86.43291,2.090454,0.3359876,0.3906731,0.8167596,-0.09799194,-0.1953125,0.9758301,30.09067,9.10498,-40.9816,4.379654,0.62133,0.4119241,0.03434181,1.235117,-0.2214372,-0.03240915,-0.07127485,-0.001708984,0.8264766,-44.68278,32.156824324324326
1,-0.0978241,-0.1957397,0.9757538,0.9872195,-0.07546997,-0.05963135,0.9953613,-28.27834,18.87292,-80.47537,2.419266,0.3411658,0.3799615,0.8423706,-0.0978241,-0.1957397,0.9757538,29.99692,9.225433,-40.99597,4.320343,0.6249951,0.4074886,0.03412819,1.235227,-0.2210608,-0.03297413,-0.07219517,-0.001687045,0.8264766,-44.68278,32.156824324324326
1,-0.0978241,-0.1957397,0.9757538,0.9872195,-0.07546997,-0.05963135,0.9953613,-28.27834,18.87292,-80.47537,2.419266,0.3411658,0.3799615,0.8423706,-0.0978241,-0.1957397,0.9757538,29.99692,9.225433,-40.99597,4.320343,0.6249951,0.4074886,0.03412819,1.235227,-0.2210608,-0.03297413,-0.07219517,-0.001687045,0.8264766,-44.68278,32.156824324324326
1,-0.08937073,-0.1873779,0.9782104,0.952274,-0.07298279,-0.2751923,0.9586029,-26.75064,7.53833,-29.51616,3.806427,0.3390861,0.3825437,0.842262,-0.08937073,-0.1873779,0.9782104,29.93501,9.242065,-41.02304,4.412872,0.6258648,0.405342,0.03377318,1.235529,-0.2201738,-0.03441972,-0.07441035,-0.001972107,0.8264766,-44.68278,32.156824324324326
1,-0.06666565,-0.2132874,0.9747009,0.9967458,-0.08070374,-0.08203125,0.9933472,-28.40675,19.64928,-83.67401,2.29248,0.3451914,0.3876657,0.839311,-0.06666565,-0.2132874,0.9747009,29.79573,9.300766,-41.03387,4.320099,0.6269097,0.4083202,0.03355873,1.235647,-0.2198123,-0.0350261,-0.07534369,-0.002152734,0.8264766,-44.68278,32.83
1,-0.06666565,-0.2132874,0.9747009,0.9967458,-0.08070374,-0.08203125,0.9933472,-28.40675,19.64928,-83.67401,2.29248,0.3451914,0.3876657,0.839311,-0.06666565,-0.2132874,0.9747009,29.79573,9.300766,-41.03387,4.320099,0.6269097,0.4083202,0.03355873,1.235647,-0.2198123,-0.0350261,-0.07534369,-0.002152734,0.8264766,-44.68278,32.83
1,-0.06666565,-0.2132874,0.9747009,0.9967458,-0.08070374,-0.08203125,0.9933472,-28.40675,19.64928,-83.67401,2.29248,0.3451914,0.3876657,0.839311,-0.06666565,-0.2132874,0.9747009,29.79573,9.300766,-41.03387,4.320099,0.6269097,0.4083202,0.03318751,1.235831,-0.2190055,-0.03642832,-0.07694004,-0.00268832,0.8264766,-44.68278,32.83
1,-0.06666565,-0.2132874,0.9747009,0.9967458,-0.08070374,-0.08203125,0.9933472,-28.40675,19.64928,-83.67401,2.29248,0.3451914,0.3876657,0.839311,-0.06666565,-0.2132874,0.9747009,29.79573,9.300766,-41.03387,4.320099,0.6269097,0.4083202,0.03307009,1.235984,-0.2186176,-0.03726985,-0.0777053,-0.0031098,0.8264766,-44.68278,32.83
1,-0.06666565,-0.2132874,0.9747009,0.9967458,-0.08070374,-0.08203125,0.9933472,-28.40675,19.64928,-83.67401,2.29248,0.3451914,0.3876657,0.839311,-0.06666565,-0.2132874,0.9747009,29.79573,9.300766,-41.03387,4.320099,0.6269097,0.4083202,0.03307009,1.235984,-0.2186176,-0.03726985,-0.0777053,-0.0031098,0.8264766,-44.68278,32.83
1,-0.08694458,-0.1947174,0.9769897,0.9930326,-0.1520844,0.02453613,0.9880524,-26.96358,9.767136,-45.54839,3.467636,0.3450421,0.3879896,0.8457173,-0.08694458,-0.1947174,0.9769897,29.8434,9.287445,-41.12752,4.322906,0.6290694,0.4060369,0.03260863,1.236366,-0.2178403,-0.03987423,-0.07889257,-0.00390625,0.8264766,-44.68278,32.83
1,-0.1025085,-0.2034912,0.9736786,1.0,-0.08804321,-0.1472626,0.9851685,-27.04776,8.680176,-38.07918,3.487808,0.3442172,0.393383,1.0,-0.1025085,-0.2034912,0.9736786,29.83762,9.328171,-41.07838,4.312195,0.6322162,0.4057985,0.03233075,1.237077,-0.2169231,-0.04390885,-0.07979991,-0.004704065,0.8264766,-44.68278,32.83
1,-0.1025085,-0.2034912,0.9736786,1.0,-0.08804321,-0.1472626,0.9851685,-27.04776,8.680176,-38.07918,3.487808,0.3442172,0.393383,1.0,-0.1025085,-0.2034912,0.9736786,29.83762,9.328171,-41.07838,4.312195,0.6322162,0.4057985,0.03233075,1.237077,-0.2169231,-0.04390885,-0.07979991,-0.004704065,0.8264766,-37.87592,32.83
1,-0.1025085,-0.2034912,0.9736786,1.0,-0.08804321,-0.1472626,0.9851685,-27.04776,8.680176,-38.07918,3.487808,0.3442172,0.393383,1.0,-0.1025085,-0.2034912,0.9736786,29.83762,9.328171,-41.07838,4.312195,0.6322162,0.4057985,0.03227592,1.237579,-0.216354,-0.04686721,-0.07983221,-0.004788829,0.8264766,-37.25251,32.83
1,-0.1025085,-0.2034912,0.9736786,1.0,-0.08804321,-0.1472626,0.9851685,-27.04776,8.680176,-38.07918,3.487808,0.3442172,0.393383,1.0,-0.1025085,-0.2034912,0.9736786,29.83762,9.328171,-41.07838,4.312195,0.6322162,0.4057985,0.03224063,1.238773,-0.2153333,-0.0539693,-0.08018347,-0.004137806,0.8264766,-37.25251,32.83
1,-0.1025085,-0.2034912,0.9736786,1.0,-0.08804321,-0.1472626,0.9851685,-27.04776,8.680176,-38.07918,3.487808,0.3442172,0.393383,1.0,-0.1025085,-0.2034912,0.9736786,29.83762,9.328171,-41.07838,4.312195,0.6322162,0.4057985,0.03224063,1.238773,-0.2153333,-0.0539693,-0.08018347,-0.004137806,0.8264766,-37.25251,32.83
1,-0.1025085,-0.2034912,0.9736786,1.0,-0.08804321,-0.1472626,0.9851685,-27.04776,8.680176,-38.07918,3.487808,0.3442172,0.393383,1.0,-0.1025085,-0.2034912,0.9736786,29.83762,9.328171,-41.07838,4.312195,0.6322162,0.4057985,0.03218079,1.239423,-0.2148467,-0.05840219,-0.07998801,-0.003662109,0.8264766,-37.25251,32.83
1,-0.1025085,-0.2034912,0.9736786,1.0,-0.08804321,-0.1472626,0.9851685,-27.04776,8.680176,-38.07918,3.487808,0.3442172,0.393383,1.0,-0.1025085,-0.2034912,0.9736786,29.83762,9.328171,-41.07838,4.312195,0.6322162,0.4057985,0.03218079,1.239423,-0.2148467,-0.05840219,-0.07998801,-0.003662109,0.8264766,-37.25251,32.83
1,-0.105896,-0.1886139,0.9763184,1.0,-0.06715393,-0.1016388,0.9925385,-28.42168,19.9286,-84.1203,2.133438,0.3410017,0.3830752,1.0,-0.105896,-0.1886139,0.9763184,29.9272,9.572525,-40.55711,4.461731,0.6289852,0.3883359,0.03204083,1.241008,-0.2136431,-0.06759797,-0.08043211,-0.003066371,0.8264766,-37.25251,32.83
1,-0.105896,-0.1886139,0.9763184,1.0,-0.06715393,-0.1016388,0.9925385,-28.42168,19.9286,-84.1203,2.133438,0.3410017,0.3830752,1.0,-0.105896,-0.1886139,0.9763184,29.9272,9.572525,-40.55711,4.461731,0.6289852,0.3883359,0.03204083,1.241008,-0.2136431,-0.06759797,-0.08043211,-0.003066371,0.8264766,-37.25251,32.83
1,-1.0,-1.0,-1.0,0.9455154,0.0,0.0,0.0,-26.37268,8.525284,-29.18591,-1.0,0.3267464,0.3304577,0.8102764,0.0,0.0,0.0,29.81299,9.58873,-36.98337,-1.0,0.6295952,0.3355124,0.032004,1.24133,-0.2132523,-0.06920279,-0.08042628,-0.003197217,0.8264766,-37.25251,32.83
1,-1.0,-1.0,-1.0,0.9455154,0.0,0.0,0.0,-26.37268,8.525284,-29.18591,-1.0,0.3267464,0.3304577,0.8102764,0.0,0.0,0.0,29.81299,9.58873,-36.98337,-1.0,0.6295952,0.3355124,0.032004,1.24133,-0.2132523,-0.06920279,-0.08042628,-0.003197217,0.8264766,-37.25251,32.83
1,-1.0,-1.0,-1.0,0.8843995,0.0,0.0,0.0,-26.47769,10.21927,-43.30142,-1.0,0.3250039,0.3210925,0.7483136,0.0,0.0,0.0,29.59259,8.571777,-32.15871,-1.0,0.6245774,0.333763,0.03207076,1.24124,-0.2128953,-0.06901584,-0.07940615,-0.003059073,0.8264766,-37.25251,32.83
1,-1.0,-1.0,-1.0,0.8843995,0.0,0.0,0.0,-26.47769,10.21927,-43.30142,-1.0,0.3250039,0.3210925,0.7483136,0.0,0.0,0.0,29.59259,8.571777,-32.15871,-1.0,0.6245774,0.333763,0.03207076,1.24124,-0.2128953,-0.06901584,-0.07940615,-0.003059073,0.8264766,-37.25251,32.83
1,-1.0,-1.0,-1.0,0.8843995,0.0,0.0,0.0,-26.47769,10.21927,-43.30142,-1.0,0.3250039,0.3210925,0.7483136,0.0,0.0,0.0,29.59259,8.571777,-32.15871,-1.0,0.6245774,0.333763,0.03207076,1.24124,-0.2128953,-0.06901584,-0.07940615,-0.003059073,0.8264766,-37.25251,32.83
1,-1.0,-1.0,-1.0,0.8843995,0.0,0.0,0.0,-26.47769,10.21927,-43.30142,-1.0,0.3250039,0.3210925,0.7483136,0.0,0.0,0.0,29.59259,8.571777,-32.15871,-1.0,0.6245774,0.333763,0.03219318,1.241014,-0.2126498,-0.06753722,-0.07853345,-0.002914389,0.8264766,-37.25251,32.83
1,-1.0,-1.0,-1.0,0.8843995,0.0,0.0,0.0,-26.47769,10.21927,-43.30142,-1.0,0.3250039,0.3210925,0.7483136,0.0,0.0,0.0,29.59259,8.571777,-32.15871,-1.0,0.6245774,0.333763,0.03229201,1.240789,-0.2123181,-0.06616335,-0.0781167,-0.002260774,0.8264766,-37.25251,32.83
1,-1.0,-1.0,-1.0,0.924846,0.0,0.0,0.0,-26.88603,10.1897,-40.52971,-1.0,0.3310566,0.3232661,0.7622387,0.0,0.0,0.0,29.54517,8.176529,-31.63086,-1.0,0.6262398,0.336974,0.03268731,1.240561,-0.2117903,-0.06622909,-0.07702096,-0.001855308,0.8264766,49.75835,32.83
1,-1.0,-1.0,-1.0,0.924846,0.0,0.0,0.0,-26.88603,10.1897,-40.52971,-1.0,0.3310566,0.3232661,0.7622387,0.0,0.0,0.0,29.54517,8.176529,-31.63086,-1.0,0.6262398,0.336974,0.03268731,1.240561,-0.2117903,-0.06622909,-0.07702096,-0.001855308,0.8264766,49.75835,32.83
1,-0.07702637,-0.0954895,0.9924316,1.0,-0.09553528,-0.1519775,0.9837494,-26.40089,8.211334,-28.72639,3.959625,0.3306854,0.3284706,1.0,-0.06321716,-0.05361938,0.9965515,29.58733,7.925476,-30.70372,4.852539,0.6220261,0.3362155,0.03315091,1.240699,-0.2113105,-0.06713046,-0.07424183,-0.002373318,0.8264766,49.75835,32.83
1,-0.07702637,-0.0954895,0.9924316,1.0,-0.09553528,-0.1519775,0.9837494,-26.40089,8.211334,-28.72639,3.959625,0.3306854,0.3284706,1.0,-0.06321716,-0.05361938,0.9965515,29.58733,7.925476,-30.70372,4.852539,0.6220261,0.3362155,0.03315091,1.240699,-0.2113105,-0.06713046,-0.07424183,-0.002373318,0.8264766,49.75835,32.83
1,-0.08305359,-0.001312256,0.9965363,1.0,-0.08525085,0.05870056,0.9946136,-26.73624,9.933624,-39.27997,4.264694,0.3280475,0.3140638,1.0,-0.08120728,-0.04612732,0.9956207,29.675,7.802704,-30.14584,4.850281,0.6211987,0.3351353,0.03374135,1.240893,-0.210778,-0.06867472,-0.0708845,-0.002745904,0.8264766,49.75835,32.83
1,-0.08305359,-0.001312256,0.9965363,1.0,-0.08525085,0.05870056,0.9946136,-26.73624,9.933624,-39.27997,4.264694,0.3280475,0.3140638,1.0,-0.08120728,-0.04612732,0.9956207,29.675,7.802704,-30.14584,4.850281,0.6211987,0.3351353,0.03374135,1.240893,-0.210778,-0.06867472,-0.0708845,-0.002745904,0.8264766,49.75835,32.83
2,-0.08596802,-0.05781555,0.9946136,1.0,-0.08868408,0.06010437,0.9942322,-26.74121,9.97554,-39.3909,4.221558,0.3287912,0.3131903,1.0,-0.08596802,-0.05781555,0.9946136,29.72871,7.794708,-30.09807,4.820267,0.6199814,0.3372498,0.0345763,1.241093,-0.2104222,-0.06975579,-0.06745852,-0.002413784,0.8264766,49.75835,32.83
2,-0.08596802,-0.05781555,0.9946136,1.0,-0.08868408,0.06010437,0.9942322,-26.74121,9.97554,-39.3909,4.221558,0.3287912,0.3131903,1.0,-0.08596802,-0.05781555,0.9946136,29.72871,7.794708,-30.09807,4.820267,0.6199814,0.3372498,0.0345763,1.241093,-0.2104222,-0.06975579,-0.06745852,-0.002413784,0.8264766,49.75835,32.83
2,-0.08596802,-0.05781555,0.9946136,1.0,-0.08868408,0.06010437,0.9942322,-26.74121,9.97554,-39.3909,4.221558,0.3287912,0.3131903,1.0,-0.08596802,-0.05781555,0.9946136,29.72871,7.794708,-30.09807,4.820267,0.6199814,0.3372498,0.03529835,1.241373,-0.2101153,-0.07128541,-0.06346143,-0.002395193,0.8264766,49.75835,32.83
2,-0.08596802,-0.05781555,0.9946136,1.0,-0.08868408,0.06010437,0.9942322,-26.74121,9.97554,-39.3909,4.221558,0.3287912,0.3131903,1.0,-0.08596802,-0.05781555,0.9946136,29.72871,7.794708,-30.09807,4.820267,0.6199814,0.3372498,0.03529835,1.241373,-0.2101153,-0.07128541,-0.06346143,-0.002395193,0.8264766,49.75835,32.83
2,-0.09077454,-0.06663513,0.9936371,1.0,-0.08056641,0.0788269,0.9936218,-26.71068,9.919739,-39.19099,4.298233,0.3274632,0.3124198,1.0,-0.09077454,-0.06663513,0.9936371,29.75337,7.785278,-30.25084,4.873047,0.6200741,0.34045,0.03609157,1.241976,-0.2097726,-0.07443797,-0.05913737,-0.001814706,0.8072624,49.75835,32.83
2,-0.09077454,-0.06663513,0.9936371,1.0,-0.08056641,0.0788269,0.9936218,-26.71068,9.919739,-39.19099,4.298233,0.3274632,0.3124198,1.0,-0.09077454,-0.06663513,0.9936371,29.75337,7.785278,-30.25084,4.873047,0.6200741,0.34045,0.03609157,1.241976,-0.2097726,-0.07443797,-0.05913737,-0.001814706,0.8072624,49.75835,32.83
2,-0.07403564,-0.03785706,0.996521,1.0,-0.0900116,-0.07679749,0.9929657,-26.11581,7.964539,-27.40521,4.712296,0.3212587,0.3136438,1.0,-0.07403564,-0.03785706,0.996521,29.92137,8.023849,-31.45161,4.82486,0.6128306,0.3362962,0.03706992,1.242818,-0.2094465,-0.07891107,-0.05529125,-0.001359318,0.8072624,49.75835,32.83
2,-0.07403564,-0.03785706,0.996521,1.0,-0.0900116,-0.07679749,0.9929657,-26.11581,7.964539,-27.40521,4.712296,0.3212587,0.3136438,1.0,-0.07403564,-0.03785706,0.996521,29.92137,8.023849,-31.45161,4.82486,0.6128306,0.3362962,0.03706992,1.242818,-0.2094465,-0.07891107,-0.05529125,-0.001359318,0.8072624,49.75835,32.83
2,-0.06697083,-0.04763794,0.9966125,1.0,-0.07441711,-0.09313965,0.9928589,-26.05879,7.98201,-27.35759,4.631256,0.317346,0.316449,1.0,-0.06697083,-0.04763794,0.9966125,30.03453,7.920013,-31.05182,4.84137,0.6069928,0.338679,0.03795373,1.243808,-0.2090034,-0.08450466,-0.05175306,-0.001586914,0.8072624,49.75835,32.83
2,-0.06697083,-0.04763794,0.9966125,1.0,-0.07441711,-0.09313965,0.9928589,-26.05879,7.98201,-27.35759,4.631256,0.317346,0.316449,1.0,-0.06697083,-0.04763794,0.9966125,30.03453,7.920013,-31.05182,4.84137,0.6069928,0.338679,0.03795373,1.243808,-0.2090034,-0.08450466,-0.05175306,-0.001586914,0.8072624,49.75835,32.83
2,-0.05499268,-0.03904724,0.9977112,1.0,-0.08784485,-0.08905029,0.9921417,-26.00005,8.041245,-28.00375,4.554245,0.3165888,0.3182644,1.0,-0.05499268,-0.03904724,0.9977112,30.11394,7.799759,-30.66974,4.84346,0.6016047,0.3385,0.03873575,1.245286,-0.2084628,-0.09217165,-0.04826472,-0.002286987,0.8072624,-21.11904,32.83
2,-0.05499268,-0.03904724,0.9977112,1.0,-0.08784485,-0.08905029,0.9921417,-26.00005,8.041245,-28.00375,4.554245,0.3165888,0.3182644,1.0,-0.05499268,-0.03904724,0.9977112,30.11394,7.799759,-30.66974,4.84346,0.6016047,0.3385,0.03873575,1.245286,-0.2084628,-0.09217165,-0.04826472,-0.002286987,0.8072624,-21.11904,32.83
2,-0.05278015,-0.06182861,0.9966888,1.0,-0.08247375,-0.08636475,0.9928436,-25.76277,7.588318,-25.72897,4.697266,0.3107025,0.3161326,1.0,-0.05278015,-0.06182861,0.9966888,30.22346,7.837112,-30.84258,4.782272,0.5974422,0.342723,0.03943765,1.247024,-0.2081089,-0.1013229,-0.04551341,-0.002404506,0.8072624,-21.11904,32.83
2,-0.05278015,-0.06182861,0.9966888,1.0,-0.08247375,-0.08636475,0.9928436,-25.76277,7.588318,-25.72897,4.697266,0.3107025,0.3161326,1.0,-0.05278015,-0.06182861,0.9966888,30.22346,7.837112,-30.84258,4.782272,0.5974422,0.342723,0.03943765,1.247024,-0.2081089,-0.1013229,-0.04551341,-0.002404506,0.8072624,-21.11904,32.83
2,-0.04226685,-0.06719971,0.9968414,1.0,-0.08258057,-0.1091614,0.9905853,-25.65877,7.583237,-25.91687,4.757706,0.3069646,0.321658,1.0,-0.04226685,-0.06719971,0.9968414,30.25822,7.606018,-30.02135,4.900726,0.593483,0.3453319,0.0401746,1.248481,-0.2079893,-0.109358,-0.04248293,-0.00281027,0.8072624,-21.11904,32.83
2,-0.04226685,-0.06719971,0.9968414,1.0,-0.08258057,-0.1091614,0.9905853,-25.65877,7.583237,-25.91687,4.757706,0.3069646,0.321658,1.0,-0.04226685,-0.06719971,0.9968414,30.25822,7.606018,-30.02135,4.900726,0.593483,0.3453319,0.0401746,1.248481,-0.2079893,-0.109358,-0.04248293,-0.00281027,0.8072624,-21.11904,32.83
2,-0.03463745,-0.07533264,0.9965515,1.0,-0.05758667,-0.1007996,0.9932251,-25.57549,7.492004,-26.26518,4.902359,0.299282,0.325543,1.0,-0.03463745,-0.07533264,0.9965515,30.41028,7.36293,-29.81534,4.828552,0.5865121,0.3537323,0.04099858,1.249957,-0.2078358,-0.1176337,-0.0392051,-0.003398294,0.8072624,-21.11904,32.83
2,-0.03463745,-0.07533264,0.9965515,1.0,-0.05758667,-0.1007996,0.9932251,-25.57549,7.492004,-26.26518,4.902359,0.299282,0.325543,1.0,-0.03463745,-0.07533264,0.9965515,30.41028,7.36293,-29.81534,4.828552,0.5865121,0.3537323,0.04099858,1.249957,-0.2078358,-0.1176337,-0.0392051,-0.003398294,0.8072624,-21.11904,32.83
2,-0.0533905,-0.1168365,0.9916992,1.0,-0.0533905,-0.1168518,0.9916992,-25.5267,7.328827,-25.93132,4.857895,0.2975917,0.3314201,1.0,-0.03315735,-0.09291077,0.9951172,30.47824,7.265717,-29.88258,4.794861,0.5837839,0.3610639,0.04181421,1.251252,-0.2079942,-0.1258123,-0.03659789,-0.003722644,0.8072624,-21.11904,32.83
2,-0.0533905,-0.1168365,0.9916992,1.0,-0.0533905,-0.1168518,0.9916992,-25.5267,7.328827,-25.93132,4.857895,0.2975917,0.3314201,1.0,-0.03315735,-0.09291077,0.9951172,30.47824,7.265717,-29.88258,4.794861,0.5837839,0.3610639,0.04181421,1.251252,-0.2079942,-0.1258123,-0.03659789,-0.003722644,0.8072624,-21.11904,32.83
2,-0.05647278,-0.1278229,0.9901733,1.0,-0.06134033,-0.1328735,0.9892273,-25.45055,7.167892,-25.47307,4.818848,0.2971028,0.3361849,1.0,-0.02571106,-0.09585571,0.9950562,30.52985,7.211334,-29.84171,4.920273,0.5806793,0.3631327,0.04241383,1.252352,-0.2084113,-0.1324746,-0.03512572,-0.003966816,0.8072624,-21.11904,32.83
2,-0.05647278,-0.1278229,0.9901733,1.0,-0.06134033,-0.1328735,0.9892273,-25.45055,7.167892,-25.47307,4.818848,0.2971028,0.3361849,1.0,-0.02571106,-0.09585571,0.9950562,30.52985,7.211334,-29.84171,4.920273,0.5806793,0.3631327,0.04241383,1.252352,-0.2084113,-0.1324746,-0.03512572,-0.003966816,0.8072624,-21.11904,32.83
2,-0.02183533,-0.1121979,0.9934387,1.0,-0.05380249,-0.1356964,0.9892731,-25.39816,7.088089,-25.78697,4.883392,0.2936558,0.3417633,1.0,-0.01448059,-0.1067657,0.9941711,30.55539,7.059814,-29.88168,4.845734,0.5777834,0.3708255,0.0429405,1.253403,-0.2089713,-0.1385879,-0.03339622,-0.004223351,0.8072624,-21.11904,32.83
2,-0.02183533,-0.1121979,0.9934387,1.0,-0.05380249,-0.1356964,0.9892731,-25.39816,7.088089,-25.78697,4.883392,0.2936558,0.3417633,1.0,-0.01448059,-0.1067657,0.9941711,30.55539,7.059814,-29.88168,4.845734,0.5777834,0.3708255,0.0429405,1.253403,-0.2089713,-0.1385879,-0.03339622,-0.004223351,0.8072624,-21.11904,32.83
2,-0.03837585,-0.1320038,0.9904938,1.0,-0.05754089,-0.1276703,0.9901428,-25.36502,7.01886,-25.68655,5.146652,0.2930768,0.3418503,1.0,-0.01321411,-0.137619,0.990387,30.5687,7.089569,-30.17654,4.871613,0.5773073,0.3777451,0.04340565,1.254166,-0.2094525,-0.1435519,-0.03101931,-0.004136004,0.8072624,-21.11904,32.83
2,-0.03837585,-0.1320038,0.9904938,1.0,-0.05754089,-0.1276703,0.9901428,-25.36502,7.01886,-25.68655,5.146652,0.2930768,0.3418503,1.0,-0.01321411,-0.137619,0.990387,30.5687,7.089569,-30.17654,4.871613,0.5773073,0.3777451,0.04340565,1.254166,-0.2094525,-0.1435519,-0.03101931,-0.004136004,0.8072624,-21.11904,32.83
2,-0.06282043,-0.1683197,0.9837189,1.0,-0.07293701,-0.1744995,0.9819489,-25.35521,6.882553,-25.4929,4.739639,0.2961487,0.3535202,1.0,-0.0004425049,-0.1298065,0.9915314,30.57941,7.054916,-30.40944,4.934052,0.5749481,0.3795097,0.04379499,1.254589,-0.2101308,-0.1460497,-0.02953723,-0.003934756,0.8072624,-21.11904,32.83
2,-0.06282043,-0.1683197,0.9837189,1.0,-0.07293701,-0.1744995,0.9819489,-25.35521,6.882553,-25.4929,4.739639,0.2961487,0.3535202,1.0,-0.0004425049,-0.1298065,0.9915314,30.57941,7.054916,-30.40944,4.934052,0.5749481,0.3795097,0.04379499,1.254589,-0.2101308,-0.1460497,-0.02953723,-0.003934756,0.8072624,-21.11904,32.83
2,-0.05775452,-0.1379547,0.988739,1.0,-0.05776978,-0.1379547,0.988739,-25.32983,6.88765,-26.27362,5.141449,0.2912524,0.3527984,1.0,0.01065063,-0.1446075,0.9894257,30.67845,7.126343,-31.01839,4.787292,0.5699926,0.3848315,0.04410851,1.255128,-0.2106225,-0.1473084,-0.02793811,-0.003732638,0.8072624,-6.688986,32.83
2,-0.05775452,-0.1379547,0.988739,1.0,-0.05776978,-0.1379547,0.988739,-25.32983,6.88765,-26.27362,5.141449,0.2912524,0.3527984,1.0,0.01065063,-0.1446075,0.9894257,30.67845,7.126343,-31.01839,4.787292,0.5699926,0.3848315,0.04410851,1.255128,-0.2106225,-0.1473084,-0.02793811,-0.003732638,0.8072624,-6.688986,32.83
2,0.009460449,-0.1582489,0.9873505,1.0,-0.04534912,-0.1508484,0.9875031,-25.39369,7.180496,-27.89412,4.941727,0.2885703,0.35728,1.0,0.009460449,-0.1582489,0.9873505,30.72748,7.143173,-31.24286,4.734818,0.5686018,0.3886408,0.04430127,1.255166,-0.2112188,-0.1470907,-0.02602418,-0.003758497,0.8072624,-6.688986,32.83
2,0.009460449,-0.1582489,0.9873505,1.0,-0.04534912,-0.1508484,0.9875031,-25.39369,7.180496,-27.89412,4.941727,0.2885703,0.35728,1.0,0.009460449,-0.1582489,0.9873505,30.72748,7.143173,-31.24286,4.734818,0.5686018,0.3886408,0.04430127,1.255166,-0.2112188,-0.1470907,-0.02602418,-0.003758497,0.8072624,-6.688986,32.83
2,0.003875732,-0.154541,0.9879761,1.0,-0.01702881,-0.128006,0.9916229,-25.37813,7.008804,-27.65858,5.048706,0.2831888,0.3566505,1.0,0.003875732,-0.154541,0.9879761,30.75136,7.092758,-31.32436,4.676102,0.5687543,0.3904714,0.04427981,1.254811,-0.211796,-0.1463422,-0.02412333,-0.004403,0.8072624,-6.688986,32.83
2,0.003875732,-0.154541,0.9879761,1.0,-0.01702881,-0.128006,0.9916229,-25.37813,7.008804,-27.65858,5.048706,0.2831888,0.3566505,1.0,0.003875732,-0.154541,0.9879761,30.75136,7.092758,-31.32436,4.676102,0.5687543,0.3904714,0.04427981,1.254811,-0.211796,-0.1463422,-0.02412333,-0.004403,0.8072624,-6.688986,32.83
2,0.002059937,-0.187149,0.9823151,1.0,-0.04016113,-0.1595459,0.9863586,-25.38589,7.248184,-28.80072,5.057404,0.2857454,0.3634998,1.0,0.002059937,-0.187149,0.9823151,30.78322,7.114288,-31.42374,4.491486,0.567935,0.3965376,0.04432631,1.254622,-0.212075,-0.1459522,-0.02335598,-0.004833738,0.8072624,-6.688986,32.83
2,0.01649475,-0.1764069,0.9841766,1.0,-0.0514679,-0.1591339,0.9859009,-25.4189,7.226257,-28.6561,5.111725,0.289185,0.3633148,1.0,0.01649475,-0.1764069,0.9841766,30.75229,7.115326,-31.36273,4.782745,0.566583,0.3939558,0.04442251,1.254514,-0.2122889,-0.1459169,-0.02259752,-0.004911718,0.8072624,-6.688986,32.83
2,0.01649475,-0.1764069,0.9841766,1.0,-0.0514679,-0.1591339,0.9859009,-25.4189,7.226257,-28.6561,5.111725,0.289185,0.3633148,1.0,0.01649475,-0.1764069,0.9841766,30.75229,7.115326,-31.36273,4.782745,0.566583,0.3939558,0.04442251,1.254514,-0.2122889,-0.1459169,-0.02259752,-0.004911718,0.8072624,-6.688986,32.83
2,-0.06054688,-0.1873322,0.980423,1.0,-0.07591248,-0.2418671,0.9673309,-26.05856,7.317917,-29.1925,4.406372,0.3158168,0.3808739,1.0,-0.06054688,-0.1873322,0.980423,30.25679,7.106125,-31.45685,4.893463,0.5974961,0.3970194,0.04474962,1.254478,-0.2126293,-0.1460534,-0.02097657,-0.005031608,0.8072624,-6.688986,32.83
2,-0.1164398,-0.1818848,0.9763947,1.0,-0.1012726,-0.255722,0.9614258,-26.34125,7.314941,-29.21423,4.127777,0.3301868,0.3843431,1.0,-0.1164398,-0.1818695,0.9763947,29.92593,7.097992,-31.5125,5.102829,0.6190922,0.3967557,0.04497659,1.254438,-0.2127802,-0.1461353,-0.01966583,-0.005059664,0.8072624,-6.688986,32.83
2,-0.1164398,-0.1818848,0.9763947,1.0,-0.1012726,-0.255722,0.9614258,-26.34125,7.314941,-29.21423,4.127777,0.3301868,0.3843431,1.0,-0.1164398,-0.1818695,0.9763947,29.92593,7.097992,-31.5125,5.102829,0.6190922,0.3967557,0.04497659,1.254438,-0.2127802,-0.1461353,-0.01966583,-0.005059664,0.8072624,-6.688986,32.83
2,-0.1164398,-0.1818848,0.9763947,1.0,-0.1012726,-0.255722,0.9614258,-26.34125,7.314941,-29.21423,4.127777,0.3301868,0.3843431,1.0,-0.1164398,-0.1818695,0.9763947,29.92593,7.097992,-31.5125,5.102829,0.6190922,0.3967557,0.04562151,1.254176,-0.2130362,-0.1453958,-0.0166683,-0.005110943,0.8072624,-6.688986,32.83
2,-0.1164398,-0.1818848,0.9763947,1.0,-0.1012726,-0.255722,0.9614258,-26.34125,7.314941,-29.21423,4.127777,0.3301868,0.3843431,1.0,-0.1164398,-0.1818695,0.9763947,29.92593,7.097992,-31.5125,5.102829,0.6190922,0.3967557,0.04562151,1.254176,-0.2130362,-0.1453958,-0.0166683,-0.005110943,0.8072624,-6.688986,32.83
2,-0.1164398,-0.1818848,0.9763947,1.0,-0.1012726,-0.255722,0.9614258,-26.34125,7.314941,-29.21423,4.127777,0.3301868,0.3843431,1.0,-0.1164398,-0.1818695,0.9763947,29.92593,7.097992,-31.5125,5.102829,0.6190922,0.3967557,0.04628527,1.253823,-0.213319,-0.1443338,-0.0131932,-0.005664115,0.8072624,-24.33159,32.83
2,-0.1647186,-0.1773987,0.9702454,1.0,-0.1262817,-0.2687988,0.9548645,-26.60428,7.26799,-29.27383,3.944443,0.3436666,0.3894766,1.0,-0.1647186,-0.1773834,0.9702454,29.60803,7.063675,-31.56398,5.137009,0.6390104,0.3976571,0.0470463,1.253673,-0.2133992,-0.1443263,-0.009707469,-0.006272086,0.8072624,-24.33159,32.83
2,-0.1647186,-0.1773987,0.9702454,1.0,-0.1262817,-0.2687988,0.9548645,-26.60428,7.26799,-29.27383,3.944443,0.3436666,0.3894766,1.0,-0.1647186,-0.1773834,0.9702454,29.60803,7.063675,-31.56398,5.137009,0.6390104,0.3976571,0.0470463,1.253673,-0.2133992,-0.1443263,-0.009707469,-0.006272086,0.8072624,-24.33159,32.83
2,-1.0,-1.0,-1.0,1.0,0.0,0.0,0.0,-27.48232,7.174774,-29.6727,-1.0,0.4130101,0.3990633,1.0,0.0,0.0,0.0,28.79156,6.988693,-31.83295,-1.0,0.6993648,0.4084232,0.04738605,1.253575,-0.2134879,-0.1445223,-0.008021422,-0.006732706,0.8072624,-24.33159,32.83
2,-1.0,-1.0,-1.0,1.0,0.0,0.0,0.0,-27.48232,7.174774,-29.6727,-1.0,0.4130101,0.3990633,1.0,0.0,0.0,0.0,28.79156,6.988693,-31.83295,-1.0,0.6993648,0.4084232,0.04776585,1.253502,-0.2135116,-0.1446057,-0.006251859,-0.007057945,0.8072624,-24.33159,32.83
2,-1.0,-1.0,-1.0,1.0,0.0,0.0,0.0,-27.48232,7.174774,-29.6727,-1.0,0.4130101,0.3990633,1.0,0.0,0.0,0.0,28.79156,6.988693,-31.83295,-1.0,0.6993648,0.4084232,0.04776585,1.253502,-0.2135116,-0.1446057,-0.006251859,-0.007057945,0.8072624,-24.33159,32.83
2,-1.0,-1.0,-1.0,1.0,0.0,0.0,0.0,-27.48232,7.174774,-29.6727,-1.0,0.4130101,0.3990633,1.0,0.0,0.0,0.0,28.79156,6.988693,-31.83295,-1.0,0.6993648,0.4084232,0.04831874,1.253031,-0.2135756,-0.1446862,-0.00303462,-0.007370864,0.8072624,-24.33159,32.83
2,-1.0,-1.0,-1.0,1.0,0.0,0.0,0.0,-27.48232,7.174774,-29.6727,-1.0,0.4130101,0.3990633,1.0,0.0,0.0,0.0,28.79156,6.988693,-31.83295,-1.0,0.6993648,0.4084232,0.04858506,1.252705,-0.2136215,-0.1446176,-0.001678189,-0.006910732,0.8072624,-24.33159,32.83
2,-0.336792,-0.1957397,0.92099,1.0,-0.3513794,-0.2536163,0.9012146,-27.50589,7.177521,-29.66324,4.766113,0.4118837,0.3966244,1.0,-0.3364258,-0.1943359,0.9214325,28.83469,7.019653,-31.82004,5.294525,0.6985464,0.4053189,0.04873466,1.252448,-0.2136202,-0.1444446,-0.0002729575,-0.006478933,0.8072624,-24.33159,32.83
2,-0.2978668,-0.2050629,0.932312,1.0,-0.3139648,-0.249176,0.9161377,-27.36679,7.108231,-29.60374,4.915115,0.4006209,0.3968419,1.0,-0.2956085,-0.1989899,0.9343414,29.02518,6.916428,-31.76569,5.25737,0.6837683,0.4092335,0.0490967,1.252112,-0.2136384,-0.1441144,0.001563263,-0.005657534,0.8072624,-24.33159,32.83
2,-0.2978668,-0.2050629,0.932312,1.0,-0.3139648,-0.249176,0.9161377,-27.36679,7.108231,-29.60374,4.915115,0.4006209,0.3968419,1.0,-0.2956085,-0.1989899,0.9343414,29.02518,6.916428,-31.76569,5.25737,0.6837683,0.4092335,0.0490967,1.252112,-0.2136384,-0.1441144,0.001563263,-0.005657534,0.8072624,-24.33159,32.83
2,-0.3053589,-0.2083435,0.9291534,1.0,-0.3157806,-0.2559967,0.9136353,-27.35408,7.109344,-29.60381,4.796494,0.4006025,0.3981334,1.0,-0.3036957,-0.2009888,0.9313202,29.04691,6.925522,-31.76439,5.346756,0.6844444,0.4093274,0.04921556,1.252081,-0.2136207,-0.1441792,0.002551824,-0.005544466,0.8072624,-24.33159,32.83
2,-0.3053589,-0.2083435,0.9291534,1.0,-0.3157806,-0.2559967,0.9136353,-27.35408,7.109344,-29.60381,4.796494,0.4006025,0.3981334,1.0,-0.3036957,-0.2009888,0.9313202,29.04691,6.925522,-31.76439,5.346756,0.6844444,0.4093274,0.04946184,1.25191,-0.213567,-0.1444943,0.003728644,-0.005776132,0.8072624,-24.33159,32.83
2,-0.3053589,-0.2083435,0.9291534,1.0,-0.3157806,-0.2559967,0.9136353,-27.35408,7.109344,-29.60381,4.796494,0.4006025,0.3981334,1.0,-0.3036957,-0.2009888,0.9313202,29.04691,6.925522,-31.76439,5.346756,0.6844444,0.4093274,0.04946184,1.25191,-0.213567,-0.1444943,0.003728644,-0.005776132,0.8072624,-24.33159,32.83
2,-0.3053589,-0.2083435,0.9291534,1.0,-0.3157806,-0.2559967,0.9136353,-27.35408,7.109344,-29.60381,4.796494,0.4006025,0.3981334,1.0,-0.3036957,-0.2009888,0.9313202,29.04691,6.925522,-31.76439,5.346756,0.6844444,0.4093274,0.04957724,1.2519,-0.2135354,-0.14452,0.003629412,-0.005673315,0.8072624,13.73748,32.83
2,-0.3073273,-0.2113647,0.9278259,1.0,-0.3123016,-0.2390442,0.9194031,-27.33218,7.112076,-29.60298,4.775192,0.3993345,0.3948847,1.0,-0.3037567,-0.1922913,0.933136,29.11018,6.956284,-31.74362,5.379623,0.6821573,0.4064384,0.04970467,1.25196,-0.2134382,-0.1444985,0.003619133,-0.005260366,0.8072624,13.73748,32.83
2,-0.3073273,-0.2113647,0.9278259,1.0,-0.3123016,-0.2390442,0.9194031,-27.33218,7.112076,-29.60298,4.775192,0.3993345,0.3948847,1.0,-0.3037567,-0.1922913,0.933136,29.11018,6.956284,-31.74362,5.379623,0.6821573,0.4064384,0.04970467,1.25196,-0.2134382,-0.1444985,0.003619133,-0.005260366,0.8072624,13.73748,32.83
2,-0.3006592,-0.2224426,0.9274139,1.0,-0.3144379,-0.2610779,0.9126587,-27.20258,7.120468,-29.56918,4.708023,0.3952805,0.3983083,1.0,-0.2889709,-0.1905518,0.9381714,29.16087,6.952408,-31.72668,5.496536,0.6775842,0.4059378,0.04991996,1.251822,-0.2134603,-0.1432085,0.003180863,-0.004050454,0.8072624,13.73748,32.83
2,-0.3006897,-0.2211456,0.9277191,1.0,-0.3205414,-0.2561951,0.9119263,-27.19698,7.114624,-29.57506,4.752716,0.3960868,0.3977484,1.0,-0.2813873,-0.1875763,0.9410706,29.16849,6.938492,-31.72707,5.458527,0.6759281,0.4058441,0.05007517,1.251762,-0.213517,-0.1418804,0.00279165,-0.003268659,0.8072624,13.73748,32.83
2,-0.3019257,-0.2214661,0.9272461,1.0,-0.3198395,-0.2584839,0.9115143,-27.19742,7.111481,-29.57733,4.712738,0.396019,0.3983083,1.0,-0.28479,-0.1867065,0.9402161,29.16849,6.932892,-31.72745,5.435745,0.6765428,0.4059378,0.05033445,1.251597,-0.2137506,-0.1391161,0.001949307,-0.001586914,0.8072624,13.73748,32.83
2,-0.3019257,-0.2214661,0.9272461,1.0,-0.3198395,-0.2584839,0.9115143,-27.19742,7.111481,-29.57733,4.712738,0.396019,0.3983083,1.0,-0.28479,-0.1867065,0.9402161,29.16849,6.932892,-31.72745,5.435745,0.6765428,0.4059378,0.05033445,1.251597,-0.2137506,-0.1391161,0.001949307,-0.001586914,0.8072624,13.73748,32.83
2,-0.3010559,-0.2213745,0.9275513,1.0,-0.3205414,-0.2589722,0.9111328,-27.19724,7.111115,-29.57768,4.753174,0.3960868,0.3983997,1.0,-0.282486,-0.1862183,0.9410095,29.16875,6.926483,-31.72791,5.439957,0.6761153,0.4060537,0.05032337,1.251395,-0.2140282,-0.1372913,0.001519763,-0.001138596,0.8072624,13.73748,32.83
2,-0.3010559,-0.2213745,0.9275513,1.0,-0.3205414,-0.2589722,0.9111328,-27.19724,7.111115,-29.57768,4.753174,0.3960868,0.3983997,1.0,-0.282486,-0.1862183,0.9410095,29.16875,6.926483,-31.72791,5.439957,0.6761153,0.4060537,0.05044162,1.251102,-0.2143192,-0.1349433,0.0006686067,-0.0007524919,0.8072624,13.73748,32.83
2,-0.3010559,-0.2213745,0.9275513,1.0,-0.3205414,-0.2589722,0.9111328,-27.19724,7.111115,-29.57768,4.753174,0.3960868,0.3983997,1.0,-0.282486,-0.1862183,0.9410095,29.16875,6.926483,-31.72791,5.439957,0.6761153,0.4060537,0.05044162,1.251102,-0.2143192,-0.1349433,0.0006686067,-0.0007524919,0.8072624,13.73748,32.83
2,-0.3010559,-0.2213745,0.9275513,1.0,-0.3205414,-0.2589722,0.9111328,-27.19724,7.111115,-29.57768,4.753174,0.3960868,0.3983997,1.0,-0.282486,-0.1862183,0.9410095,29.16875,6.926483,-31.72791,5.439957,0.6761153,0.4060537,0.05072629,1.250651,-0.2149535,-0.1299674,-0.0008004686,0.0001220703,0.8072624,13.73748,32.83
2,-0.2979431,-0.222168,0.92836,1.0,-0.3178101,-0.2589417,0.9120941,-27.19673,7.110214,-29.57828,4.710693,0.3956497,0.3983997,1.0,-0.2800751,-0.1896515,0.94104,29.16953,6.921722,-31.7272,5.448547,0.6756327,0.4068372,0.05083609,1.250481,-0.2153395,-0.1272031,-0.001596277,0.0004401308,0.8072624,13.73748,32.83
2,-0.3018036,-0.2252502,0.9263611,1.0,-0.3213348,-0.252182,0.9127655,-27.20044,7.131348,-29.56142,4.900436,0.3961944,0.3962716,1.0,-0.2826843,-0.1991272,0.9383087,29.17024,6.991806,-31.71204,5.458405,0.6760759,0.4059417,0.05083609,1.250481,-0.2153395,-0.1272031,-0.001596277,0.0004401308,0.8072624,13.73748,32.83
2,-0.3018036,-0.2252502,0.9263611,1.0,-0.3213348,-0.252182,0.9127655,-27.20044,7.131348,-29.56142,4.900436,0.3961944,0.3962716,1.0,-0.2826843,-0.1991272,0.9383087,29.17024,6.991806,-31.71204,5.458405,0.6760759,0.4059417,0.05083609,1.250481,-0.2153395,-0.1272031,-0.001596277,0.0004401308,0.8072624,13.73748,32.83
2,-0.3058472,-0.2297668,0.9239197,1.0,-0.3270721,-0.2627716,0.9077148,-27.20091,7.175186,-29.55765,4.842621,0.397222,0.3968011,1.0,-0.2854004,-0.1983643,0.9376373,29.1591,7.027954,-31.70462,5.424042,0.6769967,0.404459,0.05109,1.250113,-0.2161541,-0.1223069,-0.003234287,0.0008279211,0.8072624,13.73748,32.83
2,-0.2998352,-0.2263489,0.9267426,1.0,-0.316452,-0.2579346,0.9128571,-27.19469,7.21463,-29.53717,4.733093,0.395349,0.3942373,1.0,-0.2819977,-0.1929779,0.9397888,29.14804,7.057587,-31.69881,5.413132,0.6768258,0.4022894,0.05125475,1.249645,-0.2171656,-0.118432,-0.005213417,0.001078096,0.8072624,13.73748,32.83
2,-0.3041382,-0.2311401,0.9241486,1.0,-0.3209534,-0.2725677,0.9070129,-27.19708,7.238541,-29.5265,4.696243,0.3962026,0.3961039,1.0,-0.2836609,-0.1821747,0.941452,29.14122,7.07811,-31.69423,5.409683,0.6774327,0.3995061,0.05120039,1.249173,-0.2183717,-0.1161127,-0.007403139,0.001145121,0.8072624,-19.05648,32.83
2,-0.3041382,-0.2311401,0.9241486,1.0,-0.3209534,-0.2725677,0.9070129,-27.19708,7.238541,-29.5265,4.696243,0.3962026,0.3961039,1.0,-0.2836609,-0.1821747,0.941452,29.14122,7.07811,-31.69423,5.409683,0.6774327,0.3995061,0.05120039,1.249173,-0.2183717,-0.1161127,-0.007403139,0.001145121,0.8072624,-19.05648,32.83
2,-0.2432861,-0.2472076,0.937912,1.0,-0.2538147,-0.2899323,0.92276,-26.93579,7.303024,-29.39589,4.579865,0.375986,0.3946912,1.0,-0.22995,-0.1952667,0.9533997,29.46539,7.144623,-31.60162,5.298325,0.655804,0.3985745,0.0512141,1.249145,-0.2196553,-0.1148344,-0.009866574,0.001500025,0.8072624,-19.05648,32.83
2,-0.2432861,-0.2472076,0.937912,1.0,-0.2538147,-0.2899323,0.92276,-26.93579,7.303024,-29.39589,4.579865,0.375986,0.3946912,1.0,-0.22995,-0.1952667,0.9533997,29.46539,7.144623,-31.60162,5.298325,0.655804,0.3985745,0.0512141,1.249145,-0.2196553,-0.1148344,-0.009866574,0.001500025,0.8072624,-19.05648,32.83
2,-0.1304169,-0.2172241,0.9673615,1.0,-0.1139984,-0.2809753,0.9529114,-26.32941,7.307327,-29.22699,4.232666,0.3318063,0.3893797,1.0,-0.1369934,-0.1907806,0.9720154,30.0356,7.159561,-31.49217,5.246658,0.6187666,0.3960529,0.05109274,1.249146,-0.2210587,-0.1140197,-0.0130118,0.002554743,0.8072624,-19.05648,32.83
2,-0.1304169,-0.2172241,0.9673615,1.0,-0.1139984,-0.2809753,0.9529114,-26.32941,7.307327,-29.22699,4.232666,0.3318063,0.3893797,1.0,-0.1369934,-0.1907806,0.9720154,30.0356,7.159561,-31.49217,5.246658,0.6187666,0.3960529,0.05109274,1.249146,-0.2210587,-0.1140197,-0.0130118,0.002554743,0.8072624,-19.05648,32.83
2,-0.0760498,-0.2552185,0.9638824,0.9977483,-0.05195618,-0.2209778,0.973877,-25.78351,7.240524,-29.17841,4.911591,0.301506,0.3786579,0.8781486,-0.08174133,-0.2632599,0.9612427,30.51598,7.121384,-31.4753,4.331909,0.591832,0.4109339,0.05098915,1.249129,-0.2225888,-0.1137752,-0.016141,0.003504077,0.8072624,-19.05648,32.83
2,-0.0760498,-0.2552185,0.9638824,0.9977483,-0.05195618,-0.2209778,0.973877,-25.78351,7.240524,-29.17841,4.911591,0.301506,0.3786579,0.8781486,-0.08174133,-0.2632599,0.9612427,30.51598,7.121384,-31.4753,4.331909,0.591832,0.4109339,0.05098915,1.249129,-0.2225888,-0.1137752,-0.016141,0.003504077,0.8072624,-19.05648,32.83
2,-0.06384277,-0.2473755,0.9668121,0.9861164,-0.05038452,-0.2734222,0.960556,-25.76947,7.193832,-29.19576,4.445999,0.3012019,0.3902945,0.8834622,-0.07157898,-0.2322083,0.9700165,30.51363,7.115433,-31.47137,4.826538,0.5902334,0.4051416,0.05083013,1.249223,-0.2238704,-0.1141624,-0.01923218,0.003431023,0.8072624,-19.05648,32.83
2,-0.06384277,-0.2473755,0.9668121,0.9861164,-0.05038452,-0.2734222,0.960556,-25.76947,7.193832,-29.19576,4.445999,0.3012019,0.3902945,0.8834622,-0.07157898,-0.2322083,0.9700165,30.51363,7.115433,-31.47137,4.826538,0.5902334,0.4051416,0.05083013,1.249223,-0.2238704,-0.1141624,-0.01923218,0.003431023,0.8072624,-19.05648,32.83
2,-0.06263733,-0.2467957,0.9670258,0.9926299,-0.05529785,-0.2569122,0.9648438,-25.79892,7.211136,-29.18147,4.501907,0.3030465,0.386593,0.8951173,-0.07011414,-0.2364655,0.969101,30.51115,7.122894,-31.46855,4.697845,0.5900465,0.4056731,0.05067229,1.249703,-0.2250439,-0.1154292,-0.02224394,0.00277559,0.8072624,-19.05648,32.83
2,-0.06263733,-0.2467957,0.9670258,0.9926299,-0.05529785,-0.2569122,0.9648438,-25.79892,7.211136,-29.18147,4.501907,0.3030465,0.386593,0.8951173,-0.07011414,-0.2364655,0.969101,30.51115,7.122894,-31.46855,4.697845,0.5900465,0.4056731,0.05067229,1.249703,-0.2250439,-0.1154292,-0.02224394,0.00277559,0.8072624,-19.05648,32.83
2,-0.06947327,-0.2258606,0.9716644,1.0,-0.05497742,-0.2558441,0.9651489,-25.84111,7.250702,-29.16476,4.528732,0.3044603,0.3849036,1.0,-0.0864563,-0.1901093,0.9779358,30.46632,7.165176,-31.4548,5.259705,0.5946088,0.3953615,0.05056155,1.250391,-0.2260348,-0.1173147,-0.02498329,0.002376455,0.8072624,-19.05648,32.83
2,-0.06947327,-0.2258606,0.9716644,1.0,-0.05497742,-0.2558441,0.9651489,-25.84111,7.250702,-29.16476,4.528732,0.3044603,0.3849036,1.0,-0.0864563,-0.1901093,0.9779358,30.46632,7.165176,-31.4548,5.259705,0.5946088,0.3953615,0.05056155,1.250391,-0.2260348,-0.1173147,-0.02498329,0.002376455,0.8072624,-19.05648,32.83
2,-0.0604248,-0.2518463,0.9658661,1.0,-0.05490112,-0.2855225,0.9567871,-25.89058,7.250458,-29.17632,4.369263,0.3063186,0.3906284,1.0,-0.06726074,-0.2090454,0.9755859,30.41023,7.155106,-31.44914,5.286072,0.5932637,0.3990736,0.05065203,1.250829,-0.227106,-0.1189191,-0.02770727,0.002357569,0.8072624,-31.80703,32.83
2,-0.0604248,-0.2518463,0.9658661,1.0,-0.05490112,-0.2855225,0.9567871,-25.89058,7.250458,-29.17632,4.369263,0.3063186,0.3906284,1.0,-0.06726074,-0.2090454,0.9755859,30.41023,7.155106,-31.44914,5.286072,0.5932637,0.3990736,0.05065203,1.250829,-0.227106,-0.1189191,-0.02770727,0.002357569,0.8072624,-31.80703,32.83
2,-0.07006836,-0.2505341,0.9655609,1.0,-0.07228088,-0.2975616,0.9519501,-25.94188,7.203339,-29.1927,4.105118,0.3113211,0.3950266,1.0,-0.06742859,-0.1978455,0.9779053,30.36372,7.099487,-31.45738,5.33371,0.5949535,0.3990533,0.05077207,1.251247,-0.2282209,-0.1208437,-0.03022516,0.002290242,0.8072624,-31.80703,32.83
2,-0.07006836,-0.2505341,0.9655609,1.0,-0.07228088,-0.2975616,0.9519501,-25.94188,7.203339,-29.1927,4.105118,0.3113211,0.3950266,1.0,-0.06742859,-0.1978455,0.9779053,30.36372,7.099487,-31.45738,5.33371,0.5949535,0.3990533,0.05077207,1.251247,-0.2282209,-0.1208437,-0.03022516,0.002290242,0.8072624,-31.80703,32.83
3,-0.07606506,-0.2386169,0.9681244,1.0,-0.0793457,-0.279129,0.956955,-25.97882,7.197281,-29.18517,4.262909,0.3137152,0.3917827,1.0,-0.07290649,-0.2006989,0.9769287,30.33084,7.087799,-31.46254,5.24826,0.5970458,0.4000699,0.05089033,1.251669,-0.2292062,-0.1229225,-0.0325667,0.001642288,0.8072624,-31.80703,32.83
3,-0.07606506,-0.2386169,0.9681244,1.0,-0.0793457,-0.279129,0.956955,-25.97882,7.197281,-29.18517,4.262909,0.3137152,0.3917827,1.0,-0.07290649,-0.2006989,0.9769287,30.33084,7.087799,-31.46254,5.24826,0.5970458,0.4000699,0.05089033,1.251669,-0.2292062,-0.1229225,-0.0325667,0.001642288,0.8072624,-31.80703,32.83
3,-0.08088684,-0.2427521,0.9667053,1.0,-0.08143616,-0.2850952,0.9550171,-26.02432,7.162613,-29.18765,4.352554,0.3155918,0.3941045,1.0,-0.08032227,-0.207016,0.9750214,30.29102,7.051956,-31.48137,5.33606,0.5997466,0.4026495,0.05101931,1.251958,-0.2302166,-0.1246894,-0.03501355,0.00179406,0.8072624,-31.80703,32.83
3,-0.08088684,-0.2427521,0.9667053,1.0,-0.08143616,-0.2850952,0.9550171,-26.02432,7.162613,-29.18765,4.352554,0.3155918,0.3941045,1.0,-0.08032227,-0.207016,0.9750214,30.29102,7.051956,-31.48137,5.33606,0.5997466,0.4026495,0.05101931,1.251958,-0.2302166,-0.1246894,-0.03501355,0.00179406,0.8072624,-31.80703,32.83
3,-0.07102966,-0.2557068,0.9641266,1.0,-0.06292725,-0.2974854,0.9526367,-26.05937,7.140518,-29.18976,4.166534,0.3138039,0.3971691,1.0,-0.07977295,-0.2093353,0.9745789,30.26799,7.014465,-31.49222,5.223114,0.6004441,0.4045425,0.05122578,1.252207,-0.2312107,-0.1267304,-0.03726326,0.002629475,0.8072624,-31.80703,32.83
3,-0.07102966,-0.2557068,0.9641266,1.0,-0.06292725,-0.2974854,0.9526367,-26.05937,7.140518,-29.18976,4.166534,0.3138039,0.3971691,1.0,-0.07977295,-0.2093353,0.9745789,30.26799,7.014465,-31.49222,5.223114,0.6004441,0.4045425,0.05122578,1.252207,-0.2312107,-0.1267304,-0.03726326,0.002629475,0.8072624,-31.80703,32.83
3,-0.07904053,-0.2646484,0.9610901,1.0,-0.07553101,-0.3111267,0.9473572,-26.09143,7.131393,-29.19487,4.226807,0.3170165,0.400146,1.0,-0.08268738,-0.2126617,0.9736176,30.25781,7.00293,-31.49515,5.199173,0.6012973,0.4056038,0.05160356,1.252517,-0.2322051,-0.128428,-0.03898995,0.003266379,0.8072624,-31.80703,32.83
3,-0.07904053,-0.2646484,0.9610901,1.0,-0.07553101,-0.3111267,0.9473572,-26.09143,7.131393,-29.19487,4.226807,0.3170165,0.400146,1.0,-0.08268738,-0.2126617,0.9736176,30.25781,7.00293,-31.49515,5.199173,0.6012973,0.4056038,0.05160356,1.252517,-0.2322051,-0.128428,-0.03898995,0.003266379,0.8072624,-31.80703,32.83
3,-0.07267761,-0.2555237,0.9640503,1.0,-0.06452942,-0.2971039,0.952652,-26.11795,7.118774,-29.18814,4.303238,0.3160261,0.3978226,1.0,-0.08111572,-0.2111206,0.9740753,30.23602,6.982544,-31.5081,5.155396,0.6017988,0.4061629,0.05198801,1.253025,-0.2332348,-0.1295888,-0.04017467,0.00371463,0.8072624,-31.80703,32.83
3,-0.07267761,-0.2555237,0.9640503,1.0,-0.06452942,-0.2971039,0.952652,-26.11795,7.118774,-29.18814,4.303238,0.3160261,0.3978226,1.0,-0.08111572,-0.2111206,0.9740753,30.23602,6.982544,-31.5081,5.155396,0.6017988,0.4061629,0.05198801,1.253025,-0.2332348,-0.1295888,-0.04017467,0.00371463,0.8072624,-31.80703,32.83
3,-0.07492065,-0.2549744,0.964035,1.0,-0.06877136,-0.2974854,0.95224,-26.12593,7.117294,-29.18765,4.25386,0.3170706,0.3980178,1.0,-0.08059692,-0.2144012,0.9734039,30.22675,6.985291,-31.50677,5.121811,0.6020296,0.4066606,0.05226099,1.253342,-0.2343479,-0.129581,-0.04107843,0.003257242,0.8072624,-31.80703,32.83
3,-0.07492065,-0.2549744,0.964035,1.0,-0.06877136,-0.2974854,0.95224,-26.12593,7.117294,-29.18765,4.25386,0.3170706,0.3980178,1.0,-0.08059692,-0.2144012,0.9734039,30.22675,6.985291,-31.50677,5.121811,0.6020296,0.4066606,0.05226099,1.253342,-0.2343479,-0.129581,-0.04107843,0.003257242,0.8072624,-31.80703,32.83
3,-0.07965088,-0.2610779,0.9620209,1.0,-0.07519531,-0.3032227,0.9499359,-26.14694,7.040619,-29.21114,4.097336,0.3190137,0.4020971,1.0,-0.08345032,-0.223465,0.9711304,30.20853,6.983124,-31.50745,5.113922,0.6031539,0.4084167,0.05267203,1.253144,-0.2355704,-0.1283551,-0.04152257,0.002224227,0.8072624,-31.80703,32.83
3,-0.07965088,-0.2610779,0.9620209,1.0,-0.07519531,-0.3032227,0.9499359,-26.14694,7.040619,-29.21114,4.097336,0.3190137,0.4020971,1.0,-0.08345032,-0.223465,0.9711304,30.20853,6.983124,-31.50745,5.113922,0.6031539,0.4084167,0.05267203,1.253144,-0.2355704,-0.1283551,-0.04152257,0.002224227,0.8072624,-31.80703,32.83
3,-0.09291077,-0.2487183,0.9640961,1.0,-0.08506775,-0.283783,0.9550934,-26.16743,6.96669,-29.22205,4.217545,0.3213471,0.4012011,1.0,-0.09970093,-0.2175751,0.970932,30.13347,6.894028,-31.53232,5.157791,0.6086395,0.4107375,0.05307698,1.252785,-0.2367477,-0.1268607,-0.04156687,0.001226792,0.8072624,-13.11629,32.83
3,-0.09291077,-0.2487183,0.9640961,1.0,-0.08506775,-0.283783,0.9550934,-26.16743,6.96669,-29.22205,4.217545,0.3213471,0.4012011,1.0,-0.09970093,-0.2175751,0.970932,30.13347,6.894028,-31.53232,5.157791,0.6086395,0.4107375,0.05307698,1.252785,-0.2367477,-0.1268607,-0.04156687,0.001226792,0.8072624,-13.11629,32.83
3,-0.09712219,-0.2745209,0.9566498,1.0,-0.100296,-0.3194122,0.9422913,-26.17746,6.977493,-29.2388,4.073654,0.3243362,0.4077662,1.0,-0.0940094,-0.2324371,0.9680481,30.12325,6.889084,-31.5314,5.010788,0.6079719,0.4136737,0.05354095,1.252737,-0.2378792,-0.126643,-0.04133878,0.000422864,0.8072624,-13.11629,32.83
3,-0.09712219,-0.2745209,0.9566498,1.0,-0.100296,-0.3194122,0.9422913,-26.17746,6.977493,-29.2388,4.073654,0.3243362,0.4077662,1.0,-0.0940094,-0.2324371,0.9680481,30.12325,6.889084,-31.5314,5.010788,0.6079719,0.4136737,0.05354095,1.252737,-0.2378792,-0.126643,-0.04133878,0.000422864,0.8072624,-13.11629,32.83
3,-0.1036835,-0.2767792,0.955307,1.0,-0.1113281,-0.3309937,0.937027,-26.18565,7.049789,-29.21103,4.021927,0.3265462,0.407346,1.0,-0.09611511,-0.2246094,0.969696,30.11812,6.901794,-31.52861,5.118027,0.6085479,0.4117239,0.0541271,1.253093,-0.2387158,-0.1279451,-0.04091214,-0.0005854287,0.8072624,-13.11629,32.83
3,-0.1036835,-0.2767792,0.955307,1.0,-0.1113281,-0.3309937,0.937027,-26.18565,7.049789,-29.21103,4.021927,0.3265462,0.407346,1.0,-0.09611511,-0.2246094,0.969696,30.11812,6.901794,-31.52861,5.118027,0.6085479,0.4117239,0.0541271,1.253093,-0.2387158,-0.1279451,-0.04091214,-0.0005854287,0.8072624,-13.11629,32.83
3,-0.1016846,-0.2611237,0.9599304,1.0,-0.1031342,-0.3073883,0.9459686,-26.18011,7.105789,-29.17038,4.185196,0.3248939,0.4005073,1.0,-0.1001282,-0.2178955,0.9708099,30.1116,7.00325,-31.4962,4.964371,0.6094812,0.4066602,0.05468965,1.253642,-0.2394539,-0.1305329,-0.04017727,-0.001464844,0.8072624,-13.11629,32.83
3,-0.1016846,-0.2611237,0.9599304,1.0,-0.1031342,-0.3073883,0.9459686,-26.18011,7.105789,-29.17038,4.185196,0.3248939,0.4005073,1.0,-0.1001282,-0.2178955,0.9708099,30.1116,7.00325,-31.4962,4.964371,0.6094812,0.4066602,0.05468965,1.253642,-0.2394539,-0.1305329,-0.04017727,-0.001464844,0.8072624,-13.11629,32.83
3,-0.09559631,-0.2692871,0.9582977,1.0,-0.1017456,-0.3151398,0.9435577,-26.18011,7.118347,-29.16893,4.012482,0.3247913,0.4015962,1.0,-0.08992004,-0.2280273,0.9694824,30.11322,7.010269,-31.49136,4.892426,0.6076262,0.4082319,0.05493319,1.253862,-0.2398314,-0.1315389,-0.03977526,-0.001902888,0.8072624,-13.11629,32.83
3,-0.09176636,-0.2697144,0.9585419,1.0,-0.09637451,-0.3143158,0.9444122,-26.1792,7.111252,-29.16389,4.010406,0.3238513,0.4015962,1.0,-0.08728027,-0.2273254,0.9698944,30.11362,7.006088,-31.48999,4.892883,0.6071498,0.4082319,0.05524278,1.254125,-0.2401106,-0.1323286,-0.03933052,-0.002296739,0.8072624,-13.11629,32.83
3,-0.09115601,-0.2674866,0.9592285,1.0,-0.09451294,-0.3131409,0.9449768,-26.17859,7.105789,-29.16617,3.958206,0.3235577,0.4015962,1.0,-0.08776855,-0.2237091,0.9706879,30.11397,7.001129,-31.49104,4.934845,0.6072333,0.4077355,0.05576086,1.254537,-0.2407414,-0.1337292,-0.03858561,-0.002540119,0.8072624,-13.11629,32.83
3,-0.09115601,-0.2674866,0.9592285,1.0,-0.09451294,-0.3131409,0.9449768,-26.17859,7.105789,-29.16617,3.958206,0.3235577,0.4015962,1.0,-0.08776855,-0.2237091,0.9706879,30.11397,7.001129,-31.49104,4.934845,0.6072333,0.4077355,0.05576086,1.254537,-0.2407414,-0.1337292,-0.03858561,-0.002540119,0.8072624,-13.11629,32.83
3,-0.09098816,-0.2679443,0.9591217,1.0,-0.09568787,-0.3147278,0.9443359,-26.17293,7.097061,-29.16763,3.958694,0.3235577,0.4022157,1.0,-0.08627319,-0.2224579,0.9711151,30.11421,6.994827,-31.49225,4.939163,0.6069667,0.4077355,0.05602789,1.254705,-0.24103,-0.1343166,-0.03827367,-0.002635136,0.8072624,-13.11629,32.83
3,-0.09098816,-0.2679443,0.9591217,1.0,-0.09568787,-0.3147278,0.9443359,-26.17293,7.097061,-29.16763,3.958694,0.3235577,0.4022157,1.0,-0.08627319,-0.2224579,0.9711151,30.11421,6.994827,-31.49225,4.939163,0.6069667,0.4077355,0.05602789,1.254705,-0.24103,-0.1343166,-0.03827367,-0.002635136,0.8072624,-13.11629,32.83
3,-0.0909729,-0.2670441,0.9593658,1.0,-0.09594727,-0.3128357,0.944931,-26.17009,7.089478,-29.16698,3.956894,0.32351,0.402116,1.0,-0.08601379,-0.2227478,0.9710693,30.11435,6.991348,-31.49286,4.916748,0.6069118,0.4079289,0.05665219,1.254836,-0.2416112,-0.13476,-0.03759488,-0.002718635,0.8072624,-13.11629,32.83
3,-0.09254456,-0.2650299,0.9597778,1.0,-0.09895325,-0.3087158,0.9459839,-26.1604,7.070816,-29.1662,3.958939,0.3236949,0.4020163,1.0,-0.08636475,-0.2235107,0.9708557,30.11671,6.976517,-31.49365,4.919556,0.6068832,0.4086024,0.05691028,1.254822,-0.2418925,-0.1349448,-0.03721884,-0.002873194,0.8072624,8.257187,32.83
3,-0.09254456,-0.2650299,0.9597778,1.0,-0.09895325,-0.3087158,0.9459839,-26.1604,7.070816,-29.1662,3.958939,0.3236949,0.4020163,1.0,-0.08636475,-0.2235107,0.9708557,30.11671,6.976517,-31.49365,4.919556,0.6068832,0.4086024,0.05691028,1.254822,-0.2418925,-0.1349448,-0.03721884,-0.002873194,0.8072624,8.257187,32.83
3,-0.09288025,-0.263504,0.9601593,1.0,-0.09967041,-0.3083801,0.9460144,-26.15683,7.06897,-29.16617,3.958954,0.3236949,0.4020163,1.0,-0.08650208,-0.2221069,0.9711609,30.11812,6.967422,-31.49379,4.922256,0.6068547,0.4086625,0.057531,1.254716,-0.2423388,-0.1349253,-0.03630027,-0.003280036,0.8072624,8.257187,32.83
3,-0.09179688,-0.262085,0.9606628,1.0,-0.09986877,-0.3087463,0.9458771,-26.15181,7.065216,-29.16565,3.955551,0.3235577,0.4022157,1.0,-0.08465576,-0.2212524,0.9715271,30.11833,6.962402,-31.49391,4.962051,0.6065317,0.4086698,0.05785167,1.25469,-0.2425139,-0.1348522,-0.03576514,-0.003583964,0.8072624,8.257187,32.83
3,-0.09310913,-0.2598877,0.9611206,1.0,-0.1011047,-0.3117828,0.9447479,-26.14296,7.046478,-29.16472,3.95549,0.3234624,0.4034041,1.0,-0.08633423,-0.2166595,0.9724121,30.12695,6.939713,-31.49887,4.978973,0.6065192,0.4086698,0.05809534,1.254582,-0.2426838,-0.1347537,-0.03515032,-0.003758497,0.8072624,8.257187,32.83
3,-0.09420776,-0.2568665,0.9618378,0.9934179,-0.1029205,-0.3112946,0.9447174,-26.13405,7.044601,-29.16472,3.955673,0.3234624,0.4034041,0.9396478,-0.08718872,-0.2137299,0.9729767,30.14064,6.925385,-31.50116,4.97934,0.6061832,0.4086698,0.05864227,1.254583,-0.2429648,-0.1346394,-0.03391666,-0.004418204,0.8072624,8.257187,32.83
3,-0.09420776,-0.2568665,0.9618378,0.9934179,-0.1029205,-0.3112946,0.9447174,-26.13405,7.044601,-29.16472,3.955673,0.3234624,0.4034041,0.9396478,-0.08718872,-0.2137299,0.9729767,30.14064,6.925385,-31.50116,4.97934,0.6061832,0.4086698,0.05864227,1.254583,-0.2429648,-0.1346394,-0.03391666,-0.004418204,0.8072624,8.257187,32.83
3,-0.09420776,-0.2568665,0.9618378,0.9934179,-0.1029205,-0.3112946,0.9447174,-26.13405,7.044601,-29.16472,3.955673,0.3234624,0.4034041,0.9396478,-0.08718872,-0.2137299,0.9729767,30.14064,6.925385,-31.50116,4.97934,0.6061832,0.4086698,0.05864227,1.254583,-0.2429648,-0.1346394,-0.03391666,-0.004418204,0.8072624,8.257187,32.83
3,-0.09536743,-0.2589569,0.9611511,1.0,-0.09742737,-0.3130035,0.9447327,-26.07962,7.068298,-29.12578,3.825439,0.3207786,0.4025532,1.0,-0.09321594,-0.2090149,0.9734497,30.22002,6.95874,-31.49062,4.94162,0.6044083,0.406574,0.05931652,1.254714,-0.2431117,-0.1351236,-0.03250373,-0.005201972,0.8072624,8.257187,32.83
3,-0.09220886,-0.2654572,0.9596863,0.9822327,-0.09428406,-0.3184509,0.943222,-26.07288,7.074982,-29.12238,3.785446,0.3200315,0.4032932,0.9199166,-0.08969116,-0.2077484,0.9740448,30.22601,6.962784,-31.48964,4.943115,0.6035858,0.4061778,0.05980384,1.254798,-0.2432486,-0.1357702,-0.03105916,-0.005937689,0.8072624,8.257187,32.83
3,-0.09220886,-0.2654572,0.9596863,0.9822327,-0.09428406,-0.3184509,0.943222,-26.07288,7.074982,-29.12238,3.785446,0.3200315,0.4032932,0.9199166,-0.08969116,-0.2077484,0.9740448,30.22601,6.962784,-31.48964,4.943115,0.6035858,0.4061778,0.05980384,1.254798,-0.2432486,-0.1357702,-0.03105916,-0.005937689,0.8072624,8.257187,32.83
3,-0.09336853,-0.2598114,0.9611206,0.9979685,-0.09046936,-0.3133392,0.9453125,-26.05566,7.089142,-29.11588,3.817459,0.3187661,0.4017294,0.9194534,-0.09564209,-0.2132416,0.9723053,30.26578,6.987946,-31.48178,4.942902,0.6031979,0.4062556,0.06002641,1.254818,-0.2432694,-0.1360838,-0.03050219,-0.006182352,0.8072624,8.257187,32.83
3,-0.09425354,-0.2570038,0.961792,0.9910549,-0.09194946,-0.3121643,0.9455566,-26.04518,7.092514,-29.11163,3.846237,0.318639,0.4013422,0.9010319,-0.09587097,-0.2125854,0.9724121,30.28241,6.991974,-31.48096,4.942978,0.6026483,0.4059891,0.06030405,1.254815,-0.2432783,-0.1362953,-0.02985387,-0.006416534,0.8072624,8.257187,32.83
3,-0.09425354,-0.2570038,0.961792,0.9910549,-0.09194946,-0.3121643,0.9455566,-26.04518,7.092514,-29.11163,3.846237,0.318639,0.4013422,0.9010319,-0.09587097,-0.2125854,0.9724121,30.28241,6.991974,-31.48096,4.942978,0.6026483,0.4059891,0.06030405,1.254815,-0.2432783,-0.1362953,-0.02985387,-0.006416534,0.8072624,8.257187,32.83
3,-0.09468079,-0.254364,0.9624481,0.9952963,-0.09146118,-0.3021393,0.9488525,-26.03484,7.093475,-29.10909,3.843384,0.3182134,0.3994195,0.9052539,-0.09712219,-0.2151031,0.9717407,30.30116,6.997467,-31.48022,4.933426,0.6021937,0.4062556,0.06064105,1.254831,-0.2432359,-0.1367517,-0.02892989,-0.006807541,0.8072624,14.00902,32.83
3,-0.0930481,-0.2501373,0.9637146,0.9949543,-0.09126282,-0.2895203,0.9528046,-26.02414,7.093475,-29.10861,3.929443,0.317752,0.3970218,0.9121696,-0.09442139,-0.2168732,0.9716187,30.3172,6.995651,-31.48013,4.899307,0.6011495,0.4066518,0.06076682,1.254836,-0.2431763,-0.1369301,-0.02846045,-0.006890218,0.8072624,14.00902,32.83
3,-0.08972168,-0.2498016,0.9641266,0.951627,-0.08818054,-0.2797699,0.9559937,-26.01236,7.093994,-29.10828,4.100143,0.3166825,0.395054,0.9098397,-0.09121704,-0.2188721,0.9714661,30.3329,6.993896,-31.47977,4.866486,0.6000276,0.4070885,0.06103516,1.254726,-0.2430598,-0.1371692,-0.02778756,-0.006941928,0.8072624,14.00902,32.83
3,-0.08972168,-0.2498016,0.9641266,0.951627,-0.08818054,-0.2797699,0.9559937,-26.01236,7.093994,-29.10828,4.100143,0.3166825,0.395054,0.9098397,-0.09121704,-0.2188721,0.9714661,30.3329,6.993896,-31.47977,4.866486,0.6000276,0.4070885,0.06103516,1.254726,-0.2430598,-0.1371692,-0.02778756,-0.006941928,0.8072624,14.00902,32.83
3,-0.08757019,-0.24646,0.9651794,0.9554207,-0.08418274,-0.27388,0.9580536,-26.00653,7.09436,-29.10806,4.19751,0.3157159,0.3938645,0.8991219,-0.09085083,-0.219223,0.9714203,30.34145,6.992249,-31.47945,4.858795,0.5996571,0.4072069,0.0611316,1.254661,-0.2429543,-0.13718,-0.02749321,-0.006967639,0.8072624,14.00902,32.83
3,-0.08757019,-0.24646,0.9651794,0.9554207,-0.08418274,-0.27388,0.9580536,-26.00653,7.09436,-29.10806,4.19751,0.3157159,0.3938645,0.8991219,-0.09085083,-0.219223,0.9714203,30.34145,6.992249,-31.47945,4.858795,0.5996571,0.4072069,0.06121409,1.254593,-0.2428204,-0.1371481,-0.02729739,-0.00685118,0.8072624,14.00902,32.83
3,-0.08757019,-0.24646,0.9651794,0.9554207,-0.08418274,-0.27388,0.9580536,-26.00653,7.09436,-29.10806,4.19751,0.3157159,0.3938645,0.8991219,-0.09085083,-0.219223,0.9714203,30.34145,6.992249,-31.47945,4.858795,0.5996571,0.4072069,0.06138074,1.254439,-0.2425299,-0.1367003,-0.02690509,-0.0067316,0.8341622,14.00902,32.83
3,-0.08757019,-0.24646,0.9651794,0.9554207,-0.08418274,-0.27388,0.9580536,-26.00653,7.09436,-29.10806,4.19751,0.3157159,0.3938645,0.8991219,-0.09085083,-0.219223,0.9714203,30.34145,6.992249,-31.47945,4.858795,0.5996571,0.4072069,0.06138074,1.254439,-0.2425299,-0.1367003,-0.02690509,-0.0067316,0.8341622,14.00902,32.83
3,-0.08757019,-0.24646,0.9651794,0.9554207,-0.08418274,-0.27388,0.9580536,-26.00653,7.09436,-29.10806,4.19751,0.3157159,0.3938645,0.8991219,-0.09085083,-0.219223,0.9714203,30.34145,6.992249,-31.47945,4.858795,0.5996571,0.4072069,0.06146324,1.254343,-0.2423431,-0.1363376,-0.02684604,-0.006621119,0.8341622,14.00902,32.83
3,-0.0894928,-0.2410583,0.9663696,0.9588632,-0.08540344,-0.2616577,0.9613647,-25.98473,7.095001,-29.10309,4.267258,0.315119,0.3915029,0.8968746,-0.0933075,-0.2214966,0.9706726,30.36687,6.992249,-31.47911,4.732101,0.5991672,0.4076819,0.06153381,1.25422,-0.2421137,-0.1356277,-0.02683438,-0.006523627,0.8341622,14.00902,32.83
3,-0.0894928,-0.2410583,0.9663696,0.9588632,-0.08540344,-0.2616577,0.9613647,-25.98473,7.095001,-29.10309,4.267258,0.315119,0.3915029,0.8968746,-0.0933075,-0.2214966,0.9706726,30.36687,6.992249,-31.47911,4.732101,0.5991672,0.4076819,0.06153381,1.25422,-0.2421137,-0.1356277,-0.02683438,-0.006523627,0.8341622,14.00902,32.83
3,-0.07701111,-0.2451782,0.9664001,0.934181,-0.08840942,-0.2564087,0.9625092,-25.88722,7.095856,-29.06023,4.395721,0.3121626,0.3900116,0.8854899,-0.06741333,-0.2356873,0.9694824,30.44215,6.992096,-31.46803,4.444122,0.5919467,0.4102373,0.06172574,1.25403,-0.2415884,-0.1341539,-0.02668738,-0.006309985,0.8341622,14.00902,32.83
3,-0.07249451,-0.2468872,0.9663239,0.9198052,-0.0785675,-0.2606049,0.9622345,-25.87964,7.096313,-29.0564,4.171417,0.3104142,0.3907545,0.8853584,-0.06761169,-0.2358551,0.9694214,30.44305,6.992874,-31.46658,4.424179,0.5919467,0.4102373,0.06172562,1.253917,-0.2413012,-0.1335172,-0.0266776,-0.006126665,0.8341622,14.00902,32.83
3,-0.07316589,-0.2471771,0.9662018,0.8950378,-0.07514954,-0.2624512,0.9620056,-25.87459,7.098175,-29.05319,4.123047,0.3096972,0.3910025,0.8840793,-0.07148743,-0.2343597,0.9695129,30.4437,6.995453,-31.46487,4.387375,0.5925961,0.4098788,0.06183374,1.253839,-0.2409935,-0.1328681,-0.02659677,-0.006027357,0.8341622,14.00902,32.83
3,-0.07316589,-0.2471771,0.9662018,0.8950378,-0.07514954,-0.2624512,0.9620056,-25.87459,7.098175,-29.05319,4.123047,0.3096972,0.3910025,0.8840793,-0.07148743,-0.2343597,0.9695129,30.4437,6.995453,-31.46487,4.387375,0.5925961,0.4098788,0.06183374,1.253839,-0.2409935,-0.1328681,-0.02659677,-0.006027357,0.8341622,14.00902,32.83
3,-0.07112122,-0.2442017,0.9671021,0.8950178,-0.07519531,-0.2592773,0.9628601,-25.87064,7.098175,-29.05081,4.17421,0.3095275,0.3903667,0.8847535,-0.06774902,-0.2317505,0.9703979,30.44385,6.999268,-31.46323,4.424088,0.5919467,0.4092194,0.06185901,1.253521,-0.2404141,-0.1309933,-0.02665916,-0.005619213,0.8341622,14.00902,32.83
3,-0.07098389,-0.245285,0.9668427,0.8937135,-0.07621765,-0.2592926,0.9627686,-25.86548,7.096313,-29.05009,4.167877,0.3095275,0.3904353,0.8844507,-0.06637573,-0.2328949,0.9702301,30.44514,7.001984,-31.46144,4.387192,0.5916563,0.4093287,0.06184089,1.253339,-0.2401243,-0.1297208,-0.02687461,-0.005223411,0.8341622,14.00902,32.83
3,-0.07472229,-0.2425232,0.9672546,0.9037439,-0.07765198,-0.2594604,0.962616,-25.85915,7.095856,-29.04964,4.196976,0.3095275,0.3904586,0.8767857,-0.07199097,-0.2267151,0.971283,30.49342,7.023163,-31.45044,4.427261,0.5909348,0.4073524,0.06185639,1.252784,-0.2395201,-0.1266599,-0.02704016,-0.00478416,0.8341622,14.00902,32.83
3,-0.07472229,-0.2425232,0.9672546,0.9037439,-0.07765198,-0.2594604,0.962616,-25.85915,7.095856,-29.04964,4.196976,0.3095275,0.3904586,0.8767857,-0.07199097,-0.2267151,0.971283,30.49342,7.023163,-31.45044,4.427261,0.5909348,0.4073524,0.06185639,1.252784,-0.2395201,-0.1266599,-0.02704016,-0.00478416,0.8341622,14.00902,32.83
3,-0.06204224,-0.2245636,0.9724731,0.8652139,-0.03900146,-0.2128601,0.9762878,-25.79617,7.070801,-29.01913,4.461761,0.3004901,0.3820239,0.8582458,-0.07928467,-0.2332458,0.9691772,30.53595,7.032883,-31.46306,4.308823,0.5906922,0.4083891,0.06185639,1.252784,-0.2395201,-0.1266599,-0.02704016,-0.00478416,0.8341622,27.85655,32.85
3,-0.06692505,-0.228241,0.9712982,0.8572572,-0.05957031,-0.2467346,0.9672394,-25.79387,7.074951,-29.02319,4.227493,0.3041525,0.3883885,0.83099,-0.07235718,-0.2145081,0.9740295,30.55284,7.047043,-31.45929,4.544785,0.588938,0.4043092,0.06181741,1.252138,-0.2389944,-0.122958,-0.02725396,-0.004300273,0.8341622,27.85655,32.85
3,-0.06692505,-0.228241,0.9712982,0.8572572,-0.05957031,-0.2467346,0.9672394,-25.79387,7.074951,-29.02319,4.227493,0.3041525,0.3883885,0.83099,-0.07235718,-0.2145081,0.9740295,30.55284,7.047043,-31.45929,4.544785,0.588938,0.4043092,0.06181741,1.252138,-0.2389944,-0.122958,-0.02725396,-0.004300273,0.8341622,27.85655,32.85
3,-0.07344055,-0.2483673,0.9658661,0.8129317,-0.09268188,-0.2766876,0.9564667,-25.75746,7.047272,-29.04201,4.339661,0.3084272,0.3951744,0.8197532,-0.05792236,-0.2254028,0.9725342,30.54306,7.016495,-31.46603,4.372314,0.5867413,0.4074715,0.06171417,1.25151,-0.2383667,-0.1187484,-0.02733639,-0.004268972,0.8341622,27.85655,32.85
3,-0.04537964,-0.2941895,0.9546509,0.7711657,-0.07350159,-0.3285522,0.9416046,-25.51897,6.705093,-29.16589,3.747574,0.2971638,0.4175772,0.7850559,-0.02694702,-0.2713928,0.9620819,30.52095,6.708786,-31.55138,4.402023,0.5821036,0.4275291,0.0615989,1.250718,-0.2377594,-0.1136923,-0.02744248,-0.004317564,0.8341622,27.85655,32.85
3,-0.04537964,-0.2941895,0.9546509,0.7711657,-0.07350159,-0.3285522,0.9416046,-25.51897,6.705093,-29.16589,3.747574,0.2971638,0.4175772,0.7850559,-0.02694702,-0.2713928,0.9620819,30.52095,6.708786,-31.55138,4.402023,0.5821036,0.4275291,0.0615989,1.250718,-0.2377594,-0.1136923,-0.02744248,-0.004317564,0.8341622,27.85655,32.85
3,-0.04090881,-0.36203,0.9312592,0.6100473,-0.06521606,-0.4041901,0.9123383,-25.36263,6.291702,-29.32947,3.628616,0.2899512,0.4473284,0.7201095,-0.02793884,-0.3392334,0.9402771,30.55603,6.303955,-31.69472,4.495712,0.5810494,0.4557261,0.06143987,1.249753,-0.2371699,-0.1079788,-0.02746392,-0.004096182,0.8341622,27.85655,32.85
3,-0.04090881,-0.36203,0.9312592,0.6100473,-0.06521606,-0.4041901,0.9123383,-25.36263,6.291702,-29.32947,3.628616,0.2899512,0.4473284,0.7201095,-0.02793884,-0.3392334,0.9402771,30.55603,6.303955,-31.69472,4.495712,0.5810494,0.4557261,0.06143987,1.249753,-0.2371699,-0.1079788,-0.02746392,-0.004096182,0.8341622,27.85655,32.85
3,-0.03240967,-0.3997803,0.9160309,0.505455,-0.0692749,-0.4560699,0.8872375,-25.39899,6.226547,-29.4045,3.483673,0.2917232,0.4604257,0.6871267,-0.01759338,-0.3766327,0.926178,30.57414,6.248688,-31.72949,4.295654,0.578629,0.4651906,0.06129682,1.248885,-0.2365806,-0.1020907,-0.02761623,-0.003476326,0.8341622,27.85655,32.85
3,-0.03240967,-0.3997803,0.9160309,0.505455,-0.0692749,-0.4560699,0.8872375,-25.39899,6.226547,-29.4045,3.483673,0.2917232,0.4604257,0.6871267,-0.01759338,-0.3766327,0.926178,30.57414,6.248688,-31.72949,4.295654,0.578629,0.4651906,0.06129682,1.248885,-0.2365806,-0.1020907,-0.02761623,-0.003476326,0.8341622,27.85655,32.85
3,-0.02723694,-0.3761597,0.9261475,0.4586261,-0.05331421,-0.4104767,0.9102936,-25.43111,6.355499,-29.27473,3.923843,0.2901249,0.4455834,0.639345,-0.01350403,-0.3578186,0.9336853,30.62773,6.32692,-31.69263,4.392807,0.5760218,0.4584531,0.06106555,1.247903,-0.2360358,-0.09650089,-0.02778756,-0.002537184,0.8341622,27.85655,32.85
3,-0.02723694,-0.3761597,0.9261475,0.4586261,-0.05331421,-0.4104767,0.9102936,-25.43111,6.355499,-29.27473,3.923843,0.2901249,0.4455834,0.639345,-0.01350403,-0.3578186,0.9336853,30.62773,6.32692,-31.69263,4.392807,0.5760218,0.4584531,0.06106555,1.247903,-0.2360358,-0.09650089,-0.02778756,-0.002537184,0.8341622,27.85655,32.85
3,-0.03495789,-0.3811646,0.9238281,0.4660258,-0.06210327,-0.3995819,0.9145813,-25.46645,6.343277,-29.30511,3.727448,0.2930233,0.4444495,0.6550546,-0.01411438,-0.366745,0.9302063,30.6416,6.374161,-31.67671,4.312012,0.5756248,0.4583878,0.06094396,1.246893,-0.2354879,-0.09069265,-0.02819137,-0.001407783,0.8341622,143.7379,32.85
3,-0.03495789,-0.3811646,0.9238281,0.4660258,-0.06210327,-0.3995819,0.9145813,-25.46645,6.343277,-29.30511,3.727448,0.2930233,0.4444495,0.6550546,-0.01411438,-0.366745,0.9302063,30.6416,6.374161,-31.67671,4.312012,0.5756248,0.4583878,0.06094396,1.246893,-0.2354879,-0.09069265,-0.02819137,-0.001407783,0.8341622,143.7379,32.85
3,-0.03613281,-0.3802643,0.9241638,0.4872019,-0.06439209,-0.4190216,0.9056854,-25.45587,6.385742,-29.29688,3.669006,0.2930367,0.4466926,0.6508917,-0.01597595,-0.3520966,0.9358215,30.64554,6.411575,-31.65367,4.295029,0.5757893,0.4540843,0.0606463,1.245909,-0.2350068,-0.08463048,-0.02863453,-0.0002729575,0.8341622,143.7379,32.85
3,-0.03613281,-0.3802643,0.9241638,0.4872019,-0.06439209,-0.4190216,0.9056854,-25.45587,6.385742,-29.29688,3.669006,0.2930367,0.4466926,0.6508917,-0.01597595,-0.3520966,0.9358215,30.64554,6.411575,-31.65367,4.295029,0.5757893,0.4540843,0.0606463,1.245909,-0.2350068,-0.08463048,-0.02863453,-0.0002729575,0.8341622,143.7379,32.85
3,-0.03190613,-0.3566742,0.93367,0.5236552,-0.04222107,-0.3965302,0.917038,-25.44324,6.467224,-29.25159,3.814392,0.2887878,0.4389094,0.6614155,-0.02613831,-0.334198,0.9421234,30.68678,6.466248,-31.63631,4.298294,0.5760798,0.4486224,0.06028283,1.244916,-0.2346734,-0.0785268,-0.02962212,0.001170857,0.8341622,143.7379,32.85
3,-0.03190613,-0.3566742,0.93367,0.5236552,-0.04222107,-0.3965302,0.917038,-25.44324,6.467224,-29.25159,3.814392,0.2887878,0.4389094,0.6614155,-0.02613831,-0.334198,0.9421234,30.68678,6.466248,-31.63631,4.298294,0.5760798,0.4486224,0.06028283,1.244916,-0.2346734,-0.0785268,-0.02962212,0.001170857,0.8341622,143.7379,32.85
3,-0.0244751,-0.3578796,0.9334259,0.5170264,-0.01774597,-0.4259491,0.9045563,-25.45728,6.556061,-29.23645,3.387833,0.2852774,0.4416011,0.6837198,-0.02806091,-0.3202667,0.9468994,30.71376,6.543442,-31.60439,4.325882,0.5754551,0.4429846,0.05987513,1.243924,-0.2343998,-0.07258823,-0.03108218,0.002360727,0.8341622,143.7379,32.85
3,-0.0244751,-0.3578796,0.9334259,0.5170264,-0.01774597,-0.4259491,0.9045563,-25.45728,6.556061,-29.23645,3.387833,0.2852774,0.4416011,0.6837198,-0.02806091,-0.3202667,0.9468994,30.71376,6.543442,-31.60439,4.325882,0.5754551,0.4429846,0.05987513,1.243924,-0.2343998,-0.07258823,-0.03108218,0.002360727,0.8341622,143.7379,32.85
3,-0.03269958,-0.3625946,0.931366,0.5479581,-0.03848267,-0.4340363,0.9000702,-25.41013,6.570801,-29.22644,3.387115,0.28721,0.4426548,0.6822926,-0.02848816,-0.3107147,0.9500732,30.73204,6.580139,-31.58847,4.488205,0.5748999,0.4396998,0.05931413,1.242945,-0.2341943,-0.06669877,-0.03288815,0.003080915,0.8341622,143.7379,32.85
3,-0.03269958,-0.3625946,0.931366,0.5479581,-0.03848267,-0.4340363,0.9000702,-25.41013,6.570801,-29.22644,3.387115,0.28721,0.4426548,0.6822926,-0.02848816,-0.3107147,0.9500732,30.73204,6.580139,-31.58847,4.488205,0.5748999,0.4396998,0.05931413,1.242945,-0.2341943,-0.06669877,-0.03288815,0.003080915,0.8341622,143.7379,32.85
3,-0.03981018,-0.34552,0.937561,0.5586299,-0.05499268,-0.382431,0.9223328,-25.42615,6.594788,-29.17033,3.772491,0.2905751,0.4312616,0.6935585,-0.02801514,-0.3165588,0.9481506,30.74019,6.615692,-31.58083,4.390305,0.5745217,0.4395023,0.05879068,1.241955,-0.2339906,-0.0614751,-0.03484439,0.003639661,0.8341622,143.7379,32.85
3,-0.03981018,-0.34552,0.937561,0.5586299,-0.05499268,-0.382431,0.9223328,-25.42615,6.594788,-29.17033,3.772491,0.2905751,0.4312616,0.6935585,-0.02801514,-0.3165588,0.9481506,30.74019,6.615692,-31.58083,4.390305,0.5745217,0.4395023,0.05879068,1.241955,-0.2339906,-0.0614751,-0.03484439,0.003639661,0.8341622,143.7379,32.85
3,-0.02923584,-0.3249054,0.945282,0.6125157,-0.03187561,-0.3834534,0.9230042,-25.47809,6.689087,-29.10896,3.660904,0.2885723,0.4276729,0.7291275,-0.02767944,-0.2911987,0.9562531,30.71098,6.691452,-31.5533,4.403336,0.5755032,0.4318433,0.0582068,1.241058,-0.2338603,-0.0568583,-0.03690442,0.003932863,0.8341622,143.7379,32.85
3,-0.02923584,-0.3249054,0.945282,0.6125157,-0.03187561,-0.3834534,0.9230042,-25.47809,6.689087,-29.10896,3.660904,0.2885723,0.4276729,0.7291275,-0.02767944,-0.2911987,0.9562531,30.71098,6.691452,-31.5533,4.403336,0.5755032,0.4318433,0.0582068,1.241058,-0.2338603,-0.0568583,-0.03690442,0.003932863,0.8341622,143.7379,32.85
3,-0.03544617,-0.3063202,0.9512634,0.6462384,-0.0514679,-0.325882,0.9440002,-25.48247,6.716537,-29.07921,4.101212,0.2918887,0.415466,0.7268263,-0.02571106,-0.2943573,0.9553375,30.70058,6.745285,-31.54132,4.406296,0.575537,0.4304262,0.0576086,1.240374,-0.2336423,-0.05279114,-0.03899492,0.00375453,0.8341622,143.7379,32.85
3,-0.03544617,-0.3063202,0.9512634,0.6462384,-0.0514679,-0.325882,0.9440002,-25.48247,6.716537,-29.07921,4.101212,0.2918887,0.415466,0.7268263,-0.02571106,-0.2943573,0.9553375,30.70058,6.745285,-31.54132,4.406296,0.575537,0.4304262,0.0576086,1.240374,-0.2336423,-0.05279114,-0.03899492,0.00375453,0.8341622,143.7379,32.85
4,-0.04371643,-0.3101501,0.9496765,0.7193073,-0.04960632,-0.3418579,0.9384308,-25.51987,6.795364,-29.04877,4.007813,0.2929764,0.4155606,0.756375,-0.03974915,-0.2887573,0.9565735,30.69321,6.821777,-31.52541,4.392715,0.5782269,0.4265784,0.05699956,1.239816,-0.2334847,-0.0496286,-0.04113335,0.003573555,0.8341622,-57.99954,32.85
4,-0.04371643,-0.3101501,0.9496765,0.7193073,-0.04960632,-0.3418579,0.9384308,-25.51987,6.795364,-29.04877,4.007813,0.2929764,0.4155606,0.756375,-0.03974915,-0.2887573,0.9565735,30.69321,6.821777,-31.52541,4.392715,0.5782269,0.4265784,0.05699956,1.239816,-0.2334847,-0.0496286,-0.04113335,0.003573555,0.8341622,-57.99954,32.85
4,-0.04039001,-0.2755432,0.960434,0.757133,-0.03733826,-0.2901917,0.9562378,-25.61462,6.757645,-29.11819,4.121857,0.29408,0.4078231,0.7809404,-0.04231262,-0.2663116,0.9629517,30.67311,6.872955,-31.50803,4.483292,0.579401,0.4204115,0.05638182,1.239219,-0.2332486,-0.04641257,-0.04344108,0.003752545,0.8341622,-57.99954,32.85
4,-0.04039001,-0.2755432,0.960434,0.757133,-0.03733826,-0.2901917,0.9562378,-25.61462,6.757645,-29.11819,4.121857,0.29408,0.4078231,0.7809404,-0.04231262,-0.2663116,0.9629517,30.67311,6.872955,-31.50803,4.483292,0.579401,0.4204115,0.05638182,1.239219,-0.2332486,-0.04641257,-0.04344108,0.003752545,0.8341622,-57.99954,32.85
4,-0.0294342,-0.2741699,0.9612274,0.7595477,-0.002319336,-0.2829285,0.9591217,-25.65068,6.790405,-29.09781,4.014191,0.2893893,0.4050425,0.7755022,-0.05107117,-0.2669983,0.962326,30.65874,6.883026,-31.50705,4.504974,0.5814266,0.42019,0.05578482,1.238642,-0.2329848,-0.04293493,-0.04569394,0.003792047,0.8341622,-57.99954,32.85
4,-0.0294342,-0.2741699,0.9612274,0.7595477,-0.002319336,-0.2829285,0.9591217,-25.65068,6.790405,-29.09781,4.014191,0.2893893,0.4050425,0.7755022,-0.05107117,-0.2669983,0.962326,30.65874,6.883026,-31.50705,4.504974,0.5814266,0.42019,0.05578482,1.238642,-0.2329848,-0.04293493,-0.04569394,0.003792047,0.8341622,-57.99954,32.85
4,-0.0294342,-0.2741699,0.9612274,0.7595477,-0.002319336,-0.2829285,0.9591217,-25.65068,6.790405,-29.09781,4.014191,0.2893893,0.4050425,0.7755022,-0.05107117,-0.2669983,0.962326,30.65874,6.883026,-31.50705,4.504974,0.5814266,0.42019,0.05507648,1.237998,-0.2326056,-0.03878284,-0.04815407,0.004057805,0.8341622,-57.99954,32.85
4,-0.0294342,-0.2741699,0.9612274,0.7595477,-0.002319336,-0.2829285,0.9591217,-25.65068,6.790405,-29.09781,4.014191,0.2893893,0.4050425,0.7755022,-0.05107117,-0.2669983,0.962326,30.65874,6.883026,-31.50705,4.504974,0.5814266,0.42019,0.05507648,1.237998,-0.2326056,-0.03878284,-0.04815407,0.004057805,0.8341622,-57.99954,32.85
4,-0.0294342,-0.2741699,0.9612274,0.7595477,-0.002319336,-0.2829285,0.9591217,-25.65068,6.790405,-29.09781,4.014191,0.2893893,0.4050425,0.7755022,-0.05107117,-0.2669983,0.962326,30.65874,6.883026,-31.50705,4.504974,0.5814266,0.42019,0.05431569,1.237092,-0.232194,-0.03324462,-0.05059119,0.004293337,0.8341622,-57.99954,32.85
4,-0.0294342,-0.2741699,0.9612274,0.7595477,-0.002319336,-0.2829285,0.9591217,-25.65068,6.790405,-29.09781,4.014191,0.2893893,0.4050425,0.7755022,-0.05107117,-0.2669983,0.962326,30.65874,6.883026,-31.50705,4.504974,0.5814266,0.42019,0.05431569,1.237092,-0.232194,-0.03324462,-0.05059119,0.004293337,0.8341622,-57.99954,32.85
4,-0.03535461,-0.2772369,0.960144,0.7680111,-0.01841736,-0.3013153,0.9533386,-25.65068,6.813095,-29.08427,4.037704,0.292163,0.4076213,0.7972238,-0.0493927,-0.2570801,0.9651184,30.65089,6.887741,-31.50552,4.572678,0.5814266,0.418141,0.05351579,1.235954,-0.2315838,-0.02589071,-0.05353406,0.004779486,0.8341622,-57.99954,32.85
4,-0.03535461,-0.2772369,0.960144,0.7680111,-0.01841736,-0.3013153,0.9533386,-25.65068,6.813095,-29.08427,4.037704,0.292163,0.4076213,0.7972238,-0.0493927,-0.2570801,0.9651184,30.65089,6.887741,-31.50552,4.572678,0.5814266,0.418141,0.05351579,1.235954,-0.2315838,-0.02589071,-0.05353406,0.004779486,0.8341622,-57.99954,32.85
4,-0.05674744,-0.2776031,0.9590149,0.7894517,-0.06983948,-0.3253784,0.9429932,-25.65053,6.858078,-29.06686,3.804626,0.3011973,0.4109352,0.7877768,-0.04669189,-0.2407684,0.9694519,30.5558,6.937378,-31.47716,4.595001,0.5843391,0.4131106,0.05272901,1.234448,-0.2307353,-0.01675257,-0.05697873,0.00504787,0.8341622,-57.99954,32.85
4,-0.05674744,-0.2776031,0.9590149,0.7894517,-0.06983948,-0.3253784,0.9429932,-25.65053,6.858078,-29.06686,3.804626,0.3011973,0.4109352,0.7877768,-0.04669189,-0.2407684,0.9694519,30.5558,6.937378,-31.47716,4.595001,0.5843391,0.4131106,0.05272901,1.234448,-0.2307353,-0.01675257,-0.05697873,0.00504787,0.8341622,-57.99954,32.85
4,-0.07118225,-0.3130341,0.947052,0.7658513,-0.07403564,-0.3580933,0.9307404,-25.74654,6.843231,-29.05299,4.093674,0.3050158,0.4173618,0.7563643,-0.06895447,-0.2791138,0.9577637,30.43468,6.831741,-31.5183,4.684265,0.5924463,0.4243113,0.05230904,1.23363,-0.2303093,-0.01183642,-0.05862909,0.005221985,0.8341622,-57.99954,32.85
4,-0.06735229,-0.3169861,0.9460297,0.7658513,-0.05455017,-0.3600311,0.9313354,-25.72275,6.702469,-29.09885,3.69339,0.3011127,0.4230689,0.7563643,-0.07714844,-0.2832031,0.9559479,30.35524,6.696869,-31.57608,4.743637,0.596687,0.4303443,0.05150306,1.231892,-0.2293708,-0.001112113,-0.06188146,0.005302687,0.8341622,-57.99954,32.85
4,-0.06735229,-0.3169861,0.9460297,0.7658513,-0.05455017,-0.3600311,0.9313354,-25.72275,6.702469,-29.09885,3.69339,0.3011127,0.4230689,0.7563643,-0.07714844,-0.2832031,0.9559479,30.35524,6.696869,-31.57608,4.743637,0.596687,0.4303443,0.05150306,1.231892,-0.2293708,-0.001112113,-0.06188146,0.005302687,0.8341622,-57.99954,32.85
4,-0.08714294,-0.3461304,0.9341125,0.675701,-0.09620667,-0.4073944,0.9081573,-25.8127,6.624435,-29.17931,3.935028,0.3109782,0.4356186,0.774775,-0.07911682,-0.2928009,0.9528809,30.26189,6.592178,-31.61293,4.770721,0.6003416,0.4361354,0.05113089,1.231015,-0.2288593,0.004322737,-0.06334427,0.00508317,0.8341622,-57.99954,32.85
4,-0.1045685,-0.3228149,0.9406586,0.675701,-0.1245575,-0.3506622,0.9281616,-25.80513,6.62413,-29.1463,4.377884,0.3153435,0.4246226,0.774775,-0.08526611,-0.2957001,0.9514618,30.25346,6.640182,-31.59976,4.726776,0.6017018,0.4349101,0.05077374,1.230144,-0.2283888,0.009617251,-0.06465936,0.004716719,0.8341622,-69.2831,32.85
4,-0.1045685,-0.3228149,0.9406586,0.675701,-0.1245575,-0.3506622,0.9281616,-25.80513,6.62413,-29.1463,4.377884,0.3153435,0.4246226,0.774775,-0.08526611,-0.2957001,0.9514618,30.25346,6.640182,-31.59976,4.726776,0.6017018,0.4349101,0.05077374,1.230144,-0.2283888,0.009617251,-0.06465936,0.004716719,0.8341622,-69.2831,32.85
4,-0.09883118,-0.2960205,0.9500427,0.7660385,-0.1101227,-0.3234406,0.9398041,-25.91077,6.718414,-29.1026,4.480728,0.3165765,0.4158526,0.7747385,-0.0912323,-0.2775421,0.9563599,30.19763,6.771591,-31.56555,4.781891,0.6047469,0.4265767,0.05014455,1.228346,-0.2273589,0.0195705,-0.0668153,0.003732638,0.8341622,-69.2831,32.85
4,-0.08956909,-0.2830505,0.9549103,0.764747,-0.08372498,-0.2992859,0.95047,-25.9257,6.816147,-29.03922,4.429886,0.3127518,0.4073173,0.7569771,-0.09236145,-0.2752075,0.9569244,30.16241,6.871445,-31.53658,4.648026,0.6061939,0.4224063,0.04987824,1.227529,-0.2268206,0.02392827,-0.067752,0.003270938,0.8341622,-69.2831,32.85
4,-0.08956909,-0.2830505,0.9549103,0.764747,-0.08372498,-0.2992859,0.95047,-25.9257,6.816147,-29.03922,4.429886,0.3127518,0.4073173,0.7569771,-0.09236145,-0.2752075,0.9569244,30.16241,6.871445,-31.53658,4.648026,0.6061939,0.4224063,0.04987824,1.227529,-0.2268206,0.02392827,-0.067752,0.003270938,0.8341622,-69.2831,32.85
4,-0.1023712,-0.2826996,0.9537201,0.764747,-0.1322174,-0.3097534,0.9415741,-25.95862,6.884811,-29.04399,4.595413,0.3219561,0.4073171,0.7569771,-0.08834839,-0.2698669,0.9588318,30.15016,6.91954,-31.52048,4.759811,0.6059534,0.419507,0.0494734,1.226207,-0.2256547,0.03045159,-0.06877685,0.003014914,0.8341622,-69.2831,32.85
4,-0.0987854,-0.2710724,0.9574738,0.816453,-0.09786987,-0.3118134,0.9450684,-26.06599,7.027451,-28.9985,4.251114,0.3201984,0.4023799,0.7723792,-0.09931946,-0.2413788,0.965332,30.09666,7.03952,-31.48952,4.813446,0.6098255,0.4096952,0.04933834,1.225693,-0.2250276,0.03295808,-0.06917457,0.003029705,0.8341622,-69.2831,32.85
4,-0.1138306,-0.2565155,0.9598083,0.8351569,-0.1201477,-0.2990265,0.94664,-26.09525,7.078705,-28.98924,4.649231,0.3246513,0.3981675,0.7857437,-0.1095123,-0.2279358,0.9674835,30.06677,7.061401,-31.48749,4.851349,0.6126957,0.4064324,0.04909384,1.224781,-0.2237012,0.03734015,-0.0692227,0.003143162,0.8341622,-69.2831,32.85
4,-0.1138306,-0.2565155,0.9598083,0.8351569,-0.1201477,-0.2990265,0.94664,-26.09525,7.078705,-28.98924,4.649231,0.3246513,0.3981675,0.7857437,-0.1095123,-0.2279358,0.9674835,30.06677,7.061401,-31.48749,4.851349,0.6126957,0.4064324,0.04909384,1.224781,-0.2237012,0.03734015,-0.0692227,0.003143162,0.8341622,-69.2831,32.85
4,-0.1139984,-0.2627563,0.9580994,0.8365811,-0.1046753,-0.3042297,0.9468231,-26.1769,7.1353,-28.97615,3.98996,0.3254459,0.3974252,0.8057538,-0.1237946,-0.217514,0.9681702,30.02304,7.110184,-31.48088,4.941635,0.6167859,0.4027189,0.04902625,1.224327,-0.2230574,0.03923018,-0.06878693,0.003336341,0.8341622,-69.2831,32.85
4,-0.09701538,-0.2887878,0.9524536,0.8788509,-0.09187317,-0.3457947,0.9337921,-26.14803,7.143021,-28.9556,3.711136,0.3224356,0.4047509,0.8347628,-0.102829,-0.2175903,0.9705963,30.00096,7.11647,-31.47255,4.932022,0.6139209,0.4023563,0.04896545,1.223521,-0.2216399,0.04338977,-0.06732839,0.003461291,0.8341622,-69.2831,32.85
4,-0.09701538,-0.2887878,0.9524536,0.8788509,-0.09187317,-0.3457947,0.9337921,-26.14803,7.143021,-28.9556,3.711136,0.3224356,0.4047509,0.8347628,-0.102829,-0.2175903,0.9705963,30.00096,7.11647,-31.47255,4.932022,0.6139209,0.4023563,0.04896545,1.223521,-0.2216399,0.04338977,-0.06732839,0.003461291,0.8341622,-69.2831,32.85
4,-0.1123352,-0.2368164,0.9650269,0.9232557,-0.09300232,-0.2982483,0.9499359,-26.13863,7.164764,-28.92317,4.086746,0.3221089,0.3946587,0.8468184,-0.1272125,-0.1877136,0.973938,30.00893,7.155319,-31.47696,5.025879,0.617976,0.3955563,0.04886091,1.22266,-0.220323,0.04745726,-0.06524998,0.003726645,0.8341622,-69.2831,32.85
4,-0.1123352,-0.2368164,0.9650269,0.9232557,-0.09300232,-0.2982483,0.9499359,-26.13863,7.164764,-28.92317,4.086746,0.3221089,0.3946587,0.8468184,-0.1272125,-0.1877136,0.973938,30.00893,7.155319,-31.47696,5.025879,0.617976,0.3955563,0.04886091,1.22266,-0.220323,0.04745726,-0.06524998,0.003726645,0.8341622,-69.2831,32.85
4,-0.09690857,-0.2213593,0.9703522,0.9712226,-0.08508301,-0.2428894,0.9663086,-26.14478,7.177719,-28.89038,4.518387,0.3206877,0.3834991,0.8745347,-0.1058502,-0.204895,0.9730377,29.99394,7.15625,-31.45625,4.850113,0.6147121,0.3984959,0.04893374,1.221764,-0.2189558,0.05149516,-0.06250286,0.004997434,0.8341622,-6.193851,32.85
4,-0.09690857,-0.2213593,0.9703522,0.9712226,-0.08508301,-0.2428894,0.9663086,-26.14478,7.177719,-28.89038,4.518387,0.3206877,0.3834991,0.8745347,-0.1058502,-0.204895,0.9730377,29.99394,7.15625,-31.45625,4.850113,0.6147121,0.3984959,0.04893374,1.221764,-0.2189558,0.05149516,-0.06250286,0.004997434,0.8341622,-6.193851,32.85
4,-0.103775,-0.2279358,0.9681244,1.0,-0.08450317,-0.2889252,0.953598,-26.14778,7.201904,-28.8895,4.072678,0.3210351,0.3913292,1.0,-0.1184692,-0.1797638,0.9765472,29.99596,7.17128,-31.45422,5.102066,0.6169244,0.3932646,0.04906166,1.220818,-0.2176001,0.05535051,-0.05947142,0.007588022,0.8341622,-6.193851,32.85
4,-0.103775,-0.2279358,0.9681244,1.0,-0.08450317,-0.2889252,0.953598,-26.14778,7.201904,-28.8895,4.072678,0.3210351,0.3913292,1.0,-0.1184692,-0.1797638,0.9765472,29.99596,7.17128,-31.45422,5.102066,0.6169244,0.3932646,0.04906166,1.220818,-0.2176001,0.05535051,-0.05947142,0.007588022,0.8341622,-6.193851,32.85
4,-0.1085205,-0.1930847,0.9751434,1.0,-0.09143066,-0.2232666,0.9704437,-26.11774,7.245422,-28.85603,4.714096,0.3206797,0.3772367,1.0,-0.1200714,-0.1724243,0.9776611,30.0641,7.214935,-31.44557,5.129242,0.6148045,0.3903001,0.04901028,1.220426,-0.2168921,0.05728623,-0.05804697,0.009186957,0.8341622,-6.193851,32.85
4,-0.09568787,-0.1959991,0.9759216,1.0,-0.07713318,-0.2310181,0.9698792,-26.00655,7.256027,-28.85217,4.3526,0.3146774,0.37818,1.0,-0.1064911,-0.1753235,0.9787292,30.11458,7.218002,-31.4576,5.021896,0.6106291,0.3908421,0.04891813,1.219939,-0.2162359,0.05914165,-0.05661155,0.01095033,0.8341622,-6.193851,32.85
4,-0.09568787,-0.1959991,0.9759216,1.0,-0.07713318,-0.2310181,0.9698792,-26.00655,7.256027,-28.85217,4.3526,0.3146774,0.37818,1.0,-0.1064911,-0.1753235,0.9787292,30.11458,7.218002,-31.4576,5.021896,0.6106291,0.3908421,0.04891813,1.219939,-0.2162359,0.05914165,-0.05661155,0.01095033,0.8341622,-6.193851,32.85
4,-0.08996582,-0.1937408,0.9769135,1.0,-0.05302429,-0.20755,0.9767761,-25.99391,7.25264,-28.81851,4.497116,0.3100218,0.3734482,1.0,-0.1258698,-0.1799774,0.9755707,30.17142,7.26062,-31.43178,5.039886,0.6119668,0.3900259,0.0486958,1.219084,-0.2151638,0.06325045,-0.05390963,0.01499677,0.8341622,-6.193851,32.85
4,-0.09204102,-0.1993866,0.9755707,1.0,-0.05749512,-0.2502747,0.9664612,-25.99086,7.276611,-28.81512,4.199341,0.3109271,0.3805655,1.0,-0.1264496,-0.1474152,0.980957,30.18927,7.269974,-31.43349,5.215683,0.6115279,0.3836957,0.04855382,1.21862,-0.2146631,0.06520623,-0.0524759,0.017237,0.8341622,-6.193851,32.85
4,-0.0789032,-0.1903839,0.9785309,1.0,-0.04592896,-0.2148285,0.9755554,-25.97566,7.307922,-28.79892,4.58551,0.3080792,0.3725356,1.0,-0.1172638,-0.1614075,0.9798889,30.21886,7.293228,-31.41855,5.053833,0.6088208,0.3853183,0.04801512,1.217728,-0.2136796,0.06916207,-0.04960893,0.02250468,0.8341622,-6.193851,32.85
4,-0.0789032,-0.1903839,0.9785309,1.0,-0.04592896,-0.2148285,0.9755554,-25.97566,7.307922,-28.79892,4.58551,0.3080792,0.3725356,1.0,-0.1172638,-0.1614075,0.9798889,30.21886,7.293228,-31.41855,5.053833,0.6088208,0.3853183,0.04801512,1.217728,-0.2136796,0.06916207,-0.04960893,0.02250468,0.8341622,-6.193851,32.85
4,-0.09869385,-0.1892242,0.976944,1.0,-0.1015625,-0.221344,0.9698792,-25.92715,7.330048,-28.82135,4.509109,0.3159457,0.3736535,1.0,-0.09550476,-0.1546631,0.9833221,30.23233,7.310532,-31.39571,5.026886,0.6045578,0.3832272,0.04769218,1.217257,-0.2132641,0.07110845,-0.04829575,0.0254709,0.8341622,-6.193851,32.85
4,-0.09869385,-0.1892242,0.976944,1.0,-0.1015625,-0.221344,0.9698792,-25.92715,7.330048,-28.82135,4.509109,0.3159457,0.3736535,1.0,-0.09550476,-0.1546631,0.9833221,30.23233,7.310532,-31.39571,5.026886,0.6045578,0.3832272,0.04721975,1.216845,-0.2129216,0.07310066,-0.04726975,0.02878013,0.8341622,-6.193851,32.85
4,-0.09869385,-0.1892242,0.976944,1.0,-0.1015625,-0.221344,0.9698792,-25.92715,7.330048,-28.82135,4.509109,0.3159457,0.3736535,1.0,-0.09550476,-0.1546631,0.9833221,30.23233,7.310532,-31.39571,5.026886,0.6045578,0.3832272,0.04721975,1.216845,-0.2129216,0.07310066,-0.04726975,0.02878013,0.8341622,-6.193851,32.85
4,-0.09869385,-0.1892242,0.976944,1.0,-0.1015625,-0.221344,0.9698792,-25.92715,7.330048,-28.82135,4.509109,0.3159457,0.3736535,1.0,-0.09550476,-0.1546631,0.9833221,30.23233,7.310532,-31.39571,5.026886,0.6045578,0.3832272,0.04616833,1.21604,-0.2122797,0.07646807,-0.04585134,0.03523119,0.8341622,-6.193851,32.85
4,-0.09869385,-0.1892242,0.976944,1.0,-0.1015625,-0.221344,0.9698792,-25.92715,7.330048,-28.82135,4.509109,0.3159457,0.3736535,1.0,-0.09550476,-0.1546631,0.9833221,30.23233,7.310532,-31.39571,5.026886,0.6045578,0.3832272,0.04558158,1.215675,-0.212056,0.07794044,-0.04558456,0.03814283,0.8341622,-15.66805,32.85
4,-0.09869385,-0.1892242,0.976944,1.0,-0.1015625,-0.221344,0.9698792,-25.92715,7.330048,-28.82135,4.509109,0.3159457,0.3736535,1.0,-0.09550476,-0.1546631,0.9833221,30.23233,7.310532,-31.39571,5.026886,0.6045578,0.3832272,0.04558158,1.215675,-0.212056,0.07794044,-0.04558456,0.03814283,0.8341622,-15.66805,32.85
4,-0.05297852,-0.1475983,0.9876251,1.0,-0.02651978,-0.1686707,0.9853058,-25.78221,7.408508,-28.74596,4.288116,0.2981409,0.3599366,1.0,-0.08518982,-0.1216736,0.9889069,30.37263,7.401733,-31.31113,5.166824,0.5978391,0.373206,0.04421318,1.215036,-0.2116971,0.07995214,-0.04531473,0.04358184,0.8341622,-15.66805,32.85
4,-0.02313232,-0.1708374,0.9850159,1.0,-0.0189209,-0.1743774,0.9844818,-25.74869,7.468506,-28.69763,4.139603,0.2958042,0.3584509,1.0,-0.08802795,-0.1154633,0.9893951,30.37921,7.403793,-30.98976,5.20932,0.5978033,0.3693062,0.04357862,1.214745,-0.2114557,0.08113765,-0.04524661,0.04619696,0.8341622,-15.66805,32.85
4,-0.05180359,-0.1397858,0.9888153,1.0,-0.04983521,-0.1414032,0.9886932,-25.81496,7.471603,-28.73138,4.50882,0.303085,0.3528178,1.0,-0.08605957,-0.1115417,0.9900208,30.41873,7.579529,-31.64197,5.173355,0.5967674,0.3678304,0.04357862,1.214745,-0.2114557,0.08113765,-0.04524661,0.04619696,0.8341622,-15.66805,32.85
4,-0.02676392,-0.1676178,0.9854736,1.0,-0.02574158,-0.1685791,0.9853363,-25.77188,7.493591,-28.67528,4.632416,0.2973599,0.3561154,1.0,-0.08859253,-0.1083221,0.9901428,30.41054,7.615295,-31.65884,5.143677,0.5975583,0.36607,0.04190743,1.214127,-0.2113336,0.08293795,-0.04576546,0.05115227,0.8341622,-15.66805,32.85
4,-0.02676392,-0.1676178,0.9854736,1.0,-0.02574158,-0.1685791,0.9853363,-25.77188,7.493591,-28.67528,4.632416,0.2973599,0.3561154,1.0,-0.08859253,-0.1083221,0.9901428,30.41054,7.615295,-31.65884,5.143677,0.5975583,0.36607,0.04190743,1.214127,-0.2113336,0.08293795,-0.04576546,0.05115227,0.8341622,-15.66805,32.85
4,-0.09870911,-0.1494904,0.9838104,1.0,-0.09870911,-0.1494904,0.9838104,-25.64661,7.49794,-28.43091,4.743927,0.3057161,0.3510046,1.0,-0.07295227,-0.1277466,0.9891052,30.39174,7.751633,-32.06352,5.048492,0.5959123,0.3680671,0.04003811,1.213823,-0.2111859,0.08326592,-0.04694901,0.05558423,0.8341622,-15.66805,32.85
4,-0.09028625,-0.1729431,0.9807739,1.0,-0.09030151,-0.1730042,0.9807587,-25.64087,7.556717,-28.48656,4.445694,0.304319,0.3537615,1.0,-0.08262634,-0.1149902,0.9899139,30.36821,7.737137,-31.81168,5.028137,0.5982366,0.3641036,0.03802407,1.213753,-0.2111812,0.08251565,-0.04854272,0.05946478,0.8341622,-15.66805,32.85
4,-0.09028625,-0.1729431,0.9807739,1.0,-0.09030151,-0.1730042,0.9807587,-25.64087,7.556717,-28.48656,4.445694,0.304319,0.3537615,1.0,-0.08262634,-0.1149902,0.9899139,30.36821,7.737137,-31.81168,5.028137,0.5982366,0.3641036,0.03802407,1.213753,-0.2111812,0.08251565,-0.04854272,0.05946478,0.8341622,-15.66805,32.85
4,-0.08828735,-0.1816406,0.9793854,1.0,-0.08827209,-0.1828461,0.9791565,-25.67876,7.583176,-28.49896,4.47934,0.305263,0.3547648,1.0,-0.08900452,-0.1251373,0.9881287,30.31673,7.61908,-31.21631,5.029449,0.6005228,0.3651592,0.03621638,1.213706,-0.2112858,0.0818158,-0.04998999,0.06393909,0.8341622,-15.66805,32.85
4,-0.08828735,-0.1816406,0.9793854,1.0,-0.08827209,-0.1828461,0.9791565,-25.67876,7.583176,-28.49896,4.47934,0.305263,0.3547648,1.0,-0.08900452,-0.1251373,0.9881287,30.31673,7.61908,-31.21631,5.029449,0.6005228,0.3651592,0.03621638,1.213706,-0.2112858,0.0818158,-0.04998999,0.06393909,0.8341622,-15.66805,32.85
4,-0.09306335,-0.1332397,0.9866943,1.0,-0.09306335,-0.1332397,0.9866943,-25.85535,7.567459,-28.48344,5.082809,0.3116109,0.3461386,1.0,-0.09260559,-0.1477661,0.9846649,30.25723,7.611786,-31.36281,4.809662,0.603268,0.3709675,0.03442025,1.213601,-0.2115756,0.08148273,-0.05186868,0.069033,0.8341622,-15.66805,32.85
4,-0.09306335,-0.1332397,0.9866943,1.0,-0.09306335,-0.1332397,0.9866943,-25.85535,7.567459,-28.48344,5.082809,0.3116109,0.3461386,1.0,-0.09260559,-0.1477661,0.9846649,30.25723,7.611786,-31.36281,4.809662,0.603268,0.3709675,0.03442025,1.213601,-0.2115756,0.08148273,-0.05186868,0.069033,0.8341622,-15.66805,32.85
4,-0.07296753,-0.1832275,0.9803467,1.0,-0.07296753,-0.1833191,0.9803314,-25.8764,7.551971,-28.57938,4.540451,0.3094702,0.3567385,1.0,-0.07319641,-0.1116638,0.9910431,30.23701,7.620575,-31.51463,5.163513,0.6009328,0.3651901,0.03252292,1.213512,-0.2119684,0.08096962,-0.05399939,0.07338111,0.8341622,-7.786146,32.85
4,-0.07296753,-0.1832275,0.9803467,1.0,-0.07296753,-0.1833191,0.9803314,-25.8764,7.551971,-28.57938,4.540451,0.3094702,0.3567385,1.0,-0.07319641,-0.1116638,0.9910431,30.23701,7.620575,-31.51463,5.163513,0.6009328,0.3651901,0.03252292,1.213512,-0.2119684,0.08096962,-0.05399939,0.07338111,0.8341622,-7.786146,32.85
4,-0.08250427,-0.1903534,0.9782257,1.0,-0.08163452,-0.1990662,0.9765778,-25.89558,7.536194,-28.59148,4.553574,0.3115727,0.3602769,1.0,-0.09103394,-0.1009521,0.9907074,30.20071,7.615173,-31.45259,5.207901,0.6053363,0.3628281,0.03060949,1.213483,-0.2123801,0.08035148,-0.05575728,0.07649485,0.8341622,-7.786146,32.85
4,-0.08250427,-0.1903534,0.9782257,1.0,-0.08163452,-0.1990662,0.9765778,-25.89558,7.536194,-28.59148,4.553574,0.3115727,0.3602769,1.0,-0.09103394,-0.1009521,0.9907074,30.20071,7.615173,-31.45259,5.207901,0.6053363,0.3628281,0.03060949,1.213483,-0.2123801,0.08035148,-0.05575728,0.07649485,0.8341622,-7.786146,32.85
4,-0.100708,-0.1762543,0.9791718,1.0,-0.1032104,-0.1979218,0.974762,-25.92671,7.522919,-28.54691,4.659744,0.3163179,0.3603798,1.0,-0.09127808,-0.09770203,0.9910126,30.17033,7.6241,-31.50102,5.22644,0.6065231,0.362342,0.02898967,1.213477,-0.2127892,0.07985508,-0.05760762,0.07928991,0.8341622,-7.786146,32.85
4,-0.100708,-0.1762543,0.9791718,1.0,-0.1032104,-0.1979218,0.974762,-25.92671,7.522919,-28.54691,4.659744,0.3163179,0.3603798,1.0,-0.09127808,-0.09770203,0.9910126,30.17033,7.6241,-31.50102,5.22644,0.6065231,0.362342,0.02898967,1.213477,-0.2127892,0.07985508,-0.05760762,0.07928991,0.8341622,-7.786146,32.85
4,-0.09761047,-0.133728,0.9861908,1.0,-0.09661865,-0.1747284,0.9798584,-25.92729,7.494385,-28.45087,4.751587,0.315271,0.3563258,1.0,-0.09831238,-0.0990448,0.9902039,30.17033,7.6241,-31.50102,5.225296,0.6077495,0.3625752,0.02740538,1.213557,-0.2132562,0.07931406,-0.05953141,0.08190355,0.8341622,-7.786146,32.85
4,-0.09761047,-0.133728,0.9861908,1.0,-0.09661865,-0.1747284,0.9798584,-25.92729,7.494385,-28.45087,4.751587,0.315271,0.3563258,1.0,-0.09831238,-0.0990448,0.9902039,30.17033,7.6241,-31.50102,5.225296,0.6077495,0.3625752,0.02740538,1.213557,-0.2132562,0.07931406,-0.05953141,0.08190355,0.8341622,-7.786146,32.85
4,-0.1018677,-0.1268463,0.9866638,1.0,-0.1072693,-0.1687927,0.9797821,-25.97197,7.471664,-28.48354,4.84053,0.3185278,0.3564292,1.0,-0.098526,-0.1015778,0.9899292,30.15817,7.606186,-31.47902,5.22226,0.6081767,0.3635096,0.02585113,1.213559,-0.2138088,0.07827069,-0.0615209,0.0843126,0.8341622,-7.786146,32.85
4,-0.1018677,-0.1268463,0.9866638,1.0,-0.1072693,-0.1687927,0.9797821,-25.97197,7.471664,-28.48354,4.84053,0.3185278,0.3564292,1.0,-0.098526,-0.1015778,0.9899292,30.15817,7.606186,-31.47902,5.22226,0.6081767,0.3635096,0.02585113,1.213559,-0.2138088,0.07827069,-0.0615209,0.0843126,0.8341622,-7.786146,32.85
4,-0.1014709,-0.147522,0.9838257,1.0,-0.1031952,-0.1864471,0.9770203,-25.98758,7.468735,-28.50392,4.7444,0.3184527,0.3599057,1.0,-0.09980774,-0.1125336,0.9886169,30.0172,7.577209,-31.42003,5.402451,0.6133757,0.3659018,0.02434289,1.2137,-0.2143143,0.0771551,-0.06333614,0.08644363,0.8341622,-7.786146,32.85
4,-0.1014709,-0.147522,0.9838257,1.0,-0.1031952,-0.1864471,0.9770203,-25.98758,7.468735,-28.50392,4.7444,0.3184527,0.3599057,1.0,-0.09980774,-0.1125336,0.9886169,30.0172,7.577209,-31.42003,5.402451,0.6133757,0.3659018,0.02434289,1.2137,-0.2143143,0.0771551,-0.06333614,0.08644363,0.8341622,-7.786146,32.85
4,-0.09634399,-0.1660309,0.9813995,1.0,-0.0953064,-0.1963348,0.9758911,-25.99611,7.466721,-28.50569,4.577042,0.3175715,0.3618056,1.0,-0.0974884,-0.1281281,0.9869385,30.00192,7.575256,-31.41461,5.270905,0.613429,0.3688242,0.0229311,1.213712,-0.2148053,0.07619202,-0.06502052,0.08808453,0.8341622,-7.786146,32.85
4,-0.09634399,-0.1660309,0.9813995,1.0,-0.0953064,-0.1963348,0.9758911,-25.99611,7.466721,-28.50569,4.577042,0.3175715,0.3618056,1.0,-0.0974884,-0.1281281,0.9869385,30.00192,7.575256,-31.41461,5.270905,0.613429,0.3688242,0.0229311,1.213712,-0.2148053,0.07619202,-0.06502052,0.08808453,0.8341622,-7.786146,32.85
4,-0.09329224,-0.1674652,0.9814453,1.0,-0.09109497,-0.1981201,0.9759216,-26.0038,7.463547,-28.50641,4.55217,0.317144,0.3622234,1.0,-0.0960083,-0.1277771,0.9871368,29.98724,7.563431,-31.39774,5.25589,0.6136675,0.3690388,0.02151215,1.213963,-0.2152147,0.07499947,-0.06638314,0.08988173,0.8341622,-7.786146,32.85
4,-0.09329224,-0.1674652,0.9814453,1.0,-0.09109497,-0.1981201,0.9759216,-26.0038,7.463547,-28.50641,4.55217,0.317144,0.3622234,1.0,-0.0960083,-0.1277771,0.9871368,29.98724,7.563431,-31.39774,5.25589,0.6136675,0.3690388,0.02151215,1.213963,-0.2152147,0.07499947,-0.06638314,0.08988173,0.8341622,-7.786146,32.85
4,-0.07832336,-0.1621857,0.9836426,1.0,-0.05992126,-0.1997681,0.9779968,-26.11171,7.46196,-28.53192,4.518387,0.3155895,0.3626412,1.0,-0.09494019,-0.1277313,0.9872437,29.97298,7.555634,-31.3924,5.264908,0.6139852,0.3692533,0.02015662,1.214212,-0.2155546,0.07305998,-0.06769951,0.09211505,0.8341622,-7.044209,32.85
4,-0.07832336,-0.1621857,0.9836426,1.0,-0.05992126,-0.1997681,0.9779968,-26.11171,7.46196,-28.53192,4.518387,0.3155895,0.3626412,1.0,-0.09494019,-0.1277313,0.9872437,29.97298,7.555634,-31.3924,5.264908,0.6139852,0.3692533,0.02015662,1.214212,-0.2155546,0.07305998,-0.06769951,0.09211505,0.8341622,-7.044209,32.85
4,-0.08447266,-0.1576843,0.9838562,1.0,-0.05752563,-0.1958618,0.9789276,-26.12326,7.452087,-28.52937,4.517853,0.3155895,0.3622583,1.0,-0.1073914,-0.1247406,0.9863434,29.8791,7.54805,-31.30879,5.316345,0.6194497,0.3682104,0.01874065,1.214646,-0.2158303,0.07024073,-0.06863403,0.09477272,0.8341622,-7.044209,32.85
4,-0.08447266,-0.1576843,0.9838562,1.0,-0.05752563,-0.1958618,0.9789276,-26.12326,7.452087,-28.52937,4.517853,0.3155895,0.3622583,1.0,-0.1073914,-0.1247406,0.9863434,29.8791,7.54805,-31.30879,5.316345,0.6194497,0.3682104,0.01874065,1.214646,-0.2158303,0.07024073,-0.06863403,0.09477272,0.8341622,-7.044209,32.85
4,-0.06576538,-0.1751862,0.9823303,1.0,-0.0514679,-0.1968994,0.9790649,-26.15286,7.451477,-28.52937,4.517319,0.3155895,0.3624528,1.0,-0.09344482,-0.1325684,0.9867554,29.85085,7.538986,-31.28528,5.350052,0.6179793,0.3697327,0.01739144,1.215054,-0.216065,0.06734266,-0.06932078,0.09774723,0.8341622,-7.044209,32.85
4,-0.06576538,-0.1751862,0.9823303,1.0,-0.0514679,-0.1968994,0.9790649,-26.15286,7.451477,-28.52937,4.517319,0.3155895,0.3624528,1.0,-0.09344482,-0.1325684,0.9867554,29.85085,7.538986,-31.28528,5.350052,0.6179793,0.3697327,0.01739144,1.215054,-0.216065,0.06734266,-0.06932078,0.09774723,0.8341622,-7.044209,32.85
4,-0.06002808,-0.173584,0.9829712,1.0,-0.04299927,-0.1990356,0.9790344,-26.19336,7.443359,-28.52937,4.485474,0.3155895,0.363121,1.0,-0.09169006,-0.1256714,0.9878235,29.84631,7.498596,-31.26315,5.336899,0.6177989,0.3697536,0.01605761,1.215557,-0.2162435,0.06432655,-0.06973732,0.1009859,0.8341622,-7.044209,32.85
4,-0.06002808,-0.173584,0.9829712,1.0,-0.04299927,-0.1990356,0.9790344,-26.19336,7.443359,-28.52937,4.485474,0.3155895,0.363121,1.0,-0.09169006,-0.1256714,0.9878235,29.84631,7.498596,-31.26315,5.336899,0.6177989,0.3697536,0.01605761,1.215557,-0.2162435,0.06432655,-0.06973732,0.1009859,0.8341622,-7.044209,32.85
4,-0.07421875,-0.1553955,0.9850464,1.0,-0.05259705,-0.1985016,0.9786835,-26.21872,7.442383,-28.52609,4.522171,0.3180889,0.363121,1.0,-0.09030151,-0.122879,0.9882965,29.8398,7.488098,-31.26213,5.373276,0.6178033,0.3695973,0.01482427,1.216332,-0.2161706,0.05949685,-0.0691904,0.104533,0.8341622,-7.044209,32.85
4,-0.07421875,-0.1553955,0.9850464,1.0,-0.05259705,-0.1985016,0.9786835,-26.21872,7.442383,-28.52609,4.522171,0.3180889,0.363121,1.0,-0.09030151,-0.122879,0.9882965,29.8398,7.488098,-31.26213,5.373276,0.6178033,0.3695973,0.01482427,1.216332,-0.2161706,0.05949685,-0.0691904,0.104533,0.8341622,-7.044209,32.85
4,-0.08728027,-0.161377,0.983017,1.0,-0.07675171,-0.1703186,0.9823914,-26.33965,7.438889,-28.52718,4.988251,0.3259989,0.3582866,1.0,-0.09472656,-0.1550446,0.9833527,29.80016,7.512939,-31.30765,5.222473,0.6199266,0.3749973,0.01386285,1.217196,-0.2159308,0.05353434,-0.0668815,0.10967,0.8341622,-7.044209,32.85
4,-0.08728027,-0.161377,0.983017,1.0,-0.07675171,-0.1703186,0.9823914,-26.33965,7.438889,-28.52718,4.988251,0.3259989,0.3582866,1.0,-0.09472656,-0.1550446,0.9833527,29.80016,7.512939,-31.30765,5.222473,0.6199266,0.3749973,0.01386285,1.217196,-0.2159308,0.05353434,-0.0668815,0.10967,0.8341622,-7.044209,32.85
5,-0.06912231,-0.1904755,0.979248,1.0,-0.04040527,-0.236618,0.9707489,-26.37898,7.399826,-28.5401,4.375107,0.3217186,0.3717929,1.0,-0.08894348,-0.1580658,0.9833984,29.75365,7.438095,-31.32855,5.140533,0.6205261,0.3784357,0.01295388,1.218015,-0.2157521,0.04778254,-0.06422465,0.1157004,0.8341622,-7.044209,32.85
5,-0.06912231,-0.1904755,0.979248,1.0,-0.04040527,-0.236618,0.9707489,-26.37898,7.399826,-28.5401,4.375107,0.3217186,0.3717929,1.0,-0.08894348,-0.1580658,0.9833984,29.75365,7.438095,-31.32855,5.140533,0.6205261,0.3784357,0.01295388,1.218015,-0.2157521,0.04778254,-0.06422465,0.1157004,0.8341622,-7.044209,32.85
5,-0.08299255,-0.1818848,0.9797974,1.0,-0.06669617,-0.2357025,0.9695282,-26.43448,7.544968,-28.51762,4.436325,0.3280304,0.3666401,1.0,-0.1056366,-0.1045227,0.9888916,29.62231,7.556793,-31.17375,5.337708,0.6282968,0.362894,0.01193702,1.218832,-0.2155069,0.04129478,-0.06121434,0.1210553,0.8341622,-13.40318,32.85
5,-0.08299255,-0.1818848,0.9797974,1.0,-0.06669617,-0.2357025,0.9695282,-26.43448,7.544968,-28.51762,4.436325,0.3280304,0.3666401,1.0,-0.1056366,-0.1045227,0.9888916,29.62231,7.556793,-31.17375,5.337708,0.6282968,0.362894,0.01193702,1.218832,-0.2155069,0.04129478,-0.06121434,0.1210553,0.8341622,-15.152,32.85
5,-0.1306915,-0.06536865,0.9892578,1.0,0.0,0.0,0.0,-26.67284,8.10672,-27.7829,-1.0,0.3396755,0.3210424,1.0,-0.1306915,-0.06536865,0.9892578,29.15242,8.199661,-31.28687,4.928207,0.6505742,0.3327428,0.01100469,1.219811,-0.2151907,0.03479539,-0.0580331,0.1259537,0.8328813,-23.90069,32.85
5,-0.1306915,-0.06536865,0.9892578,1.0,0.0,0.0,0.0,-26.67284,8.10672,-27.7829,-1.0,0.3396755,0.3210424,1.0,-0.1306915,-0.06536865,0.9892578,29.15242,8.199661,-31.28687,4.928207,0.6505742,0.3327428,0.01100469,1.219811,-0.2151907,0.03479539,-0.0580331,0.1259537,0.8328813,-23.90069,32.85
5,-1.0,-1.0,-1.0,1.0,0.0,0.0,0.0,-26.81911,8.490295,-28.45111,-1.0,0.3553807,0.3058725,1.0,0.0,0.0,0.0,28.96024,8.444824,-31.33533,-1.0,0.6672064,0.3133687,0.01046574,1.220279,-0.2150958,0.03226538,-0.0566664,0.1283081,0.8328813,-23.90069,32.85
5,-1.0,-1.0,-1.0,1.0,0.0,0.0,0.0,-26.8101,8.443695,-28.39932,-1.0,0.355424,0.3154382,1.0,0.0,0.0,0.0,28.9348,8.396423,-31.29158,-1.0,0.66415,0.3166813,0.009968758,1.220603,-0.2150172,0.0300925,-0.05573295,0.1305701,0.8328813,-23.90069,32.85
5,-1.0,-1.0,-1.0,1.0,0.0,0.0,0.0,-26.8101,8.443695,-28.39932,-1.0,0.355424,0.3154382,1.0,0.0,0.0,0.0,28.9348,8.396423,-31.29158,-1.0,0.66415,0.3166813,0.009968758,1.220603,-0.2150172,0.0300925,-0.05573295,0.1305701,0.8328813,-23.90069,32.85
5,-0.1511536,-0.02890015,0.9880829,1.0,-0.136795,-0.08848572,0.9866333,-26.79269,8.275497,-28.33615,4.300003,0.3522732,0.314241,1.0,-0.1568909,-0.004333496,0.9875946,28.9877,8.224899,-31.12221,5.03772,0.6615829,0.3188107,0.008983374,1.221046,-0.2149969,0.0268613,-0.0541603,0.1333787,0.8328813,-23.90069,32.85
5,-0.1654663,-0.0118866,0.9861298,1.0,-0.1711426,-0.056427,0.9836273,-26.81749,8.173431,-28.46983,4.805008,0.3584527,0.3133972,1.0,-0.1619263,0.01473999,0.9866791,29.04279,8.100372,-31.01207,5.177399,0.6603478,0.3190639,0.008610129,1.221266,-0.2149568,0.02548903,-0.0531414,0.1341805,0.8328813,-23.90069,32.85
5,-0.1445007,-0.05299377,0.9880829,1.0,-0.1440887,-0.05438232,0.9880676,-26.8576,8.069443,-28.40799,4.800217,0.3552779,0.3158313,1.0,-0.1600647,0.0004272461,0.9870911,29.04082,8.025665,-30.86842,5.200516,0.6594776,0.3236903,0.008305788,1.221442,-0.2149293,0.02458649,-0.05196713,0.1344547,0.8328813,-23.90069,32.85
5,-0.1445007,-0.05299377,0.9880829,1.0,-0.1440887,-0.05438232,0.9880676,-26.8576,8.069443,-28.40799,4.800217,0.3552779,0.3158313,1.0,-0.1600647,0.0004272461,0.9870911,29.04082,8.025665,-30.86842,5.200516,0.6594776,0.3236903,0.008305788,1.221442,-0.2149293,0.02458649,-0.05196713,0.1344547,0.8328813,-23.90069,32.85
5,-0.1483459,-0.08322144,0.9854126,1.0,-0.1471252,-0.08869934,0.9851227,-26.89806,8.018799,-28.46968,4.486359,0.3575175,0.3245476,1.0,-0.1685181,0.01022339,0.9856415,29.04662,8.006744,-30.94479,5.218124,0.6611351,0.3228759,0.007798314,1.221643,-0.2149507,0.02338786,-0.04927832,0.134676,0.8328813,-23.90069,32.85
5,-0.2184601,-0.01304626,0.9757538,1.0,-0.2217255,-0.01391602,0.9750061,-26.90402,8.013428,-28.56265,5.178925,0.3696549,0.3127317,1.0,-0.1598358,0.002365112,0.9871368,29.05196,7.928864,-30.7002,5.168411,0.6588538,0.3252377,0.007621884,1.221677,-0.2149789,0.02305934,-0.04791878,0.1342749,0.8328813,-23.90069,32.85
5,-0.1497345,-0.02914429,0.9882813,1.0,-0.1495056,-0.02983093,0.9882965,-26.89876,7.993103,-28.54372,4.856323,0.3574663,0.3153192,1.0,-0.1591797,0.000213623,0.9872437,29.05952,7.877045,-30.56076,5.129776,0.6580885,0.3265952,0.007557273,1.221739,-0.2149996,0.02246558,-0.04676424,0.1338045,0.8328813,-23.90069,32.85
5,-0.1497345,-0.02914429,0.9882813,1.0,-0.1495056,-0.02983093,0.9882965,-26.89876,7.993103,-28.54372,4.856323,0.3574663,0.3153192,1.0,-0.1591797,0.000213623,0.9872437,29.05952,7.877045,-30.56076,5.129776,0.6580885,0.3265952,0.007557273,1.221739,-0.2149996,0.02246558,-0.04676424,0.1338045,0.8328813,-23.90069,32.85
5,-0.1344604,-0.05999756,0.98909,1.0,-0.1338806,-0.0605011,0.9891357,-26.88342,8.008667,-28.53345,4.567169,0.3545734,0.3200934,1.0,-0.180954,-0.01899719,0.9832916,29.07811,7.976654,-30.79079,4.904541,0.6614169,0.3287148,0.007469296,1.221885,-0.2149155,0.02161403,-0.04430681,0.1326842,0.8328813,-23.90069,32.85
5,-0.164444,-0.04220581,0.9854736,1.0,-0.164444,-0.04220581,0.9854736,-26.88663,8.045471,-28.58496,5.130646,0.3592597,0.3159799,1.0,-0.1632233,0.004440308,0.9865723,29.0769,7.730942,-29.71469,5.158127,0.656746,0.3245413,0.007389426,1.221981,-0.2149012,0.0215346,-0.04317684,0.1320707,0.8328813,-23.90069,32.85
5,-0.164444,-0.04220581,0.9854736,1.0,-0.164444,-0.04220581,0.9854736,-26.88663,8.045471,-28.58496,5.130646,0.3592597,0.3159799,1.0,-0.1632233,0.004440308,0.9865723,29.0769,7.730942,-29.71469,5.158127,0.656746,0.3245413,0.007389426,1.221981,-0.2149012,0.0215346,-0.04317684,0.1320707,0.8328813,-23.90069,32.85
5,-0.129303,-0.09645081,0.9868927,1.0,-0.129303,-0.09645081,0.9868927,-26.87631,8.078125,-28.54114,4.741394,0.3533685,0.3239731,1.0,-0.1450958,0.02809143,0.9890137,29.11441,7.714966,-29.55017,5.425781,0.6521661,0.3195376,0.00716877,1.222071,-0.2150078,0.02114848,-0.04066847,0.1301993,0.8328813,4.482838,32.85
5,-0.1378021,-0.05033875,0.9891663,1.0,-0.1378021,-0.05033875,0.9891663,-26.88768,8.160431,-28.79797,4.967056,0.3546811,0.3148353,1.0,-0.1565399,0.01300049,0.9875793,29.14073,7.764465,-29.69095,5.419739,0.653345,0.3216777,0.007113099,1.222219,-0.2149717,0.02084009,-0.03948706,0.1294824,0.8328813,4.482838,32.85
5,-0.104599,-0.1016388,0.9893036,1.0,-0.104599,-0.1016541,0.9892883,-26.86148,8.190918,-28.74889,4.722702,0.3483844,0.3222249,1.0,-0.1485291,0.01977539,0.9887085,29.15669,7.805588,-29.67455,5.536453,0.6515113,0.3186804,0.007209659,1.222467,-0.2149035,0.02046635,-0.0381356,0.1289086,0.8328813,4.482838,32.85
5,-0.1562347,-0.03599548,0.9870605,1.0,-0.1572418,-0.03884888,0.9867859,-26.84663,8.226929,-28.80739,5.126709,0.3562903,0.3103853,1.0,-0.1325226,0.03030396,0.9907074,29.20039,7.827469,-29.76526,5.498581,0.6473373,0.3167523,0.00717783,1.222664,-0.214903,0.02013901,-0.03592146,0.12816,0.8328813,4.482838,32.85
5,-0.1562347,-0.03599548,0.9870605,1.0,-0.1572418,-0.03884888,0.9867859,-26.84663,8.226929,-28.80739,5.126709,0.3562903,0.3103853,1.0,-0.1325226,0.03030396,0.9907074,29.20039,7.827469,-29.76526,5.498581,0.6473373,0.3167523,0.00717783,1.222664,-0.214903,0.02013901,-0.03592146,0.12816,0.8328813,4.482838,32.85
5,-0.1562347,-0.03599548,0.9870605,1.0,-0.1572418,-0.03884888,0.9867859,-26.84663,8.226929,-28.80739,5.126709,0.3562903,0.3103853,1.0,-0.1325226,0.03030396,0.9907074,29.20039,7.827469,-29.76526,5.498581,0.6473373,0.3167523,0.00717783,1.222664,-0.214903,0.02013901,-0.03592146,0.12816,0.8328813,4.482838,32.85
5,-0.1520081,-0.005371094,0.9883575,1.0,-0.1364746,-0.05569458,0.9890747,-26.77492,8.19751,-28.67319,4.968231,0.3506231,0.3133035,1.0,-0.1611481,0.02488708,0.9866028,29.2489,7.837738,-29.91177,5.456528,0.650761,0.3186752,0.007151246,1.222718,-0.2150093,0.01998154,-0.03405827,0.1277969,0.8328813,4.482838,32.85
5,-0.1317596,-0.02886963,0.99086,1.0,-0.111145,-0.07911682,0.9906464,-26.76805,8.19751,-28.67319,4.758026,0.3462422,0.31724,1.0,-0.1481018,0.01173401,0.9888916,29.28203,7.804657,-29.79321,5.375351,0.6469814,0.3213086,0.007121205,1.222677,-0.2150894,0.02003627,-0.03319572,0.1275803,0.8328813,4.482838,32.85
5,-0.1317596,-0.02886963,0.99086,1.0,-0.111145,-0.07911682,0.9906464,-26.76805,8.19751,-28.67319,4.758026,0.3462422,0.31724,1.0,-0.1481018,0.01173401,0.9888916,29.28203,7.804657,-29.79321,5.375351,0.6469814,0.3213086,0.007121205,1.222677,-0.2150894,0.02003627,-0.03319572,0.1275803,0.8328813,4.482838,32.85
5,-0.143219,-0.0002441406,0.9896851,1.0,-0.09260559,-0.09095764,0.9915314,-26.66505,8.044434,-27.80365,4.703979,0.3406003,0.3178514,1.0,-0.14328,-0.0001373291,0.9896698,29.32188,7.772568,-29.63165,5.254425,0.6443554,0.3233782,0.006971478,1.222647,-0.2151926,0.02000687,-0.03235209,0.1273005,0.8328813,4.482838,32.85
5,-0.1424561,0.03475952,0.9891815,1.0,-0.0933075,-0.0743103,0.9928589,-26.61977,8.053497,-27.81592,4.73761,0.3390944,0.3146326,1.0,-0.1424561,0.03475952,0.9891815,29.36182,7.84053,-29.77313,5.570694,0.6433407,0.3156962,0.006650329,1.222727,-0.2152835,0.0193176,-0.0320441,0.1267978,0.8328813,4.482838,32.85
5,-0.1424561,0.03475952,0.9891815,1.0,-0.0933075,-0.0743103,0.9928589,-26.61977,8.053497,-27.81592,4.73761,0.3390944,0.3146326,1.0,-0.1424561,0.03475952,0.9891815,29.36182,7.84053,-29.77313,5.570694,0.6433407,0.3156962,0.006650329,1.222727,-0.2152835,0.0193176,-0.0320441,0.1267978,0.8328813,4.482838,32.85
5,-0.1427002,0.0171051,0.9896088,1.0,-0.09474182,-0.07617188,0.992569,-26.61194,8.056503,-27.78741,4.738586,0.3390944,0.3146326,1.0,-0.1427155,0.01712036,0.9896088,29.36722,7.873459,-29.8266,5.503021,0.6431808,0.3180718,0.006484628,1.222786,-0.2153007,0.01890908,-0.03181355,0.1264952,0.8328813,4.482838,32.85
5,-0.1393433,0.02297974,0.989975,1.0,-0.09735107,-0.07646179,0.9922943,-26.60956,8.056732,-27.77603,4.796524,0.3394184,0.3145905,1.0,-0.1394043,0.02311707,0.9899597,29.36722,7.878403,-29.83092,5.581863,0.642684,0.3167928,0.006172776,1.223024,-0.2152442,0.01806393,-0.03178473,0.1259407,0.8328813,4.482838,32.85
5,-0.1393433,0.02297974,0.989975,1.0,-0.09735107,-0.07646179,0.9922943,-26.60956,8.056732,-27.77603,4.796524,0.3394184,0.3145905,1.0,-0.1394043,0.02311707,0.9899597,29.36722,7.878403,-29.83092,5.581863,0.642684,0.3167928,0.006172776,1.223024,-0.2152442,0.01806393,-0.03178473,0.1259407,0.8328813,4.482838,32.85
5,-0.1098633,-0.03746033,0.9932251,1.0,-0.09590149,-0.06550598,0.9932251,-26.6064,8.05928,-27.77689,4.840256,0.3389956,0.3125128,1.0,-0.1397247,0.02334595,0.9899139,29.3694,7.884781,-29.86093,5.513138,0.642684,0.3167928,0.005996108,1.22311,-0.2152981,0.01764497,-0.03187835,0.1258826,0.8328813,8.341011,32.85
5,-0.1127014,-0.03817749,0.9928894,1.0,-0.09896851,-0.06556702,0.9929199,-26.60437,8.065628,-27.80167,4.83989,0.3394184,0.3125128,1.0,-0.1387024,0.01437378,0.9902191,29.37199,7.878403,-29.83582,5.515945,0.6423152,0.3184466,0.005816579,1.223202,-0.2153237,0.01721278,-0.03207849,0.1254942,0.8328813,8.341011,32.85
5,-0.1177063,-0.0224762,0.9927826,1.0,-0.09959412,-0.06503296,0.9928894,-26.60202,8.071121,-27.81596,4.838638,0.3394184,0.3123246,1.0,-0.1335907,0.01538086,0.9909058,29.37709,7.878403,-29.85388,5.460068,0.6412391,0.3184466,0.005469084,1.223378,-0.215569,0.01617604,-0.032769,0.1246913,0.8328813,8.341011,32.85
5,-0.1177063,-0.0224762,0.9927826,1.0,-0.09959412,-0.06503296,0.9928894,-26.60202,8.071121,-27.81596,4.838638,0.3394184,0.3123246,1.0,-0.1335907,0.01538086,0.9909058,29.37709,7.878403,-29.85388,5.460068,0.6412391,0.3184466,0.005469084,1.223378,-0.215569,0.01617604,-0.032769,0.1246913,0.8328813,8.341011,32.85
5,-0.1175537,-0.01768494,0.9929047,1.0,-0.1001892,-0.05763245,0.9932861,-26.60031,8.078445,-27.82097,4.85376,0.3394184,0.3107733,1.0,-0.1329346,0.01812744,0.9909515,29.38153,7.877914,-29.85657,5.473297,0.6409919,0.3179856,0.005295634,1.223506,-0.2156188,0.01527831,-0.03310087,0.1239528,0.8328813,8.341011,32.85
5,-0.1195068,-0.01695251,0.9926758,1.0,-0.1023102,-0.05685425,0.9931183,-26.5997,8.084335,-27.8259,4.860992,0.3397424,0.3104771,1.0,-0.1341553,0.01748657,0.990799,29.38379,7.875534,-29.85522,5.469116,0.6411155,0.3181791,0.005183816,1.223665,-0.2157183,0.01435715,-0.03334352,0.1229527,0.8328813,8.341011,32.85
5,-0.1221161,-0.01393127,0.9924164,1.0,-0.1077576,-0.05233765,0.9927826,-26.5997,8.091324,-27.88901,4.918808,0.340536,0.3099409,1.0,-0.1338501,0.01791382,0.9908295,29.37964,7.871078,-29.84485,5.462784,0.6411939,0.3181791,0.00507772,1.224051,-0.215858,0.01225211,-0.03302718,0.1206345,0.8328813,8.341011,32.85
5,-0.1221161,-0.01393127,0.9924164,1.0,-0.1077576,-0.05233765,0.9927826,-26.5997,8.091324,-27.88901,4.918808,0.340536,0.3099409,1.0,-0.1338501,0.01791382,0.9908295,29.37964,7.871078,-29.84485,5.462784,0.6411939,0.3181791,0.00507772,1.224051,-0.215858,0.01225211,-0.03302718,0.1206345,0.8328813,8.341011,32.85
5,-0.1240234,-0.0118866,0.9922028,1.0,-0.1101685,-0.05192566,0.9925537,-26.5997,8.092056,-27.89702,4.860458,0.340986,0.3099409,1.0,-0.1338654,0.016922,0.9908447,29.37775,7.869034,-29.83582,5.457031,0.6412391,0.3183725,0.00507772,1.224051,-0.215858,0.01225211,-0.03302718,0.1206345,0.8328813,8.341011,32.85
5,-0.1287689,-0.01081848,0.9916077,1.0,-0.1220093,-0.05091858,0.9912109,-26.5997,8.092056,-27.90288,4.866028,0.3429988,0.3099409,1.0,-0.1333466,0.01716614,0.9909058,29.37775,7.867889,-29.83582,5.457291,0.6411487,0.3183725,0.005123019,1.224601,-0.2158644,0.01021022,-0.03267017,0.1189996,0.8328813,8.341011,32.85
5,-0.1310425,-0.01625061,0.9912415,1.0,-0.1265869,-0.05023193,0.9906769,-26.5997,8.092056,-27.93333,4.83728,0.3437785,0.3101119,1.0,-0.1341858,0.008453369,0.9909058,29.37775,7.858887,-29.76933,5.451736,0.6411487,0.3197229,0.00519228,1.225088,-0.2159814,0.007850555,-0.03267383,0.1177807,0.8328813,8.341011,32.85
5,-0.1310425,-0.01625061,0.9912415,1.0,-0.1265869,-0.05023193,0.9906769,-26.5997,8.092056,-27.93333,4.83728,0.3437785,0.3101119,1.0,-0.1341858,0.008453369,0.9909058,29.37775,7.858887,-29.76933,5.451736,0.6411487,0.3197229,0.00519228,1.225088,-0.2159814,0.007850555,-0.03267383,0.1177807,0.8328813,8.341011,32.85
5,-0.1272888,-0.025177,0.9915314,1.0,-0.120163,-0.05516052,0.9912109,-26.63174,8.091324,-27.94101,4.804916,0.3438213,0.31106,1.0,-0.1335907,0.00177002,0.9910278,29.38815,7.800461,-29.77977,5.343903,0.6405336,0.3232426,0.005311847,1.225625,-0.2160617,0.0051124,-0.03260032,0.1157333,0.8328813,8.341011,32.85
5,-0.1272888,-0.025177,0.9915314,1.0,-0.120163,-0.05516052,0.9912109,-26.63174,8.091324,-27.94101,4.804916,0.3438213,0.31106,1.0,-0.1335907,0.00177002,0.9910278,29.38815,7.800461,-29.77977,5.343903,0.6405336,0.3232426,0.005311847,1.225625,-0.2160617,0.0051124,-0.03260032,0.1157333,0.8328813,8.341011,32.85
5,-0.1332092,-0.01895142,0.9908905,1.0,-0.09666443,-0.1002197,0.9902496,-26.59402,7.919342,-27.50287,4.482239,0.3393844,0.3215272,1.0,-0.1434326,0.004196167,0.9896393,29.40352,7.804428,-29.85458,5.195541,0.6417686,0.3233586,0.005442739,1.226271,-0.2161318,0.002293493,-0.03236015,0.1133305,0.8328813,9.257038,32.85
5,-0.1332092,-0.01895142,0.9908905,1.0,-0.09666443,-0.1002197,0.9902496,-26.59402,7.919342,-27.50287,4.482239,0.3393844,0.3215272,1.0,-0.1434326,0.004196167,0.9896393,29.40352,7.804428,-29.85458,5.195541,0.6417686,0.3233586,0.005442739,1.226271,-0.2161318,0.002293493,-0.03236015,0.1133305,0.8328813,9.257038,32.85
5,-0.1434326,0.003356934,0.9896393,1.0,-0.1033478,-0.08248901,0.9912109,-26.58598,7.911057,-27.50287,4.640213,0.3402042,0.318901,1.0,-0.1439362,0.004440308,0.989563,29.40771,7.807343,-29.85776,5.251877,0.6417356,0.3232116,0.005717039,1.226827,-0.216202,0.0,-0.03209242,0.1113819,0.8328813,9.257038,32.85
5,-0.1434326,0.003356934,0.9896393,1.0,-0.1033478,-0.08248901,0.9912109,-26.58598,7.911057,-27.50287,4.640213,0.3402042,0.318901,1.0,-0.1439362,0.004440308,0.989563,29.40771,7.807343,-29.85776,5.251877,0.6417356,0.3232116,0.005717039,1.226827,-0.216202,0.0,-0.03209242,0.1113819,0.8328813,9.257038,32.85
5,-0.1188202,-0.05786133,0.9912262,1.0,-0.1070099,-0.09114075,0.9900665,-26.586,7.911835,-27.5554,4.637268,0.3407891,0.3208569,1.0,-0.1442871,0.01565552,0.9894104,29.52223,8.045975,-31.13834,5.26355,0.6394794,0.3232096,0.006047368,1.227303,-0.2164186,-0.002204037,-0.03176222,0.1090534,0.8328813,9.257038,32.85
5,-0.1188202,-0.05786133,0.9912262,1.0,-0.1070099,-0.09114075,0.9900665,-26.586,7.911835,-27.5554,4.637268,0.3407891,0.3208569,1.0,-0.1442871,0.01565552,0.9894104,29.52223,8.045975,-31.13834,5.26355,0.6394794,0.3232096,0.006047368,1.227303,-0.2164186,-0.002204037,-0.03176222,0.1090534,0.8328813,9.257038,32.85
5,-0.1094055,-0.08668518,0.9902039,1.0,-0.1094055,-0.08668518,0.9902039,-26.58871,7.91333,-27.59932,4.638809,0.3412192,0.3203479,1.0,-0.1469879,-0.003341675,0.9891205,29.54279,7.996765,-31.04276,5.201263,0.6391895,0.3271574,0.006467462,1.227816,-0.2166805,-0.004117951,-0.03184281,0.1067094,0.8328813,9.257038,32.85
5,-0.1094055,-0.08668518,0.9902039,1.0,-0.1094055,-0.08668518,0.9902039,-26.58871,7.91333,-27.59932,4.638809,0.3412192,0.3203479,1.0,-0.1469879,-0.003341675,0.9891205,29.54279,7.996765,-31.04276,5.201263,0.6391895,0.3271574,0.006467462,1.227816,-0.2166805,-0.004117951,-0.03184281,0.1067094,0.8328813,9.257038,32.85
5,-0.1101379,-0.08078003,0.9906158,1.0,-0.1101379,-0.08078003,0.9906158,-26.59402,7.913574,-27.73357,4.648483,0.341374,0.3203479,1.0,-0.1465607,-0.002441406,0.9891968,29.53589,7.968323,-30.93219,5.208466,0.6391895,0.3271574,0.006876469,1.228161,-0.2169118,-0.005694289,-0.03203177,0.1045712,0.8328813,9.257038,32.85
5,-0.1101379,-0.08078003,0.9906158,1.0,-0.1101379,-0.08078003,0.9906158,-26.59402,7.913574,-27.73357,4.648483,0.341374,0.3203479,1.0,-0.1465607,-0.002441406,0.9891968,29.53589,7.968323,-30.93219,5.208466,0.6391895,0.3271574,0.006876469,1.228161,-0.2169118,-0.005694289,-0.03203177,0.1045712,0.8328813,9.257038,32.85
5,-0.1080627,-0.08125305,0.9908142,1.0,-0.1080627,-0.08125305,0.9908142,-26.59137,7.912979,-27.87228,4.622284,0.3407807,0.3214465,1.0,-0.1474915,0.007507324,0.9890289,29.52182,7.754791,-30.12364,5.278915,0.6386049,0.3267735,0.007469058,1.228731,-0.216978,-0.007090594,-0.03199407,0.1022398,0.8328813,9.257038,32.85
5,-0.1080627,-0.08125305,0.9908142,1.0,-0.1080627,-0.08125305,0.9908142,-26.59137,7.912979,-27.87228,4.622284,0.3407807,0.3214465,1.0,-0.1474915,0.007507324,0.9890289,29.52182,7.754791,-30.12364,5.278915,0.6386049,0.3267735,0.007469058,1.228731,-0.216978,-0.007090594,-0.03199407,0.1022398,0.8328813,9.257038,32.85
5,-0.1090393,-0.0836792,0.9904938,1.0,-0.1090393,-0.0836792,0.9904938,-26.58833,7.911057,-27.89552,4.6409,0.340809,0.3221395,1.0,-0.1358337,0.00402832,0.9907074,29.52711,7.728836,-30.04233,5.270889,0.6362044,0.3277167,0.00801754,1.229129,-0.2170587,-0.008648921,-0.03181144,0.1002122,0.8328813,9.257038,32.85
5,-0.1090393,-0.0836792,0.9904938,1.0,-0.1090393,-0.0836792,0.9904938,-26.58833,7.911057,-27.89552,4.6409,0.340809,0.3221395,1.0,-0.1358337,0.00402832,0.9907074,29.52711,7.728836,-30.04233,5.270889,0.6362044,0.3277167,0.00801754,1.229129,-0.2170587,-0.008648921,-0.03181144,0.1002122,0.8328813,9.257038,32.85
5,-0.1090393,-0.0836792,0.9904938,1.0,-0.1090393,-0.0836792,0.9904938,-26.58833,7.911057,-27.89552,4.6409,0.340809,0.3221395,1.0,-0.1358337,0.00402832,0.9907074,29.52711,7.728836,-30.04233,5.270889,0.6362044,0.3277167,0.008524895,1.229446,-0.2172021,-0.00973659,-0.03151353,0.09854515,0.8328813,9.257038,32.83
5,-0.1090393,-0.0836792,0.9904938,1.0,-0.1090393,-0.0836792,0.9904938,-26.58833,7.911057,-27.89552,4.6409,0.340809,0.3221395,1.0,-0.1358337,0.00402832,0.9907074,29.52711,7.728836,-30.04233,5.270889,0.6362044,0.3277167,0.008524895,1.229446,-0.2172021,-0.00973659,-0.03151353,0.09854515,0.8328813,9.257038,32.83
5,-0.1090393,-0.0836792,0.9904938,1.0,-0.1090393,-0.0836792,0.9904938,-26.58833,7.911057,-27.89552,4.6409,0.340809,0.3221395,1.0,-0.1358337,0.00402832,0.9907074,29.52711,7.728836,-30.04233,5.270889,0.6362044,0.3277167,0.009005666,1.229635,-0.2173018,-0.01079408,-0.03106036,0.09735603,0.8328813,1.895786,32.83
5,-0.1090393,-0.0836792,0.9904938,1.0,-0.1090393,-0.0836792,0.9904938,-26.58833,7.911057,-27.89552,4.6409,0.340809,0.3221395,1.0,-0.1358337,0.00402832,0.9907074,29.52711,7.728836,-30.04233,5.270889,0.6362044,0.3277167,0.009005666,1.229635,-0.2173018,-0.01079408,-0.03106036,0.09735603,0.8328813,0.4677505,32.83
5,-0.1091919,-0.08525085,0.9903412,1.0,-0.1091919,-0.08529663,0.9903412,-26.58833,7.889542,-27.89552,4.642365,0.3408491,0.3231724,1.0,-0.1347198,0.008789063,0.9908295,29.52959,7.689209,-29.96767,5.274643,0.6358114,0.3277238,0.009613872,1.229889,-0.2173368,-0.01142776,-0.03078786,0.09641793,0.8328813,-8.726196,32.83
5,-0.1091919,-0.08525085,0.9903412,1.0,-0.1091919,-0.08529663,0.9903412,-26.58833,7.889542,-27.89552,4.642365,0.3408491,0.3231724,1.0,-0.1347198,0.008789063,0.9908295,29.52959,7.689209,-29.96767,5.274643,0.6358114,0.3277238,0.009613872,1.229889,-0.2173368,-0.01142776,-0.03078786,0.09641793,0.8328813,-8.726196,32.83
5,-0.1387787,-0.0324707,0.9897766,1.0,-0.1306,-0.09130859,0.9872131,-26.42276,7.301254,-25.67166,4.702179,0.3415221,0.327885,1.0,-0.1387787,-0.0324707,0.9897766,29.57533,7.604248,-29.92886,5.061371,0.6344461,0.3381058,0.01013458,1.230008,-0.2173713,-0.01184397,-0.03052685,0.09550752,0.8328813,-8.726196,32.83
5,-0.1387787,-0.0324707,0.9897766,1.0,-0.1306,-0.09130859,0.9872131,-26.42276,7.301254,-25.67166,4.702179,0.3415221,0.327885,1.0,-0.1387787,-0.0324707,0.9897766,29.57533,7.604248,-29.92886,5.061371,0.6344461,0.3381058,0.01013458,1.230008,-0.2173713,-0.01184397,-0.03052685,0.09550752,0.8328813,-8.726196,32.83
5,-0.1291962,-0.02069092,0.991394,1.0,-0.1209564,-0.09240723,0.9883423,-26.45798,7.408005,-26.24193,4.652267,0.3405856,0.3288766,1.0,-0.1291962,-0.02069092,0.991394,29.58769,7.606232,-30.00626,5.1306,0.6325148,0.3364976,0.01064229,1.230022,-0.2174016,-0.0116294,-0.03045404,0.09453525,0.8328813,-8.726196,32.83
5,-0.1291962,-0.02069092,0.991394,1.0,-0.1209564,-0.09240723,0.9883423,-26.45798,7.408005,-26.24193,4.652267,0.3405856,0.3288766,1.0,-0.1291962,-0.02069092,0.991394,29.58769,7.606232,-30.00626,5.1306,0.6325148,0.3364976,0.01064229,1.230022,-0.2174016,-0.0116294,-0.03045404,0.09453525,0.8328813,-8.726196,32.83
5,-0.1290131,-0.01266479,0.9915466,1.0,-0.1142731,-0.09115601,0.9892426,-26.47166,7.489868,-26.6756,4.620148,0.3393367,0.3288766,1.0,-0.1290131,-0.01266479,0.9915466,29.59525,7.60643,-30.045,5.155548,0.6323158,0.335358,0.01101005,1.229983,-0.2173648,-0.01135057,-0.03032311,0.09338706,0.8328813,-8.726196,32.83
5,-0.1290131,-0.01266479,0.9915466,1.0,-0.1142731,-0.09115601,0.9892426,-26.47166,7.489868,-26.6756,4.620148,0.3393367,0.3288766,1.0,-0.1290131,-0.01266479,0.9915466,29.59525,7.60643,-30.045,5.155548,0.6323158,0.335358,0.01101005,1.229983,-0.2173648,-0.01135057,-0.03032311,0.09338706,0.8328813,-8.726196,32.83
5,-0.1282043,-0.008728027,0.9916992,1.0,-0.1162567,-0.08425903,0.989624,-26.47766,7.494385,-26.72794,4.62883,0.3398017,0.3279303,1.0,-0.1282043,-0.008728027,0.9916992,29.60809,7.61351,-30.07646,5.203476,0.6317979,0.3346238,0.01139939,1.229959,-0.2173163,-0.01111778,-0.03000472,0.09227442,0.8328813,-8.726196,32.83
5,-0.1282043,-0.008728027,0.9916992,1.0,-0.1162567,-0.08425903,0.989624,-26.47766,7.494385,-26.72794,4.62883,0.3398017,0.3279303,1.0,-0.1282043,-0.008728027,0.9916992,29.60809,7.61351,-30.07646,5.203476,0.6317979,0.3346238,0.01139939,1.229959,-0.2173163,-0.01111778,-0.03000472,0.09227442,0.8328813,-8.726196,32.83
5,-0.1290436,-0.01576233,0.9915009,1.0,-0.1155853,-0.0920105,0.9890137,-26.47789,7.538345,-26.7471,4.635284,0.3396515,0.327902,1.0,-0.1291046,-0.01539612,0.9915009,29.61806,7.614532,-30.07538,5.181976,0.6315578,0.3357871,0.01176298,1.229967,-0.2172546,-0.01112783,-0.02967539,0.09149265,0.8328813,-8.726196,32.83
5,-0.1290436,-0.01576233,0.9915009,1.0,-0.1155853,-0.0920105,0.9890137,-26.47789,7.538345,-26.7471,4.635284,0.3396515,0.327902,1.0,-0.1291046,-0.01539612,0.9915009,29.61806,7.614532,-30.07538,5.181976,0.6315578,0.3357871,0.01176298,1.229967,-0.2172546,-0.01112783,-0.02967539,0.09149265,0.8328813,-8.726196,32.83
5,-0.125412,-0.02445984,0.9917908,1.0,-0.1085815,-0.08428955,0.9904938,-26.48232,7.545334,-27.01254,4.595016,0.3383429,0.3282457,1.0,-0.1283417,-0.01383972,0.9916229,29.62607,7.615906,-30.07771,5.204712,0.6311563,0.3354819,0.01209319,1.230037,-0.2171604,-0.01135713,-0.02945514,0.09080309,0.8328813,-8.726196,32.83
5,-0.125412,-0.02445984,0.9917908,1.0,-0.1085815,-0.08428955,0.9904938,-26.48232,7.545334,-27.01254,4.595016,0.3383429,0.3282457,1.0,-0.1283417,-0.01383972,0.9916229,29.62607,7.615906,-30.07771,5.204712,0.6311563,0.3354819,0.01209319,1.230037,-0.2171604,-0.01135713,-0.02945514,0.09080309,0.8328813,-8.726196,32.83
5,-0.1254883,-0.01571655,0.9919586,1.0,-0.1071472,-0.09098816,0.9900665,-26.48232,7.55542,-27.09363,4.542862,0.3380664,0.3297172,1.0,-0.1260986,-0.01315308,0.9919281,29.62724,7.619385,-30.10854,5.210693,0.6307648,0.3354819,0.01242363,1.230059,-0.2171069,-0.01150768,-0.02968418,0.0904256,0.8328813,1.159046,32.83
5,-0.1254883,-0.01571655,0.9919586,1.0,-0.1071472,-0.09098816,0.9900665,-26.48232,7.55542,-27.09363,4.542862,0.3380664,0.3297172,1.0,-0.1260986,-0.01315308,0.9919281,29.62724,7.619385,-30.10854,5.210693,0.6307648,0.3354819,0.01242363,1.230059,-0.2171069,-0.01150768,-0.02968418,0.0904256,0.8328813,1.159046,32.83
5,-0.1251984,-0.0115509,0.9920502,1.0,-0.1112061,-0.09413147,0.9893188,-26.48225,7.651917,-27.42459,4.538742,0.3383429,0.3294958,1.0,-0.1253967,-0.01031494,0.9920502,29.63269,7.624313,-30.12904,5.252258,0.6305071,0.3349418,0.0127424,1.23001,-0.2170465,-0.01122251,-0.02989651,0.08973654,0.8328813,1.159046,32.83
5,-0.1251984,-0.0115509,0.9920502,1.0,-0.1112061,-0.09413147,0.9893188,-26.48225,7.651917,-27.42459,4.538742,0.3383429,0.3294958,1.0,-0.1253967,-0.01031494,0.9920502,29.63269,7.624313,-30.12904,5.252258,0.6305071,0.3349418,0.0127424,1.23001,-0.2170465,-0.01122251,-0.02989651,0.08973654,0.8328813,1.159046,32.83
5,-0.1251984,-0.0115509,0.9920502,1.0,-0.1112061,-0.09413147,0.9893188,-26.48225,7.651917,-27.42459,4.538742,0.3383429,0.3294958,1.0,-0.1253967,-0.01031494,0.9920502,29.63269,7.624313,-30.12904,5.252258,0.6305071,0.3349418,0.01299393,1.230001,-0.2170141,-0.01097072,-0.02986634,0.08845365,0.8328813,1.159046,32.83
5,-0.1251984,-0.0115509,0.9920502,1.0,-0.1112061,-0.09413147,0.9893188,-26.48225,7.651917,-27.42459,4.538742,0.3383429,0.3294958,1.0,-0.1253967,-0.01031494,0.9920502,29.63269,7.624313,-30.12904,5.252258,0.6305071,0.3349418,0.01299393,1.230001,-0.2170141,-0.01097072,-0.02986634,0.08845365,0.8328813,1.159046,32.83
5,-0.1251984,-0.0115509,0.9920502,1.0,-0.1112061,-0.09413147,0.9893188,-26.48225,7.651917,-27.42459,4.538742,0.3383429,0.3294958,1.0,-0.1253967,-0.01031494,0.9920502,29.63269,7.624313,-30.12904,5.252258,0.6305071,0.3349418,0.01310563,1.229995,-0.2169747,-0.01081408,-0.02985761,0.08752824,0.8328813,1.159046,32.83
5,-0.1251984,-0.0115509,0.9920502,1.0,-0.1112061,-0.09413147,0.9893188,-26.48225,7.651917,-27.42459,4.538742,0.3383429,0.3294958,1.0,-0.1253967,-0.01031494,0.9920502,29.63269,7.624313,-30.12904,5.252258,0.6305071,0.3349418,0.01331866,1.230049,-0.2169367,-0.01065094,-0.02990772,0.08675902,0.8328813,1.159046,32.83
5,-0.1251984,-0.0115509,0.9920502,1.0,-0.1112061,-0.09413147,0.9893188,-26.48225,7.651917,-27.42459,4.538742,0.3383429,0.3294958,1.0,-0.1253967,-0.01031494,0.9920502,29.63269,7.624313,-30.12904,5.252258,0.6305071,0.3349418,0.01331866,1.230049,-0.2169367,-0.01065094,-0.02990772,0.08675902,0.8328813,1.159046,32.83
6,-0.1279907,-0.02156067,0.9915314,1.0,-0.1085052,-0.1054077,0.9884796,-26.48225,7.666809,-27.49107,4.522476,0.3378041,0.3314226,1.0,-0.1282806,-0.02032471,0.9915161,29.65846,7.668015,-30.16785,5.230927,0.6301224,0.3354819,0.0137099,1.230116,-0.216868,-0.01050089,-0.02998957,0.08507346,0.8328813,1.159046,32.83
6,-0.1293793,-0.02153015,0.9913483,1.0,-0.1031036,-0.1050262,0.9891052,-26.48224,7.66774,-27.51126,4.519302,0.3368679,0.3314226,1.0,-0.1298981,-0.01985168,0.9913177,29.66716,7.673172,-30.19727,5.188385,0.6301224,0.3354819,0.0139116,1.230145,-0.2168664,-0.01032703,-0.03003004,0.08410893,0.8328813,1.159046,32.83
6,-0.1293793,-0.02153015,0.9913483,1.0,-0.1031036,-0.1050262,0.9891052,-26.48224,7.66774,-27.51126,4.519302,0.3368679,0.3314226,1.0,-0.1298981,-0.01985168,0.9913177,29.66716,7.673172,-30.19727,5.188385,0.6301224,0.3354819,0.01437974,1.230181,-0.2169131,-0.01025245,-0.03003178,0.08203071,0.8328813,1.159046,32.83
6,-0.1293793,-0.02153015,0.9913483,1.0,-0.1031036,-0.1050262,0.9891052,-26.48224,7.66774,-27.51126,4.519302,0.3368679,0.3314226,1.0,-0.1298981,-0.01985168,0.9913177,29.66716,7.673172,-30.19727,5.188385,0.6301224,0.3354819,0.01437974,1.230181,-0.2169131,-0.01025245,-0.03003178,0.08203071,0.8328813,1.159046,32.83
6,-0.1293793,-0.02153015,0.9913483,1.0,-0.1031036,-0.1050262,0.9891052,-26.48224,7.66774,-27.51126,4.519302,0.3368679,0.3314226,1.0,-0.1298981,-0.01985168,0.9913177,29.66716,7.673172,-30.19727,5.188385,0.6301224,0.3354819,0.01467586,1.230263,-0.2168764,-0.01033424,-0.03016026,0.08080087,0.8328813,1.159046,32.83
6,-0.1280975,-0.02592468,0.9914093,1.0,-0.1054077,-0.105835,0.9887695,-26.48181,7.672104,-27.51126,4.519745,0.3372383,0.3314226,1.0,-0.1308746,-0.0158844,0.9912567,29.68753,7.680008,-30.26619,5.240417,0.6296945,0.3350663,0.01520956,1.230479,-0.2169234,-0.01084847,-0.02992441,0.07763422,0.8328813,1.159046,32.83
6,-0.1280975,-0.02592468,0.9914093,1.0,-0.1054077,-0.105835,0.9887695,-26.48181,7.672104,-27.51126,4.519745,0.3372383,0.3314226,1.0,-0.1308746,-0.0158844,0.9912567,29.68753,7.680008,-30.26619,5.240417,0.6296945,0.3350663,0.01520956,1.230479,-0.2169234,-0.01084847,-0.02992441,0.07763422,0.8328813,1.159046,32.83
6,-0.115799,-0.07620239,0.9903412,1.0,-0.1115417,-0.09182739,0.989502,-26.46507,7.705246,-27.52223,4.723587,0.3374683,0.3278176,1.0,-0.1283722,-0.02934265,0.9912872,29.72267,7.721024,-30.34267,5.201965,0.6280597,0.3366233,0.01551425,1.230624,-0.2169579,-0.01133086,-0.02963067,0.0756509,0.8328813,12.97462,32.83
6,-0.1155396,-0.08129883,0.9899597,1.0,-0.111145,-0.0960083,0.989151,-26.46515,7.718292,-27.55849,4.611771,0.3374683,0.3284307,1.0,-0.1283722,-0.03765869,0.9909973,29.72157,7.728088,-30.33862,5.20256,0.6280597,0.3378454,0.01616263,1.230928,-0.2170355,-0.01214032,-0.02929306,0.07136668,0.8328813,12.97462,32.83
6,-0.1155396,-0.08129883,0.9899597,1.0,-0.111145,-0.0960083,0.989151,-26.46515,7.718292,-27.55849,4.611771,0.3374683,0.3284307,1.0,-0.1283722,-0.03765869,0.9909973,29.72157,7.728088,-30.33862,5.20256,0.6280597,0.3378454,0.01616263,1.230928,-0.2170355,-0.01214032,-0.02929306,0.07136668,0.8328813,12.97462,32.83
6,-0.1212769,-0.06408691,0.9905396,1.0,-0.1137238,-0.09425354,0.9890289,-26.46585,7.735519,-27.60555,4.661911,0.3378121,0.327871,1.0,-0.1278687,-0.03733826,0.9910736,29.72299,7.735886,-30.33829,5.185303,0.62792,0.3375143,0.01649725,1.231098,-0.2171237,-0.01251444,-0.02926787,0.06917608,0.8328813,12.97462,32.83
6,-0.1255646,-0.06184387,0.9901428,1.0,-0.1188812,-0.0934906,0.9884949,-26.46585,7.738281,-27.62206,4.778168,0.3385579,0.3277642,1.0,-0.1304626,-0.03822327,0.9907074,29.72403,7.743942,-30.35495,5.19281,0.6283611,0.3375143,0.01720417,1.231612,-0.2171856,-0.01372083,-0.02903786,0.06401444,0.8328813,12.97462,32.83
6,-0.1255646,-0.06184387,0.9901428,1.0,-0.1188812,-0.0934906,0.9884949,-26.46585,7.738281,-27.62206,4.778168,0.3385579,0.3277642,1.0,-0.1304626,-0.03822327,0.9907074,29.72403,7.743942,-30.35495,5.19281,0.6283611,0.3375143,0.01720417,1.231612,-0.2171856,-0.01372083,-0.02903786,0.06401444,0.8328813,12.97462,32.83
6,-0.08557129,-0.03967285,0.9955292,1.0,-0.1027985,-0.05125427,0.9933777,-26.02283,7.688065,-27.39917,5.077209,0.3204288,0.3194638,1.0,-0.07600403,-0.03326416,0.9965515,30.11429,7.847351,-30.59973,5.024811,0.6052639,0.3351433,0.01757729,1.231834,-0.2172572,-0.0144791,-0.02915437,0.06087711,0.8328813,12.97462,32.83
6,-0.0165863,-0.02513123,0.9995422,1.0,-0.07894897,-0.03808594,0.9961395,-25.60201,7.633698,-27.05193,5.315048,0.301663,0.3150166,1.0,-0.0001983643,-0.02171326,0.9997559,30.45406,7.906555,-30.7178,5.12674,0.580295,0.3319949,0.01793373,1.232116,-0.2173204,-0.01532991,-0.02926202,0.05743652,0.8328813,12.97462,32.83
6,-0.0165863,-0.02513123,0.9995422,1.0,-0.07894897,-0.03808594,0.9961395,-25.60201,7.633698,-27.05193,5.315048,0.301663,0.3150166,1.0,-0.0001983643,-0.02171326,0.9997559,30.45406,7.906555,-30.7178,5.12674,0.580295,0.3319949,0.01793373,1.232116,-0.2173204,-0.01532991,-0.02926202,0.05743652,0.8328813,12.97462,32.83
6,-0.0165863,-0.02513123,0.9995422,1.0,-0.07894897,-0.03808594,0.9961395,-25.60201,7.633698,-27.05193,5.315048,0.301663,0.3150166,1.0,-0.0001983643,-0.02171326,0.9997559,30.45406,7.906555,-30.7178,5.12674,0.580295,0.3319949,0.01873994,1.232612,-0.217548,-0.01744922,-0.02989776,0.05006624,0.8328813,12.97462,32.83
6,-0.0165863,-0.02513123,0.9995422,1.0,-0.07894897,-0.03808594,0.9961395,-25.60201,7.633698,-27.05193,5.315048,0.301663,0.3150166,1.0,-0.0001983643,-0.02171326,0.9997559,30.45406,7.906555,-30.7178,5.12674,0.580295,0.3319949,0.01920211,1.232894,-0.2176123,-0.01851167,-0.03041658,0.04626078,0.8328813,12.97462,32.83
6,-0.0165863,-0.02513123,0.9995422,1.0,-0.07894897,-0.03808594,0.9961395,-25.60201,7.633698,-27.05193,5.315048,0.301663,0.3150166,1.0,-0.0001983643,-0.02171326,0.9997559,30.45406,7.906555,-30.7178,5.12674,0.580295,0.3319949,0.02008402,1.233429,-0.2177894,-0.02061362,-0.03148042,0.03824757,0.8328813,12.97462,32.83
6,-0.0165863,-0.02513123,0.9995422,1.0,-0.07894897,-0.03808594,0.9961395,-25.60201,7.633698,-27.05193,5.315048,0.301663,0.3150166,1.0,-0.0001983643,-0.02171326,0.9997559,30.45406,7.906555,-30.7178,5.12674,0.580295,0.3319949,0.02008402,1.233429,-0.2177894,-0.02061362,-0.03148042,0.03824757,0.8328813,12.97462,32.83
6,0.1343231,-0.02859497,0.990509,1.0,0.01998901,-0.04295349,0.9988708,-24.23541,7.463379,-26.17445,5.358429,0.2372684,0.3113762,1.0,0.1343842,-0.02859497,0.990509,31.40361,8.081024,-31.66687,5.022141,0.5238555,0.3353263,0.02048695,1.233696,-0.2178795,-0.02137277,-0.03221893,0.03408386,0.8328813,12.97462,32.83
6,0.1228333,-0.04902649,0.9912109,1.0,0.01799011,-0.04646301,0.9987488,-24.22247,7.347443,-25.7478,5.363358,0.2386793,0.3135154,1.0,0.1228638,-0.04902649,0.9911957,31.39487,7.895798,-31.20494,4.951111,0.5259187,0.3417204,0.02149332,1.234159,-0.2180795,-0.02308033,-0.03342565,0.02592407,0.8328813,12.97462,32.83
6,0.1228333,-0.04902649,0.9912109,1.0,0.01799011,-0.04646301,0.9987488,-24.22247,7.347443,-25.7478,5.363358,0.2386793,0.3135154,1.0,0.1228638,-0.04902649,0.9911957,31.39487,7.895798,-31.20494,4.951111,0.5259187,0.3417204,0.02149332,1.234159,-0.2180795,-0.02308033,-0.03342565,0.02592407,0.8328813,12.97462,32.83
6,0.1273651,-0.06887817,0.9894562,1.0,0.04821777,-0.03257751,0.998291,-24.23933,7.282959,-25.62717,5.737167,0.2339377,0.3122621,1.0,0.1274414,-0.06890869,0.9894409,31.38051,7.864777,-31.19182,4.938995,0.5255987,0.3464374,0.02206969,1.234377,-0.218171,-0.02393699,-0.03390655,0.02166258,0.8328813,14.51568,32.83
6,0.0728302,-0.05888367,0.9955902,1.0,0.02568054,-0.06239319,0.9977112,-24.31427,7.23082,-25.60353,5.412949,0.2412451,0.3196265,1.0,0.1165619,-0.05551147,0.9916229,31.37492,7.913269,-31.4957,4.968292,0.5278336,0.3447302,0.02273309,1.234597,-0.2182546,-0.02462797,-0.03413737,0.01706716,0.8328813,14.51568,32.83
6,0.0728302,-0.05888367,0.9955902,1.0,0.02568054,-0.06239319,0.9977112,-24.31427,7.23082,-25.60353,5.412949,0.2412451,0.3196265,1.0,0.1165619,-0.05551147,0.9916229,31.37492,7.913269,-31.4957,4.968292,0.5278336,0.3447302,0.02273309,1.234597,-0.2182546,-0.02462797,-0.03413737,0.01706716,0.8328813,14.51568,32.83
6,0.08647156,-0.05812073,0.9945526,1.0,0.02397156,-0.08010864,0.9964905,-24.33313,7.162109,-25.31973,5.402039,0.2429387,0.3230363,1.0,0.1057587,-0.05123901,0.9930573,31.35518,7.87529,-31.46062,5.11557,0.5304509,0.344913,0.02416444,1.235038,-0.2184527,-0.02576175,-0.0343519,0.008819527,0.8328813,14.51568,32.83
6,0.08647156,-0.05812073,0.9945526,1.0,0.02397156,-0.08010864,0.9964905,-24.33313,7.162109,-25.31973,5.402039,0.2429387,0.3230363,1.0,0.1057587,-0.05123901,0.9930573,31.35518,7.87529,-31.46062,5.11557,0.5304509,0.344913,0.02583587,1.235308,-0.2185973,-0.02608766,-0.03400486,0.001591602,0.8328813,14.51568,32.83
6,0.08647156,-0.05812073,0.9945526,1.0,0.02397156,-0.08010864,0.9964905,-24.33313,7.162109,-25.31973,5.402039,0.2429387,0.3230363,1.0,0.1057587,-0.05123901,0.9930573,31.35518,7.87529,-31.46062,5.11557,0.5304509,0.344913,0.02583587,1.235308,-0.2185973,-0.02608766,-0.03400486,0.001591602,0.8328813,14.51568,32.83
6,0.08647156,-0.05812073,0.9945526,1.0,0.02397156,-0.08010864,0.9964905,-24.33313,7.162109,-25.31973,5.402039,0.2429387,0.3230363,1.0,0.1057587,-0.05123901,0.9930573,31.35518,7.87529,-31.46062,5.11557,0.5304509,0.344913,0.02583587,1.235308,-0.2185973,-0.02608766,-0.03400486,0.001591602,0.8328813,14.51568,32.83
6,0.08647156,-0.05812073,0.9945526,1.0,0.02397156,-0.08010864,0.9964905,-24.33313,7.162109,-25.31973,5.402039,0.2429387,0.3230363,1.0,0.1057587,-0.05123901,0.9930573,31.35518,7.87529,-31.46062,5.11557,0.5304509,0.344913,0.02776337,1.235473,-0.2187551,-0.02582559,-0.03316429,-0.004986987,0.8328813,14.51568,32.83
6,0.08647156,-0.05812073,0.9945526,1.0,0.02397156,-0.08010864,0.9964905,-24.33313,7.162109,-25.31973,5.402039,0.2429387,0.3230363,1.0,0.1057587,-0.05123901,0.9930573,31.35518,7.87529,-31.46062,5.11557,0.5304509,0.344913,0.02776337,1.235473,-0.2187551,-0.02582559,-0.03316429,-0.004986987,0.8328813,14.51568,32.83
6,0.07081604,-0.06480408,0.9953766,1.0,0.02033997,-0.05921936,0.9980316,-24.36513,7.224106,-25.75285,5.436478,0.2440816,0.3210619,1.0,0.1062622,-0.06861877,0.9919586,31.31773,7.73674,-31.12784,5.002914,0.5314472,0.3503383,0.02971125,1.235423,-0.2187803,-0.02496121,-0.03159216,-0.01123379,0.8328813,14.51568,32.83
6,0.02201843,-0.08335876,0.9962616,1.0,0.0001831055,-0.08888245,0.9960327,-24.48505,7.176987,-25.61482,5.579666,0.2518466,0.3268158,1.0,0.07743835,-0.06910706,0.9945831,31.27916,7.7565,-31.57227,5.045883,0.5380113,0.3533432,0.03181076,1.235371,-0.2187899,-0.0239799,-0.02956471,-0.01718115,0.8328813,14.51568,32.83
6,0.02201843,-0.08335876,0.9962616,1.0,0.0001831055,-0.08888245,0.9960327,-24.48505,7.176987,-25.61482,5.579666,0.2518466,0.3268158,1.0,0.07743835,-0.06910706,0.9945831,31.27916,7.7565,-31.57227,5.045883,0.5380113,0.3533432,0.03181076,1.235371,-0.2187899,-0.0239799,-0.02956471,-0.01718115,0.8328813,14.51568,32.83
6,0.04719543,-0.07633972,0.9959564,1.0,-0.0003967285,-0.08026123,0.9967651,-24.48175,7.18251,-25.66095,5.503387,0.2517436,0.3254554,1.0,0.0806427,-0.07348633,0.9940186,31.27245,7.733002,-31.46617,5.00148,0.5376165,0.354122,0.03400528,1.235196,-0.2187086,-0.0224689,-0.0273154,-0.02265778,0.8328813,14.51568,32.83
6,0.04719543,-0.07633972,0.9959564,1.0,-0.0003967285,-0.08026123,0.9967651,-24.48175,7.18251,-25.66095,5.503387,0.2517436,0.3254554,1.0,0.0806427,-0.07348633,0.9940186,31.27245,7.733002,-31.46617,5.00148,0.5376165,0.354122,0.03400528,1.235196,-0.2187086,-0.0224689,-0.0273154,-0.02265778,0.8328813,14.51568,32.83
6,0.01051331,-0.07951355,0.9967651,1.0,-0.0009460449,-0.08003235,0.9967804,-24.48099,7.175613,-25.64836,5.49205,0.2518417,0.3255585,1.0,0.06245422,-0.07707214,0.9950562,31.26311,7.670624,-31.23463,4.993027,0.5409459,0.3550619,0.03633559,1.234881,-0.2185253,-0.02046199,-0.02495196,-0.02758195,0.8328813,14.51568,32.83
6,0.01051331,-0.07951355,0.9967651,1.0,-0.0009460449,-0.08003235,0.9967804,-24.48099,7.175613,-25.64836,5.49205,0.2518417,0.3255585,1.0,0.06245422,-0.07707214,0.9950562,31.26311,7.670624,-31.23463,4.993027,0.5409459,0.3550619,0.03633559,1.234881,-0.2185253,-0.02046199,-0.02495196,-0.02758195,0.8328813,14.51568,32.83
6,0.004348755,-0.08137512,0.9966583,1.0,0.0001068115,-0.08190918,0.9966278,-24.48068,7.164963,-25.55609,5.497757,0.2518417,0.3255585,1.0,0.06278992,-0.07383728,0.995285,31.26952,7.677307,-31.28767,4.990936,0.5406914,0.3546873,0.03868949,1.234562,-0.2182562,-0.01840552,-0.02211596,-0.03197636,0.8328813,-0.8023682,32.83
6,0.004348755,-0.08137512,0.9966583,1.0,0.0001068115,-0.08190918,0.9966278,-24.48068,7.164963,-25.55609,5.497757,0.2518417,0.3255585,1.0,0.06278992,-0.07383728,0.995285,31.26952,7.677307,-31.28767,4.990936,0.5406914,0.3546873,0.03868949,1.234562,-0.2182562,-0.01840552,-0.02211596,-0.03197636,0.8328813,-0.8023682,32.83
6,0.05058289,-0.06433105,0.9966431,1.0,0.00289917,-0.07559204,0.9971313,-24.47679,7.092499,-25.26129,5.52066,0.251932,0.3248869,1.0,0.05957031,-0.06219482,0.9962769,31.27934,7.702072,-31.30992,5.025269,0.5409473,0.3518568,0.04107785,1.234283,-0.2179134,-0.01654537,-0.01920232,-0.03605747,0.8328813,-0.8023682,32.83
6,0.05058289,-0.06433105,0.9966431,1.0,0.00289917,-0.07559204,0.9971313,-24.47679,7.092499,-25.26129,5.52066,0.251932,0.3248869,1.0,0.05957031,-0.06219482,0.9962769,31.27934,7.702072,-31.30992,5.025269,0.5409473,0.3518568,0.04107785,1.234283,-0.2179134,-0.01654537,-0.01920232,-0.03605747,0.8328813,-0.8023682,32.83
6,0.04922485,-0.05841064,0.9970703,1.0,0.002304077,-0.07279968,0.9973297,-24.47357,7.082123,-25.21442,5.523499,0.2520162,0.3244214,1.0,0.05065918,-0.05796814,0.9970245,31.30847,7.714645,-31.23763,5.01918,0.5414243,0.3500358,0.04342675,1.234003,-0.2175983,-0.01487105,-0.01585928,-0.03984077,0.8328813,-0.8023682,32.83
6,0.04922485,-0.05841064,0.9970703,1.0,0.002304077,-0.07279968,0.9973297,-24.47357,7.082123,-25.21442,5.523499,0.2520162,0.3244214,1.0,0.05065918,-0.05796814,0.9970245,31.30847,7.714645,-31.23763,5.01918,0.5414243,0.3500358,0.04342675,1.234003,-0.2175983,-0.01487105,-0.01585928,-0.03984077,0.8328813,-0.8023682,32.83
6,0.04838562,-0.06513977,0.9966888,1.0,-0.01200867,-0.06814575,0.9975891,-24.36932,6.958435,-24.70262,5.523331,0.2520613,0.3242434,1.0,0.0489502,-0.06510925,0.9966736,31.32401,7.747055,-31.34584,4.922775,0.5411977,0.3510732,0.04582608,1.233655,-0.2171305,-0.01366751,-0.01218259,-0.04357072,0.8328813,-0.8023682,32.83
6,0.04838562,-0.06513977,0.9966888,1.0,-0.01200867,-0.06814575,0.9975891,-24.36932,6.958435,-24.70262,5.523331,0.2520613,0.3242434,1.0,0.0489502,-0.06510925,0.9966736,31.32401,7.747055,-31.34584,4.922775,0.5411977,0.3510732,0.04582608,1.233655,-0.2171305,-0.01366751,-0.01218259,-0.04357072,0.8328813,-0.8023682,32.83
6,0.04968262,-0.06613159,0.9965668,1.0,-0.006072998,-0.08190918,0.9966125,-24.35623,6.905258,-24.01433,5.556152,0.2521978,0.3235253,1.0,0.04968262,-0.06613159,0.9965668,31.35475,7.826569,-31.53181,4.909561,0.5400983,0.3499242,0.04818356,1.233376,-0.2165812,-0.01265887,-0.008508223,-0.04703463,0.8328813,-0.8023682,32.83
6,0.04968262,-0.06613159,0.9965668,1.0,-0.006072998,-0.08190918,0.9966125,-24.35623,6.905258,-24.01433,5.556152,0.2521978,0.3235253,1.0,0.04968262,-0.06613159,0.9965668,31.35475,7.826569,-31.53181,4.909561,0.5400983,0.3499242,0.04818356,1.233376,-0.2165812,-0.01265887,-0.008508223,-0.04703463,0.8328813,-0.8023682,32.83
6,0.0292511,-0.072052,0.9969635,1.0,-0.01013184,-0.1011353,0.994812,-24.3058,7.054947,-24.01601,5.31131,0.2514266,0.3218794,1.0,0.0292511,-0.072052,0.9969635,31.39027,7.928848,-31.79796,4.770676,0.5425028,0.3495257,0.05054104,1.233172,-0.216047,-0.01218749,-0.005041962,-0.05059399,0.8405669,-0.8023682,32.83
6,0.0292511,-0.072052,0.9969635,1.0,-0.01013184,-0.1011353,0.994812,-24.3058,7.054947,-24.01601,5.31131,0.2514266,0.3218794,1.0,0.0292511,-0.072052,0.9969635,31.39027,7.928848,-31.79796,4.770676,0.5425028,0.3495257,0.05054104,1.233172,-0.216047,-0.01218749,-0.005041962,-0.05059399,0.8405669,-0.8023682,32.83
6,0.05448914,-0.07730103,0.9955139,1.0,-0.01412964,-0.09494019,0.9953766,-24.29994,7.167313,-24.41089,5.322662,0.2508419,0.3196828,1.0,0.05523682,-0.07711792,0.9954834,31.42696,7.955093,-31.82565,4.826706,0.5367249,0.349732,0.05280697,1.232978,-0.2154667,-0.01196663,-0.002078783,-0.05450108,0.8405669,-0.8023682,32.83
6,0.05448914,-0.07730103,0.9955139,1.0,-0.01412964,-0.09494019,0.9953766,-24.29994,7.167313,-24.41089,5.322662,0.2508419,0.3196828,1.0,0.05523682,-0.07711792,0.9954834,31.42696,7.955093,-31.82565,4.826706,0.5367249,0.349732,0.05280697,1.232978,-0.2154667,-0.01196663,-0.002078783,-0.05450108,0.8405669,-0.8023682,32.83
6,0.05712891,-0.06307983,0.9963684,1.0,-0.01202393,-0.07559204,0.9970551,-24.40483,7.504623,-26.10622,5.217377,0.250946,0.3178034,1.0,0.05712891,-0.06307983,0.9963684,31.46526,7.912354,-31.53398,4.887711,0.5349276,0.3462628,0.05495811,1.232758,-0.2149734,-0.0116031,0.0008886853,-0.05886258,0.8405669,-21.41531,32.83
6,0.05712891,-0.06307983,0.9963684,1.0,-0.01202393,-0.07559204,0.9970551,-24.40483,7.504623,-26.10622,5.217377,0.250946,0.3178034,1.0,0.05712891,-0.06307983,0.9963684,31.46526,7.912354,-31.53398,4.887711,0.5349276,0.3462628,0.05495811,1.232758,-0.2149734,-0.0116031,0.0008886853,-0.05886258,0.8405669,-21.41531,32.83
6,0.03573608,-0.08207703,0.9959717,1.0,0.02024841,-0.0776062,0.9967651,-24.37358,7.384064,-25.60316,5.305893,0.2441028,0.3168519,1.0,0.03573608,-0.08207703,0.9959717,31.48044,7.867294,-31.39236,4.741501,0.5379488,0.3502066,0.05715597,1.232391,-0.2143776,-0.01067679,0.004110707,-0.06367181,0.8405669,-21.41531,32.83
6,0.03573608,-0.08207703,0.9959717,1.0,0.02024841,-0.0776062,0.9967651,-24.37358,7.384064,-25.60316,5.305893,0.2441028,0.3168519,1.0,0.03573608,-0.08207703,0.9959717,31.48044,7.867294,-31.39236,4.741501,0.5379488,0.3502066,0.05715597,1.232391,-0.2143776,-0.01067679,0.004110707,-0.06367181,0.8405669,-21.41531,32.83
6,0.04151917,-0.1173859,0.9922028,1.0,-0.02812195,-0.1168976,0.9927368,-24.32358,6.719696,-23.45439,5.395126,0.2552601,0.3306612,1.0,0.04151917,-0.1173859,0.9922028,31.29248,7.492188,-30.38361,4.737427,0.542928,0.3614822,0.05936325,1.231947,-0.2137994,-0.009196684,0.007395084,-0.06827977,0.8405669,-21.41531,32.83
6,0.04151917,-0.1173859,0.9922028,1.0,-0.02812195,-0.1168976,0.9927368,-24.32358,6.719696,-23.45439,5.395126,0.2552601,0.3306612,1.0,0.04151917,-0.1173859,0.9922028,31.29248,7.492188,-30.38361,4.737427,0.542928,0.3614822,0.05936325,1.231947,-0.2137994,-0.009196684,0.007395084,-0.06827977,0.8405669,-21.41531,32.83
6,-0.001800537,-0.1685028,0.9856873,1.0,-0.06835938,-0.1360779,0.988327,-24.74005,6.443253,-25.01666,5.652206,0.2744143,0.3570396,1.0,-0.001800537,-0.1685028,0.9856873,30.80794,7.244949,-31.28876,4.820969,0.5677869,0.3872576,0.06156111,1.231436,-0.2131769,-0.007390045,0.01062152,-0.0727282,0.8405669,-21.41531,32.83
6,-0.001800537,-0.1685028,0.9856873,1.0,-0.06835938,-0.1360779,0.988327,-24.74005,6.443253,-25.01666,5.652206,0.2744143,0.3570396,1.0,-0.001800537,-0.1685028,0.9856873,30.80794,7.244949,-31.28876,4.820969,0.5677869,0.3872576,0.06156111,1.231436,-0.2131769,-0.007390045,0.01062152,-0.0727282,0.8405669,-21.41531,32.83
6,-0.06396484,-0.245224,0.9673462,1.0,-0.08627319,-0.2814941,0.9556732,-25.27193,6.083496,-25.20668,5.163315,0.2958462,0.3966909,1.0,-0.06394958,-0.2452087,0.9673462,30.43576,6.932083,-31.45372,4.746445,0.5915602,0.4138806,0.06355953,1.230689,-0.2126479,-0.00497502,0.01424462,-0.07776186,0.8405669,-21.41531,32.83
6,-0.06396484,-0.245224,0.9673462,1.0,-0.08627319,-0.2814941,0.9556732,-25.27193,6.083496,-25.20668,5.163315,0.2958462,0.3966909,1.0,-0.06394958,-0.2452087,0.9673462,30.43576,6.932083,-31.45372,4.746445,0.5915602,0.4138806,0.06355953,1.230689,-0.2126479,-0.00497502,0.01424462,-0.07776186,0.8405669,-21.41531,32.83
6,-0.08998108,-0.2628479,0.9606171,1.0,-0.08627319,-0.2744904,0.9577026,-25.31441,5.965256,-25.2529,5.036163,0.2973598,0.3998809,1.0,-0.08999634,-0.2628326,0.9606323,30.4445,6.86821,-31.48337,4.952286,0.5957459,0.4196533,0.06563616,1.229781,-0.2120663,-0.001596276,0.01796094,-0.08258966,0.8405669,-21.41531,32.83
6,-0.08998108,-0.2628479,0.9606171,1.0,-0.08627319,-0.2744904,0.9577026,-25.31441,5.965256,-25.2529,5.036163,0.2973598,0.3998809,1.0,-0.08999634,-0.2628326,0.9606323,30.4445,6.86821,-31.48337,4.952286,0.5957459,0.4196533,0.06563616,1.229781,-0.2120663,-0.001596276,0.01796094,-0.08258966,0.8405669,-21.41531,32.83
6,-0.08662415,-0.2691345,0.9591827,0.9657246,-0.107193,-0.2883759,0.9514923,-25.3087,5.970444,-25.26216,5.184845,0.3004259,0.4023121,0.9712473,-0.07769775,-0.2607422,0.962265,30.53094,6.865921,-31.47684,4.832565,0.5905464,0.4193092,0.06777966,1.228775,-0.211367,0.002306451,0.02213044,-0.08656644,0.8405669,-21.41531,32.83
6,-0.08662415,-0.2691345,0.9591827,0.9657246,-0.107193,-0.2883759,0.9514923,-25.3087,5.970444,-25.26216,5.184845,0.3004259,0.4023121,0.9712473,-0.07769775,-0.2607422,0.962265,30.53094,6.865921,-31.47684,4.832565,0.5905464,0.4193092,0.06777966,1.228775,-0.211367,0.002306451,0.02213044,-0.08656644,0.8405669,-21.41531,32.83
6,-0.08625793,-0.2776947,0.9567719,0.9377647,-0.1134338,-0.3022766,0.9464417,-25.25163,6.004974,-25.26596,4.878418,0.2997435,0.4037913,0.9852965,-0.07208252,-0.2647705,0.9616089,30.58195,6.878677,-31.47737,4.763184,0.5877661,0.4196242,0.06986153,1.227638,-0.2106998,0.006978323,0.02623802,-0.08975779,0.8405669,8.108047,32.83
6,-0.08625793,-0.2776947,0.9567719,0.9377647,-0.1134338,-0.3022766,0.9464417,-25.25163,6.004974,-25.26596,4.878418,0.2997435,0.4037913,0.9852965,-0.07208252,-0.2647705,0.9616089,30.58195,6.878677,-31.47737,4.763184,0.5877661,0.4196242,0.06986153,1.227638,-0.2106998,0.006978323,0.02623802,-0.08975779,0.8405669,8.108047,32.83
6,-0.08460999,-0.2675781,0.9598083,0.9413412,-0.10289,-0.2852173,0.9529114,-25.27393,6.010803,-25.27577,4.897614,0.2987745,0.4005891,0.9619565,-0.06774902,-0.2512207,0.9655457,30.64763,6.890747,-31.46873,4.811462,0.5847083,0.4165896,0.07187796,1.226321,-0.2099608,0.01216301,0.03017878,-0.09279592,0.8405669,8.108047,32.83
6,-0.08460999,-0.2675781,0.9598083,0.9413412,-0.10289,-0.2852173,0.9529114,-25.27393,6.010803,-25.27577,4.897614,0.2987745,0.4005891,0.9619565,-0.06774902,-0.2512207,0.9655457,30.64763,6.890747,-31.46873,4.811462,0.5847083,0.4165896,0.07187796,1.226321,-0.2099608,0.01216301,0.03017878,-0.09279592,0.8405669,8.108047,32.83
6,-0.08256531,-0.2700653,0.9592896,0.9191462,-0.1014252,-0.3144379,0.9438324,-25.24889,6.054626,-25.28258,4.609833,0.2978509,0.4044569,0.9632123,-0.06723022,-0.2338104,0.9699402,30.72943,6.892319,-31.46486,4.873428,0.5817471,0.4132828,0.0738678,1.224862,-0.2093009,0.01813638,0.03388502,-0.09617329,0.8405669,8.108047,32.83
6,-0.08256531,-0.2700653,0.9592896,0.9191462,-0.1014252,-0.3144379,0.9438324,-25.24889,6.054626,-25.28258,4.609833,0.2978509,0.4044569,0.9632123,-0.06723022,-0.2338104,0.9699402,30.72943,6.892319,-31.46486,4.873428,0.5817471,0.4132828,0.0738678,1.224862,-0.2093009,0.01813638,0.03388502,-0.09617329,0.8405669,8.108047,32.83
6,-0.07954407,-0.2889709,0.9540253,0.9156814,-0.09234619,-0.3435059,0.9345856,-25.1951,6.11438,-25.27766,4.448944,0.2946045,0.4075665,0.9626304,-0.0690918,-0.2445526,0.9671631,30.79686,6.937805,-31.44585,4.706833,0.5796542,0.413548,0.07573462,1.223239,-0.2085846,0.02482773,0.03749308,-0.09904236,0.8405669,8.108047,32.83
6,-0.07954407,-0.2889709,0.9540253,0.9156814,-0.09234619,-0.3435059,0.9345856,-25.1951,6.11438,-25.27766,4.448944,0.2946045,0.4075665,0.9626304,-0.0690918,-0.2445526,0.9671631,30.79686,6.937805,-31.44585,4.706833,0.5796542,0.413548,0.07573462,1.223239,-0.2085846,0.02482773,0.03749308,-0.09904236,0.8405669,8.108047,32.83
6,-0.07914734,-0.2905579,0.9535675,0.9011905,-0.0869751,-0.3460236,0.9341736,-25.15416,6.156128,-25.26379,4.208694,0.2925332,0.4066062,0.9530768,-0.07229614,-0.2428284,0.9673615,30.85715,6.972931,-31.4473,4.827042,0.5780971,0.4119747,0.07668686,1.222443,-0.2081579,0.02854436,0.03911911,-0.1003373,0.8405669,8.108047,32.83
6,-0.07070923,-0.2627716,0.9622498,0.8965403,-0.07344055,-0.3055115,0.9493408,-25.11374,6.228592,-25.22028,4.565628,0.2887647,0.3962409,0.9518119,-0.06834412,-0.2269745,0.9714966,30.91154,7.02919,-31.43849,4.934509,0.5755363,0.4069491,0.07759511,1.221621,-0.2077314,0.03232306,0.0406507,-0.1018453,0.8405669,8.108047,32.83
6,-0.03611755,-0.2598724,0.9649658,0.8965403,-0.03530884,-0.3008118,0.9530182,-25.0435,6.279282,-25.17038,4.551559,0.2801498,0.3929886,0.9518119,-0.03660583,-0.2337341,0.9716034,30.94516,7.083252,-31.42531,4.592422,0.5688516,0.4061977,0.07848799,1.220748,-0.2072983,0.03622404,0.04228904,-0.1032158,0.8405669,8.108047,32.83
6,-0.01644897,-0.2553101,0.9667053,0.8988841,0.009033203,-0.267395,0.9635315,-24.97597,6.279785,-25.1454,4.364075,0.2706647,0.3866617,0.9043524,-0.02957153,-0.2490234,0.9680328,30.95674,7.078629,-31.42749,4.418167,0.5671983,0.4092599,0.08018756,1.218964,-0.20644,0.04470908,0.04532706,-0.1060626,0.8405669,8.108047,32.83
6,-0.01644897,-0.2553101,0.9667053,0.8988841,0.009033203,-0.267395,0.9635315,-24.97597,6.279785,-25.1454,4.364075,0.2706647,0.3866617,0.9043524,-0.02957153,-0.2490234,0.9680328,30.95674,7.078629,-31.42749,4.418167,0.5671983,0.4092599,0.08018756,1.218964,-0.20644,0.04470908,0.04532706,-0.1060626,0.8405669,8.108047,32.83
6,-0.04220581,-0.2965546,0.954071,0.8988841,-0.01394653,-0.3921204,0.9197998,-25.01843,6.171768,-25.2356,3.622849,0.2761567,0.4140897,0.9043524,-0.05618286,-0.2474823,0.9672546,30.87184,6.975647,-31.45932,4.719604,0.5747986,0.4128374,0.08094609,1.218066,-0.2061031,0.04933544,0.04656083,-0.1071323,0.8405669,8.108047,32.83
6,-0.09248352,-0.2852173,0.9539795,0.846592,-0.07719421,-0.3827972,0.9205933,-25.21368,5.998901,-25.2957,4.15213,0.2928494,0.4187391,0.8912359,-0.09820557,-0.2460175,0.9642639,30.65923,6.799866,-31.52261,5.008347,0.5895777,0.4193724,0.08171177,1.217084,-0.2057236,0.05401194,0.04798342,-0.1081234,0.8405669,8.108047,32.83
6,-0.09248352,-0.2852173,0.9539795,0.846592,-0.07719421,-0.3827972,0.9205933,-25.21368,5.998901,-25.2957,4.15213,0.2928494,0.4187391,0.8912359,-0.09820557,-0.2460175,0.9642639,30.65923,6.799866,-31.52261,5.008347,0.5895777,0.4193724,0.08171177,1.217084,-0.2057236,0.05401194,0.04798342,-0.1081234,0.8405669,8.108047,32.83
6,-0.1125488,-0.2743835,0.9550018,0.8206912,0.0,0.0,0.0,-25.27776,5.759537,-25.3822,-1.0,0.3038354,0.4149629,0.9209992,-0.1125488,-0.2743835,0.9550018,30.54317,6.664169,-31.5647,4.961929,0.5961241,0.4298417,0.08321846,1.214808,-0.2049448,0.06409273,0.05037305,-0.1097369,0.8405669,8.108047,32.83
6,-0.1085205,-0.2803955,0.9537201,0.7886514,-0.1067963,-0.3456879,0.9322357,-25.30867,5.710052,-25.38292,4.292862,0.3008288,0.4225565,0.9363793,-0.1091003,-0.2519379,0.9615631,30.54179,6.640274,-31.57068,5.054413,0.5956051,0.426545,0.08402193,1.213663,-0.2045915,0.06964868,0.05181608,-0.1101969,0.8405669,6.816696,32.83
6,-0.09725952,-0.299942,0.9489746,0.8217103,-0.07540894,-0.3653259,0.9278107,-25.43709,5.897705,-25.35788,4.248169,0.3000057,0.4195305,0.9181458,-0.1110992,-0.2568512,0.9600372,30.60437,6.69519,-31.55756,4.999649,0.5937288,0.4254275,0.08537889,1.211232,-0.2038407,0.08080225,0.05459068,-0.1110702,0.8405669,6.816696,32.83
6,-0.09725952,-0.299942,0.9489746,0.8217103,-0.07540894,-0.3653259,0.9278107,-25.43709,5.897705,-25.35788,4.248169,0.3000057,0.4195305,0.9181458,-0.1110992,-0.2568512,0.9600372,30.60437,6.69519,-31.55756,4.999649,0.5937288,0.4254275,0.08537889,1.211232,-0.2038407,0.08080225,0.05459068,-0.1110702,0.8405669,6.816696,32.83
6,-0.1174164,-0.3037872,0.9454651,0.8434817,-0.1101379,-0.3811951,0.9178925,-25.43045,5.951279,-25.36574,4.321121,0.3053759,0.4209148,0.9323263,-0.1230164,-0.2358856,0.9639587,30.6174,6.729996,-31.54738,5.121429,0.5953585,0.4202615,0.08595133,1.210092,-0.2035127,0.0865778,0.05583206,-0.1114363,0.8405669,6.816696,32.83
6,-0.1026459,-0.2890778,0.9517822,0.8814405,-0.08613586,-0.3425293,0.9355469,-25.29225,5.938126,-25.32092,4.348221,0.2969088,0.4137078,0.9249025,-0.1159973,-0.2443085,0.9627228,30.66521,6.820358,-31.51852,5.034378,0.5924419,0.418352,0.08657956,1.208925,-0.203174,0.09190225,0.05707163,-0.1111641,0.8405669,6.816696,32.83
6,-0.1044006,-0.2804871,0.9541473,0.9093095,-0.1004791,-0.3347015,0.9369354,-25.24939,6.036285,-25.28963,4.153351,0.2980283,0.4089854,0.9145883,-0.1075439,-0.2327576,0.9665527,30.7153,6.903976,-31.4881,5.044739,0.5892301,0.4129689,0.08705354,1.207779,-0.2028291,0.09701581,0.05811458,-0.1111613,0.8405669,6.816696,32.83
7,-0.109848,-0.2693329,0.9567566,0.9093095,-0.1273346,-0.3200836,0.9387817,-25.2205,6.089844,-25.26945,4.627304,0.3011335,0.4043771,0.9145883,-0.09429932,-0.2243347,0.9699249,30.73959,6.963928,-31.46602,4.793381,0.5860962,0.4091252,0.08809841,1.205483,-0.2022824,0.1072486,0.06005785,-0.1113015,0.8405669,6.816696,32.83
7,-0.109848,-0.2693329,0.9567566,0.9093095,-0.1273346,-0.3200836,0.9387817,-25.2205,6.089844,-25.26945,4.627304,0.3011335,0.4043771,0.9145883,-0.09429932,-0.2243347,0.9699249,30.73959,6.963928,-31.46602,4.793381,0.5860962,0.4091252,0.08809841,1.205483,-0.2022824,0.1072486,0.06005785,-0.1113015,0.8405669,6.816696,32.83
7,-0.103363,-0.2629852,0.9592285,0.9131374,-0.1218414,-0.3017731,0.9455566,-25.1754,6.183517,-25.23251,4.653503,0.2987527,0.3976156,0.9209538,-0.08876038,-0.232254,0.9685822,30.75294,7.042297,-31.44444,4.847809,0.5846652,0.4075788,0.08865368,1.204355,-0.2019331,0.1121344,0.06093241,-0.1113558,0.8405669,6.816696,32.83
7,-0.09822083,-0.2551727,0.9618835,0.8935842,-0.098526,-0.3119812,0.9449463,-25.15799,6.285889,-25.20351,4.477905,0.2944857,0.3956493,0.8981543,-0.09776306,-0.2121582,0.9723206,30.77275,7.136032,-31.42549,4.869522,0.585574,0.400425,0.08921683,1.20327,-0.2016495,0.1170822,0.06181376,-0.1111047,0.8405669,6.816696,32.83
7,-0.09822083,-0.2551727,0.9618835,0.8935842,-0.098526,-0.3119812,0.9449463,-25.15799,6.285889,-25.20351,4.477905,0.2944857,0.3956493,0.8981543,-0.09776306,-0.2121582,0.9723206,30.77275,7.136032,-31.42549,4.869522,0.585574,0.400425,0.08921683,1.20327,-0.2016495,0.1170822,0.06181376,-0.1111047,0.8405669,6.816696,32.83
7,-0.08657837,-0.251709,0.963913,0.9134738,-0.08772278,-0.2978363,0.9505615,-25.1212,6.234344,-25.22289,4.448639,0.2914918,0.3949191,0.8936609,-0.08560181,-0.2171478,0.9723663,30.81892,7.061661,-31.44391,4.823837,0.581813,0.4041204,0.0901804,1.201005,-0.2010777,0.126584,0.0635827,-0.1099437,0.8405669,6.816696,32.83
7,-0.07293701,-0.2577972,0.9634247,0.8930892,-0.07244873,-0.3056488,0.9493713,-24.77377,5.953888,-25.28461,4.913498,0.2766863,0.4054586,0.8751879,-0.07312012,-0.2310944,0.9701691,30.91977,6.803864,-31.50941,4.987198,0.576038,0.4163021,0.09058797,1.199904,-0.200681,0.1312313,0.06432017,-0.109173,0.8405669,6.816696,32.83
7,-0.03074646,-0.3018951,0.9528351,0.8575122,0.0003204346,-0.3423615,0.9395599,-24.65164,5.696915,-25.36469,4.724411,0.2604351,0.4207866,0.8789866,-0.04927063,-0.2773285,0.9595032,31.03732,6.575119,-31.58549,4.997223,0.5677235,0.4334793,0.09138727,1.197834,-0.1999789,0.1407663,0.06533466,-0.1075969,0.8405669,6.816696,32.83
7,-0.03074646,-0.3018951,0.9528351,0.8575122,0.0003204346,-0.3423615,0.9395599,-24.65164,5.696915,-25.36469,4.724411,0.2604351,0.4207866,0.8789866,-0.04927063,-0.2773285,0.9595032,31.03732,6.575119,-31.58549,4.997223,0.5677235,0.4334793,0.09138727,1.197834,-0.1999789,0.1407663,0.06533466,-0.1075969,0.8405669,6.816696,32.83
7,-0.004486084,-0.3531799,0.9355316,0.8238078,0.01541138,-0.4000702,0.9163513,-24.49876,5.525131,-25.46806,4.30986,0.2526596,0.4379569,0.875989,-0.01551819,-0.3267059,0.9449921,31.16394,6.402893,-31.65453,4.654602,0.5574268,0.4494062,0.09178579,1.196762,-0.1996247,0.145579,0.06580236,-0.1070786,0.8405669,6.816696,32.83
7,0.003860474,-0.3210754,0.9470367,0.7879622,0.0377655,-0.3583221,0.9328156,-24.42297,5.51062,-25.41786,5.07135,0.2458642,0.4297293,0.8763018,-0.01530457,-0.2996063,0.9539337,31.18636,6.340012,-31.6723,4.999603,0.5566406,0.4465962,0.0921613,1.195771,-0.1992668,0.1504408,0.06628396,-0.1068068,0.8405669,-4.209976,32.83
7,0.01428223,-0.3458252,0.9381866,0.7350676,0.07707214,-0.340332,0.9371338,-24.4726,5.279037,-25.56625,4.904236,0.2409154,0.4356264,0.8906647,-0.02375793,-0.3484802,0.9369965,31.21521,6.247696,-31.73378,5.011063,0.5570681,0.4595312,0.09272659,1.193693,-0.19864,0.1595576,0.06718882,-0.1063277,0.8405669,-4.209976,32.83
7,0.01428223,-0.3458252,0.9381866,0.7350676,0.07707214,-0.340332,0.9371338,-24.4726,5.279037,-25.56625,4.904236,0.2409154,0.4356264,0.8906647,-0.02375793,-0.3484802,0.9369965,31.21521,6.247696,-31.73378,5.011063,0.5570681,0.4595312,0.09272659,1.193693,-0.19864,0.1595576,0.06718882,-0.1063277,0.8405669,-4.209976,32.83
7,-0.002502441,-0.3562012,0.9343872,0.7432774,0.009979248,-0.3603363,0.9327545,-24.32045,5.386124,-25.48386,5.28241,0.2466345,0.4346566,0.8902913,-0.01434326,-0.3522339,0.935791,31.22632,6.297043,-31.72005,4.807465,0.5550528,0.4584589,0.0933181,1.191913,-0.1977392,0.1677835,0.06818717,-0.1056977,0.8405669,-4.209976,32.83
7,-0.002502441,-0.3562012,0.9343872,0.7432774,0.009979248,-0.3603363,0.9327545,-24.32045,5.386124,-25.48386,5.28241,0.2466345,0.4346566,0.8902913,-0.01434326,-0.3522339,0.935791,31.22632,6.297043,-31.72005,4.807465,0.5550528,0.4584589,0.0933181,1.191913,-0.1977392,0.1677835,0.06818717,-0.1056977,0.8405669,-4.209976,32.83
7,0.008880615,-0.3143005,0.9492798,0.7648564,0.03953552,-0.3092499,0.9501495,-24.3929,5.49614,-25.43054,5.461716,0.2442754,0.4213262,0.8966869,-0.009918213,-0.3172455,0.948288,31.34271,6.426498,-31.64966,4.772873,0.5501736,0.446694,0.0933181,1.191913,-0.1977392,0.1677835,0.06818717,-0.1056977,0.8405669,-4.209976,32.83
7,-0.002792358,-0.3038025,0.9527283,0.784207,0.03840637,-0.3122864,0.9492035,-24.34866,5.598343,-25.38284,5.253754,0.243112,0.4180796,0.9036773,-0.02354431,-0.2993164,0.9538574,31.40002,6.496979,-31.62398,4.908661,0.5504965,0.4406011,0.09377337,1.190346,-0.1967121,0.1745746,0.06881551,-0.1053239,0.8405669,-4.209976,32.83
7,-0.002792358,-0.3038025,0.9527283,0.784207,0.03840637,-0.3122864,0.9492035,-24.34866,5.598343,-25.38284,5.253754,0.243112,0.4180796,0.9036773,-0.02354431,-0.2993164,0.9538574,31.40002,6.496979,-31.62398,4.908661,0.5504965,0.4406011,0.09377337,1.190346,-0.1967121,0.1745746,0.06881551,-0.1053239,0.8405669,-4.209976,32.83
7,0.004730225,-0.2977753,0.9546204,0.8377124,0.06835938,-0.2979889,0.9521027,-24.32295,5.621674,-25.36533,4.905273,0.2374858,0.4147193,0.8917366,-0.0267334,-0.2972107,0.954422,31.41096,6.520889,-31.60728,4.765106,0.550641,0.439275,0.0941211,1.188838,-0.1956928,0.1806977,0.06896303,-0.1053711,0.8405669,-4.209976,32.83
7,0.01812744,-0.3162384,0.9485016,0.8902919,0.07911682,-0.3227081,0.9431763,-24.43823,5.712753,-25.35971,4.739746,0.239789,0.4162515,0.9078122,-0.0216217,-0.3113861,0.9500275,31.43288,6.564896,-31.59973,4.570068,0.5489819,0.440369,0.09444916,1.187296,-0.1946669,0.186463,0.06884809,-0.1044094,0.8405669,-4.209976,32.83
7,0.01812744,-0.3162384,0.9485016,0.8902919,0.07911682,-0.3227081,0.9431763,-24.43823,5.712753,-25.35971,4.739746,0.239789,0.4162515,0.9078122,-0.0216217,-0.3113861,0.9500275,31.43288,6.564896,-31.59973,4.570068,0.5489819,0.440369,0.09444916,1.187296,-0.1946669,0.186463,0.06884809,-0.1044094,0.8405669,-4.209976,32.83
7,-0.004150391,-0.2877808,0.9576721,0.9229557,0.02589417,-0.3175354,0.947876,-24.35641,5.820618,-25.27815,5.529907,0.2453134,0.4105048,0.9401665,-0.02816772,-0.2636108,0.9642029,31.45612,6.586365,-31.59,4.871536,0.5493274,0.4305714,0.09464228,1.185912,-0.1936477,0.1917953,0.06830486,-0.1034416,0.8405669,-4.209976,32.83
7,-0.004150391,-0.2877808,0.9576721,0.9229557,0.02589417,-0.3175354,0.947876,-24.35641,5.820618,-25.27815,5.529907,0.2453134,0.4105048,0.9401665,-0.02816772,-0.2636108,0.9642029,31.45612,6.586365,-31.59,4.871536,0.5493274,0.4305714,0.09464228,1.185912,-0.1936477,0.1917953,0.06830486,-0.1034416,0.8405669,-4.209976,32.83
7,0.02120972,-0.2617493,0.9648895,0.9563226,0.07913208,-0.2923889,0.9530182,-24.50992,5.868286,-25.33334,5.270218,0.2418831,0.4051331,0.9584741,-0.01641846,-0.2412415,0.9703217,31.52524,6.632874,-31.57176,4.757904,0.5448865,0.4246713,0.09470785,1.18443,-0.1924591,0.1966998,0.06732053,-0.1030192,0.8405669,-4.209976,32.83
7,0.02120972,-0.2617493,0.9648895,0.9563226,0.07913208,-0.2923889,0.9530182,-24.50992,5.868286,-25.33334,5.270218,0.2418831,0.4051331,0.9584741,-0.01641846,-0.2412415,0.9703217,31.52524,6.632874,-31.57176,4.757904,0.5448865,0.4246713,0.09470785,1.18443,-0.1924591,0.1966998,0.06732053,-0.1030192,0.8405669,-4.209976,32.83
7,-0.005477905,-0.2541504,0.9671326,1.0,0.02999878,-0.2770538,0.9603729,-24.22585,5.83522,-25.28726,5.077087,0.2405151,0.4030858,1.0,-0.02664185,-0.2402802,0.9703217,31.50642,6.701569,-31.56303,4.796417,0.5473172,0.4220041,0.09484255,1.183193,-0.1912261,0.2014607,0.06675706,-0.1026068,0.8405669,-25.81036,32.83
7,-0.005477905,-0.2541504,0.9671326,1.0,0.02999878,-0.2770538,0.9603729,-24.22585,5.83522,-25.28726,5.077087,0.2405151,0.4030858,1.0,-0.02664185,-0.2402802,0.9703217,31.50642,6.701569,-31.56303,4.796417,0.5473172,0.4220041,0.09484255,1.183193,-0.1912261,0.2014607,0.06675706,-0.1026068,0.8405669,-25.81036,32.83
7,0.007064819,-0.236618,0.9715729,1.0,0.02760315,-0.2403412,0.9702911,-24.22978,5.827789,-25.28271,5.145142,0.2409875,0.3968244,1.0,-0.005111694,-0.2343597,0.9721222,31.49542,6.702744,-31.57379,4.741913,0.544027,0.420967,0.09476221,1.182074,-0.1901588,0.2059594,0.06582975,-0.1020064,0.8405669,-25.81036,32.83
7,0.007064819,-0.236618,0.9715729,1.0,0.02760315,-0.2403412,0.9702911,-24.22978,5.827789,-25.28271,5.145142,0.2409875,0.3968244,1.0,-0.005111694,-0.2343597,0.9721222,31.49542,6.702744,-31.57379,4.741913,0.544027,0.420967,0.09476221,1.182074,-0.1901588,0.2059594,0.06582975,-0.1020064,0.8405669,-25.81036,32.83
7,0.009765625,-0.2397919,0.9707642,1.0,0.05178833,-0.2525787,0.9661865,-24.21536,5.878204,-25.26857,5.124496,0.2364115,0.397051,1.0,-0.01400757,-0.2323608,0.9725189,31.50171,6.745621,-31.56689,4.735397,0.5453358,0.4190329,0.09468019,1.180955,-0.1889068,0.2100216,0.06461418,-0.1010949,0.8405669,-25.81036,32.83
7,0.009765625,-0.2397919,0.9707642,1.0,0.05178833,-0.2525787,0.9661865,-24.21536,5.878204,-25.26857,5.124496,0.2364115,0.397051,1.0,-0.01400757,-0.2323608,0.9725189,31.50171,6.745621,-31.56689,4.735397,0.5453358,0.4190329,0.09468019,1.180955,-0.1889068,0.2100216,0.06461418,-0.1010949,0.8405669,-25.81036,32.83
7,0.003540039,-0.2189789,0.975708,1.0,0.03605652,-0.2247925,0.9737244,-24.21452,5.908447,-25.24728,5.454803,0.2387253,0.3908587,1.0,-0.01646423,-0.2152863,0.9764099,31.48912,6.787582,-31.54752,4.669373,0.5462105,0.414269,0.09455299,1.179897,-0.1876344,0.2138061,0.06323171,-0.09982993,0.8405669,-25.81036,32.83
7,0.003540039,-0.2189789,0.975708,1.0,0.03605652,-0.2247925,0.9737244,-24.21452,5.908447,-25.24728,5.454803,0.2387253,0.3908587,1.0,-0.01646423,-0.2152863,0.9764099,31.48912,6.787582,-31.54752,4.669373,0.5462105,0.414269,0.09455299,1.179897,-0.1876344,0.2138061,0.06323171,-0.09982993,0.8405669,-25.81036,32.83
7,-0.008605957,-0.2090454,0.9778595,1.0,0.0001525879,-0.2176819,0.9760132,-24.21593,5.924896,-25.2413,5.50946,0.2447662,0.3892033,1.0,-0.01426697,-0.2034302,0.9789734,31.4837,6.795975,-31.54219,4.706436,0.5460372,0.4117557,0.09429884,1.178679,-0.1862848,0.2173649,0.06175781,-0.09859692,0.8405669,-25.81036,32.83
7,-0.008605957,-0.2090454,0.9778595,1.0,0.0001525879,-0.2176819,0.9760132,-24.21593,5.924896,-25.2413,5.50946,0.2447662,0.3892033,1.0,-0.01426697,-0.2034302,0.9789734,31.4837,6.795975,-31.54219,4.706436,0.5460372,0.4117557,0.09429884,1.178679,-0.1862848,0.2173649,0.06175781,-0.09859692,0.8405669,-25.81036,32.83
7,-0.01066589,-0.2017059,0.9793854,1.0,-0.01069641,-0.2143707,0.9766846,-24.22717,5.941849,-25.23033,5.526917,0.2469822,0.3880471,1.0,-0.01063538,-0.1929169,0.9811554,31.50204,6.805252,-31.54337,4.836639,0.5447958,0.4095044,0.09400356,1.177587,-0.185094,0.2206703,0.06055167,-0.09808385,0.8405669,-25.81036,32.83
7,-0.01066589,-0.2017059,0.9793854,1.0,-0.01069641,-0.2143707,0.9766846,-24.22717,5.941849,-25.23033,5.526917,0.2469822,0.3880471,1.0,-0.01063538,-0.1929169,0.9811554,31.50204,6.805252,-31.54337,4.836639,0.5447958,0.4095044,0.09400356,1.177587,-0.185094,0.2206703,0.06055167,-0.09808385,0.8405669,-25.81036,32.83
7,-0.01057434,-0.1778259,0.9839935,1.0,-0.01358032,-0.2071686,0.9782104,-24.23448,5.943298,-25.22957,5.540741,0.2477061,0.3867704,1.0,-0.008346558,-0.1560822,0.9877014,31.49681,6.858307,-31.55367,4.977219,0.5446627,0.4010274,0.0936017,1.176725,-0.1839998,0.2231351,0.05973792,-0.09783599,0.8405669,-25.81036,32.83
7,-0.01057434,-0.1778259,0.9839935,1.0,-0.01358032,-0.2071686,0.9782104,-24.23448,5.943298,-25.22957,5.540741,0.2477061,0.3867704,1.0,-0.008346558,-0.1560822,0.9877014,31.49681,6.858307,-31.55367,4.977219,0.5446627,0.4010274,0.0936017,1.176725,-0.1839998,0.2231351,0.05973792,-0.09783599,0.8405669,-25.81036,32.83
7,-0.01028442,-0.1715088,0.9851227,1.0,-0.007797241,-0.2007294,0.9796143,-24.26378,5.951065,-25.22957,5.580338,0.2477061,0.3853725,1.0,-0.01223755,-0.148468,0.9888306,31.49268,6.901276,-31.57668,4.994446,0.5455098,0.3983239,0.09325349,1.176083,-0.1828908,0.2251799,0.05870351,-0.09697885,0.8405669,-25.81036,32.83
7,-0.01028442,-0.1715088,0.9851227,1.0,-0.007797241,-0.2007294,0.9796143,-24.26378,5.951065,-25.22957,5.580338,0.2477061,0.3853725,1.0,-0.01223755,-0.148468,0.9888306,31.49268,6.901276,-31.57668,4.994446,0.5455098,0.3983239,0.09325349,1.176083,-0.1828908,0.2251799,0.05870351,-0.09697885,0.8405669,-25.81036,32.83
7,-0.01074219,-0.1585541,0.9872894,1.0,-0.006698608,-0.1804199,0.983551,-24.27704,5.960739,-25.22856,5.600128,0.2479534,0.3815432,1.0,-0.01594543,-0.1302948,0.991333,31.47656,6.930084,-31.65561,4.957916,0.5467823,0.3947182,0.09291744,1.175534,-0.181937,0.2262948,0.05761331,-0.09541012,0.8405669,10.13251,32.83
7,-0.01074219,-0.1585541,0.9872894,1.0,-0.006698608,-0.1804199,0.983551,-24.27704,5.960739,-25.22856,5.600128,0.2479534,0.3815432,1.0,-0.01594543,-0.1302948,0.991333,31.47656,6.930084,-31.65561,4.957916,0.5467823,0.3947182,0.09291744,1.175534,-0.181937,0.2262948,0.05761331,-0.09541012,0.8405669,10.13251,32.83
7,-0.01004028,-0.1452789,0.9893341,1.0,-0.008041382,-0.1537018,0.9880829,-24.28056,5.966904,-25.22404,5.59906,0.2482821,0.3766987,1.0,-0.01417542,-0.1279449,0.9916687,31.47473,6.959381,-31.71667,4.847397,0.5465737,0.3937922,0.09256268,1.175174,-0.1807624,0.227181,0.0566898,-0.09410188,0.8405669,10.13251,32.83
7,-0.01004028,-0.1452789,0.9893341,1.0,-0.008041382,-0.1537018,0.9880829,-24.28056,5.966904,-25.22404,5.59906,0.2482821,0.3766987,1.0,-0.01417542,-0.1279449,0.9916687,31.47473,6.959381,-31.71667,4.847397,0.5465737,0.3937922,0.09256268,1.175174,-0.1807624,0.227181,0.0566898,-0.09410188,0.8405669,10.13251,32.83
7,-0.02305603,-0.1425018,0.9895172,1.0,-0.02716064,-0.1470642,0.988739,-24.28175,5.983215,-25.22385,5.670212,0.2514454,0.3751238,1.0,-0.01200867,-0.1302185,0.9914093,31.46407,6.97998,-31.80679,4.834854,0.54663,0.3942532,0.09233606,1.17476,-0.1798167,0.2276872,0.05614252,-0.0932582,0.8405669,10.13251,32.83
7,-0.02305603,-0.1425018,0.9895172,1.0,-0.02716064,-0.1470642,0.988739,-24.28175,5.983215,-25.22385,5.670212,0.2514454,0.3751238,1.0,-0.01200867,-0.1302185,0.9914093,31.46407,6.97998,-31.80679,4.834854,0.54663,0.3942532,0.09233606,1.17476,-0.1798167,0.2276872,0.05614252,-0.0932582,0.8405669,10.13251,32.83
7,-0.03567505,-0.1312561,0.9906921,1.0,-0.04067993,-0.1318512,0.9904327,-24.29028,5.983597,-25.20929,5.615509,0.2540958,0.3725355,1.0,-0.01074219,-0.1282654,0.9916687,31.45514,7.000168,-31.89493,4.80809,0.5467808,0.3939458,0.09205902,1.174572,-0.1789627,0.2275555,0.05562283,-0.09228452,0.8405669,10.13251,32.83
7,-0.03567505,-0.1312561,0.9906921,1.0,-0.04067993,-0.1318512,0.9904327,-24.29028,5.983597,-25.20929,5.615509,0.2540958,0.3725355,1.0,-0.01074219,-0.1282654,0.9916687,31.45514,7.000168,-31.89493,4.80809,0.5467808,0.3939458,0.09205902,1.174572,-0.1789627,0.2275555,0.05562283,-0.09228452,0.8405669,10.13251,32.83
7,-0.0381012,-0.1256714,0.991333,1.0,-0.04421997,-0.125412,0.9911041,-24.30006,6.001312,-25.1945,5.478165,0.255207,0.370819,1.0,-0.01319885,-0.126709,0.9918365,31.45596,7.006546,-31.94476,4.810577,0.5472062,0.39387,0.09177482,1.174507,-0.1782864,0.2273606,0.05496974,-0.09118146,0.8405669,10.13251,32.83
7,-0.0381012,-0.1256714,0.991333,1.0,-0.04421997,-0.125412,0.9911041,-24.30006,6.001312,-25.1945,5.478165,0.255207,0.370819,1.0,-0.01319885,-0.126709,0.9918365,31.45596,7.006546,-31.94476,4.810577,0.5472062,0.39387,0.09177482,1.174507,-0.1782864,0.2273606,0.05496974,-0.09118146,0.8405669,10.13251,32.83
7,-0.0344696,-0.1252747,0.9915161,1.0,-0.0451355,-0.1254272,0.9910736,-24.30835,6.001312,-25.18893,5.435715,0.2557113,0.370819,1.0,-0.01329041,-0.124939,0.9920654,31.45493,7.013641,-31.97481,4.793823,0.5472768,0.3935614,0.09147143,1.174442,-0.1777071,0.2273384,0.05437092,-0.0902146,0.8405669,10.13251,32.83
7,-0.0344696,-0.1252747,0.9915161,1.0,-0.0451355,-0.1254272,0.9910736,-24.30835,6.001312,-25.18893,5.435715,0.2557113,0.370819,1.0,-0.01329041,-0.124939,0.9920654,31.45493,7.013641,-31.97481,4.793823,0.5472768,0.3935614,0.09147143,1.174442,-0.1777071,0.2273384,0.05437092,-0.0902146,0.8405669,10.13251,32.83
7,-0.0362854,-0.1206055,0.9920349,1.0,-0.03744507,-0.1210632,0.9919281,-24.34622,5.996552,-25.18565,5.404617,0.2557766,0.3702036,1.0,-0.01345825,-0.1116333,0.9936523,31.45876,7.172699,-32.68109,4.622391,0.5475928,0.3916615,0.09112704,1.174399,-0.1771722,0.227221,0.05381903,-0.08947513,0.8405669,10.13251,32.83
7,-0.0362854,-0.1206055,0.9920349,1.0,-0.03744507,-0.1210632,0.9919281,-24.34622,5.996552,-25.18565,5.404617,0.2557766,0.3702036,1.0,-0.01345825,-0.1116333,0.9936523,31.45876,7.172699,-32.68109,4.622391,0.5475928,0.3916615,0.09112704,1.174399,-0.1771722,0.227221,0.05381903,-0.08947513,0.8405669,10.13251,32.83
7,-0.04463196,-0.125824,0.9910431,1.0,-0.04463196,-0.125824,0.9910431,-24.34967,5.980637,-25.13669,5.242188,0.2574106,0.3713108,1.0,-0.01509094,-0.1038361,0.9944763,31.45261,7.135254,-32.60172,4.643585,0.548066,0.3908493,0.09111476,1.174564,-0.1766273,0.227013,0.05318064,-0.08905211,0.8405669,6.269592,32.83
7,-0.04463196,-0.125824,0.9910431,1.0,-0.04463196,-0.125824,0.9910431,-24.34967,5.980637,-25.13669,5.242188,0.2574106,0.3713108,1.0,-0.01509094,-0.1038361,0.9944763,31.45261,7.135254,-32.60172,4.643585,0.548066,0.3908493,0.09111476,1.174564,-0.1766273,0.227013,0.05318064,-0.08905211,0.8405669,6.269592,32.83
7,-0.04391479,-0.1247559,0.9912109,1.0,-0.04393005,-0.1247711,0.9912109,-24.35301,5.980637,-25.15828,5.197006,0.2574106,0.3713108,1.0,-0.01457214,-0.1028595,0.9945831,31.44901,7.11647,-32.54501,4.645126,0.548066,0.3908493,0.09092402,1.17465,-0.176291,0.2262731,0.05288871,-0.0884406,0.8405669,6.269592,32.83
7,-0.04391479,-0.1247559,0.9912109,1.0,-0.04393005,-0.1247711,0.9912109,-24.35301,5.980637,-25.15828,5.197006,0.2574106,0.3713108,1.0,-0.01457214,-0.1028595,0.9945831,31.44901,7.11647,-32.54501,4.645126,0.548066,0.3908493,0.09092402,1.17465,-0.176291,0.2262731,0.05288871,-0.0884406,0.8405669,6.269592,32.83
7,-0.04071045,-0.1258698,0.9911957,1.0,-0.04458618,-0.1287231,0.9906616,-24.37396,5.999741,-25.15828,5.10849,0.2583393,0.3714053,1.0,-0.01486206,-0.1068573,0.9941559,31.44148,7.113358,-32.53575,4.628571,0.5483693,0.3916078,0.09077382,1.174774,-0.1759592,0.2253707,0.05265364,-0.08798069,0.8405669,6.269592,32.83
7,-0.04071045,-0.1258698,0.9911957,1.0,-0.04458618,-0.1287231,0.9906616,-24.37396,5.999741,-25.15828,5.10849,0.2583393,0.3714053,1.0,-0.01486206,-0.1068573,0.9941559,31.44148,7.113358,-32.53575,4.628571,0.5483693,0.3916078,0.09077382,1.174774,-0.1759592,0.2253707,0.05265364,-0.08798069,0.8405669,6.269592,32.83
7,-0.02993774,-0.1140289,0.9930115,1.0,-0.048172,-0.1272278,0.9906921,-24.4001,6.005692,-25.43556,5.067825,0.2594585,0.3732697,1.0,-0.01812744,-0.1054688,0.9942474,31.43727,7.107727,-32.5256,4.603622,0.5490788,0.3914698,0.09069955,1.174955,-0.175671,0.2242944,0.05263269,-0.08767938,0.8405669,6.269592,32.83
7,-0.02993774,-0.1140289,0.9930115,1.0,-0.048172,-0.1272278,0.9906921,-24.4001,6.005692,-25.43556,5.067825,0.2594585,0.3732697,1.0,-0.01812744,-0.1054688,0.9942474,31.43727,7.107727,-32.5256,4.603622,0.5490788,0.3914698,0.09069955,1.174955,-0.175671,0.2242944,0.05263269,-0.08767938,0.8405669,6.269592,32.83
7,-0.02052307,-0.1074219,0.993988,1.0,-0.05484009,-0.1291504,0.990097,-24.42506,6.019684,-25.51788,5.071136,0.2611609,0.3737241,1.0,-0.01957703,-0.1068268,0.9940796,31.43379,7.105026,-32.52245,4.581146,0.5494481,0.3917929,0.09070945,1.175011,-0.1754744,0.2236848,0.0526477,-0.08750229,0.8405669,6.269592,32.83
7,-0.02313232,-0.1132355,0.9932861,1.0,-0.05537415,-0.1232147,0.9908295,-24.43518,6.021469,-25.54781,5.082809,0.2615272,0.3728892,1.0,-0.02168274,-0.1127777,0.9933777,31.40285,6.9879,-32.22633,4.582794,0.5507024,0.3944716,0.09065831,1.175143,-0.1753697,0.2228003,0.05276178,-0.08723392,0.8405669,6.269592,32.83
7,-0.02566528,-0.1028137,0.9943542,1.0,-0.0569458,-0.1227417,0.990799,-24.44441,6.02298,-25.55544,5.083313,0.2620963,0.3728344,1.0,-0.0234375,-0.1013794,0.9945679,31.39514,7.041016,-32.57114,4.500061,0.5514941,0.3935468,0.09058368,1.175584,-0.175071,0.2206813,0.05292716,-0.08659055,0.8405669,6.269592,32.83
7,-0.02566528,-0.1028137,0.9943542,1.0,-0.0569458,-0.1227417,0.990799,-24.44441,6.02298,-25.55544,5.083313,0.2620963,0.3728344,1.0,-0.0234375,-0.1013794,0.9945679,31.39514,7.041016,-32.57114,4.500061,0.5514941,0.3935468,0.09058368,1.175584,-0.175071,0.2206813,0.05292716,-0.08659055,0.8405669,6.269592,32.83
7,-0.03204346,-0.1094513,0.9934692,1.0,-0.05589294,-0.119812,0.9912109,-24.45512,6.023132,-25.62056,5.080185,0.262165,0.3728344,1.0,-0.01947021,-0.1039581,0.9943848,31.38011,7.007751,-32.59998,4.49733,0.5513448,0.3954389,0.09060848,1.175862,-0.1749158,0.2192937,0.05294729,-0.08617421,0.8405669,6.269592,32.83
7,-0.03222656,-0.1172791,0.992569,1.0,-0.03903198,-0.1334839,0.9902802,-24.56935,5.993652,-25.75685,5.116714,0.2630638,0.3773141,1.0,-0.02607727,-0.1026154,0.9943695,31.36409,6.9198,-32.49654,4.513,0.5529811,0.397438,0.09066284,1.176724,-0.1743623,0.2156354,0.05318372,-0.08510096,0.8405669,6.269592,32.83
7,-0.03222656,-0.1172791,0.992569,1.0,-0.03903198,-0.1334839,0.9902802,-24.56935,5.993652,-25.75685,5.116714,0.2630638,0.3773141,1.0,-0.02607727,-0.1026154,0.9943695,31.36409,6.9198,-32.49654,4.513,0.5529811,0.397438,0.09066284,1.176724,-0.1743623,0.2156354,0.05318372,-0.08510096,0.8405669,6.269592,32.83
7,-0.02619934,-0.1176147,0.9927063,1.0,-0.04525757,-0.1225281,0.9914246,-24.57303,5.983475,-25.81618,5.005661,0.2641697,0.376242,1.0,-0.01925659,-0.1158142,0.9930725,31.3656,6.880188,-32.55157,4.517029,0.5517407,0.4017329,0.09071779,1.177864,-0.1740295,0.2105604,0.05332321,-0.08333666,0.8405669,6.269592,32.83
7,-0.02619934,-0.1176147,0.9927063,1.0,-0.04525757,-0.1225281,0.9914246,-24.57303,5.983475,-25.81618,5.005661,0.2641697,0.376242,1.0,-0.01925659,-0.1158142,0.9930725,31.3656,6.880188,-32.55157,4.517029,0.5517407,0.4017329,0.09071779,1.177864,-0.1740295,0.2105604,0.05332321,-0.08333666,0.8405669,6.269592,32.83
7,-0.03329468,-0.07820129,0.9963684,1.0,-0.08033752,-0.05955505,0.9949799,-24.53682,6.484039,-26.49168,5.106476,0.2671671,0.3537315,1.0,-0.03242493,-0.07853699,0.9963684,31.31522,7.166977,-32.48759,4.427032,0.5559308,0.3841597,0.09085107,1.179399,-0.1735542,0.2035828,0.05363264,-0.08071978,0.8405669,6.269592,32.83
7,-0.03329468,-0.07820129,0.9963684,1.0,-0.08033752,-0.05955505,0.9949799,-24.53682,6.484039,-26.49168,5.106476,0.2671671,0.3537315,1.0,-0.03242493,-0.07853699,0.9963684,31.31522,7.166977,-32.48759,4.427032,0.5559308,0.3841597,0.09085107,1.179399,-0.1735542,0.2035828,0.05363264,-0.08071978,0.8405669,6.269592,32.83
7,-0.1058807,-0.05679321,0.9927521,1.0,-0.1058807,-0.05679321,0.9927521,-24.414,7.011063,-26.26964,4.843063,0.2674148,0.3332861,1.0,0.0,0.0,0.0,31.2215,7.550018,-32.23058,-1.0,0.556452,0.3599921,0.09092259,1.180464,-0.1732896,0.1995178,0.0539345,-0.0789225,0.8405669,2.54216,32.83
7,-0.1245575,-0.01361084,0.9921112,0.9560429,-0.1245575,-0.01361084,0.9921112,-24.32811,7.611603,-27.12225,4.771683,0.2653134,0.3108005,0.916463,0.0,0.0,0.0,31.20178,7.853943,-32.05368,-1.0,0.5565458,0.339485,0.09103978,1.181487,-0.1730418,0.1952385,0.05429701,-0.07726154,0.8405669,2.54216,32.83
7,-0.07902527,0.00302124,0.9968567,0.8880832,-0.07902527,0.00302124,0.9968567,-24.33351,7.80069,-27.11565,4.229935,0.2574029,0.300022,0.884106,0.0,0.0,0.0,31.23238,7.937698,-31.96973,-1.0,0.5565473,0.3240822,0.09129071,1.183735,-0.1725156,0.1857835,0.05537783,-0.07333846,0.8405669,2.54216,32.83
7,-0.07902527,0.00302124,0.9968567,0.8880832,-0.07902527,0.00302124,0.9968567,-24.33351,7.80069,-27.11565,4.229935,0.2574029,0.300022,0.884106,0.0,0.0,0.0,31.23238,7.937698,-31.96973,-1.0,0.5565473,0.3240822,0.09129071,1.183735,-0.1725156,0.1857835,0.05537783,-0.07333846,0.8405669,2.54216,32.83
7,-0.01733398,0.04341125,0.9989014,0.8511737,-0.06393433,0.02331543,0.9976807,-24.25391,7.58075,-26.42244,4.8414,0.2520231,0.2978072,0.8864408,-0.01600647,0.04397583,0.9989014,31.3199,8.187622,-33.38499,4.442245,0.5540538,0.3323492,0.09137452,1.184971,-0.1723948,0.180492,0.05613988,-0.07151383,0.8405669,2.54216,32.83
7,-0.02659607,0.03793335,0.9989166,0.9486971,-0.09657288,0.02560425,0.9949951,-24.20355,7.387039,-26.00801,4.902527,0.2576398,0.3025256,0.9142267,-0.01690674,0.03961182,0.9990692,31.3152,7.960968,-32.66159,4.416107,0.5539012,0.3350863,0.09168804,1.187748,-0.1718342,0.1685897,0.05823765,-0.06751405,0.8405669,2.54216,32.83
7,-0.02659607,0.03793335,0.9989166,0.9486971,-0.09657288,0.02560425,0.9949951,-24.20355,7.387039,-26.00801,4.902527,0.2576398,0.3025256,0.9142267,-0.01690674,0.03961182,0.9990692,31.3152,7.960968,-32.66159,4.416107,0.5539012,0.3350863,0.09168804,1.187748,-0.1718342,0.1685897,0.05823765,-0.06751405,0.8405669,2.54216,32.83
7,-0.02568054,0.04292297,0.9987335,0.9863061,-0.06707764,0.01611328,0.9976044,-24.29874,7.312744,-25.93442,5.030365,0.2560563,0.306244,0.9293734,-0.00982666,0.05314636,0.9985352,31.29686,7.909897,-32.67336,4.582947,0.55335,0.3345798,0.09188926,1.18927,-0.1716353,0.1622207,0.0595912,-0.06530944,0.8405669,2.54216,32.83
7,-0.01271057,0.03244019,0.9993896,1.0,-0.07997131,0.02496338,0.9964752,-24.33592,7.288422,-26.05803,5.032578,0.2595863,0.3069541,1.0,-0.0005950928,0.03378296,0.9994202,31.31747,7.869019,-32.71053,4.5336,0.55092,0.3399921,0.09210634,1.190807,-0.1714708,0.1558049,0.06100744,-0.06297823,0.8405669,2.54216,32.83
7,-0.01271057,0.03244019,0.9993896,1.0,-0.07997131,0.02496338,0.9964752,-24.33592,7.288422,-26.05803,5.032578,0.2595863,0.3069541,1.0,-0.0005950928,0.03378296,0.9994202,31.31747,7.869019,-32.71053,4.5336,0.55092,0.3399921,0.09210634,1.190807,-0.1714708,0.1558049,0.06100744,-0.06297823,0.8405669,2.54216,32.83
7,-0.08459473,0.02061462,0.9962006,1.0,-0.08480835,0.02055359,0.99617,-24.34396,7.194336,-26.33736,4.976974,0.2603049,0.3130668,1.0,-0.01647949,0.04125977,0.9990082,31.36798,7.47525,-31.55487,4.714523,0.5511316,0.3434,0.09246695,1.194033,-0.1711712,0.1415671,0.06367217,-0.05819759,0.8405669,2.54216,32.83
7,-0.0736084,0.003067017,0.9972687,1.0,-0.0736084,0.003067017,0.9972687,-24.33376,7.019226,-25.72159,5.0159,0.2593531,0.3175693,1.0,-0.01480103,0.02412415,0.999588,31.37941,7.366318,-31.38524,4.675339,0.5502408,0.3490611,0.09268105,1.195834,-0.1710462,0.1335383,0.06515056,-0.05575474,0.8405669,2.54216,32.83
7,-0.06758118,0.02302551,0.9974365,1.0,-0.06758118,0.02302551,0.9974365,-24.35416,6.972626,-25.74788,5.228012,0.2591366,0.3164594,1.0,-0.01831055,0.01286316,0.9997406,31.39032,7.378571,-31.65179,4.749008,0.5506065,0.3529061,0.09312618,1.199703,-0.170826,0.1160766,0.06795798,-0.04992362,0.8405669,-18.37988,32.83
7,-0.06758118,0.02302551,0.9974365,1.0,-0.06758118,0.02302551,0.9974365,-24.35416,6.972626,-25.74788,5.228012,0.2591366,0.3164594,1.0,-0.01831055,0.01286316,0.9997406,31.39032,7.378571,-31.65179,4.749008,0.5506065,0.3529061,0.09312618,1.199703,-0.170826,0.1160766,0.06795798,-0.04992362,0.8405669,-18.37988,32.83
7,-0.06455994,-0.0227356,0.9976501,1.0,-0.06494141,-0.02281189,0.9976196,-24.3262,6.954697,-25.97812,5.046082,0.2576035,0.3266037,1.0,0.01281738,-0.007568359,0.9998779,31.38091,7.478928,-32.2977,4.673218,0.5458357,0.3584658,0.09332728,1.201887,-0.170827,0.1063997,0.06920073,-0.04658754,0.8405669,-18.37988,32.83
7,-0.02485657,-0.01950073,0.9994965,1.0,-0.05482483,-0.01937866,0.9983063,-24.29262,6.705231,-25.26311,5.337311,0.2557902,0.3289565,1.0,0.01452637,-0.0196228,0.9996948,31.42711,7.410461,-32.39809,4.798798,0.5439422,0.3638953,0.09345138,1.204147,-0.170803,0.0967789,0.0701899,-0.04319668,0.8405669,-18.37988,32.83
8,-0.03848267,-0.04093933,0.9984131,1.0,-0.05220032,-0.04020691,0.997818,-24.26485,6.58078,-24.98015,5.37616,0.254994,0.3345641,1.0,0.00793457,-0.0433197,0.9990234,31.43582,7.326706,-32.25934,4.72641,0.5446353,0.3700052,0.09351575,1.206516,-0.1709143,0.08617602,0.07120467,-0.0395046,0.8405669,-18.37988,32.83
8,-0.03848267,-0.04093933,0.9984131,1.0,-0.05220032,-0.04020691,0.997818,-24.26485,6.58078,-24.98015,5.37616,0.254994,0.3345641,1.0,0.00793457,-0.0433197,0.9990234,31.43582,7.326706,-32.25934,4.72641,0.5446353,0.3700052,0.09351575,1.206516,-0.1709143,0.08617602,0.07120467,-0.0395046,0.8405669,-18.37988,32.83
8,-0.03544617,-0.05767822,0.9976959,1.0,-0.03591919,-0.05775452,0.9976807,-24.28067,6.560181,-25.12392,5.390732,0.2527935,0.339525,1.0,0.0007019043,-0.05276489,0.9985962,31.45226,7.42038,-32.87463,4.7995,0.5456532,0.373694,0.09367013,1.211658,-0.1713489,0.06334156,0.07379825,-0.03131169,0.8405669,-18.37988,32.83
8,0.009887695,-0.09919739,0.9950104,1.0,-0.06826782,-0.05337524,0.9962311,-24.27533,6.391739,-25.25905,5.531357,0.2569413,0.3447804,1.0,0.01637268,-0.1029663,0.9945374,31.36945,7.09758,-31.84035,4.57811,0.5451258,0.3853912,0.09368324,1.214383,-0.1717162,0.05114571,0.07521027,-0.0263126,0.8405669,-18.37988,32.83
8,0.009887695,-0.09919739,0.9950104,1.0,-0.06826782,-0.05337524,0.9962311,-24.27533,6.391739,-25.25905,5.531357,0.2569413,0.3447804,1.0,0.01637268,-0.1029663,0.9945374,31.36945,7.09758,-31.84035,4.57811,0.5451258,0.3853912,0.09368324,1.214383,-0.1717162,0.05114571,0.07521027,-0.0263126,0.8405669,-18.37988,32.83
8,0.01530457,-0.08763123,0.9960327,1.0,-0.03800964,-0.07402039,0.996521,-24.32426,6.539963,-24.76181,5.451065,0.2550525,0.3399825,1.0,0.01554871,-0.08769226,0.9960175,31.33849,7.33548,-32.32489,4.537643,0.546693,0.3783665,0.09354472,1.219778,-0.1725656,0.02629985,0.07782459,-0.01599634,0.8111052,-18.37988,32.83
8,-0.00227356,-0.05169678,0.9986572,1.0,-0.05836487,-0.04426575,0.9972992,-24.56602,7.523956,-26.91368,5.082321,0.2635531,0.3189251,1.0,-0.00227356,-0.05169678,0.9986572,31.13274,7.611282,-31.68932,4.512192,0.5569088,0.3563703,0.0929538,1.225069,-0.1740559,0.002796982,0.07943983,-0.005711273,0.8111052,-18.37988,32.83
8,-0.00227356,-0.05169678,0.9986572,1.0,-0.05836487,-0.04426575,0.9972992,-24.56602,7.523956,-26.91368,5.082321,0.2635531,0.3189251,1.0,-0.00227356,-0.05169678,0.9986572,31.13274,7.611282,-31.68932,4.512192,0.5569088,0.3563703,0.0929538,1.225069,-0.1740559,0.002796982,0.07943983,-0.005711273,0.8111052,-18.37988,32.83
8,-0.009979248,-0.01646423,0.9998016,0.9833502,-0.05813599,-0.01513672,0.9981842,-24.69772,8.140106,-29.18861,4.958282,0.262023,0.3072266,0.8970122,-0.009979248,-0.01646423,0.9998016,31.10666,7.805756,-31.9109,4.533386,0.5594748,0.3447902,0.09208715,1.229658,-0.1760606,-0.01845806,0.08017948,0.004326183,0.8111052,-18.37988,32.83
8,-0.009979248,-0.01646423,0.9998016,0.9833502,-0.05813599,-0.01513672,0.9981842,-24.69772,8.140106,-29.18861,4.958282,0.262023,0.3072266,0.8970122,-0.009979248,-0.01646423,0.9998016,31.10666,7.805756,-31.9109,4.533386,0.5594748,0.3447902,0.09208715,1.229658,-0.1760606,-0.01845806,0.08017948,0.004326183,0.8111052,-18.37988,32.83
8,-0.003616333,-0.007705688,0.9999542,1.0,-0.06674194,-0.00138855,0.997757,-24.51437,7.798172,-27.53493,4.952332,0.2605766,0.3047322,1.0,-0.003616333,-0.007705688,0.9999542,31.12308,7.76944,-31.71774,4.537094,0.5576642,0.3428761,0.09119296,1.233554,-0.1781921,-0.03606553,0.07983623,0.01323548,0.8111052,-18.37988,32.83
8,-0.003616333,-0.007705688,0.9999542,1.0,-0.06674194,-0.00138855,0.997757,-24.51437,7.798172,-27.53493,4.952332,0.2605766,0.3047322,1.0,-0.003616333,-0.007705688,0.9999542,31.12308,7.76944,-31.71774,4.537094,0.5576642,0.3428761,0.09119296,1.233554,-0.1781921,-0.03606553,0.07983623,0.01323548,0.8111052,-18.37988,32.83
8,0.01377869,-0.01377869,0.9998016,0.9753751,-0.0682373,-0.0223999,0.997406,-24.36961,7.021454,-25.4697,4.942612,0.2598023,0.3193788,0.9232935,0.01377869,-0.01377869,0.9998016,31.16551,7.52327,-31.57867,4.677124,0.5529411,0.3518156,0.09119296,1.233554,-0.1781921,-0.03606553,0.07983623,0.01323548,0.8111052,-3.86618,32.83
8,0.001785278,-0.02667236,0.9996338,1.0,-0.04550171,-0.02481079,0.998642,-24.54088,6.990631,-26.26291,5.159882,0.2609178,0.327738,1.0,0.001785278,-0.02667236,0.9996338,31.17963,7.397644,-31.62898,4.746811,0.5544969,0.359093,0.08948231,1.238416,-0.1818299,-0.05918246,0.07970463,0.02435448,0.8111052,-3.86618,32.83
8,0.001785278,-0.02667236,0.9996338,1.0,-0.04550171,-0.02481079,0.998642,-24.54088,6.990631,-26.26291,5.159882,0.2609178,0.327738,1.0,0.001785278,-0.02667236,0.9996338,31.17963,7.397644,-31.62898,4.746811,0.5544969,0.359093,0.08948231,1.238416,-0.1818299,-0.05918246,0.07970463,0.02435448,0.8111052,-3.86618,32.83
8,0.006881714,-0.04016113,0.9991608,1.0,-0.05181885,-0.04577637,0.9976044,-24.59184,6.910522,-26.28911,5.135742,0.2639164,0.3345094,1.0,0.006881714,-0.04016113,0.9991608,31.17398,7.272751,-31.34512,4.747574,0.5535811,0.3635948,0.08738697,1.241328,-0.1856704,-0.07450881,0.07808046,0.03013011,0.8111052,-3.86618,32.83
8,0.006881714,-0.04016113,0.9991608,1.0,-0.05181885,-0.04577637,0.9976044,-24.59184,6.910522,-26.28911,5.135742,0.2639164,0.3345094,1.0,0.006881714,-0.04016113,0.9991608,31.17398,7.272751,-31.34512,4.747574,0.5535811,0.3635948,0.08738697,1.241328,-0.1856704,-0.07450881,0.07808046,0.03013011,0.8111052,-3.86618,32.83
8,0.005950928,-0.07913208,0.9968414,1.0,-0.04011536,-0.06393433,0.9971466,-24.62503,6.582352,-25.7887,5.048126,0.2644325,0.3452356,1.0,0.005966187,-0.07914734,0.9968414,31.1826,7.157639,-31.27548,4.609848,0.5532564,0.3741598,0.08516324,1.243552,-0.1892855,-0.08616979,0.07426161,0.03512763,0.8111052,-3.86618,32.83
8,0.005950928,-0.07913208,0.9968414,1.0,-0.04011536,-0.06393433,0.9971466,-24.62503,6.582352,-25.7887,5.048126,0.2644325,0.3452356,1.0,0.005966187,-0.07914734,0.9968414,31.1826,7.157639,-31.27548,4.609848,0.5532564,0.3741598,0.08516324,1.243552,-0.1892855,-0.08616979,0.07426161,0.03512763,0.8111052,-3.86618,32.83
8,-0.0512085,-0.07583618,0.9958038,1.0,-0.0610199,-0.07061768,0.9956207,-24.69119,6.548569,-26.26726,5.368988,0.2691961,0.3514761,1.0,0.007614136,-0.106781,0.9942474,31.13268,7.147446,-31.72504,4.710403,0.554965,0.3834163,0.08294868,1.244983,-0.1927327,-0.09358423,0.06913212,0.0373156,0.8111052,-3.86618,32.83
8,-0.0512085,-0.07583618,0.9958038,1.0,-0.0610199,-0.07061768,0.9956207,-24.69119,6.548569,-26.26726,5.368988,0.2691961,0.3514761,1.0,0.007614136,-0.106781,0.9942474,31.13268,7.147446,-31.72504,4.710403,0.554965,0.3834163,0.08294868,1.244983,-0.1927327,-0.09358423,0.06913212,0.0373156,0.8111052,-3.86618,32.83
8,-0.0512085,-0.07583618,0.9958038,1.0,-0.0610199,-0.07061768,0.9956207,-24.69119,6.548569,-26.26726,5.368988,0.2691961,0.3514761,1.0,0.007614136,-0.106781,0.9942474,31.13268,7.147446,-31.72504,4.710403,0.554965,0.3834163,0.08294868,1.244983,-0.1927327,-0.09358423,0.06913212,0.0373156,0.8111052,-3.86618,32.83
8,-0.0512085,-0.07583618,0.9958038,1.0,-0.0610199,-0.07061768,0.9956207,-24.69119,6.548569,-26.26726,5.368988,0.2691961,0.3514761,1.0,0.007614136,-0.106781,0.9942474,31.13268,7.147446,-31.72504,4.710403,0.554965,0.3834163,0.08294868,1.244983,-0.1927327,-0.09358423,0.06913212,0.0373156,0.8111052,-3.86618,32.83
8,0.0008239746,-0.119873,0.9927826,1.0,-0.004379272,-0.1000519,0.9949646,-24.71912,6.335648,-25.97556,5.067688,0.2615018,0.3612328,1.0,0.006347656,-0.1407471,0.9900208,31.07866,6.920944,-31.17236,4.614868,0.5566294,0.3927921,0.08081162,1.246184,-0.195935,-0.09917423,0.06366655,0.03786365,0.8111052,-3.86618,32.83
8,0.0008239746,-0.119873,0.9927826,1.0,-0.004379272,-0.1000519,0.9949646,-24.71912,6.335648,-25.97556,5.067688,0.2615018,0.3612328,1.0,0.006347656,-0.1407471,0.9900208,31.07866,6.920944,-31.17236,4.614868,0.5566294,0.3927921,0.08081162,1.246184,-0.195935,-0.09917423,0.06366655,0.03786365,0.8111052,-3.86618,32.83
8,0.0008239746,-0.119873,0.9927826,1.0,-0.004379272,-0.1000519,0.9949646,-24.71912,6.335648,-25.97556,5.067688,0.2615018,0.3612328,1.0,0.006347656,-0.1407471,0.9900208,31.07866,6.920944,-31.17236,4.614868,0.5566294,0.3927921,0.08081162,1.246184,-0.195935,-0.09917423,0.06366655,0.03786365,0.8111052,-3.86618,32.83
8,-0.03408813,-0.1512909,0.9878845,1.0,-0.04985046,-0.143158,0.9884338,-24.91539,6.306503,-25.78786,5.316925,0.2761594,0.3686835,1.0,-0.0001831055,-0.1686249,0.985672,30.98189,7.010361,-31.65637,4.556229,0.5614694,0.3988563,0.07878101,1.246903,-0.1988168,-0.1018943,0.0581429,0.03591026,0.8111052,-3.86618,32.83
8,-0.03408813,-0.1512909,0.9878845,1.0,-0.04985046,-0.143158,0.9884338,-24.91539,6.306503,-25.78786,5.316925,0.2761594,0.3686835,1.0,-0.0001831055,-0.1686249,0.985672,30.98189,7.010361,-31.65637,4.556229,0.5614694,0.3988563,0.07878101,1.246903,-0.1988168,-0.1018943,0.0581429,0.03591026,0.8111052,-3.86618,32.83
8,-0.02325439,-0.1958771,0.9803467,1.0,-0.04039001,-0.1797638,0.9828644,-25.07373,6.346909,-26.18547,5.050827,0.279864,0.3772655,1.0,-0.01318359,-0.205307,0.9786072,30.91599,6.99144,-31.63103,4.509842,0.5659733,0.4060181,0.07712138,1.247831,-0.2012562,-0.1054863,0.05356815,0.03452584,0.8111052,2.63205,32.83
8,-0.02325439,-0.1958771,0.9803467,1.0,-0.04039001,-0.1797638,0.9828644,-25.07373,6.346909,-26.18547,5.050827,0.279864,0.3772655,1.0,-0.01318359,-0.205307,0.9786072,30.91599,6.99144,-31.63103,4.509842,0.5659733,0.4060181,0.07712138,1.247831,-0.2012562,-0.1054863,0.05356815,0.03452584,0.8111052,2.63205,32.83
8,-0.02325439,-0.1958771,0.9803467,1.0,-0.04039001,-0.1797638,0.9828644,-25.07373,6.346909,-26.18547,5.050827,0.279864,0.3772655,1.0,-0.01318359,-0.205307,0.9786072,30.91599,6.99144,-31.63103,4.509842,0.5659733,0.4060181,0.07712138,1.247831,-0.2012562,-0.1054863,0.05356815,0.03452584,0.8111052,2.63205,32.83
8,-0.02325439,-0.1958771,0.9803467,1.0,-0.04039001,-0.1797638,0.9828644,-25.07373,6.346909,-26.18547,5.050827,0.279864,0.3772655,1.0,-0.01318359,-0.205307,0.9786072,30.91599,6.99144,-31.63103,4.509842,0.5659733,0.4060181,0.07712138,1.247831,-0.2012562,-0.1054863,0.05356815,0.03452584,0.8111052,2.63205,32.83
8,-0.01728821,-0.1981506,0.980011,1.0,-0.05834961,-0.1980743,0.9784393,-25.22998,6.388474,-26.18552,5.004547,0.2883087,0.3794003,1.0,-0.009979248,-0.1981201,0.9801178,30.78296,6.975922,-31.62155,4.518356,0.5701171,0.4051691,0.07529235,1.248349,-0.2036291,-0.1084413,0.04861051,0.03476433,0.8111052,2.63205,32.83
8,-0.01728821,-0.1981506,0.980011,1.0,-0.05834961,-0.1980743,0.9784393,-25.22998,6.388474,-26.18552,5.004547,0.2883087,0.3794003,1.0,-0.009979248,-0.1981201,0.9801178,30.78296,6.975922,-31.62155,4.518356,0.5701171,0.4051691,0.07529235,1.248349,-0.2036291,-0.1084413,0.04861051,0.03476433,0.8111052,2.63205,32.83
8,-0.04721069,-0.2345276,0.9709473,1.0,-0.05807495,-0.2675476,0.9617767,-25.31999,6.395065,-26.23476,4.557663,0.2916354,0.392102,1.0,-0.03877258,-0.208786,0.9771881,30.71182,6.956833,-31.62085,4.651321,0.5776182,0.4077837,0.0731771,1.249053,-0.2059102,-0.1121163,0.04310742,0.03340425,0.8111052,2.63205,32.83
8,-0.04721069,-0.2345276,0.9709473,1.0,-0.05807495,-0.2675476,0.9617767,-25.31999,6.395065,-26.23476,4.557663,0.2916354,0.392102,1.0,-0.03877258,-0.208786,0.9771881,30.71182,6.956833,-31.62085,4.651321,0.5776182,0.4077837,0.0731771,1.249053,-0.2059102,-0.1121163,0.04310742,0.03340425,0.8111052,2.63205,32.83
8,-0.04721069,-0.2345276,0.9709473,1.0,-0.05807495,-0.2675476,0.9617767,-25.31999,6.395065,-26.23476,4.557663,0.2916354,0.392102,1.0,-0.03877258,-0.208786,0.9771881,30.71182,6.956833,-31.62085,4.651321,0.5776182,0.4077837,0.0731771,1.249053,-0.2059102,-0.1121163,0.04310742,0.03340425,0.8111052,2.63205,32.83
8,-0.04721069,-0.2345276,0.9709473,1.0,-0.05807495,-0.2675476,0.9617767,-25.31999,6.395065,-26.23476,4.557663,0.2916354,0.392102,1.0,-0.03877258,-0.208786,0.9771881,30.71182,6.956833,-31.62085,4.651321,0.5776182,0.4077837,0.0731771,1.249053,-0.2059102,-0.1121163,0.04310742,0.03340425,0.8111052,2.63205,32.83
8,0.001693726,-0.17099,0.98526,1.0,-0.007125854,-0.1700897,0.9853973,-24.73714,6.532013,-25.48488,5.094543,0.2637009,0.3631445,1.0,0.04118347,-0.1748352,0.9837189,31.0197,7.004059,-30.53659,4.622238,0.552343,0.3905374,0.07129443,1.249883,-0.2078365,-0.1162169,0.0384444,0.0331818,0.8111052,2.63205,32.83
8,0.001693726,-0.17099,0.98526,1.0,-0.007125854,-0.1700897,0.9853973,-24.73714,6.532013,-25.48488,5.094543,0.2637009,0.3631445,1.0,0.04118347,-0.1748352,0.9837189,31.0197,7.004059,-30.53659,4.622238,0.552343,0.3905374,0.07129443,1.249883,-0.2078365,-0.1162169,0.0384444,0.0331818,0.8111052,2.63205,32.83
8,0.001693726,-0.17099,0.98526,1.0,-0.007125854,-0.1700897,0.9853973,-24.73714,6.532013,-25.48488,5.094543,0.2637009,0.3631445,1.0,0.04118347,-0.1748352,0.9837189,31.0197,7.004059,-30.53659,4.622238,0.552343,0.3905374,0.07129443,1.249883,-0.2078365,-0.1162169,0.0384444,0.0331818,0.8111052,2.63205,32.83
8,0.02534485,-0.1752625,0.9841919,1.0,-0.02871704,-0.141037,0.9895782,-24.83336,6.484497,-25.30223,5.336884,0.2707241,0.3584789,1.0,0.02574158,-0.1755219,0.9841309,31.0127,7.142303,-31.33873,4.580109,0.5557418,0.392693,0.06954896,1.250828,-0.2094427,-0.1214476,0.03377556,0.03471672,0.8111052,7.053192,32.83
8,0.02534485,-0.1752625,0.9841919,1.0,-0.02871704,-0.141037,0.9895782,-24.83336,6.484497,-25.30223,5.336884,0.2707241,0.3584789,1.0,0.02574158,-0.1755219,0.9841309,31.0127,7.142303,-31.33873,4.580109,0.5557418,0.392693,0.06954896,1.250828,-0.2094427,-0.1214476,0.03377556,0.03471672,0.8111052,7.053192,32.83
8,-0.008270264,-0.188324,0.9820709,1.0,-0.04389954,-0.1966248,0.9794922,-24.95552,6.609955,-25.72598,5.070679,0.2769898,0.3675222,1.0,0.02223206,-0.1809998,0.9832153,30.99956,7.131821,-31.32825,4.47757,0.5567692,0.3939906,0.06793535,1.251501,-0.2109601,-0.1256139,0.03040311,0.03629576,0.8111052,7.053192,32.83
8,-0.008270264,-0.188324,0.9820709,1.0,-0.04389954,-0.1966248,0.9794922,-24.95552,6.609955,-25.72598,5.070679,0.2769898,0.3675222,1.0,0.02223206,-0.1809998,0.9832153,30.99956,7.131821,-31.32825,4.47757,0.5567692,0.3939906,0.06793535,1.251501,-0.2109601,-0.1256139,0.03040311,0.03629576,0.8111052,7.053192,32.83
8,-0.008270264,-0.188324,0.9820709,1.0,-0.04389954,-0.1966248,0.9794922,-24.95552,6.609955,-25.72598,5.070679,0.2769898,0.3675222,1.0,0.02223206,-0.1809998,0.9832153,30.99956,7.131821,-31.32825,4.47757,0.5567692,0.3939906,0.06793535,1.251501,-0.2109601,-0.1256139,0.03040311,0.03629576,0.8111052,7.053192,32.83
8,-0.008270264,-0.188324,0.9820709,1.0,-0.04389954,-0.1966248,0.9794922,-24.95552,6.609955,-25.72598,5.070679,0.2769898,0.3675222,1.0,0.02223206,-0.1809998,0.9832153,30.99956,7.131821,-31.32825,4.47757,0.5567692,0.3939906,0.06793535,1.251501,-0.2109601,-0.1256139,0.03040311,0.03629576,0.8111052,7.053192,32.83
8,-0.004364014,-0.1813202,0.9833984,1.0,-0.03207397,-0.1686401,0.9851532,-25.09534,6.533325,-25.78195,5.074829,0.2797737,0.3657723,1.0,-0.003921509,-0.1815186,0.9833679,30.88821,7.086884,-31.39063,4.505997,0.5652466,0.3961963,0.06632149,1.252099,-0.2123343,-0.1296538,0.02643294,0.03649168,0.8111052,7.053192,32.83
8,-0.004364014,-0.1813202,0.9833984,1.0,-0.03207397,-0.1686401,0.9851532,-25.09534,6.533325,-25.78195,5.074829,0.2797737,0.3657723,1.0,-0.003921509,-0.1815186,0.9833679,30.88821,7.086884,-31.39063,4.505997,0.5652466,0.3961963,0.06632149,1.252099,-0.2123343,-0.1296538,0.02643294,0.03649168,0.8111052,7.053192,32.83
8,-0.004364014,-0.1813202,0.9833984,1.0,-0.03207397,-0.1686401,0.9851532,-25.09534,6.533325,-25.78195,5.074829,0.2797737,0.3657723,1.0,-0.003921509,-0.1815186,0.9833679,30.88821,7.086884,-31.39063,4.505997,0.5652466,0.3961963,0.06632149,1.252099,-0.2123343,-0.1296538,0.02643294,0.03649168,0.8111052,7.053192,32.83
8,-0.01623535,-0.1985474,0.97995,1.0,-0.03352356,-0.2066498,0.977829,-25.17767,6.532837,-25.88095,4.934601,0.282857,0.3733828,1.0,-0.004714966,-0.1931152,0.9811554,30.86613,7.078979,-31.39857,4.404556,0.5661294,0.398686,0.06466269,1.252898,-0.2135527,-0.134935,0.02218391,0.03721123,0.8111052,7.053192,32.83
8,-0.01623535,-0.1985474,0.97995,1.0,-0.03352356,-0.2066498,0.977829,-25.17767,6.532837,-25.88095,4.934601,0.282857,0.3733828,1.0,-0.004714966,-0.1931152,0.9811554,30.86613,7.078979,-31.39857,4.404556,0.5661294,0.398686,0.06466269,1.252898,-0.2135527,-0.134935,0.02218391,0.03721123,0.8111052,7.053192,32.83
8,-0.04127502,-0.2366638,0.9707031,1.0,-0.07012939,-0.2440643,0.9672089,-25.25708,6.493271,-25.89622,4.59964,0.2919788,0.3819623,1.0,-0.01722717,-0.2303467,0.9729462,30.77838,7.054321,-31.39845,4.233505,0.5713198,0.4064495,0.06292248,1.253764,-0.2149092,-0.1408985,0.01722922,0.03872439,0.8111052,7.053192,32.83
8,-0.04127502,-0.2366638,0.9707031,1.0,-0.07012939,-0.2440643,0.9672089,-25.25708,6.493271,-25.89622,4.59964,0.2919788,0.3819623,1.0,-0.01722717,-0.2303467,0.9729462,30.77838,7.054321,-31.39845,4.233505,0.5713198,0.4064495,0.06292248,1.253764,-0.2149092,-0.1408985,0.01722922,0.03872439,0.8111052,7.053192,32.83
8,-0.04127502,-0.2366638,0.9707031,1.0,-0.07012939,-0.2440643,0.9672089,-25.25708,6.493271,-25.89622,4.59964,0.2919788,0.3819623,1.0,-0.01722717,-0.2303467,0.9729462,30.77838,7.054321,-31.39845,4.233505,0.5713198,0.4064495,0.06292248,1.253764,-0.2149092,-0.1408985,0.01722922,0.03872439,0.8111052,7.053192,32.83
8,-0.04127502,-0.2366638,0.9707031,1.0,-0.07012939,-0.2440643,0.9672089,-25.25708,6.493271,-25.89622,4.59964,0.2919788,0.3819623,1.0,-0.01722717,-0.2303467,0.9729462,30.77838,7.054321,-31.39845,4.233505,0.5713198,0.4064495,0.06292248,1.253764,-0.2149092,-0.1408985,0.01722922,0.03872439,0.8111052,7.053192,32.83
8,-0.03709412,-0.2359009,0.9710541,1.0,-0.05735779,-0.2474823,0.9671783,-25.31323,6.462448,-25.90938,4.533798,0.2918161,0.3836893,1.0,-0.01895142,-0.2254333,0.9740601,30.74612,7.010025,-31.40848,4.314423,0.5727654,0.4071662,0.06113482,1.254868,-0.2163603,-0.1477528,0.01194669,0.03961214,0.8111052,7.053192,32.83
8,-0.03709412,-0.2359009,0.9710541,1.0,-0.05735779,-0.2474823,0.9671783,-25.31323,6.462448,-25.90938,4.533798,0.2918161,0.3836893,1.0,-0.01895142,-0.2254333,0.9740601,30.74612,7.010025,-31.40848,4.314423,0.5727654,0.4071662,0.06113482,1.254868,-0.2163603,-0.1477528,0.01194669,0.03961214,0.8111052,7.053192,32.83
8,-0.03709412,-0.2359009,0.9710541,1.0,-0.05735779,-0.2474823,0.9671783,-25.31323,6.462448,-25.90938,4.533798,0.2918161,0.3836893,1.0,-0.01895142,-0.2254333,0.9740601,30.74612,7.010025,-31.40848,4.314423,0.5727654,0.4071662,0.06113482,1.254868,-0.2163603,-0.1477528,0.01194669,0.03961214,0.8111052,7.053192,32.83
8,-0.03709412,-0.2359009,0.9710541,1.0,-0.05735779,-0.2474823,0.9671783,-25.31323,6.462448,-25.90938,4.533798,0.2918161,0.3836893,1.0,-0.01895142,-0.2254333,0.9740601,30.74612,7.010025,-31.40848,4.314423,0.5727654,0.4071662,0.05948138,1.255885,-0.2177973,-0.1540023,0.007306905,0.04051135,0.8111052,-10.47089,32.83
8,-0.03709412,-0.2359009,0.9710541,1.0,-0.05735779,-0.2474823,0.9671783,-25.31323,6.462448,-25.90938,4.533798,0.2918161,0.3836893,1.0,-0.01895142,-0.2254333,0.9740601,30.74612,7.010025,-31.40848,4.314423,0.5727654,0.4071662,0.05948138,1.255885,-0.2177973,-0.1540023,0.007306905,0.04051135,0.8111052,-10.47089,32.83
8,-0.03709412,-0.2359009,0.9710541,1.0,-0.05735779,-0.2474823,0.9671783,-25.31323,6.462448,-25.90938,4.533798,0.2918161,0.3836893,1.0,-0.01895142,-0.2254333,0.9740601,30.74612,7.010025,-31.40848,4.314423,0.5727654,0.4071662,0.05948138,1.255885,-0.2177973,-0.1540023,0.007306905,0.04051135,0.8111052,-10.47089,32.83
8,-0.04632568,-0.270401,0.9616241,1.0,-0.06835938,-0.3032684,0.9504395,-25.46455,6.371262,-25.94012,4.244781,0.2989604,0.3972878,1.0,-0.0280304,-0.2428589,0.9696503,30.61925,6.916336,-31.43448,4.296143,0.5787842,0.4139294,0.0579561,1.256601,-0.2193915,-0.1587051,0.002441406,0.04187493,0.8111052,-10.47089,32.83
8,-0.04632568,-0.270401,0.9616241,1.0,-0.06835938,-0.3032684,0.9504395,-25.46455,6.371262,-25.94012,4.244781,0.2989604,0.3972878,1.0,-0.0280304,-0.2428589,0.9696503,30.61925,6.916336,-31.43448,4.296143,0.5787842,0.4139294,0.0579561,1.256601,-0.2193915,-0.1587051,0.002441406,0.04187493,0.8111052,-10.47089,32.83
8,-0.07142639,-0.2746429,0.9588776,1.0,-0.09254456,-0.2989349,0.9497681,-25.51054,6.254578,-25.98439,4.248917,0.3045035,0.4010078,1.0,-0.05639648,-0.2572174,0.9646912,30.58092,6.838074,-31.47395,4.166901,0.5850336,0.4197904,0.05638492,1.257092,-0.2211335,-0.1620748,-0.002685547,0.04263243,0.8111052,-10.47089,32.83
8,-0.07142639,-0.2746429,0.9588776,1.0,-0.09254456,-0.2989349,0.9497681,-25.51054,6.254578,-25.98439,4.248917,0.3045035,0.4010078,1.0,-0.05639648,-0.2572174,0.9646912,30.58092,6.838074,-31.47395,4.166901,0.5850336,0.4197904,0.05638492,1.257092,-0.2211335,-0.1620748,-0.002685547,0.04263243,0.8111052,-10.47089,32.83
8,-0.07142639,-0.2746429,0.9588776,1.0,-0.09254456,-0.2989349,0.9497681,-25.51054,6.254578,-25.98439,4.248917,0.3045035,0.4010078,1.0,-0.05639648,-0.2572174,0.9646912,30.58092,6.838074,-31.47395,4.166901,0.5850336,0.4197904,0.05638492,1.257092,-0.2211335,-0.1620748,-0.002685547,0.04263243,0.8111052,-10.47089,32.83
8,-0.07247925,-0.2845306,0.9559174,0.9463091,-0.1016541,-0.2769165,0.9554901,-25.61513,6.173645,-26.03448,4.386795,0.3094414,0.4003049,0.9431924,-0.04699707,-0.2909546,0.9555664,30.50154,6.77562,-31.49925,4.147217,0.5861911,0.4284891,0.05494142,1.257332,-0.2227409,-0.1636498,-0.008268406,0.04208081,0.8111052,-10.47089,32.83
8,-0.07247925,-0.2845306,0.9559174,0.9463091,-0.1016541,-0.2769165,0.9554901,-25.61513,6.173645,-26.03448,4.386795,0.3094414,0.4003049,0.9431924,-0.04699707,-0.2909546,0.9555664,30.50154,6.77562,-31.49925,4.147217,0.5861911,0.4284891,0.05494142,1.257332,-0.2227409,-0.1636498,-0.008268406,0.04208081,0.8111052,-10.47089,32.83
8,-0.07247925,-0.2845306,0.9559174,0.9463091,-0.1016541,-0.2769165,0.9554901,-25.61513,6.173645,-26.03448,4.386795,0.3094414,0.4003049,0.9431924,-0.04699707,-0.2909546,0.9555664,30.50154,6.77562,-31.49925,4.147217,0.5861911,0.4284891,0.05494142,1.257332,-0.2227409,-0.1636498,-0.008268406,0.04208081,0.8111052,-10.47089,32.83
8,-0.08351135,-0.283493,0.9553223,0.8894998,-0.1107635,-0.2932129,0.9496002,-25.724,6.122269,-26.076,4.522705,0.3144473,0.4053522,0.9238507,-0.06013489,-0.2749634,0.9595642,30.42569,6.746811,-31.50533,4.195496,0.5911602,0.4265804,0.05368364,1.257726,-0.2243251,-0.165124,-0.01368114,0.04101399,0.8111052,-10.47089,32.83
8,-0.08351135,-0.283493,0.9553223,0.8894998,-0.1107635,-0.2932129,0.9496002,-25.724,6.122269,-26.076,4.522705,0.3144473,0.4053522,0.9238507,-0.06013489,-0.2749634,0.9595642,30.42569,6.746811,-31.50533,4.195496,0.5911602,0.4265804,0.05368364,1.257726,-0.2243251,-0.165124,-0.01368114,0.04101399,0.8111052,-10.47089,32.83
8,-0.08351135,-0.283493,0.9553223,0.8894998,-0.1107635,-0.2932129,0.9496002,-25.724,6.122269,-26.076,4.522705,0.3144473,0.4053522,0.9238507,-0.06013489,-0.2749634,0.9595642,30.42569,6.746811,-31.50533,4.195496,0.5911602,0.4265804,0.05368364,1.257726,-0.2243251,-0.165124,-0.01368114,0.04101399,0.8111052,-10.47089,32.83
8,-0.09494019,-0.3023987,0.9484253,0.8787091,-0.1069946,-0.3192596,0.9415894,-25.79681,6.113358,-26.10612,4.128143,0.3164983,0.4107579,0.9043065,-0.08483887,-0.2881927,0.9537964,30.35162,6.745911,-31.52258,4.1642,0.5980794,0.4293263,0.05257213,1.258106,-0.2258381,-0.166351,-0.0186576,0.04052275,0.8111052,-11.05309,32.83
8,-0.09494019,-0.3023987,0.9484253,0.8787091,-0.1069946,-0.3192596,0.9415894,-25.79681,6.113358,-26.10612,4.128143,0.3164983,0.4107579,0.9043065,-0.08483887,-0.2881927,0.9537964,30.35162,6.745911,-31.52258,4.1642,0.5980794,0.4293263,0.05257213,1.258106,-0.2258381,-0.166351,-0.0186576,0.04052275,0.8111052,-11.05309,32.83
8,-0.09494019,-0.3023987,0.9484253,0.8787091,-0.1069946,-0.3192596,0.9415894,-25.79681,6.113358,-26.10612,4.128143,0.3164983,0.4107579,0.9043065,-0.08483887,-0.2881927,0.9537964,30.35162,6.745911,-31.52258,4.1642,0.5980794,0.4293263,0.05257213,1.258106,-0.2258381,-0.166351,-0.0186576,0.04052275,0.8111052,-11.05309,32.83
8,-0.1109009,-0.3108673,0.9439545,0.8542905,-0.131134,-0.3274078,0.93573,-25.89017,6.119171,-26.11197,4.086441,0.323647,0.4123821,0.8821796,-0.0929718,-0.2960815,0.9506226,30.29031,6.733078,-31.54182,4.123489,0.6016781,0.4314784,0.05156827,1.258553,-0.2273431,-0.1681849,-0.02352286,0.03875285,0.8111052,-11.05309,32.83
8,-0.1109009,-0.3108673,0.9439545,0.8542905,-0.131134,-0.3274078,0.93573,-25.89017,6.119171,-26.11197,4.086441,0.323647,0.4123821,0.8821796,-0.0929718,-0.2960815,0.9506226,30.29031,6.733078,-31.54182,4.123489,0.6016781,0.4314784,0.05156827,1.258553,-0.2273431,-0.1681849,-0.02352286,0.03875285,0.8111052,-11.05309,32.83
8,-0.1109009,-0.3108673,0.9439545,0.8542905,-0.131134,-0.3274078,0.93573,-25.89017,6.119171,-26.11197,4.086441,0.323647,0.4123821,0.8821796,-0.0929718,-0.2960815,0.9506226,30.29031,6.733078,-31.54182,4.123489,0.6016781,0.4314784,0.05156827,1.258553,-0.2273431,-0.1681849,-0.02352286,0.03875285,0.8111052,-11.05309,32.83
8,-0.1114349,-0.3056946,0.9455719,0.834335,-0.1383514,-0.3199921,0.9372559,-25.93953,6.10849,-26.12335,4.146301,0.326462,0.4115661,0.8766078,-0.08961487,-0.2939301,0.9516144,30.20816,6.741531,-31.53233,4.180573,0.6040015,0.4306422,0.05097079,1.258956,-0.2283431,-0.1696186,-0.02634712,0.03746843,0.8111052,-11.05309,32.83
8,-0.1114349,-0.3056946,0.9455719,0.834335,-0.1383514,-0.3199921,0.9372559,-25.93953,6.10849,-26.12335,4.146301,0.326462,0.4115661,0.8766078,-0.08961487,-0.2939301,0.9516144,30.20816,6.741531,-31.53233,4.180573,0.6040015,0.4306422,0.05097079,1.258956,-0.2283431,-0.1696186,-0.02634712,0.03746843,0.8111052,-11.05309,32.83
8,-0.1114349,-0.3056946,0.9455719,0.834335,-0.1383514,-0.3199921,0.9372559,-25.93953,6.10849,-26.12335,4.146301,0.326462,0.4115661,0.8766078,-0.08961487,-0.2939301,0.9516144,30.20816,6.741531,-31.53233,4.180573,0.6040015,0.4306422,0.05097079,1.258956,-0.2283431,-0.1696186,-0.02634712,0.03746843,0.8111052,-11.05309,32.83
8,-0.12117,-0.3063507,0.9441681,0.816893,-0.1495972,-0.3280792,0.932724,-25.96085,6.067352,-26.15866,4.147263,0.3289758,0.4148118,0.8566014,-0.09686279,-0.2875366,0.9528503,30.15288,6.719864,-31.54097,4.28241,0.6072339,0.4302758,0.05028093,1.259241,-0.2294059,-0.1709303,-0.02885253,0.03656938,0.8111052,-11.05309,32.83
8,-0.1251678,-0.294693,0.9473419,0.7882684,-0.1464539,-0.304306,0.9412384,-25.97478,6.054443,-26.15451,4.179092,0.3289672,0.4109067,0.8613299,-0.1063995,-0.2861023,0.9522552,30.12566,6.699066,-31.55096,4.080917,0.6098663,0.4309393,0.04962647,1.259496,-0.2305073,-0.1720033,-0.03169882,0.03595836,0.8111052,-11.05309,32.83
8,-0.1251678,-0.294693,0.9473419,0.7882684,-0.1464539,-0.304306,0.9412384,-25.97478,6.054443,-26.15451,4.179092,0.3289672,0.4109067,0.8613299,-0.1063995,-0.2861023,0.9522552,30.12566,6.699066,-31.55096,4.080917,0.6098663,0.4309393,0.04962647,1.259496,-0.2305073,-0.1720033,-0.03169882,0.03595836,0.8111052,-11.05309,32.83
8,-0.1253815,-0.3131256,0.941391,0.777862,-0.1483459,-0.3387756,0.9290771,-26.01552,6.049103,-26.17551,4.056946,0.3306316,0.4175473,0.8414541,-0.106308,-0.2916565,0.9505768,30.11646,6.685791,-31.56091,4.104828,0.6101807,0.4325331,0.04899573,1.259728,-0.2316343,-0.1734117,-0.03467721,0.03521237,0.8111052,-11.05309,32.83
8,-0.1253815,-0.3131256,0.941391,0.777862,-0.1483459,-0.3387756,0.9290771,-26.01552,6.049103,-26.17551,4.056946,0.3306316,0.4175473,0.8414541,-0.106308,-0.2916565,0.9505768,30.11646,6.685791,-31.56091,4.104828,0.6101807,0.4325331,0.04899573,1.259728,-0.2316343,-0.1734117,-0.03467721,0.03521237,0.8111052,-11.05309,32.83
8,-0.1282654,-0.3171997,0.9396362,0.7496614,-0.1513824,-0.3558502,0.9221802,-26.02708,6.036224,-26.18764,3.806534,0.3316498,0.4213458,0.8403018,-0.1122894,-0.2903595,0.9503021,30.1161,6.684204,-31.55966,4.090805,0.6112393,0.432372,0.04836595,1.260159,-0.2327714,-0.175496,-0.03728664,0.03442534,0.8111052,-11.05309,32.83
8,-0.1282654,-0.3171997,0.9396362,0.7496614,-0.1513824,-0.3558502,0.9221802,-26.02708,6.036224,-26.18764,3.806534,0.3316498,0.4213458,0.8403018,-0.1122894,-0.2903595,0.9503021,30.1161,6.684204,-31.55966,4.090805,0.6112393,0.432372,0.04836595,1.260159,-0.2327714,-0.175496,-0.03728664,0.03442534,0.8111052,-11.05309,32.83
9,-0.1326447,-0.3226471,0.9371643,0.7665389,-0.1556396,-0.3663177,0.9173737,-26.04195,6.03125,-26.19643,3.701065,0.3328891,0.4236116,0.8432003,-0.1182556,-0.2952118,0.9480743,30.11479,6.685272,-31.55966,4.090546,0.612325,0.4332792,0.04788506,1.260437,-0.2337892,-0.1772108,-0.03953929,0.03335112,0.8111052,10.48932,32.83
9,-0.1326447,-0.3226471,0.9371643,0.7665389,-0.1556396,-0.3663177,0.9173737,-26.04195,6.03125,-26.19643,3.701065,0.3328891,0.4236116,0.8432003,-0.1182556,-0.2952118,0.9480743,30.11479,6.685272,-31.55966,4.090546,0.612325,0.4332792,0.04788506,1.260437,-0.2337892,-0.1772108,-0.03953929,0.03335112,0.8111052,10.48932,32.83
9,-0.1474762,-0.3282013,0.9330139,0.7790037,-0.1712494,-0.369278,0.9133911,-26.06741,6.024765,-26.21436,3.688293,0.336312,0.4247081,0.8316349,-0.1330872,-0.3032837,0.9435577,30.01317,6.677368,-31.57883,4.055984,0.6185526,0.4353231,0.04736388,1.260691,-0.2349867,-0.1784021,-0.04167249,0.03238776,0.8111052,10.48932,32.83
9,-0.1474762,-0.3282013,0.9330139,0.7790037,-0.1712494,-0.369278,0.9133911,-26.06741,6.024765,-26.21436,3.688293,0.336312,0.4247081,0.8316349,-0.1330872,-0.3032837,0.9435577,30.01317,6.677368,-31.57883,4.055984,0.6185526,0.4353231,0.04736388,1.260691,-0.2349867,-0.1784021,-0.04167249,0.03238776,0.8111052,10.48932,32.83
9,-0.1483612,-0.333786,0.9308929,0.7743637,-0.180191,-0.3708496,0.9110413,-26.08188,6.017441,-26.22557,3.673126,0.3382721,0.4254508,0.8276579,-0.1260986,-0.3075714,0.9431152,29.9966,6.651611,-31.58754,4.007156,0.6179143,0.437109,0.04666555,1.260773,-0.2361031,-0.1793969,-0.04427536,0.03135045,0.8111052,10.48932,32.83
9,-0.1483612,-0.333786,0.9308929,0.7743637,-0.180191,-0.3708496,0.9110413,-26.08188,6.017441,-26.22557,3.673126,0.3382721,0.4254508,0.8276579,-0.1260986,-0.3075714,0.9431152,29.9966,6.651611,-31.58754,4.007156,0.6179143,0.437109,0.04666555,1.260773,-0.2361031,-0.1793969,-0.04427536,0.03135045,0.8111052,10.48932,32.83
9,-0.1533051,-0.3375397,0.9287262,0.7687049,-0.183548,-0.3725433,0.909668,-26.10463,6.009064,-26.2312,3.661865,0.3395904,0.4261451,0.8322752,-0.1286926,-0.3087463,0.9423828,29.99332,6.647583,-31.59096,3.987991,0.6184908,0.4375249,0.04613173,1.260952,-0.2370987,-0.1803742,-0.04685719,0.03006798,0.8111052,10.48932,32.83
9,-0.1533051,-0.3375397,0.9287262,0.7687049,-0.183548,-0.3725433,0.909668,-26.10463,6.009064,-26.2312,3.661865,0.3395904,0.4261451,0.8322752,-0.1286926,-0.3087463,0.9423828,29.99332,6.647583,-31.59096,3.987991,0.6184908,0.4375249,0.04613173,1.260952,-0.2370987,-0.1803742,-0.04685719,0.03006798,0.8111052,10.48932,32.83
9,-0.1552582,-0.3388367,0.9279327,0.7491226,-0.1825409,-0.3747711,0.9089508,-26.14836,5.980865,-26.2574,3.661819,0.3408518,0.4277204,0.8405492,-0.1350098,-0.3119354,0.9404602,29.97676,6.637558,-31.59732,3.965973,0.620192,0.4385862,0.04557812,1.261262,-0.238113,-0.1814437,-0.04954055,0.02865534,0.8111052,10.48932,32.83
9,-0.1552582,-0.3388367,0.9279327,0.7491226,-0.1825409,-0.3747711,0.9089508,-26.14836,5.980865,-26.2574,3.661819,0.3408518,0.4277204,0.8405492,-0.1350098,-0.3119354,0.9404602,29.97676,6.637558,-31.59732,3.965973,0.620192,0.4385862,0.04557812,1.261262,-0.238113,-0.1814437,-0.04954055,0.02865534,0.8111052,10.48932,32.83
9,-0.1639404,-0.3378296,0.9268036,0.732937,-0.1845093,-0.3749695,0.9084778,-26.1559,5.980865,-26.2574,3.694519,0.3414036,0.4277704,0.8218787,-0.1480408,-0.3090363,0.9394531,29.91069,6.609985,-31.61588,4.098343,0.6248424,0.4391912,0.04513252,1.261628,-0.2391225,-0.1824785,-0.05227903,0.02669547,0.8111052,10.48932,32.83
9,-0.1639404,-0.3378296,0.9268036,0.732937,-0.1845093,-0.3749695,0.9084778,-26.1559,5.980865,-26.2574,3.694519,0.3414036,0.4277704,0.8218787,-0.1480408,-0.3090363,0.9394531,29.91069,6.609985,-31.61588,4.098343,0.6248424,0.4391912,0.04513252,1.261628,-0.2391225,-0.1824785,-0.05227903,0.02669547,0.8111052,10.48932,32.83
9,-0.1519012,-0.3601379,0.9204407,0.7260506,-0.1633759,-0.4035492,0.900238,-26.2836,6.026611,-26.26898,3.599899,0.3421527,0.4314956,0.819799,-0.1433105,-0.3279266,0.9337616,29.94141,6.618118,-31.61382,3.93367,0.6229202,0.4425274,0.04469967,1.261874,-0.2399607,-0.1832996,-0.05441584,0.02503156,0.8111052,10.48932,32.83
9,-0.1519012,-0.3601379,0.9204407,0.7260506,-0.1633759,-0.4035492,0.900238,-26.2836,6.026611,-26.26898,3.599899,0.3421527,0.4314956,0.819799,-0.1433105,-0.3279266,0.9337616,29.94141,6.618118,-31.61382,3.93367,0.6229202,0.4425274,0.04469967,1.261874,-0.2399607,-0.1832996,-0.05441584,0.02503156,0.8111052,10.48932,32.83
9,-0.08381653,-0.3188782,0.9440765,0.6884983,-0.1063995,-0.3418884,0.9336853,-25.93031,6.066437,-26.1698,4.113052,0.3207823,0.417008,0.7634951,-0.06404114,-0.2985229,0.95224,30.2951,6.674164,-31.54884,4.024857,0.5964559,0.4340074,0.04431236,1.261891,-0.2408399,-0.1834963,-0.05632378,0.02413846,0.8111052,10.48932,32.83
9,-0.08381653,-0.3188782,0.9440765,0.6884983,-0.1063995,-0.3418884,0.9336853,-25.93031,6.066437,-26.1698,4.113052,0.3207823,0.417008,0.7634951,-0.06404114,-0.2985229,0.95224,30.2951,6.674164,-31.54884,4.024857,0.5964559,0.4340074,0.04431236,1.261891,-0.2408399,-0.1834963,-0.05632378,0.02413846,0.8111052,10.48932,32.83
9,-0.08007813,-0.3054657,0.948822,0.7072453,-0.09898376,-0.3276062,0.9396057,-25.96329,6.046127,-26.15971,4.132782,0.320709,0.4149782,0.7384726,-0.06736755,-0.290451,0.9544983,30.28712,6.658142,-31.55989,4.109283,0.5973297,0.4331233,0.04396486,1.261771,-0.2416507,-0.1832344,-0.05835408,0.02352286,0.8111052,11.90945,32.83
9,-0.08007813,-0.3054657,0.948822,0.7072453,-0.09898376,-0.3276062,0.9396057,-25.96329,6.046127,-26.15971,4.132782,0.320709,0.4149782,0.7384726,-0.06736755,-0.290451,0.9544983,30.28712,6.658142,-31.55989,4.109283,0.5973297,0.4331233,0.04396486,1.261771,-0.2416507,-0.1832344,-0.05835408,0.02352286,0.8111052,11.90945,32.83
9,-0.09980774,-0.3031464,0.9476929,0.7078344,-0.1274109,-0.3257751,0.9368134,-25.89847,6.03891,-26.14554,4.140915,0.3232354,0.4149782,0.7635303,-0.08218384,-0.2885437,0.9539185,30.28468,6.650085,-31.56197,4.10878,0.5999957,0.4331233,0.0435909,1.261766,-0.2424019,-0.1833855,-0.05987869,0.02265778,0.8111052,11.90945,32.83
9,-0.09980774,-0.3031464,0.9476929,0.7078344,-0.1274109,-0.3257751,0.9368134,-25.89847,6.03891,-26.14554,4.140915,0.3232354,0.4149782,0.7635303,-0.08218384,-0.2885437,0.9539185,30.28468,6.650085,-31.56197,4.10878,0.5999957,0.4331233,0.0435909,1.261766,-0.2424019,-0.1833855,-0.05987869,0.02265778,0.8111052,11.90945,32.83
9,-0.1036224,-0.3110046,0.9447327,0.7201327,-0.128067,-0.3304901,0.9350739,-25.90437,6.045578,-26.1461,4.043549,0.3236038,0.4156718,0.7587444,-0.08372498,-0.2949677,0.951828,30.27832,6.647491,-31.5627,4.070587,0.6004838,0.4344478,0.04340112,1.261983,-0.2429856,-0.1838386,-0.06076012,0.02218928,0.8111052,11.90945,32.83
9,-0.1036224,-0.3110046,0.9447327,0.7201327,-0.128067,-0.3304901,0.9350739,-25.90437,6.045578,-26.1461,4.043549,0.3236038,0.4156718,0.7587444,-0.08372498,-0.2949677,0.951828,30.27832,6.647491,-31.5627,4.070587,0.6004838,0.4344478,0.04340112,1.261983,-0.2429856,-0.1838386,-0.06076012,0.02218928,0.8111052,11.90945,32.83
9,-0.1008606,-0.3108215,0.9450836,0.7019104,-0.1226807,-0.3321533,0.9352112,-25.92021,6.047668,-26.14597,3.979935,0.3232892,0.4158908,0.7719956,-0.08244324,-0.2926636,0.952652,30.26721,6.650085,-31.56299,4.070938,0.6006573,0.4339187,0.0431391,1.26199,-0.2435622,-0.1841454,-0.06157404,0.02168252,0.8111052,11.90945,32.83
9,-0.1008606,-0.3108215,0.9450836,0.7019104,-0.1226807,-0.3321533,0.9352112,-25.92021,6.047668,-26.14597,3.979935,0.3232892,0.4158908,0.7719956,-0.08244324,-0.2926636,0.952652,30.26721,6.650085,-31.56299,4.070938,0.6006573,0.4339187,0.0431391,1.26199,-0.2435622,-0.1841454,-0.06157404,0.02168252,0.8111052,11.90945,32.83
9,-0.1052399,-0.3103333,0.9447784,0.6939386,-0.125473,-0.3317719,0.934967,-25.92581,6.046127,-26.14636,4.008926,0.3239185,0.4158908,0.7642416,-0.08764648,-0.2915497,0.9525146,30.25963,6.644897,-31.56332,4.070709,0.6018331,0.4339187,0.04299319,1.262006,-0.244123,-0.1841478,-0.06224533,0.02158954,0.8111052,11.90945,32.83
9,-0.1052399,-0.3103333,0.9447784,0.6939386,-0.125473,-0.3317719,0.934967,-25.92581,6.046127,-26.14636,4.008926,0.3239185,0.4158908,0.7642416,-0.08764648,-0.2915497,0.9525146,30.25963,6.644897,-31.56332,4.070709,0.6018331,0.4339187,0.04299319,1.262006,-0.244123,-0.1841478,-0.06224533,0.02158954,0.8111052,11.90945,32.83
9,-0.1060638,-0.3112183,0.944397,0.697698,-0.1242676,-0.3314667,0.9352417,-25.93475,6.041977,-26.14677,4.011353,0.3240207,0.4159718,0.7756783,-0.09043884,-0.2937317,0.9515839,30.25101,6.644577,-31.56371,4.089737,0.6026251,0.4343443,0.0428158,1.262034,-0.2446462,-0.1843066,-0.06268629,0.02157401,0.8111052,11.90945,32.83
9,-0.1060638,-0.3112183,0.944397,0.697698,-0.1242676,-0.3314667,0.9352417,-25.93475,6.041977,-26.14677,4.011353,0.3240207,0.4159718,0.7756783,-0.09043884,-0.2937317,0.9515839,30.25101,6.644577,-31.56371,4.089737,0.6026251,0.4343443,0.0428158,1.262034,-0.2446462,-0.1843066,-0.06268629,0.02157401,0.8111052,11.90945,32.83
9,-0.1074524,-0.3110046,0.9443054,0.6827011,-0.1260223,-0.3308105,0.9352264,-25.94337,6.037521,-26.14906,4.009186,0.3246011,0.4160529,0.781225,-0.09230042,-0.2947388,0.9510956,30.23923,6.6353,-31.56778,4.082352,0.6033668,0.4349052,0.04259348,1.262132,-0.2451736,-0.1845888,-0.06313089,0.02152214,0.8111052,11.90945,32.83
9,-0.1074524,-0.3110046,0.9443054,0.6827011,-0.1260223,-0.3308105,0.9352264,-25.94337,6.037521,-26.14906,4.009186,0.3246011,0.4160529,0.781225,-0.09230042,-0.2947388,0.9510956,30.23923,6.6353,-31.56778,4.082352,0.6033668,0.4349052,0.04259348,1.262132,-0.2451736,-0.1845888,-0.06313089,0.02152214,0.8111052,11.90945,32.83
9,-0.1108551,-0.3110809,0.9438782,0.6842788,-0.127121,-0.3348389,0.9336548,-25.95453,6.020782,-26.15198,3.99144,0.3251573,0.4173777,0.777243,-0.09794617,-0.2921295,0.9513397,30.23476,6.619064,-31.57196,4.109543,0.6045115,0.4350374,0.04237044,1.262139,-0.2456026,-0.1845032,-0.0637131,0.02142499,0.8111052,1.245117,32.83
9,-0.1108551,-0.3110809,0.9438782,0.6842788,-0.127121,-0.3348389,0.9336548,-25.95453,6.020782,-26.15198,3.99144,0.3251573,0.4173777,0.777243,-0.09794617,-0.2921295,0.9513397,30.23476,6.619064,-31.57196,4.109543,0.6045115,0.4350374,0.04237044,1.262139,-0.2456026,-0.1845032,-0.0637131,0.02142499,0.8111052,1.245117,32.83
9,-0.1108551,-0.3108215,0.9439697,0.6998296,-0.1276245,-0.3343048,0.9337769,-25.96593,6.018219,-26.15314,4.011017,0.3256114,0.4173777,0.7677373,-0.09762573,-0.2922058,0.951355,30.22401,6.614227,-31.57492,4.117798,0.6048397,0.4352367,0.04227638,1.26206,-0.245984,-0.1844186,-0.06408785,0.02140899,0.8111052,1.245117,32.83
9,-0.1108551,-0.3108215,0.9439697,0.6998296,-0.1276245,-0.3343048,0.9337769,-25.96593,6.018219,-26.15314,4.011017,0.3256114,0.4173777,0.7677373,-0.09762573,-0.2922058,0.951355,30.22401,6.614227,-31.57492,4.117798,0.6048397,0.4352367,0.04227638,1.26206,-0.245984,-0.1844186,-0.06408785,0.02140899,0.8111052,1.245117,32.83
9,-0.1140594,-0.3101196,0.9438171,0.702468,-0.1305237,-0.3335876,0.9336243,-25.97047,6.015427,-26.15422,4.019943,0.326236,0.4173777,0.7766348,-0.1011353,-0.2915802,0.9511719,30.22401,6.611359,-31.57578,4.118423,0.6054505,0.4352468,0.04201424,1.262036,-0.2463974,-0.184408,-0.06460784,0.02141908,0.8111052,1.245117,32.83
9,-0.1140594,-0.3101196,0.9438171,0.702468,-0.1305237,-0.3335876,0.9336243,-25.97047,6.015427,-26.15422,4.019943,0.326236,0.4173777,0.7766348,-0.1011353,-0.2915802,0.9511719,30.22401,6.611359,-31.57578,4.118423,0.6054505,0.4352468,0.04201424,1.262036,-0.2463974,-0.184408,-0.06460784,0.02141908,0.8111052,1.245117,32.83
9,-0.1143341,-0.311264,0.9434052,0.6851466,-0.1304779,-0.3337555,0.9335785,-25.97183,6.014847,-26.15436,3.994064,0.3262931,0.4174402,0.7853598,-0.1011963,-0.2928619,0.9507751,30.2238,6.611359,-31.57629,4.118011,0.6054693,0.435496,0.04184926,1.262063,-0.2467506,-0.1844863,-0.06496756,0.02108957,0.8111052,1.245117,32.83
9,-0.1143341,-0.311264,0.9434052,0.6851466,-0.1304779,-0.3337555,0.9335785,-25.97183,6.014847,-26.15436,3.994064,0.3262931,0.4174402,0.7853598,-0.1011963,-0.2928619,0.9507751,30.2238,6.611359,-31.57629,4.118011,0.6054693,0.435496,0.04184926,1.262063,-0.2467506,-0.1844863,-0.06496756,0.02108957,0.8111052,1.245117,32.83
9,-0.1158295,-0.3143311,0.942215,0.6880851,-0.1295013,-0.3356323,0.9330292,-25.97937,6.015427,-26.15524,3.974503,0.3263942,0.4177806,0.7679373,-0.1026764,-0.2937469,0.9503326,30.22279,6.613327,-31.5764,4.117172,0.6057642,0.4356073,0.04161561,1.262163,-0.2470101,-0.1849928,-0.0653652,0.02023276,0.8111052,1.245117,32.83
9,-0.1158295,-0.3143311,0.942215,0.6880851,-0.1295013,-0.3356323,0.9330292,-25.97937,6.015427,-26.15524,3.974503,0.3263942,0.4177806,0.7679373,-0.1026764,-0.2937469,0.9503326,30.22279,6.613327,-31.5764,4.117172,0.6057642,0.4356073,0.04161561,1.262163,-0.2470101,-0.1849928,-0.0653652,0.02023276,0.8111052,1.245117,32.83
9,-0.1161804,-0.3145599,0.9420929,0.6934003,-0.1286774,-0.3360138,0.9330139,-25.98322,6.016296,-26.15559,3.966156,0.3263942,0.4178121,0.7580101,-0.1041718,-0.2938995,0.9501343,30.22279,6.613983,-31.5764,4.140427,0.6060249,0.4356073,0.04148209,1.262244,-0.2472435,-0.1853315,-0.06572565,0.0199916,0.8111052,1.245117,32.83
9,-0.1161804,-0.3145599,0.9420929,0.6934003,-0.1286774,-0.3360138,0.9330139,-25.98322,6.016296,-26.15559,3.966156,0.3263942,0.4178121,0.7580101,-0.1041718,-0.2938995,0.9501343,30.22279,6.613983,-31.5764,4.140427,0.6060249,0.4356073,0.04148209,1.262244,-0.2472435,-0.1853315,-0.06572565,0.0199916,0.8111052,1.245117,32.83
9,-0.1163788,-0.3186188,0.9407043,0.6856079,-0.128006,-0.3440247,0.930191,-25.98766,6.016296,-26.15582,3.964828,0.3264104,0.4192561,0.7576622,-0.1049805,-0.2936554,0.950119,30.22147,6.615646,-31.5764,4.149445,0.6062127,0.4355,0.04138982,1.262124,-0.2475191,-0.1851979,-0.06592949,0.02014937,0.8111052,1.245117,32.83
9,-0.1163788,-0.3186188,0.9407043,0.6856079,-0.128006,-0.3440247,0.930191,-25.98766,6.016296,-26.15582,3.964828,0.3264104,0.4192561,0.7576622,-0.1049805,-0.2936554,0.950119,30.22147,6.615646,-31.5764,4.149445,0.6062127,0.4355,0.04138982,1.262124,-0.2475191,-0.1851979,-0.06592949,0.02014937,0.8111052,1.245117,32.83
9,-0.1163788,-0.3186188,0.9407043,0.6856079,-0.128006,-0.3440247,0.930191,-25.98766,6.016296,-26.15582,3.964828,0.3264104,0.4192561,0.7576622,-0.1049805,-0.2936554,0.950119,30.22147,6.615646,-31.5764,4.149445,0.6062127,0.4355,0.04138982,1.262124,-0.2475191,-0.1851979,-0.06592949,0.02014937,0.8111052,1.245117,32.83
9,-0.1190033,-0.3229218,0.9389038,0.6999817,-0.1298523,-0.3534241,0.9263916,-25.99513,6.023651,-26.15694,3.965927,0.3269385,0.4207453,0.7652212,-0.1087952,-0.29422,0.9495239,30.21991,6.615646,-31.5764,4.171951,0.6069334,0.4356126,0.04133093,1.261906,-0.2477326,-0.1845702,-0.06614792,0.01992702,0.8111052,1.245117,32.83
9,-0.1176758,-0.3272705,0.937561,0.6731772,-0.1241302,-0.3627625,0.9235687,-26.00832,6.023651,-26.16209,3.956284,0.3264104,0.4224453,0.7587643,-0.1114502,-0.2935638,0.9494019,30.21809,6.615646,-31.57584,4.183868,0.6074628,0.4355,0.04121947,1.261759,-0.2479055,-0.1840237,-0.06636821,0.01973126,0.8111052,-13.63849,32.83
9,-0.1176758,-0.3272705,0.937561,0.6731772,-0.1241302,-0.3627625,0.9235687,-26.00832,6.023651,-26.16209,3.956284,0.3264104,0.4224453,0.7587643,-0.1114502,-0.2935638,0.9494019,30.21809,6.615646,-31.57584,4.183868,0.6074628,0.4355,0.04121947,1.261759,-0.2479055,-0.1840237,-0.06636821,0.01973126,0.8111052,-13.63849,32.83
9,-0.1169434,-0.325531,0.9382629,0.6675658,-0.1231232,-0.3620148,0.923996,-26.02611,6.023651,-26.17804,3.955719,0.3268274,0.4224453,0.7445965,-0.1110687,-0.2913055,0.9501495,30.21617,6.615875,-31.57518,4.224319,0.6074628,0.4350405,0.04118216,1.261622,-0.2479635,-0.183642,-0.06663955,0.01976446,0.8111052,-13.63849,32.83
9,-0.1169434,-0.325531,0.9382629,0.6675658,-0.1231232,-0.3620148,0.923996,-26.02611,6.023651,-26.17804,3.955719,0.3268274,0.4224453,0.7445965,-0.1110687,-0.2913055,0.9501495,30.21617,6.615875,-31.57518,4.224319,0.6074628,0.4350405,0.04118216,1.261622,-0.2479635,-0.183642,-0.06663955,0.01976446,0.8111052,-13.63849,32.83
9,-0.1168213,-0.3226471,0.93927,0.680804,-0.124176,-0.3611908,0.9241791,-26.03534,6.023651,-26.19589,3.974609,0.3272771,0.4224453,0.7559621,-0.1102295,-0.2885132,0.9510956,30.21196,6.615875,-31.57494,4.235489,0.6074678,0.4345063,0.04113889,1.261646,-0.24801,-0.1832979,-0.06682824,0.01944676,0.814948,-13.63849,32.83
9,-0.1168213,-0.3226471,0.93927,0.680804,-0.124176,-0.3611908,0.9241791,-26.03534,6.023651,-26.19589,3.974609,0.3272771,0.4224453,0.7559621,-0.1102295,-0.2885132,0.9510956,30.21196,6.615875,-31.57494,4.235489,0.6074678,0.4345063,0.04113889,1.261646,-0.24801,-0.1832979,-0.06682824,0.01944676,0.814948,-13.63849,32.83
9,-0.1165314,-0.3215637,0.939682,0.6853014,-0.1227112,-0.3540497,0.9271393,-26.0365,6.023651,-26.20314,4.046448,0.3270336,0.4211569,0.7638817,-0.1102295,-0.2887115,0.9510345,30.21196,6.615875,-31.57076,4.239822,0.6074628,0.4345063,0.04115641,1.261845,-0.2479515,-0.1836497,-0.06674746,0.01850121,0.814948,-13.63849,32.83
9,-0.1165314,-0.3215637,0.939682,0.6853014,-0.1227112,-0.3540497,0.9271393,-26.0365,6.023651,-26.20314,4.046448,0.3270336,0.4211569,0.7638817,-0.1102295,-0.2887115,0.9510345,30.21196,6.615875,-31.57076,4.239822,0.6074628,0.4345063,0.04115641,1.261845,-0.2479515,-0.1836497,-0.06674746,0.01850121,0.814948,-13.63849,32.83
9,-0.1165314,-0.3215637,0.939682,0.6853014,-0.1227112,-0.3540497,0.9271393,-26.0365,6.023651,-26.20314,4.046448,0.3270336,0.4211569,0.7638817,-0.1102295,-0.2887115,0.9510345,30.21196,6.615875,-31.57076,4.239822,0.6074628,0.4345063,0.04115641,1.261845,-0.2479515,-0.1836497,-0.06674746,0.01850121,0.814948,-13.63849,32.83
9,-0.1177826,-0.3221436,0.9393311,0.6694478,-0.1265411,-0.3538208,0.9266968,-26.03719,6.023651,-26.20328,4.047989,0.3276884,0.4211569,0.7579195,-0.1087494,-0.2895813,0.950943,30.21196,6.620132,-31.5705,4.256683,0.6072062,0.4345063,0.04118919,1.26194,-0.2479129,-0.1838232,-0.06628183,0.01789902,0.814948,-13.63849,32.83
9,-0.1177826,-0.3221436,0.9393311,0.6694478,-0.1265411,-0.3538208,0.9266968,-26.03719,6.023651,-26.20328,4.047989,0.3276884,0.4211569,0.7579195,-0.1087494,-0.2895813,0.950943,30.21196,6.620132,-31.5705,4.256683,0.6072062,0.4345063,0.04118919,1.26194,-0.2479129,-0.1838232,-0.06628183,0.01789902,0.814948,-13.63849,32.83
9,-0.1180878,-0.3223419,0.939209,0.6631461,-0.1279297,-0.3500366,0.927948,-26.03918,6.037582,-26.2039,4.119202,0.3279434,0.419978,0.7488977,-0.1078033,-0.2933655,0.9498901,30.2141,6.649765,-31.55568,4.258881,0.6069559,0.4340314,0.04127967,1.261924,-0.247959,-0.1839481,-0.06567973,0.01761031,0.814948,-13.63849,32.83
9,-0.1180878,-0.3223419,0.939209,0.6631461,-0.1279297,-0.3500366,0.927948,-26.03918,6.037582,-26.2039,4.119202,0.3279434,0.419978,0.7488977,-0.1078033,-0.2933655,0.9498901,30.2141,6.649765,-31.55568,4.258881,0.6069559,0.4340314,0.04127967,1.261924,-0.247959,-0.1839481,-0.06567973,0.01761031,0.814948,-13.63849,32.83
9,-0.1179504,-0.320694,0.9398041,0.6508643,-0.1305389,-0.3486633,0.9281006,-26.03918,6.049194,-26.20432,4.134811,0.3283653,0.4193692,0.7518939,-0.1065979,-0.2953949,0.9494019,30.21806,6.658432,-31.54915,4.268875,0.6065985,0.4340314,0.04145038,1.261883,-0.2480242,-0.1836439,-0.06508946,0.01740947,0.814948,-13.63849,32.83
9,-0.1179504,-0.320694,0.9398041,0.6508643,-0.1305389,-0.3486633,0.9281006,-26.03918,6.049194,-26.20432,4.134811,0.3283653,0.4193692,0.7518939,-0.1065979,-0.2953949,0.9494019,30.21806,6.658432,-31.54915,4.268875,0.6065985,0.4340314,0.04145038,1.261883,-0.2480242,-0.1836439,-0.06508946,0.01740947,0.814948,-13.63849,32.83
9,-0.114151,-0.3205872,0.9403076,0.6343622,-0.1250153,-0.3522949,0.9274902,-26.03918,6.049194,-26.20432,4.118576,0.3274574,0.419978,0.7292091,-0.1043549,-0.2920074,0.9506989,30.21965,6.658432,-31.54813,4.284866,0.6061538,0.4333719,0.04164803,1.261785,-0.2480568,-0.1830758,-0.0643798,0.01738892,0.814948,14.11101,32.83
9,-0.114151,-0.3205872,0.9403076,0.6343622,-0.1250153,-0.3522949,0.9274902,-26.03918,6.049194,-26.20432,4.118576,0.3274574,0.419978,0.7292091,-0.1043549,-0.2920074,0.9506989,30.21965,6.658432,-31.54813,4.284866,0.6061538,0.4333719,0.04164803,1.261785,-0.2480568,-0.1830758,-0.0643798,0.01738892,0.814948,14.11101,32.83
9,-0.1369019,-0.3481598,0.9273682,0.6150386,-0.1564789,-0.4115601,0.8978424,-26.1859,6.008636,-26.28557,3.902802,0.3374676,0.4333884,0.7271408,-0.1233215,-0.3044281,0.9445038,30.03857,6.606232,-31.58687,4.434921,0.615909,0.4379162,0.04188955,1.261693,-0.248134,-0.1826503,-0.06362581,0.01712251,0.814948,14.11101,32.81
9,-0.1369019,-0.3481598,0.9273682,0.6150386,-0.1564789,-0.4115601,0.8978424,-26.1859,6.008636,-26.28557,3.902802,0.3374676,0.4333884,0.7271408,-0.1233215,-0.3044281,0.9445038,30.03857,6.606232,-31.58687,4.434921,0.615909,0.4379162,0.04188955,1.261693,-0.248134,-0.1826503,-0.06362581,0.01712251,0.814948,14.11101,32.81
9,-0.2085114,-0.3344574,0.9190369,0.6008438,-0.2410889,-0.3585663,0.901825,-26.4478,6.001724,-26.30797,4.358414,0.3599783,0.4250143,0.7074095,-0.1827087,-0.3151245,0.9312897,29.72166,6.63385,-31.64412,4.254898,0.6377298,0.4399101,0.04210329,1.261603,-0.2481881,-0.1820933,-0.06267369,0.01670045,0.814948,14.11101,32.81
9,-0.2085114,-0.3344574,0.9190369,0.6008438,-0.2410889,-0.3585663,0.901825,-26.4478,6.001724,-26.30797,4.358414,0.3599783,0.4250143,0.7074095,-0.1827087,-0.3151245,0.9312897,29.72166,6.63385,-31.64412,4.254898,0.6377298,0.4399101,0.04210329,1.261603,-0.2481881,-0.1820933,-0.06267369,0.01670045,0.814948,14.11101,32.81
9,-0.2063751,-0.333374,0.9199219,0.4959238,-0.2181396,-0.3800812,0.8988495,-26.5405,5.989273,-26.37016,3.71727,0.3597123,0.4299625,0.6723543,-0.1997528,-0.3076477,0.9302826,29.63145,6.653152,-31.64488,4.497559,0.6439713,0.4378088,0.04240978,1.261513,-0.2482755,-0.1816064,-0.06168369,0.01647316,0.814948,14.11101,32.81
9,-0.2063751,-0.333374,0.9199219,0.4959238,-0.2181396,-0.3800812,0.8988495,-26.5405,5.989273,-26.37016,3.71727,0.3597123,0.4299625,0.6723543,-0.1997528,-0.3076477,0.9302826,29.63145,6.653152,-31.64488,4.497559,0.6439713,0.4378088,0.04240978,1.261513,-0.2482755,-0.1816064,-0.06168369,0.01647316,0.814948,14.11101,32.81
9,-0.2162018,-0.3347931,0.9171448,0.504055,-0.2532196,-0.3964844,0.8824158,-26.54379,6.047714,-26.37074,3.992889,0.3653457,0.4314033,0.6665715,-0.1906738,-0.2923431,0.9371033,29.64209,6.661819,-31.63393,4.469955,0.6419904,0.4344566,0.04277623,1.261447,-0.2482857,-0.1810212,-0.06073277,0.01617006,0.814948,14.11101,32.81
9,-0.2162018,-0.3347931,0.9171448,0.504055,-0.2532196,-0.3964844,0.8824158,-26.54379,6.047714,-26.37074,3.992889,0.3653457,0.4314033,0.6665715,-0.1906738,-0.2923431,0.9371033,29.64209,6.661819,-31.63393,4.469955,0.6419904,0.4344566,0.04277623,1.261447,-0.2482857,-0.1810212,-0.06073277,0.01617006,0.814948,14.11101,32.81
9,-0.2102051,-0.341217,0.9161682,0.5067911,-0.233963,-0.3925934,0.8894348,-26.52148,6.040253,-26.34848,3.899231,0.3615288,0.4304993,0.6654567,-0.1891632,-0.2960663,0.9362335,29.64424,6.677063,-31.63045,4.439636,0.6416471,0.4345952,0.04312086,1.261284,-0.248323,-0.1802217,-0.05966654,0.01577968,0.814948,14.11101,32.81
9,-0.2102051,-0.341217,0.9161682,0.5067911,-0.233963,-0.3925934,0.8894348,-26.52148,6.040253,-26.34848,3.899231,0.3615288,0.4304993,0.6654567,-0.1891632,-0.2960663,0.9362335,29.64424,6.677063,-31.63045,4.439636,0.6416471,0.4345952,0.04312086,1.261284,-0.248323,-0.1802217,-0.05966654,0.01577968,0.814948,14.11101,32.81
9,-0.2025452,-0.3486328,0.9151001,0.51306,-0.2218018,-0.4004364,0.8890686,-26.51688,6.03656,-26.3465,3.889053,0.3593451,0.431879,0.6755221,-0.1870728,-0.3075256,0.9329529,29.6519,6.672577,-31.63144,4.410538,0.6409922,0.4369254,0.04342401,1.26111,-0.248329,-0.1797516,-0.05870148,0.01554852,0.814948,14.11101,32.81
9,-0.2025452,-0.3486328,0.9151001,0.51306,-0.2218018,-0.4004364,0.8890686,-26.51688,6.03656,-26.3465,3.889053,0.3593451,0.431879,0.6755221,-0.1870728,-0.3075256,0.9329529,29.6519,6.672577,-31.63144,4.410538,0.6409922,0.4369254,0.04342401,1.26111,-0.248329,-0.1797516,-0.05870148,0.01554852,0.814948,14.11101,32.81
9,-0.1959686,-0.3506775,0.9157562,0.5090052,-0.2099152,-0.4098816,0.8876343,-26.51688,6.03656,-26.3465,3.834625,0.3573912,0.4335132,0.6788807,-0.1858521,-0.3090057,0.9327087,29.66316,6.674179,-31.63393,4.407684,0.6403735,0.4371653,0.04383457,1.260943,-0.2482604,-0.1793304,-0.05767316,0.01466217,0.814948,14.11101,32.81
9,-0.1959686,-0.3506775,0.9157562,0.5090052,-0.2099152,-0.4098816,0.8876343,-26.51688,6.03656,-26.3465,3.834625,0.3573912,0.4335132,0.6788807,-0.1858521,-0.3090057,0.9327087,29.66316,6.674179,-31.63393,4.407684,0.6403735,0.4371653,0.04383457,1.260943,-0.2482604,-0.1793304,-0.05767316,0.01466217,0.814948,14.11101,32.81
9,-0.1930847,-0.3456726,0.9182587,0.5211957,-0.2110748,-0.394043,0.894516,-26.5052,6.039658,-26.3439,3.786179,0.3572888,0.4304993,0.6791812,-0.1794739,-0.309433,0.9338226,29.67207,6.6763,-31.63631,4.396179,0.6389341,0.4371477,0.0442214,1.260913,-0.2482784,-0.1789401,-0.05667995,0.01401471,0.814948,13.42682,32.81
9,-0.1930847,-0.3456726,0.9182587,0.5211957,-0.2110748,-0.394043,0.894516,-26.5052,6.039658,-26.3439,3.786179,0.3572888,0.4304993,0.6791812,-0.1794739,-0.309433,0.9338226,29.67207,6.6763,-31.63631,4.396179,0.6389341,0.4371477,0.0442214,1.260913,-0.2482784,-0.1789401,-0.05667995,0.01401471,0.814948,13.42682,32.81
9,-0.1889954,-0.3417969,0.9205627,0.5354269,-0.2037201,-0.387146,0.8992157,-26.50478,6.040131,-26.34258,3.79274,0.3560778,0.4290841,0.6822689,-0.1784668,-0.3097229,0.9339142,29.69812,6.677917,-31.63454,4.368729,0.6378229,0.4371477,0.04469407,1.26083,-0.248333,-0.1785462,-0.05572226,0.01361563,0.814948,13.42682,32.81
9,-0.1889954,-0.3417969,0.9205627,0.5354269,-0.2037201,-0.387146,0.8992157,-26.50478,6.040131,-26.34258,3.79274,0.3560778,0.4290841,0.6822689,-0.1784668,-0.3097229,0.9339142,29.69812,6.677917,-31.63454,4.368729,0.6378229,0.4371477,0.04469407,1.26083,-0.248333,-0.1785462,-0.05572226,0.01361563,0.814948,13.42682,32.81
9,-0.1835785,-0.3481293,0.919281,0.5510736,-0.1991425,-0.3921051,0.8980865,-26.49942,6.040894,-26.33522,3.72438,0.3551839,0.4299061,0.6977426,-0.1707916,-0.3123474,0.9344788,29.72604,6.685562,-31.63454,4.343796,0.6354733,0.4373308,0.04510367,1.260661,-0.2483416,-0.1778763,-0.05477435,0.01303926,0.814948,13.42682,32.81
9,-0.1835785,-0.3481293,0.919281,0.5510736,-0.1991425,-0.3921051,0.8980865,-26.49942,6.040894,-26.33522,3.72438,0.3551839,0.4299061,0.6977426,-0.1707916,-0.3123474,0.9344788,29.72604,6.685562,-31.63454,4.343796,0.6354733,0.4373308,0.04510367,1.260661,-0.2483416,-0.1778763,-0.05477435,0.01303926,0.814948,13.42682,32.81
9,-0.1833801,-0.3438721,0.9209137,0.585654,-0.2014465,-0.3843079,0.9009399,-26.48715,6.041611,-26.3326,3.723541,0.3551839,0.4284468,0.6890003,-0.1686554,-0.3110046,0.935318,29.74049,6.685562,-31.63454,4.330933,0.6345791,0.4370656,0.04552865,1.260441,-0.2483982,-0.1768273,-0.05364584,0.01235325,0.814948,13.42682,32.81
9,-0.1833801,-0.3438721,0.9209137,0.585654,-0.2014465,-0.3843079,0.9009399,-26.48715,6.041611,-26.3326,3.723541,0.3551839,0.4284468,0.6890003,-0.1686554,-0.3110046,0.935318,29.74049,6.685562,-31.63454,4.330933,0.6345791,0.4370656,0.04552865,1.260441,-0.2483982,-0.1768273,-0.05364584,0.01235325,0.814948,13.42682,32.81
9,-0.1842804,-0.3425446,0.9212341,0.552863,-0.204361,-0.3833618,0.9006958,-26.4744,6.045303,-26.32806,3.803024,0.3551839,0.428088,0.7069586,-0.1679688,-0.3094177,0.9359589,29.75552,6.685562,-31.62895,4.280563,0.6339192,0.4367407,0.04599559,1.260206,-0.2484151,-0.1757636,-0.05269353,0.01173717,0.814948,13.42682,32.81
9,-0.1842804,-0.3425446,0.9212341,0.552863,-0.204361,-0.3833618,0.9006958,-26.4744,6.045303,-26.32806,3.803024,0.3551839,0.428088,0.7069586,-0.1679688,-0.3094177,0.9359589,29.75552,6.685562,-31.62895,4.280563,0.6339192,0.4367407,0.04599559,1.260206,-0.2484151,-0.1757636,-0.05269353,0.01173717,0.814948,13.42682,32.81
9,-0.1838379,-0.3427429,0.9212494,0.5730227,-0.2059784,-0.3834534,0.9002838,-26.46637,6.046051,-26.32744,3.803818,0.3551839,0.428088,0.7053075,-0.1659698,-0.3098755,0.9361725,29.76418,6.686996,-31.62526,4.268188,0.6332531,0.4367395,0.0465008,1.259901,-0.2484689,-0.1743276,-0.0513478,0.01096257,0.814948,13.42682,32.81
9,-0.1838379,-0.3427429,0.9212494,0.5730227,-0.2059784,-0.3834534,0.9002838,-26.46637,6.046051,-26.32744,3.803818,0.3551839,0.428088,0.7053075,-0.1659698,-0.3098755,0.9361725,29.76418,6.686996,-31.62526,4.268188,0.6332531,0.4367395,0.0465008,1.259901,-0.2484689,-0.1743276,-0.0513478,0.01096257,0.814948,13.42682,32.81
9,-0.1816559,-0.3434601,0.9214172,0.556017,-0.206665,-0.3964996,0.894455,-26.45085,6.048859,-26.32491,3.727661,0.3547961,0.430433,0.6954696,-0.1639099,-0.3059387,0.9378204,29.77348,6.688736,-31.62091,4.267776,0.6325561,0.4358807,0.0471046,1.259695,-0.2484314,-0.1729044,-0.05021276,0.01038172,0.814948,13.42682,32.81
9,-0.1816559,-0.3434601,0.9214172,0.556017,-0.206665,-0.3964996,0.894455,-26.45085,6.048859,-26.32491,3.727661,0.3547961,0.430433,0.6954696,-0.1639099,-0.3059387,0.9378204,29.77348,6.688736,-31.62091,4.267776,0.6325561,0.4358807,0.0471046,1.259695,-0.2484314,-0.1729044,-0.05021276,0.01038172,0.814948,13.42682,32.81
10,-0.1801758,-0.3460541,0.9207306,0.6269863,-0.2033539,-0.4016266,0.8929291,-26.4368,6.064987,-26.3243,3.72113,0.3537671,0.4307977,0.6956399,-0.1635437,-0.3063812,0.9377441,29.78456,6.688736,-31.61118,4.256653,0.6320846,0.4358807,0.04769492,1.259515,-0.2483536,-0.1713105,-0.04907196,0.009619574,0.814948,13.42682,32.81
10,-0.1801758,-0.3460541,0.9207306,0.6269863,-0.2033539,-0.4016266,0.8929291,-26.4368,6.064987,-26.3243,3.72113,0.3537671,0.4307977,0.6956399,-0.1635437,-0.3063812,0.9377441,29.78456,6.688736,-31.61118,4.256653,0.6320846,0.4358807,0.04769492,1.259515,-0.2483536,-0.1713105,-0.04907196,0.009619574,0.814948,13.42682,32.81
10,-0.1760101,-0.3478088,0.9208832,0.5986294,-0.1918945,-0.4037323,0.894516,-26.43314,6.084091,-26.32347,3.686142,0.3517704,0.430433,0.70704,-0.1639252,-0.3059845,0.9378052,29.79297,6.691803,-31.60539,4.2547,0.6318457,0.4356469,0.048123,1.259288,-0.2482958,-0.1693301,-0.04784533,0.008911969,0.814948,13.42682,32.81
10,-0.1760101,-0.3478088,0.9208832,0.5986294,-0.1918945,-0.4037323,0.894516,-26.43314,6.084091,-26.32347,3.686142,0.3517704,0.430433,0.70704,-0.1639252,-0.3059845,0.9378052,29.79297,6.691803,-31.60539,4.2547,0.6318457,0.4356469,0.048123,1.259288,-0.2482958,-0.1693301,-0.04784533,0.008911969,0.814948,13.42682,32.81
10,-0.1743164,-0.3542938,0.9187317,0.6077393,-0.1864624,-0.4109344,0.8923798,-26.42546,6.111099,-26.32022,3.577713,0.3506751,0.4308427,0.7190359,-0.1634827,-0.3051147,0.9381714,29.80571,6.70401,-31.59888,4.261322,0.6313078,0.4349861,0.04863489,1.258978,-0.2482202,-0.1672791,-0.04671291,0.008010268,0.814948,3.209183,32.81
10,-0.1743164,-0.3542938,0.9187317,0.6077393,-0.1864624,-0.4109344,0.8923798,-26.42546,6.111099,-26.32022,3.577713,0.3506751,0.4308427,0.7190359,-0.1634827,-0.3051147,0.9381714,29.80571,6.70401,-31.59888,4.261322,0.6313078,0.4349861,0.04863489,1.258978,-0.2482202,-0.1672791,-0.04671291,0.008010268,0.814948,3.209183,32.81
10,-0.1579742,-0.3578796,0.9203033,0.6161642,-0.1568756,-0.4182587,0.8946686,-26.41493,6.141434,-26.31598,3.546631,0.3454263,0.4308427,0.7102723,-0.1583862,-0.3010864,0.9403381,29.82568,6.731003,-31.59171,4.29953,0.6297014,0.4331638,0.04912913,1.258662,-0.2481997,-0.1651612,-0.04540868,0.007185577,0.814948,3.209183,32.81
10,-0.1579742,-0.3578796,0.9203033,0.6161642,-0.1568756,-0.4182587,0.8946686,-26.41493,6.141434,-26.31598,3.546631,0.3454263,0.4308427,0.7102723,-0.1583862,-0.3010864,0.9403381,29.82568,6.731003,-31.59171,4.29953,0.6297014,0.4331638,0.04912913,1.258662,-0.2481997,-0.1651612,-0.04540868,0.007185577,0.814948,3.209183,32.81
10,-0.1579742,-0.3578796,0.9203033,0.6161642,-0.1568756,-0.4182587,0.8946686,-26.41493,6.141434,-26.31598,3.546631,0.3454263,0.4308427,0.7102723,-0.1583862,-0.3010864,0.9403381,29.82568,6.731003,-31.59171,4.29953,0.6297014,0.4331638,0.04968166,1.258365,-0.248136,-0.162995,-0.04430631,0.006012505,0.814948,3.209183,32.81
10,-0.1579742,-0.3578796,0.9203033,0.6161642,-0.1568756,-0.4182587,0.8946686,-26.41493,6.141434,-26.31598,3.546631,0.3454263,0.4308427,0.7102723,-0.1583862,-0.3010864,0.9403381,29.82568,6.731003,-31.59171,4.29953,0.6297014,0.4331638,0.04968166,1.258365,-0.248136,-0.162995,-0.04430631,0.006012505,0.814948,3.209183,32.81
10,-0.1579742,-0.3578796,0.9203033,0.6161642,-0.1568756,-0.4182587,0.8946686,-26.41493,6.141434,-26.31598,3.546631,0.3454263,0.4308427,0.7102723,-0.1583862,-0.3010864,0.9403381,29.82568,6.731003,-31.59171,4.29953,0.6297014,0.4331638,0.050228,1.258043,-0.2480556,-0.1609524,-0.0432334,0.004723033,0.814948,3.209183,32.81
10,-0.1579742,-0.3578796,0.9203033,0.6161642,-0.1568756,-0.4182587,0.8946686,-26.41493,6.141434,-26.31598,3.546631,0.3454263,0.4308427,0.7102723,-0.1583862,-0.3010864,0.9403381,29.82568,6.731003,-31.59171,4.29953,0.6297014,0.4331638,0.050228,1.258043,-0.2480556,-0.1609524,-0.0432334,0.004723033,0.814948,3.209183,32.81
10,-0.1705322,-0.3423004,0.9239807,0.6445817,-0.1907501,-0.3922729,0.8998413,-26.33318,6.194473,-26.28926,3.63089,0.3483569,0.4243265,0.715117,-0.1536865,-0.3008575,0.9411926,29.83501,6.746536,-31.58812,4.290634,0.6285449,0.4325129,0.0507555,1.257758,-0.2479651,-0.1591312,-0.04212965,0.003461291,0.814948,3.209183,32.81
10,-0.1705322,-0.3423004,0.9239807,0.6445817,-0.1907501,-0.3922729,0.8998413,-26.33318,6.194473,-26.28926,3.63089,0.3483569,0.4243265,0.715117,-0.1536865,-0.3008575,0.9411926,29.83501,6.746536,-31.58812,4.290634,0.6285449,0.4325129,0.0507555,1.257758,-0.2479651,-0.1591312,-0.04212965,0.003461291,0.814948,3.209183,32.81
10,-0.1588135,-0.3406067,0.9266815,0.6605224,-0.1848907,-0.3894501,0.9022827,-26.26802,6.26503,-26.23685,3.710632,0.3452055,0.4208678,0.7326697,-0.1366882,-0.2990265,0.944397,29.96475,6.877502,-31.52242,4.241531,0.6209089,0.426893,0.05104578,1.257667,-0.247921,-0.1582716,-0.04165979,0.002729575,0.814948,3.209183,32.81
10,-0.153595,-0.3592682,0.9205017,0.6384519,-0.1691895,-0.4133301,0.8947144,-26.25398,6.288361,-26.23334,3.667313,0.3420955,0.4243211,0.7371414,-0.1376343,-0.3045654,0.9424896,29.96953,6.888397,-31.51961,4.015396,0.6209089,0.4276434,0.05157351,1.25743,-0.2478547,-0.1567553,-0.04060467,0.001164477,0.814948,3.209183,32.81
10,-0.153595,-0.3592682,0.9205017,0.6384519,-0.1691895,-0.4133301,0.8947144,-26.25398,6.288361,-26.23334,3.667313,0.3420955,0.4243211,0.7371414,-0.1376343,-0.3045654,0.9424896,29.96953,6.888397,-31.51961,4.015396,0.6209089,0.4276434,0.05157351,1.25743,-0.2478547,-0.1567553,-0.04060467,0.001164477,0.814948,3.209183,32.81
10,-0.1365051,-0.3661346,0.9204865,0.6676059,-0.1515808,-0.4362183,0.8869629,-26.21324,6.356812,-26.20398,3.44603,0.337925,0.4260336,0.7249593,-0.1214447,-0.2976837,0.9468994,30.02438,6.935333,-31.49174,4.120697,0.6161073,0.4243078,0.05221057,1.257251,-0.2477736,-0.1555178,-0.03947649,-0.0006224389,0.814948,-21.06763,32.81
10,-0.1365051,-0.3661346,0.9204865,0.6676059,-0.1515808,-0.4362183,0.8869629,-26.21324,6.356812,-26.20398,3.44603,0.337925,0.4260336,0.7249593,-0.1214447,-0.2976837,0.9468994,30.02438,6.935333,-31.49174,4.120697,0.6161073,0.4243078,0.05221057,1.257251,-0.2477736,-0.1555178,-0.03947649,-0.0006224389,0.814948,-21.06763,32.81
10,-0.1253662,-0.364151,0.9228516,0.6676059,-0.1270599,-0.433609,0.8920898,-26.19415,6.379822,-26.17885,3.297836,0.333351,0.4244302,0.7249593,-0.1231384,-0.2976379,0.946701,30.06137,6.966339,-31.47327,4.155106,0.6150779,0.4230376,0.05250728,1.257112,-0.2477613,-0.1549093,-0.03887494,-0.001568022,0.814948,-21.06763,32.81
10,-0.1460876,-0.3385468,0.9295349,0.661845,-0.1572723,-0.4099884,0.8984222,-26.18968,6.38797,-26.17374,3.476044,0.3381837,0.4198628,0.7360108,-0.1350555,-0.2713165,0.9529572,30.07837,6.985031,-31.46451,4.222168,0.6165869,0.4173866,0.05317318,1.256877,-0.2476715,-0.1537712,-0.03750857,-0.003358598,0.814948,-21.06763,32.81
10,-0.1460876,-0.3385468,0.9295349,0.661845,-0.1572723,-0.4099884,0.8984222,-26.18968,6.38797,-26.17374,3.476044,0.3381837,0.4198628,0.7360108,-0.1350555,-0.2713165,0.9529572,30.07837,6.985031,-31.46451,4.222168,0.6165869,0.4173866,0.05317318,1.256877,-0.2476715,-0.1537712,-0.03750857,-0.003358598,0.814948,-21.06763,32.81
10,-0.1491089,-0.3325958,0.9311981,0.6825907,-0.1663361,-0.4047241,0.8991699,-26.18645,6.389664,-26.17366,3.536972,0.3395518,0.4188899,0.7299044,-0.1335602,-0.2690125,0.9538269,30.08304,6.987488,-31.4637,4.272781,0.6161622,0.4168386,0.05352163,1.256813,-0.2476333,-0.1532659,-0.03676607,-0.004232162,0.814948,-21.06763,32.81
10,-0.1335297,-0.320816,0.9376678,0.680409,-0.1318512,-0.3977966,0.9079437,-26.10529,6.410492,-26.13766,3.335648,0.3313056,0.4163447,0.7384021,-0.1341705,-0.2670593,0.9542847,30.12387,7.008011,-31.4516,4.309647,0.6148136,0.4156345,0.05463338,1.256511,-0.2473812,-0.1518383,-0.03463399,-0.006125449,0.814948,-21.06763,32.81
10,-0.1335297,-0.320816,0.9376678,0.680409,-0.1318512,-0.3977966,0.9079437,-26.10529,6.410492,-26.13766,3.335648,0.3313056,0.4163447,0.7384021,-0.1341705,-0.2670593,0.9542847,30.12387,7.008011,-31.4516,4.309647,0.6148136,0.4156345,0.05463338,1.256511,-0.2473812,-0.1518383,-0.03463399,-0.006125449,0.814948,-21.06763,32.81
10,-0.1335297,-0.320816,0.9376678,0.680409,-0.1318512,-0.3977966,0.9079437,-26.10529,6.410492,-26.13766,3.335648,0.3313056,0.4163447,0.7384021,-0.1341705,-0.2670593,0.9542847,30.12387,7.008011,-31.4516,4.309647,0.6148136,0.4156345,0.05463338,1.256511,-0.2473812,-0.1518383,-0.03463399,-0.006125449,0.814948,-21.06763,32.81
10,-0.1335297,-0.320816,0.9376678,0.680409,-0.1318512,-0.3977966,0.9079437,-26.10529,6.410492,-26.13766,3.335648,0.3313056,0.4163447,0.7384021,-0.1341705,-0.2670593,0.9542847,30.12387,7.008011,-31.4516,4.309647,0.6148136,0.4156345,0.05463338,1.256511,-0.2473812,-0.1518383,-0.03463399,-0.006125449,0.814948,-21.06763,32.81
10,-0.1199493,-0.2811432,0.9521332,0.6812531,-0.1111908,-0.3464203,0.9314575,-26.02846,6.421188,-26.1015,3.666229,0.3252521,0.4058032,0.7299089,-0.1232147,-0.2553558,0.9589539,30.20935,7.021805,-31.42822,4.436493,0.6098586,0.4126581,0.05543315,1.256319,-0.2472715,-0.1508659,-0.03322915,-0.007012405,0.814948,-21.06763,32.81
10,-0.1100006,-0.2936401,0.9495544,0.6967651,-0.09359741,-0.3729095,0.9231262,-26.02846,6.424606,-26.10294,3.543396,0.3223421,0.410479,0.7253993,-0.117569,-0.2549438,0.9597778,30.24286,7.042816,-31.42009,4.492569,0.6076862,0.4117233,0.05614102,1.256205,-0.2470711,-0.1500608,-0.03158839,-0.008227756,0.814948,-21.06763,32.81
10,-0.1100006,-0.2936401,0.9495544,0.6967651,-0.09359741,-0.3729095,0.9231262,-26.02846,6.424606,-26.10294,3.543396,0.3223421,0.410479,0.7253993,-0.117569,-0.2549438,0.9597778,30.24286,7.042816,-31.42009,4.492569,0.6076862,0.4117233,0.05614102,1.256205,-0.2470711,-0.1500608,-0.03158839,-0.008227756,0.814948,-21.06763,32.81
10,-0.1117249,-0.3008423,0.9470978,0.7054331,-0.1053925,-0.3689728,0.9234314,-26.02347,6.425323,-26.09721,3.628143,0.3240956,0.4097152,0.7226676,-0.1148682,-0.2636261,0.9577484,30.2545,7.053497,-31.4164,4.43631,0.6067885,0.4129442,0.05683863,1.256118,-0.2469164,-0.1492428,-0.03004071,-0.009718209,0.814948,-21.06763,32.81
10,-0.1117249,-0.3008423,0.9470978,0.7054331,-0.1053925,-0.3689728,0.9234314,-26.02347,6.425323,-26.09721,3.628143,0.3240956,0.4097152,0.7226676,-0.1148682,-0.2636261,0.9577484,30.2545,7.053497,-31.4164,4.43631,0.6067885,0.4129442,0.05683863,1.256118,-0.2469164,-0.1492428,-0.03004071,-0.009718209,0.814948,-21.06763,32.81
10,-0.1111298,-0.3008118,0.9471741,0.6869944,-0.1199799,-0.3367462,0.9339142,-25.89906,6.485733,-26.07382,4.259964,0.3219621,0.4013042,0.7422929,-0.1051331,-0.2765808,0.9552155,30.26703,7.06485,-31.41245,4.311447,0.604627,0.4149456,0.05716431,1.256072,-0.2468213,-0.1487991,-0.02925488,-0.01036736,0.814948,-21.06763,32.81
10,-0.08853149,-0.3053284,0.9481201,0.6869944,-0.07537842,-0.3434906,0.9361115,-25.88103,6.49205,-26.05737,3.694168,0.3143659,0.4021459,0.7422929,-0.09727478,-0.2794189,0.9552155,30.30688,7.075851,-31.40517,4.226242,0.601836,0.4150239,0.05749369,1.256015,-0.2467195,-0.1483837,-0.02857384,-0.01087728,0.814948,3.482925,32.81
10,-0.110321,-0.3046112,0.9460602,0.6852475,-0.1424103,-0.3421173,0.9287872,-25.84848,6.50705,-26.07277,3.981415,0.3241719,0.4019138,0.7359869,-0.08332825,-0.2726746,0.9584808,30.34343,7.064346,-31.39653,4.220261,0.5981075,0.414052,0.05825281,1.255955,-0.2464068,-0.1472687,-0.02723646,-0.01152579,0.814948,3.482925,32.81
10,-0.110321,-0.3046112,0.9460602,0.6852475,-0.1424103,-0.3421173,0.9287872,-25.84848,6.50705,-26.07277,3.981415,0.3241719,0.4019138,0.7359869,-0.08332825,-0.2726746,0.9584808,30.34343,7.064346,-31.39653,4.220261,0.5981075,0.414052,0.05825281,1.255955,-0.2464068,-0.1472687,-0.02723646,-0.01152579,0.814948,3.482925,32.81
10,-0.1027527,-0.3161774,0.9431152,0.6852475,-0.1231079,-0.3598175,0.9248505,-25.84375,6.509033,-26.07256,3.973022,0.3207775,0.4048664,0.7359869,-0.08283997,-0.2732544,0.9583588,30.3588,7.066635,-31.39738,4.220917,0.5974791,0.4140862,0.05858409,1.255852,-0.2462602,-0.1465694,-0.02676766,-0.01178721,0.814948,3.482925,32.81
10,-0.08502197,-0.3312378,0.9396973,0.6833438,-0.08566284,-0.3825378,0.9199524,-25.7953,6.53566,-26.06139,3.781631,0.3130214,0.4078177,0.7408081,-0.08424377,-0.2841492,0.9550629,30.4691,7.072891,-31.39963,4.186279,0.5938118,0.4159526,0.05926096,1.255507,-0.246053,-0.1451818,-0.02561267,-0.01227399,0.814948,3.482925,32.81
10,-0.08502197,-0.3312378,0.9396973,0.6833438,-0.08566284,-0.3825378,0.9199524,-25.7953,6.53566,-26.06139,3.781631,0.3130214,0.4078177,0.7408081,-0.08424377,-0.2841492,0.9550629,30.4691,7.072891,-31.39963,4.186279,0.5938118,0.4159526,0.05926096,1.255507,-0.246053,-0.1451818,-0.02561267,-0.01227399,0.814948,3.482925,32.81
10,-0.08091736,-0.3090057,0.9476013,0.690345,-0.07511902,-0.3329773,0.9399261,-25.76433,6.531464,-26.03339,4.071198,0.3101672,0.398407,0.7476941,-0.08503723,-0.2917175,0.9526978,30.55263,7.072662,-31.40839,3.852829,0.5909958,0.4176205,0.05993652,1.255248,-0.2457738,-0.1437442,-0.02474898,-0.01288579,0.814948,3.482925,32.81
10,-0.08091736,-0.3090057,0.9476013,0.690345,-0.07511902,-0.3329773,0.9399261,-25.76433,6.531464,-26.03339,4.071198,0.3101672,0.398407,0.7476941,-0.08503723,-0.2917175,0.9526978,30.55263,7.072662,-31.40839,3.852829,0.5909958,0.4176205,0.05993652,1.255248,-0.2457738,-0.1437442,-0.02474898,-0.01288579,0.814948,3.482925,32.81
10,-0.06930542,-0.308197,0.9487762,0.6806154,-0.03033447,-0.3176422,0.9477234,-25.72571,6.536026,-26.01379,3.873383,0.30159,0.3951158,0.7666306,-0.0905304,-0.3028412,0.9487152,30.58282,7.086487,-31.40765,3.984482,0.5908805,0.4191919,0.06024206,1.255165,-0.2456158,-0.1430814,-0.02439911,-0.01310026,0.814948,3.482925,32.81
10,-0.09011841,-0.2928619,0.951889,0.6883556,-0.08480835,-0.3222961,0.9428253,-25.70242,6.560135,-26.02097,4.184814,0.3096311,0.3953834,0.7644899,-0.09362793,-0.2729645,0.9574432,30.5963,7.093262,-31.40179,4.139496,0.5909644,0.4132264,0.06075537,1.254918,-0.2452694,-0.1416372,-0.02399326,-0.01361891,0.814948,3.482925,32.81
10,-0.09011841,-0.2928619,0.951889,0.6883556,-0.08480835,-0.3222961,0.9428253,-25.70242,6.560135,-26.02097,4.184814,0.3096311,0.3953834,0.7644899,-0.09362793,-0.2729645,0.9574432,30.5963,7.093262,-31.40179,4.139496,0.5909644,0.4132264,0.06075537,1.254918,-0.2452694,-0.1416372,-0.02399326,-0.01361891,0.814948,3.482925,32.81
10,-0.0790863,-0.3049774,0.9490662,0.7162192,-0.05892944,-0.3334045,0.9409332,-25.65562,6.572144,-26.01051,4.068649,0.3038201,0.3967319,0.7653736,-0.09390259,-0.2837524,0.9542847,30.60515,7.099823,-31.39633,4.047775,0.590687,0.4150164,0.06103516,1.254807,-0.2450775,-0.1409116,-0.02372879,-0.01382254,0.814948,3.482925,32.81
10,-0.09204102,-0.3029022,0.9485474,0.7254203,-0.09333801,-0.3201141,0.9427643,-25.55377,6.598618,-25.98351,4.1633,0.3060752,0.3933589,0.7789358,-0.09127808,-0.2927551,0.9518127,30.61272,7.105118,-31.39308,3.983765,0.5899535,0.4164991,0.06155753,1.254551,-0.2447337,-0.1391741,-0.02338117,-0.01436545,0.814948,3.482925,32.81
10,-0.09204102,-0.3029022,0.9485474,0.7254203,-0.09333801,-0.3201141,0.9427643,-25.55377,6.598618,-25.98351,4.1633,0.3060752,0.3933589,0.7789358,-0.09127808,-0.2927551,0.9518127,30.61272,7.105118,-31.39308,3.983765,0.5899535,0.4164991,0.06155753,1.254551,-0.2447337,-0.1391741,-0.02338117,-0.01436545,0.814948,3.482925,32.81
10,-0.09204102,-0.3029022,0.9485474,0.7254203,-0.09333801,-0.3201141,0.9427643,-25.55377,6.598618,-25.98351,4.1633,0.3060752,0.3933589,0.7789358,-0.09127808,-0.2927551,0.9518127,30.61272,7.105118,-31.39308,3.983765,0.5899535,0.4164991,0.06185603,1.254376,-0.2445284,-0.1381306,-0.02328889,-0.01454431,0.814948,3.482925,32.81
10,-0.09204102,-0.3029022,0.9485474,0.7254203,-0.09333801,-0.3201141,0.9427643,-25.55377,6.598618,-25.98351,4.1633,0.3060752,0.3933589,0.7789358,-0.09127808,-0.2927551,0.9518127,30.61272,7.105118,-31.39308,3.983765,0.5899535,0.4164991,0.06210816,1.254219,-0.2443379,-0.1370637,-0.02318983,-0.01474324,0.814948,5.777451,32.81
10,-0.09204102,-0.3029022,0.9485474,0.7254203,-0.09333801,-0.3201141,0.9427643,-25.55377,6.598618,-25.98351,4.1633,0.3060752,0.3933589,0.7789358,-0.09127808,-0.2927551,0.9518127,30.61272,7.105118,-31.39308,3.983765,0.5899535,0.4164991,0.06262577,1.253896,-0.2439378,-0.1350009,-0.02295052,-0.0150439,0.814948,5.777451,32.81
10,-0.09204102,-0.3029022,0.9485474,0.7254203,-0.09333801,-0.3201141,0.9427643,-25.55377,6.598618,-25.98351,4.1633,0.3060752,0.3933589,0.7789358,-0.09127808,-0.2927551,0.9518127,30.61272,7.105118,-31.39308,3.983765,0.5899535,0.4164991,0.06262577,1.253896,-0.2439378,-0.1350009,-0.02295052,-0.0150439,0.814948,5.777451,32.81
10,-0.09204102,-0.3029022,0.9485474,0.7254203,-0.09333801,-0.3201141,0.9427643,-25.55377,6.598618,-25.98351,4.1633,0.3060752,0.3933589,0.7789358,-0.09127808,-0.2927551,0.9518127,30.61272,7.105118,-31.39308,3.983765,0.5899535,0.4164991,0.06285608,1.253726,-0.2437067,-0.1339785,-0.02287215,-0.01531727,0.814948,5.777451,32.81
10,-0.04064941,-0.3128052,0.9489288,0.7023007,-0.03930664,-0.3595276,0.9322968,-25.45198,6.616608,-25.98926,3.586014,0.2939129,0.3998464,0.7879351,-0.04159546,-0.2774811,0.9598236,30.72278,7.14267,-31.36845,4.002411,0.5774401,0.4119473,0.06306386,1.253605,-0.2434636,-0.1329158,-0.02288615,-0.01562595,0.814948,5.777451,32.81
10,-0.04064941,-0.3128052,0.9489288,0.7023007,-0.03930664,-0.3595276,0.9322968,-25.45198,6.616608,-25.98926,3.586014,0.2939129,0.3998464,0.7879351,-0.04159546,-0.2774811,0.9598236,30.72278,7.14267,-31.36845,4.002411,0.5774401,0.4119473,0.06306386,1.253605,-0.2434636,-0.1329158,-0.02288615,-0.01562595,0.814948,5.777451,32.81
10,-0.02757263,-0.3186798,0.9474487,0.7503064,-0.02137756,-0.3585205,0.9332733,-25.42897,6.605835,-25.99706,3.462723,0.2901849,0.4000491,0.8098662,-0.03308105,-0.2824554,0.9586945,30.73387,7.149811,-31.36717,3.94487,0.5755648,0.4126269,0.06346703,1.253355,-0.2430197,-0.1308575,-0.02284151,-0.01649305,0.814948,5.777451,32.81
10,-0.02757263,-0.3186798,0.9474487,0.7503064,-0.02137756,-0.3585205,0.9332733,-25.42897,6.605835,-25.99706,3.462723,0.2901849,0.4000491,0.8098662,-0.03308105,-0.2824554,0.9586945,30.73387,7.149811,-31.36717,3.94487,0.5755648,0.4126269,0.06389165,1.253075,-0.2424809,-0.1288642,-0.02267487,-0.01719416,0.814948,5.777451,32.81
10,-0.02757263,-0.3186798,0.9474487,0.7503064,-0.02137756,-0.3585205,0.9332733,-25.42897,6.605835,-25.99706,3.462723,0.2901849,0.4000491,0.8098662,-0.03308105,-0.2824554,0.9586945,30.73387,7.149811,-31.36717,3.94487,0.5755648,0.4126269,0.06389165,1.253075,-0.2424809,-0.1288642,-0.02267487,-0.01719416,0.814948,5.777451,32.81
10,-0.02757263,-0.3186798,0.9474487,0.7503064,-0.02137756,-0.3585205,0.9332733,-25.42897,6.605835,-25.99706,3.462723,0.2901849,0.4000491,0.8098662,-0.03308105,-0.2824554,0.9586945,30.73387,7.149811,-31.36717,3.94487,0.5755648,0.4126269,0.06435883,1.252806,-0.2419626,-0.1270212,-0.02261795,-0.01777413,0.814948,5.777451,32.81
10,-0.03614807,-0.3076477,0.9508057,0.7529501,-0.02839661,-0.3539886,0.9347992,-25.39508,6.58754,-26.02217,3.461624,0.2901849,0.4000491,0.8365687,-0.04310608,-0.2650452,0.9632568,30.74936,7.158096,-31.36548,4.085785,0.5767817,0.4090211,0.06490529,1.252418,-0.2414412,-0.1252678,-0.02239017,-0.01862403,0.814948,5.777451,32.81
10,-0.03614807,-0.3076477,0.9508057,0.7529501,-0.02839661,-0.3539886,0.9347992,-25.39508,6.58754,-26.02217,3.461624,0.2901849,0.4000491,0.8365687,-0.04310608,-0.2650452,0.9632568,30.74936,7.158096,-31.36548,4.085785,0.5767817,0.4090211,0.06490529,1.252418,-0.2414412,-0.1252678,-0.02239017,-0.01862403,0.814948,5.777451,32.81
10,-0.03982544,-0.3147583,0.9483185,0.7665865,-0.05499268,-0.3599396,0.9313507,-25.31683,6.673279,-25.97667,3.434769,0.2920471,0.3980192,0.8216908,-0.02748108,-0.2775879,0.9602966,30.80467,7.228043,-31.35107,3.928574,0.5721125,0.4088179,0.06537986,1.252089,-0.240932,-0.1236318,-0.02222518,-0.01977727,0.814948,5.777451,32.81
10,-0.03982544,-0.3147583,0.9483185,0.7665865,-0.05499268,-0.3599396,0.9313507,-25.31683,6.673279,-25.97667,3.434769,0.2920471,0.3980192,0.8216908,-0.02748108,-0.2775879,0.9602966,30.80467,7.228043,-31.35107,3.928574,0.5721125,0.4088179,0.06537986,1.252089,-0.240932,-0.1236318,-0.02222518,-0.01977727,0.814948,5.777451,32.81
10,-0.04252625,-0.3108368,0.9494934,0.7646546,-0.04312134,-0.366684,0.9293365,-25.2916,6.674026,-25.97734,3.39003,0.2892048,0.3991766,0.8364454,-0.04180908,-0.2558899,0.9657898,30.83626,7.258698,-31.33261,4.170898,0.5735179,0.4034547,0.06597137,1.251838,-0.2403774,-0.1222975,-0.02187274,-0.02088152,0.814948,5.777451,32.81
10,-0.04252625,-0.3108368,0.9494934,0.7646546,-0.04312134,-0.366684,0.9293365,-25.2916,6.674026,-25.97734,3.39003,0.2892048,0.3991766,0.8364454,-0.04180908,-0.2558899,0.9657898,30.83626,7.258698,-31.33261,4.170898,0.5735179,0.4034547,0.06597137,1.251838,-0.2403774,-0.1222975,-0.02187274,-0.02088152,0.814948,5.777451,32.81
10,-0.04542542,-0.2977295,0.9535522,0.7790329,-0.05630493,-0.3614044,0.9306946,-25.24283,6.677155,-25.96614,3.433014,0.2897619,0.3980192,0.8400242,-0.03341675,-0.2272491,0.9732513,30.86101,7.281601,-31.31807,4.443756,0.571252,0.3971007,0.06652558,1.251564,-0.2398423,-0.1209334,-0.02147189,-0.0220782,0.814948,-1.305862,32.81
10,-0.04542542,-0.2977295,0.9535522,0.7790329,-0.05630493,-0.3614044,0.9306946,-25.24283,6.677155,-25.96614,3.433014,0.2897619,0.3980192,0.8400242,-0.03341675,-0.2272491,0.9732513,30.86101,7.281601,-31.31807,4.443756,0.571252,0.3971007,0.06652558,1.251564,-0.2398423,-0.1209334,-0.02147189,-0.0220782,0.814948,-1.305862,32.81
10,-0.03590393,-0.316452,0.9479218,0.8291978,-0.0562439,-0.3548279,0.9332275,-25.23384,6.682083,-25.9505,3.520721,0.289423,0.3964518,0.8446607,-0.01716614,-0.2806244,0.9596558,30.90425,7.291138,-31.31932,3.734116,0.566788,0.4069643,0.06705046,1.251382,-0.2392821,-0.1197649,-0.02109345,-0.02316025,0.814948,-1.305862,32.81
10,-0.03590393,-0.316452,0.9479218,0.8291978,-0.0562439,-0.3548279,0.9332275,-25.23384,6.682083,-25.9505,3.520721,0.289423,0.3964518,0.8446607,-0.01716614,-0.2806244,0.9596558,30.90425,7.291138,-31.31932,3.734116,0.566788,0.4069643,0.06705046,1.251382,-0.2392821,-0.1197649,-0.02109345,-0.02316025,0.814948,-1.305862,32.81
10,-0.03977966,-0.310318,0.9497833,0.8141418,-0.06013489,-0.3467865,0.9360046,-25.22189,6.685699,-25.94565,3.556839,0.2896652,0.3948074,0.8484861,-0.02029419,-0.2749329,0.9612427,30.91969,7.292145,-31.31885,3.733414,0.566788,0.4058547,0.06756628,1.251185,-0.2387685,-0.1187496,-0.02064216,-0.02428279,0.814948,-1.305862,32.81
10,-0.03977966,-0.310318,0.9497833,0.8141418,-0.06013489,-0.3467865,0.9360046,-25.22189,6.685699,-25.94565,3.556839,0.2896652,0.3948074,0.8484861,-0.02029419,-0.2749329,0.9612427,30.91969,7.292145,-31.31885,3.733414,0.566788,0.4058547,0.06756628,1.251185,-0.2387685,-0.1187496,-0.02064216,-0.02428279,0.814948,-1.305862,32.81
10,-0.03977966,-0.310318,0.9497833,0.8141418,-0.06013489,-0.3467865,0.9360046,-25.22189,6.685699,-25.94565,3.556839,0.2896652,0.3948074,0.8484861,-0.02029419,-0.2749329,0.9612427,30.91969,7.292145,-31.31885,3.733414,0.566788,0.4058547,0.06756628,1.251185,-0.2387685,-0.1187496,-0.02064216,-0.02428279,0.814948,-1.305862,32.81
10,-0.04719543,-0.2905121,0.9557037,0.8180608,-0.06349182,-0.344635,0.9365845,-25.20277,6.703568,-25.93906,3.583115,0.2895685,0.393747,0.8679323,-0.03143311,-0.2377472,0.9708099,30.97086,7.286667,-31.30966,4.2211,0.5669914,0.3988638,0.06800818,1.250964,-0.2382638,-0.1176313,-0.02014567,-0.02554801,0.814948,-1.305862,32.81
10,-0.04515076,-0.2959137,0.9541321,0.8392559,-0.06135559,-0.3495483,0.9348907,-25.18172,6.729721,-25.93565,3.528946,0.2885197,0.393747,0.8662295,-0.03285217,-0.2548065,0.9664307,30.98341,7.290985,-31.31047,4.109329,0.5667692,0.4019355,0.06858039,1.250787,-0.2377512,-0.1165369,-0.01968173,-0.02673145,0.814948,-1.305862,32.81
10,-0.04515076,-0.2959137,0.9541321,0.8392559,-0.06135559,-0.3495483,0.9348907,-25.18172,6.729721,-25.93565,3.528946,0.2885197,0.393747,0.8662295,-0.03285217,-0.2548065,0.9664307,30.98341,7.290985,-31.31047,4.109329,0.5667692,0.4019355,0.06858039,1.250787,-0.2377512,-0.1165369,-0.01968173,-0.02673145,0.814948,-1.305862,32.81
10,-0.04217529,-0.3002319,0.9529266,0.8301054,-0.05833435,-0.3613586,0.9305878,-25.16129,6.744843,-25.93193,3.50946,0.2873114,0.3953566,0.865485,-0.02934265,-0.2512817,0.967453,30.98343,7.29126,-31.3087,4.109116,0.5661648,0.4012434,0.06916118,1.250553,-0.2372841,-0.1156765,-0.01910742,-0.02807431,0.814948,-1.305862,32.81
10,-0.04217529,-0.3002319,0.9529266,0.8301054,-0.05833435,-0.3613586,0.9305878,-25.16129,6.744843,-25.93193,3.50946,0.2873114,0.3953566,0.865485,-0.02934265,-0.2512817,0.967453,30.98343,7.29126,-31.3087,4.109116,0.5661648,0.4012434,0.06916118,1.250553,-0.2372841,-0.1156765,-0.01910742,-0.02807431,0.814948,-1.305862,32.81
10,-0.04219055,-0.3053131,0.9513092,0.8343629,-0.05763245,-0.3699951,0.9272308,-25.13101,6.758026,-25.92641,3.440887,0.2861959,0.3964795,0.8670982,-0.02865601,-0.2480316,0.9683228,30.98662,7.296036,-31.3082,4.097305,0.5659351,0.4004765,0.0697459,1.25035,-0.2367653,-0.1148093,-0.01835038,-0.02939386,0.814948,-1.305862,32.81
10,-0.04219055,-0.3053131,0.9513092,0.8343629,-0.05763245,-0.3699951,0.9272308,-25.13101,6.758026,-25.92641,3.440887,0.2861959,0.3964795,0.8670982,-0.02865601,-0.2480316,0.9683228,30.98662,7.296036,-31.3082,4.097305,0.5659351,0.4004765,0.0697459,1.25035,-0.2367653,-0.1148093,-0.01835038,-0.02939386,0.814948,-1.305862,32.81
10,-0.04267883,-0.309433,0.9499512,0.8538145,-0.057724,-0.3761292,0.9247589,-25.09003,6.783218,-25.92259,3.416229,0.2848175,0.3967152,0.8720311,-0.02819824,-0.2445679,0.9692078,30.99095,7.29921,-31.30684,4.085632,0.5657055,0.3997095,0.0703131,1.250166,-0.236255,-0.1138932,-0.01763652,-0.03050879,0.814948,-1.305862,32.81
10,-0.04267883,-0.309433,0.9499512,0.8538145,-0.057724,-0.3761292,0.9247589,-25.09003,6.783218,-25.92259,3.416229,0.2848175,0.3967152,0.8720311,-0.02819824,-0.2445679,0.9692078,30.99095,7.29921,-31.30684,4.085632,0.5657055,0.3997095,0.0703131,1.250166,-0.236255,-0.1138932,-0.01763652,-0.03050879,0.814948,-1.305862,32.81
10,-0.04165649,-0.3088379,0.9501953,0.848249,-0.05653381,-0.3792877,0.9235382,-25.09003,6.793335,-25.92181,3.384247,0.2846329,0.3969767,0.8547048,-0.02839661,-0.2455597,0.9689484,30.99196,7.304077,-31.30534,4.085693,0.5657055,0.3997095,0.07102346,1.249919,-0.2357701,-0.112697,-0.01671829,-0.03205944,0.814948,-30.05188,32.81
10,-0.04165649,-0.3088379,0.9501953,0.848249,-0.05653381,-0.3792877,0.9235382,-25.09003,6.793335,-25.92181,3.384247,0.2846329,0.3969767,0.8547048,-0.02839661,-0.2455597,0.9689484,30.99196,7.304077,-31.30534,4.085693,0.5657055,0.3997095,0.07102346,1.249919,-0.2357701,-0.112697,-0.01671829,-0.03205944,0.814948,-30.05188,32.81
10,-0.04165649,-0.3088379,0.9501953,0.848249,-0.05653381,-0.3792877,0.9235382,-25.09003,6.793335,-25.92181,3.384247,0.2846329,0.3969767,0.8547048,-0.02839661,-0.2455597,0.9689484,30.99196,7.304077,-31.30534,4.085693,0.5657055,0.3997095,0.07102346,1.249919,-0.2357701,-0.112697,-0.01671829,-0.03205944,0.814948,-30.05188,32.81
10,-0.04066467,-0.3103485,0.9497375,0.821842,-0.05683899,-0.387619,0.9200592,-25.09003,6.805252,-25.91951,3.36412,0.2846814,0.3981134,0.8591753,-0.02616882,-0.2404633,0.9702911,30.99196,7.314377,-31.3042,4.070297,0.5653253,0.3983986,0.07178092,1.249682,-0.2352969,-0.1115862,-0.01542439,-0.03399215,0.814948,-30.05188,32.81
10,-0.04066467,-0.3103485,0.9497375,0.821842,-0.05683899,-0.387619,0.9200592,-25.09003,6.805252,-25.91951,3.36412,0.2846814,0.3981134,0.8591753,-0.02616882,-0.2404633,0.9702911,30.99196,7.314377,-31.3042,4.070297,0.5653253,0.3983986,0.07178092,1.249682,-0.2352969,-0.1115862,-0.01542439,-0.03399215,0.814948,-30.05188,32.81
10,-0.03997803,-0.3072815,0.9507751,0.8455166,-0.05667114,-0.3870544,0.9203033,-25.09074,6.808136,-25.91876,3.364105,0.2846814,0.3979132,0.858096,-0.02568054,-0.2382965,0.9708405,30.99196,7.317505,-31.3036,4.070053,0.5652434,0.3978808,0.07267618,1.249475,-0.2349063,-0.1105671,-0.01383278,-0.03645736,0.814948,-30.05188,32.81
10,-0.03941345,-0.2983856,0.9536285,0.8627501,-0.05541992,-0.3811951,0.922821,-25.09665,6.810837,-25.91748,3.368546,0.2846814,0.3967152,0.8547841,-0.02793884,-0.2385864,0.9707031,30.9899,7.318741,-31.30307,4.069901,0.5657055,0.3978808,0.07378387,1.249282,-0.234508,-0.1093527,-0.01190546,-0.03919047,0.814948,-30.05188,32.81
10,-0.03941345,-0.2983856,0.9536285,0.8627501,-0.05541992,-0.3811951,0.922821,-25.09665,6.810837,-25.91748,3.368546,0.2846814,0.3967152,0.8547841,-0.02793884,-0.2385864,0.9707031,30.9899,7.318741,-31.30307,4.069901,0.5657055,0.3978808,0.07378387,1.249282,-0.234508,-0.1093527,-0.01190546,-0.03919047,0.814948,-30.05188,32.81
10,-0.04005432,-0.2771301,0.9599915,0.8657098,-0.06077576,-0.3507538,0.9344788,-25.10484,6.821915,-25.91692,3.438644,0.2858671,0.3907138,0.8689266,-0.02731323,-0.2314758,0.9724426,30.97585,7.343658,-31.30098,4.128052,0.5661117,0.395641,0.07489026,1.249025,-0.234092,-0.1083511,-0.009698254,-0.04242922,0.814948,-30.05188,32.81
10,-0.04005432,-0.2771301,0.9599915,0.8657098,-0.06077576,-0.3507538,0.9344788,-25.10484,6.821915,-25.91692,3.438644,0.2858671,0.3907138,0.8689266,-0.02731323,-0.2314758,0.9724426,30.97585,7.343658,-31.30098,4.128052,0.5661117,0.395641,0.07489026,1.249025,-0.234092,-0.1083511,-0.009698254,-0.04242922,0.814948,-30.05188,32.81
11,-0.04579163,-0.2868347,0.9568787,0.8473729,-0.06787109,-0.3454895,0.9359589,-25.11804,6.839554,-25.91089,3.498703,0.2874821,0.38913,0.854807,-0.02662659,-0.2353058,0.9715424,30.96001,7.363266,-31.29619,4.068481,0.566543,0.395641,0.07609093,1.248838,-0.2337355,-0.107227,-0.00711053,-0.04619406,0.814948,-30.05188,32.81
11,-0.04579163,-0.2868347,0.9568787,0.8473729,-0.06787109,-0.3454895,0.9359589,-25.11804,6.839554,-25.91089,3.498703,0.2874821,0.38913,0.854807,-0.02662659,-0.2353058,0.9715424,30.96001,7.363266,-31.29619,4.068481,0.566543,0.395641,0.07609093,1.248838,-0.2337355,-0.107227,-0.00711053,-0.04619406,0.814948,-30.05188,32.81
11,-0.05348206,-0.282486,0.9577637,0.872731,-0.07717896,-0.3239136,0.9429169,-25.12799,6.842316,-25.89964,3.822678,0.2891828,0.384865,0.8677708,-0.02696228,-0.2355804,0.9714661,30.95639,7.371811,-31.29466,4.068481,0.5667313,0.3953743,0.07745612,1.248567,-0.2333809,-0.1063533,-0.004256737,-0.05017847,0.814948,-30.05188,32.81
11,-0.05348206,-0.282486,0.9577637,0.872731,-0.07717896,-0.3239136,0.9429169,-25.12799,6.842316,-25.89964,3.822678,0.2891828,0.384865,0.8677708,-0.02696228,-0.2355804,0.9714661,30.95639,7.371811,-31.29466,4.068481,0.5667313,0.3953743,0.07745612,1.248567,-0.2333809,-0.1063533,-0.004256737,-0.05017847,0.814948,-30.05188,32.81
11,-0.05305481,-0.2750702,0.9599457,0.8777221,-0.07814026,-0.3193359,0.944397,-25.13644,6.856018,-25.88707,3.860977,0.2896244,0.3834682,0.8909272,-0.02983093,-0.2335968,0.9718628,30.94382,7.386063,-31.29056,4.092194,0.5676758,0.3944654,0.07884872,1.24825,-0.2331085,-0.1053743,-0.0008886853,-0.0536936,1.014776,5.83165,32.81
11,-0.05305481,-0.2750702,0.9599457,0.8777221,-0.07814026,-0.3193359,0.944397,-25.13644,6.856018,-25.88707,3.860977,0.2896244,0.3834682,0.8909272,-0.02983093,-0.2335968,0.9718628,30.94382,7.386063,-31.29056,4.092194,0.5676758,0.3944654,0.07884872,1.24825,-0.2331085,-0.1053743,-0.0008886853,-0.0536936,1.014776,5.83165,32.81
11,-0.05856323,-0.2723694,0.9604034,0.8836087,-0.090271,-0.3181763,0.9437103,-25.14012,6.889023,-25.869,3.875778,0.2917893,0.3821053,0.8823832,-0.02964783,-0.2300262,0.9727173,30.93239,7.402725,-31.28685,4.154343,0.5680636,0.3931601,0.08033216,1.248095,-0.2328112,-0.1045849,0.002592378,-0.05754874,1.014776,5.83165,32.81
11,-0.05856323,-0.2723694,0.9604034,0.8836087,-0.090271,-0.3181763,0.9437103,-25.14012,6.889023,-25.869,3.875778,0.2917893,0.3821053,0.8823832,-0.02964783,-0.2300262,0.9727173,30.93239,7.402725,-31.28685,4.154343,0.5680636,0.3931601,0.08033216,1.248095,-0.2328112,-0.1045849,0.002592378,-0.05754874,1.014776,5.83165,32.81
11,-0.05722046,-0.2740021,0.960022,0.8819783,-0.08465576,-0.3209991,0.9432831,-25.16666,6.902039,-25.84171,3.87619,0.2917893,0.3819412,0.8873024,-0.03341675,-0.2327423,0.9719543,30.93239,7.416061,-31.28223,4.154434,0.568712,0.3931601,0.08196509,1.247997,-0.2325428,-0.1039666,0.006744868,-0.06177469,1.014776,5.83165,32.81
11,-0.05722046,-0.2740021,0.960022,0.8819783,-0.08465576,-0.3209991,0.9432831,-25.16666,6.902039,-25.84171,3.87619,0.2917893,0.3819412,0.8873024,-0.03341675,-0.2327423,0.9719543,30.93239,7.416061,-31.28223,4.154434,0.568712,0.3931601,0.08196509,1.247997,-0.2325428,-0.1039666,0.006744868,-0.06177469,1.014776,5.83165,32.81
11,-0.0519104,-0.2593842,0.9643707,0.8867692,-0.08259583,-0.3096008,0.9472656,-25.16666,6.917297,-25.83034,3.872894,0.2914746,0.3792593,0.8805193,-0.02955627,-0.2223969,0.9745026,30.93239,7.422577,-31.27905,4.213348,0.5680636,0.3909528,0.08278096,1.247875,-0.2324632,-0.1036192,0.008927004,-0.06372117,1.014776,5.83165,32.81
11,-0.0519104,-0.2593842,0.9643707,0.8867692,-0.08259583,-0.3096008,0.9472656,-25.16666,6.917297,-25.83034,3.872894,0.2914746,0.3792593,0.8805193,-0.02955627,-0.2223969,0.9745026,30.93239,7.422577,-31.27905,4.213348,0.5680636,0.3909528,0.08278096,1.247875,-0.2324632,-0.1036192,0.008927004,-0.06372117,1.014776,5.83165,32.81
11,-0.05493164,-0.2476807,0.9672699,0.8867692,-0.08364868,-0.309433,0.9472198,-25.16666,6.933487,-25.8297,4.073959,0.2914746,0.378555,0.8805193,-0.03269958,-0.1994629,0.9793549,30.93239,7.429626,-31.27664,4.417252,0.5686654,0.3863886,0.08361804,1.247783,-0.2323819,-0.1030573,0.01113252,-0.06584027,1.014776,5.83165,32.81
11,-0.05148315,-0.2458344,0.9679413,0.8960442,-0.07705688,-0.3148346,0.9459991,-25.16646,6.95929,-25.82446,4.07222,0.2903596,0.378555,0.9094483,-0.03504944,-0.2011414,0.9789276,30.93544,7.456329,-31.26733,4.45285,0.5689693,0.3856716,0.08536124,1.247506,-0.2322276,-0.1022352,0.01573903,-0.06936559,1.014776,5.83165,32.81
11,-0.05577087,-0.2487183,0.9669647,0.8960442,-0.08584595,-0.3192444,0.9437714,-25.12376,6.983337,-25.82234,4.074295,0.2903596,0.378555,0.9094483,-0.03565979,-0.2011414,0.9788971,30.93845,7.456329,-31.26468,4.456482,0.5689693,0.3856472,0.08629107,1.247365,-0.2320836,-0.1017525,0.01823797,-0.07090783,1.014776,5.83165,32.81
11,-0.05577087,-0.2487183,0.9669647,0.8960442,-0.08584595,-0.3192444,0.9437714,-25.12376,6.983337,-25.82234,4.074295,0.2903596,0.378555,0.9094483,-0.03565979,-0.2011414,0.9788971,30.93845,7.456329,-31.26468,4.456482,0.5689693,0.3856472,0.08629107,1.247365,-0.2320836,-0.1017525,0.01823797,-0.07090783,1.014776,5.83165,32.81
11,-0.05743408,-0.2645416,0.9626617,0.8727418,-0.0811615,-0.3356628,0.9384613,-25.11823,6.993912,-25.82068,3.592697,0.2897649,0.3814681,0.9030337,-0.0365448,-0.2014313,0.9788055,30.95123,7.456329,-31.26172,4.453217,0.5686654,0.3856716,0.08718705,1.247201,-0.2320335,-0.1012713,0.02075267,-0.07212052,1.014776,5.83165,32.81
11,-0.04286194,-0.286377,0.9571533,0.8825342,-0.05519104,-0.3526001,0.9341431,-25.01271,7.043121,-25.80064,3.680161,0.2817077,0.38236,0.9195923,-0.03213501,-0.2285919,0.9729767,31.06718,7.443634,-31.26758,4.207474,0.5637521,0.3912736,0.08903992,1.246759,-0.2319864,-0.1001408,0.02603219,-0.07487957,1.014776,5.83165,32.81
11,-0.05300903,-0.2460327,0.967804,0.8959813,-0.05213928,-0.3265839,0.9437103,-24.96327,7.054459,-25.78012,3.701309,0.2795344,0.3769614,0.8985199,-0.05343628,-0.1795654,0.9822845,31.1019,7.449661,-31.27194,4.65239,0.5663196,0.3819566,0.09091043,1.2464,-0.2318413,-0.09911553,0.03143873,-0.07750629,1.014776,5.83165,32.81
11,-0.05300903,-0.2460327,0.967804,0.8959813,-0.05213928,-0.3265839,0.9437103,-24.96327,7.054459,-25.78012,3.701309,0.2795344,0.3769614,0.8985199,-0.05343628,-0.1795654,0.9822845,31.1019,7.449661,-31.27194,4.65239,0.5663196,0.3819566,0.09091043,1.2464,-0.2318413,-0.09911553,0.03143873,-0.07750629,1.014776,5.83165,32.81
11,-0.05300903,-0.2460327,0.967804,0.8959813,-0.05213928,-0.3265839,0.9437103,-24.96327,7.054459,-25.78012,3.701309,0.2795344,0.3769614,0.8985199,-0.05343628,-0.1795654,0.9822845,31.1019,7.449661,-31.27194,4.65239,0.5663196,0.3819566,0.09091043,1.2464,-0.2318413,-0.09911553,0.03143873,-0.07750629,1.014776,5.83165,32.81
11,-0.01219177,-0.2377014,0.9712524,0.8734132,0.008651733,-0.2693176,0.9629974,-24.87773,7.057541,-25.73381,4.153915,0.2660036,0.365275,0.9083512,-0.02200317,-0.2226715,0.9746399,31.17194,7.464249,-31.26265,4.208649,0.5583218,0.389394,0.09186077,1.246239,-0.2318254,-0.09862458,0.03411882,-0.0789627,1.014776,14.05305,32.81
11,-0.003585815,-0.2304993,0.973053,0.8801333,0.002655029,-0.2677765,0.9634705,-24.7865,7.035065,-25.71924,4.298828,0.2637761,0.365469,0.8949267,-0.005813599,-0.2171631,0.9761047,31.21434,7.472458,-31.25691,4.392273,0.5540697,0.3879705,0.09375942,1.245932,-0.2318128,-0.09766563,0.03968262,-0.08176224,1.014776,14.05305,32.81
11,-0.009429932,-0.2241974,0.9744873,0.8801333,-0.01501465,-0.2475433,0.96875,-24.64673,7.049667,-25.74393,4.251923,0.2618911,0.3615116,0.8949267,-0.007781982,-0.2172852,0.9760742,31.2318,7.47818,-31.25575,4.396149,0.5537945,0.3877714,0.09473765,1.245781,-0.2317567,-0.09714849,0.04247801,-0.08302702,1.014776,14.05305,32.81
11,-0.009429932,-0.2241974,0.9744873,0.8801333,-0.01501465,-0.2475433,0.96875,-24.64673,7.049667,-25.74393,4.251923,0.2618911,0.3615116,0.8949267,-0.007781982,-0.2172852,0.9760742,31.2318,7.47818,-31.25575,4.396149,0.5537945,0.3877714,0.09473765,1.245781,-0.2317567,-0.09714849,0.04247801,-0.08302702,1.014776,14.05305,32.81
11,-0.008987427,-0.2426147,0.9700775,0.8751804,-0.005523682,-0.3020477,0.9532623,-24.65955,7.059021,-25.76099,3.934921,0.2609921,0.3713114,0.9024413,-0.01081848,-0.2104034,0.9775391,31.27774,7.48822,-31.26041,4.341202,0.5527039,0.3862106,0.09570706,1.245628,-0.2317418,-0.0967501,0.04536584,-0.08427468,1.014776,14.05305,32.81
11,-0.01449585,-0.2449036,0.9694366,0.8791964,-0.02398682,-0.3102417,0.9503479,-24.54251,7.08902,-25.75623,3.903778,0.2600915,0.3717443,0.9114938,-0.007675171,-0.1975861,0.9802399,31.32913,7.491287,-31.25911,4.519394,0.5503895,0.3836739,0.09671235,1.245504,-0.2317153,-0.0964415,0.04826689,-0.08525535,1.014776,14.05305,32.81
11,0.003585815,-0.2470856,0.9689789,0.8703765,0.00894165,-0.3329163,0.9429016,-24.45815,7.11969,-25.75731,3.489105,0.2518384,0.3748724,0.8969867,0.0003814697,-0.1948395,0.9808197,31.39311,7.498795,-31.26614,4.591782,0.5467671,0.3829291,0.09867334,1.245255,-0.2316854,-0.09573162,0.05417529,-0.08696239,1.014776,14.05305,32.81
11,0.003585815,-0.2470856,0.9689789,0.8703765,0.00894165,-0.3329163,0.9429016,-24.45815,7.11969,-25.75731,3.489105,0.2518384,0.3748724,0.8969867,0.0003814697,-0.1948395,0.9808197,31.39311,7.498795,-31.26614,4.591782,0.5467671,0.3829291,0.09867334,1.245255,-0.2316854,-0.09573162,0.05417529,-0.08696239,1.014776,14.05305,32.81
11,0.01947021,-0.2079468,0.9779358,0.9184097,0.02598572,-0.2336121,0.9719696,-24.37274,7.080185,-25.71295,4.424011,0.245072,0.3568411,0.8985335,0.01489258,-0.1899109,0.9816742,31.45677,7.491394,-31.27283,4.504669,0.5420164,0.3823775,0.09969771,1.245142,-0.2317073,-0.0954696,0.05709655,-0.08775862,1.014776,14.05305,32.81
11,0.001037598,-0.1880798,0.9821472,0.892125,-0.02720642,-0.1930389,0.9808044,-24.38545,7.063736,-25.71866,4.588943,0.2544511,0.3505872,0.9047954,0.01663208,-0.1852722,0.9825439,31.51265,7.487259,-31.28171,4.445847,0.5397467,0.381771,0.100664,1.24497,-0.2317092,-0.09525029,0.05996138,-0.08853313,1.014776,14.05305,32.81
11,0.04385376,-0.2145081,0.9757233,0.9096333,0.07168579,-0.2391663,0.9683228,-24.31209,7.073593,-25.72888,4.546646,0.2348975,0.357759,0.8914971,0.0319519,-0.2038727,0.9784698,31.60269,7.475418,-31.27254,4.33461,0.5338939,0.3855682,0.1025419,1.244575,-0.2317426,-0.0943136,0.06561106,-0.09010468,1.014776,14.05305,32.81
11,0.01446533,-0.2503815,0.9680328,0.9096333,-0.03009033,-0.3379059,0.9406891,-24.21103,7.071198,-25.73091,3.655594,0.2498768,0.3770348,0.8914971,0.03672791,-0.2055817,0.9779358,31.63486,7.468872,-31.27,4.360809,0.5319409,0.3860821,0.1034451,1.244431,-0.2316964,-0.09374229,0.06847143,-0.09090912,1.014776,14.05305,32.81
11,0.01446533,-0.2503815,0.9680328,0.9096333,-0.03009033,-0.3379059,0.9406891,-24.21103,7.071198,-25.73091,3.655594,0.2498768,0.3770348,0.8914971,0.03672791,-0.2055817,0.9779358,31.63486,7.468872,-31.27,4.360809,0.5319409,0.3860821,0.1034451,1.244431,-0.2316964,-0.09374229,0.06847143,-0.09090912,1.014776,14.05305,32.81
11,0.02775574,-0.2622375,0.9645996,0.8909612,0.05195618,-0.2539825,0.9658051,-24.37669,7.053406,-25.7095,4.515564,0.2407341,0.3611882,0.8913996,0.01795959,-0.2655334,0.9639282,31.57909,7.57312,-31.2403,3.969849,0.5370601,0.3933838,0.1043822,1.244251,-0.2317133,-0.09316324,0.0712991,-0.09168626,1.014776,14.05305,32.81
11,-0.04994202,-0.2131195,0.9757385,0.9188605,-0.06333923,-0.2832031,0.956955,-24.74506,7.028152,-25.72191,3.769852,0.2739975,0.369318,0.899609,-0.0440979,-0.1826935,0.9821777,31.15425,7.491531,-31.25145,4.680161,0.5628615,0.3808422,0.105337,1.244093,-0.2317283,-0.09247533,0.07405253,-0.09246115,1.014776,5.378876,32.81
11,-0.07537842,-0.2518616,0.9648132,0.8205736,-0.06515503,-0.3560944,0.9321594,-25.05392,7.054337,-25.79175,3.451645,0.2849829,0.3828655,0.8838407,-0.07963562,-0.2045288,0.9756012,30.93184,7.513245,-31.27673,4.764328,0.576856,0.3843189,0.1070669,1.243719,-0.2317693,-0.09128142,0.07956841,-0.09340294,1.014776,5.378876,32.81
11,-0.07537842,-0.2518616,0.9648132,0.8205736,-0.06515503,-0.3560944,0.9321594,-25.05392,7.054337,-25.79175,3.451645,0.2849829,0.3828655,0.8838407,-0.07963562,-0.2045288,0.9756012,30.93184,7.513245,-31.27673,4.764328,0.576856,0.3843189,0.1070669,1.243719,-0.2317693,-0.09128142,0.07956841,-0.09340294,1.014776,5.378876,32.81
11,-0.05062866,-0.2720032,0.9609528,0.8309871,-0.0557251,-0.3815308,0.9226532,-25.03232,7.086624,-25.78351,3.395172,0.282654,0.3863657,0.8841389,-0.04812622,-0.2219391,0.9738617,30.97845,7.513504,-31.26169,4.198074,0.5696774,0.387539,0.1078933,1.243588,-0.2318106,-0.09059255,0.08173654,-0.09349718,1.014776,5.378876,32.81
11,-0.04812622,-0.2632599,0.9635162,0.8348615,-0.061203,-0.3507233,0.9344635,-24.94757,7.094009,-25.75755,3.557816,0.2806408,0.3800439,0.9222742,-0.04084778,-0.2148895,0.975769,31.06833,7.507645,-31.26024,4.45311,0.5652795,0.3863359,0.108657,1.243416,-0.2318242,-0.09002145,0.08384258,-0.09377741,1.014776,5.378876,32.81
11,-0.05058289,-0.2090149,0.976593,0.8348615,-0.0382843,-0.2843781,0.9579315,-24.9039,7.092148,-25.71918,3.793396,0.2751641,0.3672985,0.9222742,-0.05613708,-0.1738129,0.9831696,31.1115,7.515686,-31.26729,4.600006,0.5664722,0.3785298,0.1099641,1.243088,-0.2318119,-0.08893793,0.08732184,-0.09420729,1.014776,5.378876,32.81
11,-0.03869629,-0.2567444,0.9656982,0.8748604,-0.04057312,-0.2937622,0.9550018,-24.77242,7.078094,-25.70741,4.1922,0.2707076,0.3689541,0.9073353,-0.03747559,-0.2329559,0.971756,31.17757,7.521988,-31.26216,4.281403,0.5608107,0.3892342,0.1099641,1.243088,-0.2318119,-0.08893793,0.08732184,-0.09420729,1.014776,5.378876,32.81
11,-0.03869629,-0.2567444,0.9656982,0.8748604,-0.04057312,-0.2937622,0.9550018,-24.77242,7.078094,-25.70741,4.1922,0.2707076,0.3689541,0.9073353,-0.03747559,-0.2329559,0.971756,31.17757,7.521988,-31.26216,4.281403,0.5608107,0.3892342,0.1099641,1.243088,-0.2318119,-0.08893793,0.08732184,-0.09420729,1.014776,5.378876,32.81
11,-0.03237915,-0.2176666,0.9754791,0.8627554,-0.02320862,-0.2602692,0.9652557,-24.71103,7.083466,-25.69115,4.385086,0.2654752,0.3622673,0.924901,-0.03727722,-0.1946259,0.9801636,31.22301,7.523209,-31.24901,4.478622,0.5592374,0.3819467,0.1111869,1.242821,-0.2318119,-0.08808859,0.08983927,-0.09515457,1.014776,5.378876,32.81
11,-0.02015686,-0.2216492,0.9749146,0.8665893,-0.005859375,-0.2461548,0.9692078,-24.69946,7.074844,-25.66968,4.203964,0.2623149,0.3598461,0.9301912,-0.02798462,-0.2081451,0.9776917,31.26897,7.527924,-31.25003,4.328018,0.5559821,0.3843239,0.1122162,1.242612,-0.2316893,-0.08738367,0.09232963,-0.09623671,1.014776,5.378876,32.81
11,-0.02015686,-0.2216492,0.9749146,0.8665893,-0.005859375,-0.2461548,0.9692078,-24.69946,7.074844,-25.66968,4.203964,0.2623149,0.3598461,0.9301912,-0.02798462,-0.2081451,0.9776917,31.26897,7.527924,-31.25003,4.328018,0.5559821,0.3843239,0.1122162,1.242612,-0.2316893,-0.08738367,0.09232963,-0.09623671,1.014776,5.378876,32.81
11,-0.02275085,-0.2137146,0.9766235,0.8974549,-0.002441406,-0.2471466,0.9689636,-24.6837,7.078705,-25.66835,4.201248,0.2611945,0.3598461,0.9339653,-0.03694153,-0.1901245,0.9810486,31.30933,7.53595,-31.26913,4.498871,0.5561581,0.3808355,0.1133097,1.242426,-0.2314615,-0.08670413,0.09456109,-0.09738993,1.014776,5.378876,32.81
11,-0.02275085,-0.2137146,0.9766235,0.8974549,-0.002441406,-0.2471466,0.9689636,-24.6837,7.078705,-25.66835,4.201248,0.2611945,0.3598461,0.9339653,-0.03694153,-0.1901245,0.9810486,31.30933,7.53595,-31.26913,4.498871,0.5561581,0.3808355,0.1133097,1.242426,-0.2314615,-0.08670413,0.09456109,-0.09738993,1.014776,5.378876,32.81
11,-0.02140808,-0.2136078,0.9766693,0.9533511,-0.005966187,-0.2447357,0.9695587,-24.68269,7.081329,-25.66808,4.202286,0.2617547,0.3593504,0.9339986,-0.03352356,-0.1889496,0.9813995,31.32216,7.541046,-31.26901,4.572235,0.5551262,0.3804141,0.1143112,1.242156,-0.231343,-0.08604521,0.09647163,-0.09903846,1.014776,5.378876,32.81
11,-0.01823425,-0.2124329,0.9769897,0.9431736,-0.004119873,-0.2494965,0.9683533,-24.69157,7.082672,-25.66843,4.202927,0.2617547,0.3601531,0.944059,-0.02903748,-0.1837921,0.9825287,31.323,7.547241,-31.26585,4.58493,0.5543305,0.3792107,0.1153517,1.241833,-0.2311672,-0.08540457,0.09807436,-0.1002231,1.014776,5.378876,32.81
11,-0.01823425,-0.2124329,0.9769897,0.9431736,-0.004119873,-0.2494965,0.9683533,-24.69157,7.082672,-25.66843,4.202927,0.2617547,0.3601531,0.944059,-0.02903748,-0.1837921,0.9825287,31.323,7.547241,-31.26585,4.58493,0.5543305,0.3792107,0.1153517,1.241833,-0.2311672,-0.08540457,0.09807436,-0.1002231,1.014776,5.378876,32.81
11,-0.01945496,-0.2063141,0.9782867,0.9516764,-0.00579834,-0.2505493,0.9680786,-24.69946,7.080353,-25.66968,4.204056,0.2623149,0.3604602,0.939346,-0.02914429,-0.1745605,0.9842072,31.31313,7.531784,-31.23819,4.716309,0.5547022,0.3777982,0.1162015,1.241542,-0.2310295,-0.0843134,0.09949263,-0.1011917,1.014776,-25.37776,32.81
11,-0.01945496,-0.2063141,0.9782867,0.9516764,-0.00579834,-0.2505493,0.9680786,-24.69946,7.080353,-25.66968,4.204056,0.2623149,0.3604602,0.939346,-0.02914429,-0.1745605,0.9842072,31.31313,7.531784,-31.23819,4.716309,0.5547022,0.3777982,0.1162015,1.241542,-0.2310295,-0.0843134,0.09949263,-0.1011917,1.014776,-25.37776,32.81
11,-0.02203369,-0.2092743,0.9776001,0.9562154,-0.00843811,-0.2580414,0.9660797,-24.68698,7.081406,-25.66968,4.196198,0.2623423,0.36177,0.9447283,-0.03182983,-0.173645,0.9842834,31.32611,7.526367,-31.23628,4.716934,0.5547022,0.3777982,0.1168731,1.24129,-0.2308657,-0.08312334,0.100617,-0.1026056,1.014776,-25.37776,32.81
11,-0.02203369,-0.2092743,0.9776001,0.9562154,-0.00843811,-0.2580414,0.9660797,-24.68698,7.081406,-25.66968,4.196198,0.2623423,0.36177,0.9447283,-0.03182983,-0.173645,0.9842834,31.32611,7.526367,-31.23628,4.716934,0.5547022,0.3777982,0.1168731,1.24129,-0.2308657,-0.08312334,0.100617,-0.1026056,1.014776,-25.37776,32.81
11,-0.02137756,-0.210022,0.9774475,0.9762379,-0.009506226,-0.2589874,0.9658203,-24.68167,7.086044,-25.66835,4.195297,0.2623423,0.36177,0.9614977,-0.03062439,-0.1713562,0.984726,31.34341,7.526245,-31.23578,4.612488,0.5538785,0.3774149,0.1176329,1.240972,-0.2306354,-0.08172606,0.101454,-0.1043825,1.014776,-25.37776,32.81
11,-0.02137756,-0.210022,0.9774475,0.9762379,-0.009506226,-0.2589874,0.9658203,-24.68167,7.086044,-25.66835,4.195297,0.2623423,0.36177,0.9614977,-0.03062439,-0.1713562,0.984726,31.34341,7.526245,-31.23578,4.612488,0.5538785,0.3774149,0.1176329,1.240972,-0.2306354,-0.08172606,0.101454,-0.1043825,1.014776,-25.37776,32.81
11,-0.02233887,-0.2144012,0.9764862,0.9597936,-0.02000427,-0.2671051,0.9634552,-24.6254,7.092072,-25.66376,4.019073,0.2623423,0.3631119,0.9436205,-0.02403259,-0.1742859,0.9843903,31.35899,7.530441,-31.23508,4.577744,0.5521883,0.3777982,0.1182642,1.240519,-0.2303729,-0.07980962,0.1022559,-0.1056646,1.014776,-25.37776,32.81
11,-0.02233887,-0.2144012,0.9764862,0.9597936,-0.02000427,-0.2671051,0.9634552,-24.6254,7.092072,-25.66376,4.019073,0.2623423,0.3631119,0.9436205,-0.02403259,-0.1742859,0.9843903,31.35899,7.530441,-31.23508,4.577744,0.5521883,0.3777982,0.1182642,1.240519,-0.2303729,-0.07980962,0.1022559,-0.1056646,1.014776,-25.37776,32.81
11,-0.02403259,-0.2137299,0.976593,0.9657406,-0.02572632,-0.2749176,0.9611206,-24.59021,7.098724,-25.66338,3.969894,0.2621418,0.3643205,0.9576012,-0.02278137,-0.1703033,0.9851227,31.36888,7.531784,-31.23563,4.57399,0.5516305,0.3770316,0.1188897,1.239967,-0.2300957,-0.07766013,0.1028064,-0.1071064,1.014776,-25.37776,32.81
11,-0.02403259,-0.2137299,0.976593,0.9657406,-0.02572632,-0.2749176,0.9611206,-24.59021,7.098724,-25.66338,3.969894,0.2621418,0.3643205,0.9576012,-0.02278137,-0.1703033,0.9851227,31.36888,7.531784,-31.23563,4.57399,0.5516305,0.3770316,0.1188897,1.239967,-0.2300957,-0.07766013,0.1028064,-0.1071064,1.014776,-25.37776,32.81
11,-0.01502991,-0.2232056,0.9746399,0.980314,-0.01452637,-0.3104858,0.9504547,-24.53494,7.063629,-25.68959,3.7742,0.258481,0.3721713,0.9440296,-0.01524353,-0.1735992,0.9846954,31.35391,7.462875,-31.28159,4.513046,0.5508512,0.3804966,0.1195046,1.239282,-0.229846,-0.07465057,0.103351,-0.1092231,1.014776,-25.37776,32.81
11,-0.01502991,-0.2232056,0.9746399,0.980314,-0.01452637,-0.3104858,0.9504547,-24.53494,7.063629,-25.68959,3.7742,0.258481,0.3721713,0.9440296,-0.01524353,-0.1735992,0.9846954,31.35391,7.462875,-31.28159,4.513046,0.5508512,0.3804966,0.1195046,1.239282,-0.229846,-0.07465057,0.103351,-0.1092231,1.014776,-25.37776,32.81
11,-0.01502991,-0.2232056,0.9746399,0.980314,-0.01452637,-0.3104858,0.9504547,-24.53494,7.063629,-25.68959,3.7742,0.258481,0.3721713,0.9440296,-0.01524353,-0.1735992,0.9846954,31.35391,7.462875,-31.28159,4.513046,0.5508512,0.3804966,0.1195046,1.239282,-0.229846,-0.07465057,0.103351,-0.1092231,1.014776,-25.37776,32.81
11,-0.03431702,-0.2752533,0.9607544,0.9384952,-0.05447388,-0.317337,0.9467316,-24.45668,6.410767,-25.96875,4.092865,0.2621267,0.3977503,0.9381621,-0.02377319,-0.2530518,0.9671478,31.22067,7.013779,-31.39722,4.549133,0.5568633,0.4119662,0.1201057,1.238453,-0.2295573,-0.07071981,0.1038371,-0.1122818,1.014776,-25.37776,32.83
11,-0.04759216,-0.3419495,0.9385071,0.7922157,-0.0604248,-0.4282532,0.9016266,-24.5213,6.187576,-26.03146,3.485687,0.2655654,0.4268013,0.9289427,-0.0433197,-0.3131714,0.9487,31.13268,6.755859,-31.49753,4.375519,0.5632706,0.4332152,0.1208494,1.237379,-0.2292413,-0.06552038,0.1044644,-0.116081,1.014776,-25.37776,32.83
11,-0.04759216,-0.3419495,0.9385071,0.7922157,-0.0604248,-0.4282532,0.9016266,-24.5213,6.187576,-26.03146,3.485687,0.2655654,0.4268013,0.9289427,-0.0433197,-0.3131714,0.9487,31.13268,6.755859,-31.49753,4.375519,0.5632706,0.4332152,0.1208494,1.237379,-0.2292413,-0.06552038,0.1044644,-0.116081,1.014776,-25.37776,32.83
11,-0.03652954,-0.3476563,0.9369049,0.5925738,0.0,0.0,0.0,-24.69736,5.942856,-26.12138,-1.0,0.2638454,0.4293686,0.8334149,-0.03652954,-0.3476563,0.9369049,31.09537,6.552658,-31.56073,4.361023,0.5634021,0.4474184,0.1215287,1.236047,-0.228993,-0.05910347,0.1049974,-0.1196272,1.014776,-7.323837,32.83
11,-0.03652954,-0.3476563,0.9369049,0.5925738,0.0,0.0,0.0,-24.69736,5.942856,-26.12138,-1.0,0.2638454,0.4293686,0.8334149,-0.03652954,-0.3476563,0.9369049,31.09537,6.552658,-31.56073,4.361023,0.5634021,0.4474184,0.1215287,1.236047,-0.228993,-0.05910347,0.1049974,-0.1196272,1.014776,-7.323837,32.83
11,-0.03797913,-0.372406,0.9272766,0.5753433,-0.03910828,-0.395752,0.917511,-24.69026,5.977753,-26.09161,4.219849,0.2672106,0.4276444,0.7955089,-0.03713989,-0.3551788,0.9340515,31.1783,6.572342,-31.56906,4.409698,0.5605909,0.4482008,0.1220843,1.234712,-0.2287395,-0.05244124,0.1051992,-0.1230485,1.014776,-7.323837,32.83
11,-0.03797913,-0.372406,0.9272766,0.5753433,-0.03910828,-0.395752,0.917511,-24.69026,5.977753,-26.09161,4.219849,0.2672106,0.4276444,0.7955089,-0.03713989,-0.3551788,0.9340515,31.1783,6.572342,-31.56906,4.409698,0.5605909,0.4482008,0.1220843,1.234712,-0.2287395,-0.05244124,0.1051992,-0.1230485,1.014776,-7.323837,32.83
11,-0.03852844,-0.4147949,0.9090881,0.5851492,-0.007705688,-0.4673615,0.8840179,-24.67261,6.030487,-26.13451,3.28746,0.2616177,0.4403233,0.8120555,-0.06274414,-0.3720551,0.9260864,31.22778,6.619125,-31.57346,4.282684,0.5632585,0.4499536,0.1225816,1.233366,-0.2284651,-0.04586498,0.1053289,-0.127214,1.014776,-7.323837,32.83
11,-0.03852844,-0.4147949,0.9090881,0.5851492,-0.007705688,-0.4673615,0.8840179,-24.67261,6.030487,-26.13451,3.28746,0.2616177,0.4403233,0.8120555,-0.06274414,-0.3720551,0.9260864,31.22778,6.619125,-31.57346,4.282684,0.5632585,0.4499536,0.1225816,1.233366,-0.2284651,-0.04586498,0.1053289,-0.127214,1.014776,-7.323837,32.83
11,-0.03149414,-0.3824615,0.9234161,0.6246807,-0.02062988,-0.4377289,0.8988647,-24.66696,6.091797,-26.0974,3.59198,0.2635981,0.4321027,0.8077317,-0.04000854,-0.3377991,0.9403534,31.24593,6.675232,-31.55067,4.270569,0.5587063,0.4411951,0.1231641,1.231951,-0.2281885,-0.03925126,0.105693,-0.1321378,1.014776,-7.323837,32.83
11,-0.03149414,-0.3824615,0.9234161,0.6246807,-0.02062988,-0.4377289,0.8988647,-24.66696,6.091797,-26.0974,3.59198,0.2635981,0.4321027,0.8077317,-0.04000854,-0.3377991,0.9403534,31.24593,6.675232,-31.55067,4.270569,0.5587063,0.4411951,0.1231641,1.231951,-0.2281885,-0.03925126,0.105693,-0.1321378,1.014776,-7.323837,32.83
11,-0.04066467,-0.3715057,0.9275208,0.6764407,-0.02934265,-0.4373322,0.8988037,-24.67465,6.141388,-26.08203,3.73558,0.2652577,0.4301602,0.8172429,-0.05088806,-0.3092346,0.9496155,31.24979,6.747421,-31.5181,4.198654,0.560451,0.4330503,0.1238462,1.230237,-0.228019,-0.0325738,0.1061615,-0.1368992,1.014776,-7.323837,32.83
11,-0.04066467,-0.3715057,0.9275208,0.6764407,-0.02934265,-0.4373322,0.8988037,-24.67465,6.141388,-26.08203,3.73558,0.2652577,0.4301602,0.8172429,-0.05088806,-0.3092346,0.9496155,31.24979,6.747421,-31.5181,4.198654,0.560451,0.4330503,0.1238462,1.230237,-0.228019,-0.0325738,0.1061615,-0.1368992,1.014776,-7.323837,32.83
11,-0.04760742,-0.3873596,0.9206848,0.6633607,-0.0512085,-0.4555359,0.8887329,-24.66835,6.237854,-26.05728,3.734268,0.2687128,0.4303046,0.8362175,-0.04386902,-0.3193359,0.9466095,31.24947,6.799408,-31.50374,4.032364,0.5592477,0.433049,0.1245548,1.228859,-0.2278575,-0.02612448,0.1066202,-0.1412316,1.014776,-7.323837,32.83
11,-0.04760742,-0.3873596,0.9206848,0.6633607,-0.0512085,-0.4555359,0.8887329,-24.66835,6.237854,-26.05728,3.734268,0.2687128,0.4303046,0.8362175,-0.04386902,-0.3193359,0.9466095,31.24947,6.799408,-31.50374,4.032364,0.5592477,0.433049,0.1245548,1.228859,-0.2278575,-0.02612448,0.1066202,-0.1412316,1.014776,-7.323837,32.83
11,-0.03742981,-0.3659973,0.9298553,0.7650843,-0.04627991,-0.4376068,0.8979645,-24.65742,6.329605,-26.00235,3.374573,0.2678913,0.4236518,0.8498752,-0.02819824,-0.2910309,0.9562836,31.25301,6.875244,-31.46725,4.288956,0.5564424,0.4246049,0.1253859,1.227662,-0.2276815,-0.02108886,0.1073329,-0.1457805,1.014776,-7.323837,32.83
11,-0.03742981,-0.3659973,0.9298553,0.7650843,-0.04627991,-0.4376068,0.8979645,-24.65742,6.329605,-26.00235,3.374573,0.2678913,0.4236518,0.8498752,-0.02819824,-0.2910309,0.9562836,31.25301,6.875244,-31.46725,4.288956,0.5564424,0.4246049,0.1253859,1.227662,-0.2276815,-0.02108886,0.1073329,-0.1457805,1.014776,-7.323837,32.83
11,-0.0398407,-0.3321381,0.9423828,0.7477847,-0.02041626,-0.4262848,0.9043427,-24.61996,6.473129,-25.93112,3.319351,0.2623846,0.4159696,0.848484,-0.0528717,-0.2657013,0.9625854,31.30626,6.981766,-31.43689,4.448898,0.5588474,0.4158775,0.1263014,1.226731,-0.2274629,-0.01744752,0.1084643,-0.1502469,1.014776,15.99187,32.83
11,-0.0398407,-0.3321381,0.9423828,0.7477847,-0.02041626,-0.4262848,0.9043427,-24.61996,6.473129,-25.93112,3.319351,0.2623846,0.4159696,0.848484,-0.0528717,-0.2657013,0.9625854,31.30626,6.981766,-31.43689,4.448898,0.5588474,0.4158775,0.1263014,1.226731,-0.2274629,-0.01744752,0.1084643,-0.1502469,1.014776,15.99187,32.83
11,-0.03155518,-0.3196716,0.946991,0.7497728,-0.02415466,-0.3894043,0.9207458,-24.63101,6.617615,-25.84145,3.700104,0.263319,0.4031599,0.8581756,-0.03627014,-0.273407,0.9612122,31.30925,7.058868,-31.41463,4.338989,0.555882,0.4143937,0.1272395,1.225904,-0.2270473,-0.01443685,0.1100374,-0.1539901,1.014776,15.99187,32.83
11,-0.03155518,-0.3196716,0.946991,0.7497728,-0.02415466,-0.3894043,0.9207458,-24.63101,6.617615,-25.84145,3.700104,0.263319,0.4031599,0.8581756,-0.03627014,-0.273407,0.9612122,31.30925,7.058868,-31.41463,4.338989,0.555882,0.4143937,0.1272395,1.225904,-0.2270473,-0.01443685,0.1100374,-0.1539901,1.014776,15.99187,32.83
11,-0.03337097,-0.3177338,0.9475861,0.7808853,-0.02845764,-0.434845,0.9000549,-24.61971,6.692139,-25.85222,3.47728,0.2637165,0.4095056,0.8826625,-0.03544617,-0.2627411,0.9642029,31.33696,7.095108,-31.3956,4.427383,0.5547754,0.4109294,0.1285369,1.225163,-0.2267432,-0.01202067,0.1124099,-0.1569299,1.014776,15.99187,32.83
11,-0.03337097,-0.3177338,0.9475861,0.7808853,-0.02845764,-0.434845,0.9000549,-24.61971,6.692139,-25.85222,3.47728,0.2637165,0.4095056,0.8826625,-0.03544617,-0.2627411,0.9642029,31.33696,7.095108,-31.3956,4.427383,0.5547754,0.4109294,0.1285369,1.225163,-0.2267432,-0.01202067,0.1124099,-0.1569299,1.014776,15.99187,32.83
11,-0.04072571,-0.2834778,0.9580994,0.7734923,-0.05046082,-0.3638458,0.9300842,-24.58784,6.685638,-25.82291,3.895081,0.2662135,0.3959988,0.8822537,-0.034729,-0.2341003,0.9715881,31.33958,7.119934,-31.39273,4.365082,0.5545873,0.4047611,0.1299876,1.224397,-0.2265166,-0.01005359,0.1155519,-0.159695,1.014776,15.99187,32.83
11,-0.04072571,-0.2834778,0.9580994,0.7734923,-0.05046082,-0.3638458,0.9300842,-24.58784,6.685638,-25.82291,3.895081,0.2662135,0.3959988,0.8822537,-0.034729,-0.2341003,0.9715881,31.33958,7.119934,-31.39273,4.365082,0.5545873,0.4047611,0.1299876,1.224397,-0.2265166,-0.01005359,0.1155519,-0.159695,1.014776,15.99187,32.83
12,-0.03237915,-0.2928467,0.9555969,0.7908472,-0.05032349,-0.3551636,0.9334412,-24.58784,6.655136,-25.82291,3.893127,0.2662135,0.3954446,0.9087445,-0.02087402,-0.2524261,0.9673767,31.33223,7.123489,-31.40146,4.230301,0.5524383,0.4081184,0.1307443,1.224076,-0.2264472,-0.009100585,0.1175213,-0.1610252,1.014776,15.99187,32.83
12,-0.03237915,-0.2928467,0.9555969,0.7908472,-0.05032349,-0.3551636,0.9334412,-24.58784,6.655136,-25.82291,3.893127,0.2662135,0.3954446,0.9087445,-0.02087402,-0.2524261,0.9673767,31.33223,7.123489,-31.40146,4.230301,0.5524383,0.4081184,0.1307443,1.224076,-0.2264472,-0.009100585,0.1175213,-0.1610252,1.014776,15.99187,32.83
12,-0.03971863,-0.2848358,0.9577484,0.8289939,-0.0541687,-0.3516998,0.9345398,-24.56874,6.648956,-25.82289,3.893097,0.2662135,0.3950201,0.8983554,-0.02697754,-0.2254944,0.9738617,31.34991,7.141251,-31.39009,4.534042,0.552915,0.4023304,0.1324893,1.223341,-0.2263939,-0.007409176,0.1220955,-0.1630226,1.014776,15.99187,32.83
12,-0.04446411,-0.2938995,0.9547882,0.8076125,-0.05621338,-0.3684998,0.9279175,-24.49072,6.666245,-25.82069,3.446808,0.2642268,0.3978088,0.9195305,-0.03442383,-0.2301483,0.9725342,31.37964,7.14238,-31.38419,4.494659,0.553139,0.4031265,0.1334306,1.223024,-0.2263889,-0.006771327,0.124834,-0.1637655,1.014776,15.99187,32.83
12,-0.04446411,-0.2938995,0.9547882,0.8076125,-0.05621338,-0.3684998,0.9279175,-24.49072,6.666245,-25.82069,3.446808,0.2642268,0.3978088,0.9195305,-0.03442383,-0.2301483,0.9725342,31.37964,7.14238,-31.38419,4.494659,0.553139,0.4031265,0.1334306,1.223024,-0.2263889,-0.006771327,0.124834,-0.1637655,1.014776,15.99187,32.83
12,-0.04034424,-0.29422,0.9548798,0.8285332,-0.07067871,-0.376709,0.9236145,-24.41998,6.708618,-25.80424,3.449768,0.2642268,0.3978088,0.9150285,-0.01547241,-0.2253418,0.9741516,31.41212,7.155701,-31.38274,4.359161,0.5487278,0.4017767,0.1354491,1.222447,-0.2263966,-0.005759339,0.130852,-0.1654176,1.014776,15.99187,32.83
12,-0.04602051,-0.2810516,0.9585724,0.8596092,-0.06800842,-0.3786774,0.9230194,-24.38947,6.717407,-25.80226,3.447891,0.262722,0.3978088,0.9320037,-0.0324707,-0.2204285,0.9748535,31.46118,7.171021,-31.38524,4.555618,0.5499529,0.4003083,0.1364616,1.222128,-0.2264172,-0.005308304,0.1341013,-0.166378,1.014776,15.99187,32.83
12,-0.04602051,-0.2810516,0.9585724,0.8596092,-0.06800842,-0.3786774,0.9230194,-24.38947,6.717407,-25.80226,3.447891,0.262722,0.3978088,0.9320037,-0.0324707,-0.2204285,0.9748535,31.46118,7.171021,-31.38524,4.555618,0.5499529,0.4003083,0.1364616,1.222128,-0.2264172,-0.005308304,0.1341013,-0.166378,1.014776,15.99187,32.83
12,-0.05474854,-0.2816315,0.9579468,0.8707908,-0.08937073,-0.3815918,0.9199982,-24.28011,6.73555,-25.80226,3.451538,0.2625721,0.3978088,0.9389949,-0.03947449,-0.2370758,0.9706726,31.51892,7.19696,-31.38887,4.428101,0.5491093,0.4025375,0.1388135,1.221593,-0.2264057,-0.004572344,0.1416603,-0.168168,1.014776,15.99187,32.83
12,-0.03465271,-0.2679138,0.9628143,0.8783812,-0.09307861,-0.3808899,0.9199066,-24.2627,6.738739,-25.8013,3.55632,0.2625069,0.3975014,0.93611,-0.01976013,-0.2385406,0.9709167,31.55312,7.179932,-31.38963,4.372849,0.5445042,0.4034038,0.1400739,1.22118,-0.2264926,-0.003951761,0.145783,-0.1686897,1.014776,21.78218,32.83
12,-0.03465271,-0.2679138,0.9628143,0.8783812,-0.09307861,-0.3808899,0.9199066,-24.2627,6.738739,-25.8013,3.55632,0.2625069,0.3975014,0.93611,-0.01976013,-0.2385406,0.9709167,31.55312,7.179932,-31.38963,4.372849,0.5445042,0.4034038,0.1400739,1.22118,-0.2264926,-0.003951761,0.145783,-0.1686897,1.014776,21.78218,32.83
12,-0.02209473,-0.2663116,0.963623,0.900472,-0.08262634,-0.3560486,0.9308014,-24.259,6.737152,-25.80116,3.806107,0.2604072,0.3926392,0.9365433,-0.008010864,-0.2450256,0.9694824,31.56621,7.167557,-31.39383,4.302856,0.5420099,0.4050835,0.1426331,1.220593,-0.2267665,-0.003266379,0.154589,-0.1698157,1.014776,21.78218,32.83
12,-0.02209473,-0.2663116,0.963623,0.900472,-0.08262634,-0.3560486,0.9308014,-24.259,6.737152,-25.80116,3.806107,0.2604072,0.3926392,0.9365433,-0.008010864,-0.2450256,0.9694824,31.56621,7.167557,-31.39383,4.302856,0.5420099,0.4050835,0.144014,1.220337,-0.2269416,-0.003583964,0.1596372,-0.1708275,1.014776,21.78218,32.83
12,-0.02209473,-0.2663116,0.963623,0.900472,-0.08262634,-0.3560486,0.9308014,-24.259,6.737152,-25.80116,3.806107,0.2604072,0.3926392,0.9365433,-0.008010864,-0.2450256,0.9694824,31.56621,7.167557,-31.39383,4.302856,0.5420099,0.4050835,0.144014,1.220337,-0.2269416,-0.003583964,0.1596372,-0.1708275,1.014776,21.78218,32.83
12,-0.02209473,-0.2663116,0.963623,0.900472,-0.08262634,-0.3560486,0.9308014,-24.259,6.737152,-25.80116,3.806107,0.2604072,0.3926392,0.9365433,-0.008010864,-0.2450256,0.9694824,31.56621,7.167557,-31.39383,4.302856,0.5420099,0.4050835,0.1469342,1.219902,-0.2273211,-0.004295071,0.1706569,-0.1727174,1.014776,21.78218,32.83
12,-0.02209473,-0.2663116,0.963623,0.900472,-0.08262634,-0.3560486,0.9308014,-24.259,6.737152,-25.80116,3.806107,0.2604072,0.3926392,0.9365433,-0.008010864,-0.2450256,0.9694824,31.56621,7.167557,-31.39383,4.302856,0.5420099,0.4050835,0.1469342,1.219902,-0.2273211,-0.004295071,0.1706569,-0.1727174,1.014776,21.78218,32.83
12,-0.07064819,-0.1155396,0.9907837,0.8704004,-0.1306915,-0.1611023,0.978241,-24.51216,7.699982,-25.51306,4.211945,0.2766747,0.3228497,0.9592044,-0.04475403,-0.09577942,0.9943848,31.07132,8.25264,-31.09805,4.478058,0.5662974,0.3362444,0.150005,1.219389,-0.227916,-0.005044917,0.1824889,-0.1733913,1.014776,21.78218,32.83
12,-0.07064819,-0.1155396,0.9907837,0.8704004,-0.1306915,-0.1611023,0.978241,-24.51216,7.699982,-25.51306,4.211945,0.2766747,0.3228497,0.9592044,-0.04475403,-0.09577942,0.9943848,31.07132,8.25264,-31.09805,4.478058,0.5662974,0.3362444,0.150005,1.219389,-0.227916,-0.005044917,0.1824889,-0.1733913,1.014776,21.78218,32.83
12,-0.1278381,-0.03529358,0.9911499,0.8105553,-0.1519165,-0.0753479,0.9855042,-24.8736,8.738586,-27.86456,4.050018,0.2891894,0.2907096,0.8031836,-0.127655,-0.0349884,0.9911957,30.82269,8.858627,-32.04857,4.582764,0.5911654,0.3101152,0.153108,1.219015,-0.2287305,-0.006127881,0.1946038,-0.1725736,1.014776,21.78218,32.83
12,-0.1278381,-0.03529358,0.9911499,0.8105553,-0.1519165,-0.0753479,0.9855042,-24.8736,8.738586,-27.86456,4.050018,0.2891894,0.2907096,0.8031836,-0.127655,-0.0349884,0.9911957,30.82269,8.858627,-32.04857,4.582764,0.5911654,0.3101152,0.153108,1.219015,-0.2287305,-0.006127881,0.1946038,-0.1725736,1.014776,21.78218,32.83
12,-0.1278381,-0.03529358,0.9911499,0.8105553,-0.1519165,-0.0753479,0.9855042,-24.8736,8.738586,-27.86456,4.050018,0.2891894,0.2907096,0.8031836,-0.127655,-0.0349884,0.9911957,30.82269,8.858627,-32.04857,4.582764,0.5911654,0.3101152,0.1546583,1.218915,-0.2291787,-0.006822846,0.2007654,-0.1718863,1.014776,21.78218,32.83
12,-0.1278381,-0.03529358,0.9911499,0.8105553,-0.1519165,-0.0753479,0.9855042,-24.8736,8.738586,-27.86456,4.050018,0.2891894,0.2907096,0.8031836,-0.127655,-0.0349884,0.9911957,30.82269,8.858627,-32.04857,4.582764,0.5911654,0.3101152,0.1561483,1.218873,-0.2295669,-0.007587041,0.2067871,-0.1712164,1.014776,21.78218,32.83
12,-0.1278381,-0.03529358,0.9911499,0.8105553,-0.1519165,-0.0753479,0.9855042,-24.8736,8.738586,-27.86456,4.050018,0.2891894,0.2907096,0.8031836,-0.127655,-0.0349884,0.9911957,30.82269,8.858627,-32.04857,4.582764,0.5911654,0.3101152,0.159094,1.218604,-0.2306306,-0.008647198,0.2189452,-0.1699625,1.014776,21.78218,32.83
12,-0.1278381,-0.03529358,0.9911499,0.8105553,-0.1519165,-0.0753479,0.9855042,-24.8736,8.738586,-27.86456,4.050018,0.2891894,0.2907096,0.8031836,-0.127655,-0.0349884,0.9911957,30.82269,8.858627,-32.04857,4.582764,0.5911654,0.3101152,0.159094,1.218604,-0.2306306,-0.008647198,0.2189452,-0.1699625,1.014776,21.78218,32.83
12,-0.1224365,0.000869751,0.9924622,0.8105553,0.0,0.0,0.0,-25.12718,9.160782,-29.91103,-1.0,0.2879089,0.2779683,0.8031836,-0.1224365,0.000869751,0.9924622,30.75905,8.798401,-31.46883,4.465225,0.5921872,0.3007421,0.1618797,1.218339,-0.2317688,-0.0099418,0.2307243,-0.1695877,1.014776,-4.482109,32.83
12,-0.1224365,0.000869751,0.9924622,0.8105553,0.0,0.0,0.0,-25.12718,9.160782,-29.91103,-1.0,0.2879089,0.2779683,0.8031836,-0.1224365,0.000869751,0.9924622,30.75905,8.798401,-31.46883,4.465225,0.5921872,0.3007421,0.1618797,1.218339,-0.2317688,-0.0099418,0.2307243,-0.1695877,1.014776,-4.482109,32.83
12,-0.07920837,0.05302429,0.9954376,1.0,0.0,0.0,0.0,-24.17914,7.805115,-23.71257,-1.0,0.2687435,0.273994,1.0,-0.07920837,0.05302429,0.9954376,31.2028,8.392075,-30.32603,4.721832,0.5676901,0.297619,0.1633428,1.21826,-0.232277,-0.01061521,0.2368932,-0.1691611,1.014776,-4.482109,32.83
12,-0.05371094,0.05241394,0.9971771,1.0,-0.1392365,-0.00440979,0.9902344,-24.0638,7.869095,-23.93829,4.780762,0.2648784,0.2782847,1.0,-0.05371094,0.05241394,0.9971771,31.32561,8.410538,-30.68379,4.593307,0.5591511,0.2996871,0.1661149,1.218135,-0.2336392,-0.01200393,0.2486544,-0.1678434,1.014776,-4.482109,32.83
12,-0.05371094,0.05241394,0.9971771,1.0,-0.1392365,-0.00440979,0.9902344,-24.0638,7.869095,-23.93829,4.780762,0.2648784,0.2782847,1.0,-0.05371094,0.05241394,0.9971771,31.32561,8.410538,-30.68379,4.593307,0.5591511,0.2996871,0.1661149,1.218135,-0.2336392,-0.01200393,0.2486544,-0.1678434,1.014776,-4.482109,32.83
12,-0.04800415,0.05747986,0.9971771,1.0,-0.1366272,-0.006469727,0.9905853,-24.08572,7.973068,-24.4575,4.810364,0.2637782,0.2781192,1.0,-0.04800415,0.05747986,0.9971771,31.33722,8.389145,-30.52829,4.729919,0.5576264,0.2985227,0.1674165,1.218089,-0.2343389,-0.01247747,0.2543699,-0.1672253,1.014776,-4.482109,32.83
12,-0.04800415,0.05747986,0.9971771,1.0,-0.1366272,-0.006469727,0.9905853,-24.08572,7.973068,-24.4575,4.810364,0.2637782,0.2781192,1.0,-0.04800415,0.05747986,0.9971771,31.33722,8.389145,-30.52829,4.729919,0.5576264,0.2985227,0.1698511,1.217963,-0.2358281,-0.01389351,0.2648475,-0.1662143,1.014776,-4.482109,32.83
12,-0.04800415,0.05747986,0.9971771,1.0,-0.1366272,-0.006469727,0.9905853,-24.08572,7.973068,-24.4575,4.810364,0.2637782,0.2781192,1.0,-0.04800415,0.05747986,0.9971771,31.33722,8.389145,-30.52829,4.729919,0.5576264,0.2985227,0.1698511,1.217963,-0.2358281,-0.01389351,0.2648475,-0.1662143,1.014776,-4.482109,32.83
12,-0.04800415,0.05747986,0.9971771,1.0,-0.1366272,-0.006469727,0.9905853,-24.08572,7.973068,-24.4575,4.810364,0.2637782,0.2781192,1.0,-0.04800415,0.05747986,0.9971771,31.33722,8.389145,-30.52829,4.729919,0.5576264,0.2985227,0.1709551,1.217936,-0.2365372,-0.01497888,0.2699389,-0.1661667,1.014776,-4.482109,32.83
12,-0.005065918,0.04603577,0.9989166,1.0,-0.09020996,-0.03903198,0.9951477,-23.5573,7.494446,-22.48248,4.693436,0.240335,0.282627,1.0,-0.005065918,0.04603577,0.9989166,31.80936,8.381943,-31.09999,4.738434,0.533698,0.3051406,0.1721702,1.21793,-0.2372573,-0.01590431,0.2748907,-0.1661033,1.014776,-4.482109,32.83
12,0.01374817,0.02120972,0.9996796,1.0,-0.05107117,-0.007095337,0.9986572,-23.49487,7.682755,-23.60892,4.968796,0.2299839,0.279882,1.0,0.01387024,0.02125549,0.9996643,31.97757,8.278214,-30.82373,4.631897,0.5242031,0.3117692,0.1743312,1.217738,-0.238747,-0.01752464,0.2843983,-0.1664332,1.014776,-4.482109,32.83
12,0.01374817,0.02120972,0.9996796,1.0,-0.05107117,-0.007095337,0.9986572,-23.49487,7.682755,-23.60892,4.968796,0.2299839,0.279882,1.0,0.01387024,0.02125549,0.9996643,31.97757,8.278214,-30.82373,4.631897,0.5242031,0.3117692,0.1743312,1.217738,-0.238747,-0.01752464,0.2843983,-0.1664332,1.014776,-4.482109,32.83
12,0.04162598,0.02746582,0.9987488,1.0,-0.03363037,-0.02766418,0.9990387,-23.34369,7.838028,-24.83176,4.687622,0.2181349,0.2849249,1.0,0.04162598,0.02746582,0.9987488,32.0715,8.110992,-30.51749,4.738297,0.5159557,0.31418,0.175365,1.217646,-0.2395102,-0.01802471,0.2887897,-0.1664177,1.014776,-4.482109,32.83
12,0.03395081,0.0196228,0.9992218,1.0,-0.01939392,-0.03170776,0.9992981,-23.32619,7.897202,-25.202,4.710098,0.2143613,0.2863794,1.0,0.03395081,0.0196228,0.9992218,32.201,8.402344,-31.85005,4.609055,0.5131223,0.3161669,0.1771634,1.217363,-0.2410005,-0.01889331,0.2964976,-0.1665844,1.014776,-4.482109,32.83
12,0.03395081,0.0196228,0.9992218,1.0,-0.01939392,-0.03170776,0.9992981,-23.32619,7.897202,-25.202,4.710098,0.2143613,0.2863794,1.0,0.03395081,0.0196228,0.9992218,32.201,8.402344,-31.85005,4.609055,0.5131223,0.3161669,0.1771634,1.217363,-0.2410005,-0.01889331,0.2964976,-0.1665844,1.014776,-4.482109,32.83
12,0.05307007,0.03781128,0.9978638,1.0,-0.05326843,-0.03314209,0.9980164,-22.87038,7.301559,-22.43767,4.687653,0.2111611,0.2872482,1.0,0.05308533,0.03781128,0.9978638,32.30984,8.352295,-31.80217,4.648865,0.5058986,0.3137408,0.1778342,1.217145,-0.2417474,-0.01963701,0.2999182,-0.166881,1.014776,-4.482109,32.83
12,0.06419373,0.02027893,0.9977264,1.0,-0.05688477,-0.00213623,0.9983673,-22.66411,7.233505,-21.63098,5.111893,0.2078118,0.2805432,1.0,0.06419373,0.02027893,0.9977264,32.3381,8.146973,-30.81824,4.62381,0.5027024,0.3166205,0.1787298,1.217128,-0.2424324,-0.02056042,0.3033242,-0.1675261,1.014776,-4.482109,32.83
12,0.06724548,0.01580811,0.9976044,1.0,-0.0372467,0.00553894,0.9992828,-22.64919,7.276093,-21.89543,5.049164,0.2030813,0.2791302,1.0,0.06724548,0.01580811,0.9976044,32.42682,8.229904,-31.19019,4.570831,0.4991145,0.3176745,0.1807152,1.217122,-0.2436824,-0.02259851,0.3103937,-0.169243,1.014776,-35.69679,32.83
12,0.06724548,0.01580811,0.9976044,1.0,-0.0372467,0.00553894,0.9992828,-22.64919,7.276093,-21.89543,5.049164,0.2030813,0.2791302,1.0,0.06724548,0.01580811,0.9976044,32.42682,8.229904,-31.19019,4.570831,0.4991145,0.3176745,0.1807152,1.217122,-0.2436824,-0.02259851,0.3103937,-0.169243,1.014776,-35.69679,32.83
12,0.07029724,0.01322937,0.9974365,1.0,-0.04264832,-0.03753662,0.9983826,-22.65526,7.212982,-21.67201,4.859436,0.205046,0.2869175,1.0,0.07029724,0.01322937,0.9974365,32.44826,8.265167,-31.3788,4.546631,0.4978497,0.3181881,0.1807152,1.217122,-0.2436824,-0.02259851,0.3103937,-0.169243,1.014776,-35.69679,32.83
12,0.07029724,0.01322937,0.9974365,1.0,-0.04264832,-0.03753662,0.9983826,-22.65526,7.212982,-21.67201,4.859436,0.205046,0.2869175,1.0,0.07029724,0.01322937,0.9974365,32.44826,8.265167,-31.3788,4.546631,0.4978497,0.3181881,0.1824796,1.216732,-0.2451416,-0.0242484,0.3177929,-0.1713701,1.014776,-35.69679,32.83
12,0.07029724,0.01322937,0.9974365,1.0,-0.04264832,-0.03753662,0.9983826,-22.65526,7.212982,-21.67201,4.859436,0.205046,0.2869175,1.0,0.07029724,0.01322937,0.9974365,32.44826,8.265167,-31.3788,4.546631,0.4978497,0.3181881,0.1843969,1.216475,-0.246604,-0.02578979,0.3250314,-0.1732941,1.014776,-35.69679,32.83
12,0.07029724,0.01322937,0.9974365,1.0,-0.04264832,-0.03753662,0.9983826,-22.65526,7.212982,-21.67201,4.859436,0.205046,0.2869175,1.0,0.07029724,0.01322937,0.9974365,32.44826,8.265167,-31.3788,4.546631,0.4978497,0.3181881,0.1843969,1.216475,-0.246604,-0.02578979,0.3250314,-0.1732941,1.014776,-35.69679,32.83
12,0.07029724,0.01322937,0.9974365,1.0,-0.04264832,-0.03753662,0.9983826,-22.65526,7.212982,-21.67201,4.859436,0.205046,0.2869175,1.0,0.07029724,0.01322937,0.9974365,32.44826,8.265167,-31.3788,4.546631,0.4978497,0.3181881,0.1863199,1.216112,-0.2482511,-0.02735955,0.332564,-0.1759,1.014776,-35.69679,32.83
12,0.09439087,0.006439209,0.9954987,1.0,0.0004119873,-0.03341675,0.9994354,-22.2509,6.869095,-20.02007,4.92688,0.188527,0.2859249,1.0,0.1030426,0.01011658,0.9946136,32.61018,8.352951,-32.12787,4.425125,0.4864088,0.3216031,0.1881779,1.215706,-0.2499862,-0.02898316,0.3409093,-0.1784479,1.014776,-35.69679,32.83
12,0.09439087,0.006439209,0.9954987,1.0,0.0004119873,-0.03341675,0.9994354,-22.2509,6.869095,-20.02007,4.92688,0.188527,0.2859249,1.0,0.1030426,0.01011658,0.9946136,32.61018,8.352951,-32.12787,4.425125,0.4864088,0.3216031,0.1881779,1.215706,-0.2499862,-0.02898316,0.3409093,-0.1784479,1.014776,-35.69679,32.83
12,0.1120911,0.006515503,0.9936676,1.0,0.03016663,0.009384155,0.9994965,-22.27641,7.0065,-21.00827,5.239471,0.1815551,0.2811035,1.0,0.1121216,0.006515503,0.9936676,32.64804,8.271561,-31.82016,4.478363,0.4834509,0.3227038,0.1899763,1.215075,-0.2518748,-0.03009745,0.3493403,-0.1809068,0.9495164,-35.69679,32.83
12,0.1120911,0.006515503,0.9936676,1.0,0.03016663,0.009384155,0.9994965,-22.27641,7.0065,-21.00827,5.239471,0.1815551,0.2811035,1.0,0.1121216,0.006515503,0.9936676,32.64804,8.271561,-31.82016,4.478363,0.4834509,0.3227038,0.1899763,1.215075,-0.2518748,-0.03009745,0.3493403,-0.1809068,0.9495164,-35.69679,32.83
12,0.1410065,-0.00944519,0.9899597,1.0,0.01069641,-0.00769043,0.9999084,-21.98532,6.889618,-20.55128,5.160446,0.1757091,0.2838342,1.0,0.1411896,-0.00944519,0.9899292,32.72522,8.128754,-31.47728,4.415131,0.4755838,0.328195,0.1917895,1.214385,-0.2538912,-0.03163082,0.3577524,-0.1834777,0.9495164,-35.69679,32.83
12,0.1410065,-0.00944519,0.9899597,1.0,0.01069641,-0.00769043,0.9999084,-21.98532,6.889618,-20.55128,5.160446,0.1757091,0.2838342,1.0,0.1411896,-0.00944519,0.9899292,32.72522,8.128754,-31.47728,4.415131,0.4755838,0.328195,0.1917895,1.214385,-0.2538912,-0.03163082,0.3577524,-0.1834777,0.9495164,-35.69679,32.83
12,0.1154327,0.01106262,0.9932404,1.0,-0.002227783,0.003479004,0.9999847,-22.25015,6.907715,-20.40973,5.099731,0.1880844,0.2816623,1.0,0.1158295,0.01109314,0.9931946,32.60066,8.304779,-31.90349,4.502029,0.4845008,0.3214669,0.1936616,1.213851,-0.256021,-0.03342498,0.3671871,-0.1861258,0.9495164,-35.69679,32.83
12,0.1154327,0.01106262,0.9932404,1.0,-0.002227783,0.003479004,0.9999847,-22.25015,6.907715,-20.40973,5.099731,0.1880844,0.2816623,1.0,0.1158295,0.01109314,0.9931946,32.60066,8.304779,-31.90349,4.502029,0.4845008,0.3214669,0.1936616,1.213851,-0.256021,-0.03342498,0.3671871,-0.1861258,0.9495164,-35.69679,32.83
12,-0.009643555,0.0450592,0.9989319,1.0,-0.0849762,0.05194092,0.9950256,-23.52939,7.751984,-23.81097,4.72403,0.2358905,0.268218,1.0,-0.009643555,0.0450592,0.9989319,31.78517,8.46402,-31.23163,4.630859,0.5353502,0.3042172,0.1955606,1.213123,-0.2582254,-0.03508603,0.3770343,-0.1889615,0.9495164,14.281,32.83
12,-0.009643555,0.0450592,0.9989319,1.0,-0.0849762,0.05194092,0.9950256,-23.52939,7.751984,-23.81097,4.72403,0.2358905,0.268218,1.0,-0.009643555,0.0450592,0.9989319,31.78517,8.46402,-31.23163,4.630859,0.5353502,0.3042172,0.1955606,1.213123,-0.2582254,-0.03508603,0.3770343,-0.1889615,0.9495164,14.281,32.83
12,-0.06236267,0.08668518,0.994278,1.0,-0.1296234,0.04782104,0.9904022,-24.0517,8.364243,-26.33905,4.618515,0.2561612,0.265752,1.0,-0.06236267,0.08668518,0.994278,31.51186,8.444916,-30.82022,4.740723,0.5542591,0.2934102,0.1973057,1.212333,-0.2605194,-0.0364003,0.3863268,-0.1902502,0.9495164,14.281,32.83
12,-0.06236267,0.08668518,0.994278,1.0,-0.1296234,0.04782104,0.9904022,-24.0517,8.364243,-26.33905,4.618515,0.2561612,0.265752,1.0,-0.06236267,0.08668518,0.994278,31.51186,8.444916,-30.82022,4.740723,0.5542591,0.2934102,0.1973057,1.212333,-0.2605194,-0.0364003,0.3863268,-0.1902502,0.9495164,14.281,32.83
12,-0.02578735,0.07327271,0.9969635,1.0,-0.09179688,0.0110321,0.9957123,-24.11299,8.430283,-26.92285,4.255432,0.2518114,0.2750777,1.0,-0.02578735,0.07327271,0.9969635,31.58725,8.444305,-31.02135,4.738052,0.5452259,0.2975553,0.1997823,1.212147,-0.2622833,-0.0371447,0.3950972,-0.1916469,0.9495164,14.281,32.83
12,-0.02578735,0.07327271,0.9969635,1.0,-0.09179688,0.0110321,0.9957123,-24.11299,8.430283,-26.92285,4.255432,0.2518114,0.2750777,1.0,-0.02578735,0.07327271,0.9969635,31.58725,8.444305,-31.02135,4.738052,0.5452259,0.2975553,0.1997823,1.212147,-0.2622833,-0.0371447,0.3950972,-0.1916469,0.9495164,14.281,32.83
12,-0.02336121,0.06036377,0.9978943,1.0,-0.09994507,0.0489502,0.9937744,-23.7003,7.859497,-24.4012,4.614609,0.2422113,0.2679411,1.0,-0.02336121,0.06036377,0.9978943,31.78181,8.431427,-31.06195,4.584,0.5378496,0.3008396,0.2013839,1.211628,-0.2644395,-0.03861881,0.4032767,-0.1937024,0.9495164,14.281,32.83
12,-0.02336121,0.06036377,0.9978943,1.0,-0.09994507,0.0489502,0.9937744,-23.7003,7.859497,-24.4012,4.614609,0.2422113,0.2679411,1.0,-0.02336121,0.06036377,0.9978943,31.78181,8.431427,-31.06195,4.584,0.5378496,0.3008396,0.2013839,1.211628,-0.2644395,-0.03861881,0.4032767,-0.1937024,0.9495164,14.281,32.83
12,-0.01756287,0.0667572,0.9976044,1.0,-0.08930969,0.04975891,0.994751,-23.57269,7.856476,-24.31282,4.667725,0.2373603,0.2689259,1.0,-0.01756287,0.0667572,0.9976044,31.90919,8.364929,-30.9274,4.650085,0.5322503,0.3011088,0.2030187,1.210939,-0.2665581,-0.03960951,0.4110475,-0.1959246,0.9495164,14.281,32.83
12,-0.01756287,0.0667572,0.9976044,1.0,-0.08930969,0.04975891,0.994751,-23.57269,7.856476,-24.31282,4.667725,0.2373603,0.2689259,1.0,-0.01756287,0.0667572,0.9976044,31.90919,8.364929,-30.9274,4.650085,0.5322503,0.3011088,0.2030187,1.210939,-0.2665581,-0.03960951,0.4110475,-0.1959246,0.9495164,14.281,32.83
12,-0.01075745,0.03941345,0.9991608,1.0,-0.05381775,0.02577209,0.9982147,-23.45845,7.889664,-24.63742,4.606277,0.2264505,0.2734584,1.0,-0.01075745,0.03941345,0.9991608,32.01189,8.372711,-31.2085,4.481552,0.5274788,0.3079853,0.2044302,1.210222,-0.2687261,-0.04011677,0.4185581,-0.1979652,0.9495164,14.281,32.83
12,-0.01075745,0.03941345,0.9991608,1.0,-0.05381775,0.02577209,0.9982147,-23.45845,7.889664,-24.63742,4.606277,0.2264505,0.2734584,1.0,-0.01075745,0.03941345,0.9991608,32.01189,8.372711,-31.2085,4.481552,0.5274788,0.3079853,0.2044302,1.210222,-0.2687261,-0.04011677,0.4185581,-0.1979652,0.9495164,14.281,32.83
12,0.01290894,0.04911804,0.998703,1.0,-0.0307312,0.04907227,0.9983215,-23.36057,7.986191,-25.14996,4.56012,0.2169247,0.2683369,1.0,0.01295471,0.04911804,0.998703,32.09872,8.320007,-31.09517,4.508148,0.5202107,0.3072478,0.2057835,1.209437,-0.270843,-0.04014517,0.4257228,-0.1997378,0.9495164,14.281,32.83
12,0.01290894,0.04911804,0.998703,1.0,-0.0307312,0.04907227,0.9983215,-23.36057,7.986191,-25.14996,4.56012,0.2169247,0.2683369,1.0,0.01295471,0.04911804,0.998703,32.09872,8.320007,-31.09517,4.508148,0.5202107,0.3072478,0.2057835,1.209437,-0.270843,-0.04014517,0.4257228,-0.1997378,0.9495164,14.281,32.83
12,0.02960205,0.04873657,0.9983673,1.0,-0.04301453,0.04663086,0.9979706,-23.10165,7.6996,-23.93585,4.666824,0.2131222,0.2702857,1.0,0.03631592,0.04891968,0.9981384,32.19513,8.113266,-30.41771,4.57753,0.5124912,0.3094237,0.207076,1.208615,-0.2728096,-0.03961384,0.4323036,-0.2013396,0.9495164,20.57571,32.83
12,0.02960205,0.04873657,0.9983673,1.0,-0.04301453,0.04663086,0.9979706,-23.10165,7.6996,-23.93585,4.666824,0.2131222,0.2702857,1.0,0.03631592,0.04891968,0.9981384,32.19513,8.113266,-30.41771,4.57753,0.5124912,0.3094237,0.207076,1.208615,-0.2728096,-0.03961384,0.4323036,-0.2013396,0.9495164,20.57571,32.83
12,0.02960205,0.04873657,0.9983673,1.0,-0.04301453,0.04663086,0.9979706,-23.10165,7.6996,-23.93585,4.666824,0.2131222,0.2702857,1.0,0.03631592,0.04891968,0.9981384,32.19513,8.113266,-30.41771,4.57753,0.5124912,0.3094237,0.207076,1.208615,-0.2728096,-0.03961384,0.4323036,-0.2013396,0.9495164,20.57571,32.83
12,0.05168152,0.05143738,0.9973297,1.0,-0.04403687,0.03187561,0.9985199,-22.68001,7.423691,-22.82793,4.739349,0.2017145,0.2744411,1.0,0.05168152,0.05143738,0.9973297,32.30327,8.138855,-30.6086,4.631454,0.5060752,0.3096108,0.2084837,1.20778,-0.2746983,-0.03920567,0.4387858,-0.2033498,0.9495164,20.57571,32.83
12,0.05725098,0.0574646,0.9966888,1.0,-0.04571533,0.01115417,0.9988861,-22.69968,7.378998,-22.84218,4.672562,0.2035822,0.2804852,1.0,0.05725098,0.0574646,0.9966888,32.29475,8.105896,-30.65494,4.603638,0.5054049,0.3101512,0.2096208,1.206906,-0.2766991,-0.03884867,0.4453799,-0.2056676,0.9495164,20.57571,32.83
12,0.05725098,0.0574646,0.9966888,1.0,-0.04571533,0.01115417,0.9988861,-22.69968,7.378998,-22.84218,4.672562,0.2035822,0.2804852,1.0,0.05725098,0.0574646,0.9966888,32.29475,8.105896,-30.65494,4.603638,0.5054049,0.3101512,0.2096208,1.206906,-0.2766991,-0.03884867,0.4453799,-0.2056676,0.9495164,20.57571,32.83
12,0.05725098,0.0574646,0.9966888,1.0,-0.04571533,0.01115417,0.9988861,-22.69968,7.378998,-22.84218,4.672562,0.2035822,0.2804852,1.0,0.05725098,0.0574646,0.9966888,32.29475,8.105896,-30.65494,4.603638,0.5054049,0.3101512,0.2096208,1.206906,-0.2766991,-0.03884867,0.4453799,-0.2056676,0.9495164,20.57571,32.83
12,0.05725098,0.0574646,0.9966888,1.0,-0.04571533,0.01115417,0.9988861,-22.69968,7.378998,-22.84218,4.672562,0.2035822,0.2804852,1.0,0.05725098,0.0574646,0.9966888,32.29475,8.105896,-30.65494,4.603638,0.5054049,0.3101512,0.2109209,1.206107,-0.278574,-0.03844576,0.4518059,-0.2076128,0.9495164,20.57571,32.83
12,0.05725098,0.0574646,0.9966888,1.0,-0.04571533,0.01115417,0.9988861,-22.69968,7.378998,-22.84218,4.672562,0.2035822,0.2804852,1.0,0.05725098,0.0574646,0.9966888,32.29475,8.105896,-30.65494,4.603638,0.5054049,0.3101512,0.2121661,1.205331,-0.2805202,-0.03817094,0.4579412,-0.2093427,0.9495164,20.57571,32.83
12,0.05725098,0.0574646,0.9966888,1.0,-0.04571533,0.01115417,0.9988861,-22.69968,7.378998,-22.84218,4.672562,0.2035822,0.2804852,1.0,0.05725098,0.0574646,0.9966888,32.29475,8.105896,-30.65494,4.603638,0.5054049,0.3101512,0.2121661,1.205331,-0.2805202,-0.03817094,0.4579412,-0.2093427,0.9495164,20.57571,32.83
12,-0.01934814,0.01861572,0.9996338,1.0,-0.08634949,0.0327301,0.9957123,-23.41145,7.152435,-22.84563,4.831985,0.2345491,0.2852315,1.0,-0.01934814,0.01861572,0.9996338,31.87738,7.979263,-30.74799,4.624893,0.5333645,0.3226127,0.2133116,1.204633,-0.2822711,-0.03790032,0.4637416,-0.210777,0.9495164,20.57571,32.83
12,-0.01934814,0.01861572,0.9996338,1.0,-0.08634949,0.0327301,0.9957123,-23.41145,7.152435,-22.84563,4.831985,0.2345491,0.2852315,1.0,-0.01934814,0.01861572,0.9996338,31.87738,7.979263,-30.74799,4.624893,0.5333645,0.3226127,0.2133116,1.204633,-0.2822711,-0.03790032,0.4637416,-0.210777,0.9495164,20.57571,32.83
12,-0.2889404,-0.04020691,0.9564972,1.0,-0.2321625,-0.1363068,0.9630737,-25.11023,6.854324,-24.01164,3.809464,0.3174612,0.3386047,1.0,-0.2889557,-0.04020691,0.9564972,30.46648,7.760162,-31.19635,4.627335,0.6309752,0.3456383,0.2143596,1.20411,-0.2839785,-0.03783146,0.4688987,-0.211639,0.9495164,20.57571,32.83
12,-0.2889404,-0.04020691,0.9564972,1.0,-0.2321625,-0.1363068,0.9630737,-25.11023,6.854324,-24.01164,3.809464,0.3174612,0.3386047,1.0,-0.2889557,-0.04020691,0.9564972,30.46648,7.760162,-31.19635,4.627335,0.6309752,0.3456383,0.2143596,1.20411,-0.2839785,-0.03783146,0.4688987,-0.211639,0.9495164,20.57571,32.83
12,-0.2889404,-0.04020691,0.9564972,1.0,-0.2321625,-0.1363068,0.9630737,-25.11023,6.854324,-24.01164,3.809464,0.3174612,0.3386047,1.0,-0.2889557,-0.04020691,0.9564972,30.46648,7.760162,-31.19635,4.627335,0.6309752,0.3456383,0.2152876,1.203705,-0.285465,-0.03857316,0.4730485,-0.2123381,0.9495164,20.57571,32.83
12,-0.2889404,-0.04020691,0.9564972,1.0,-0.2321625,-0.1363068,0.9630737,-25.11023,6.854324,-24.01164,3.809464,0.3174612,0.3386047,1.0,-0.2889557,-0.04020691,0.9564972,30.46648,7.760162,-31.19635,4.627335,0.6309752,0.3456383,0.2152876,1.203705,-0.285465,-0.03857316,0.4730485,-0.2123381,0.9495164,20.57571,32.83
12,-0.2889404,-0.04020691,0.9564972,1.0,-0.2321625,-0.1363068,0.9630737,-25.11023,6.854324,-24.01164,3.809464,0.3174612,0.3386047,1.0,-0.2889557,-0.04020691,0.9564972,30.46648,7.760162,-31.19635,4.627335,0.6309752,0.3456383,0.2159477,1.203387,-0.2868125,-0.03927137,0.4761569,-0.2129557,0.9495164,7.763958,32.83
12,-0.2889404,-0.04020691,0.9564972,1.0,-0.2321625,-0.1363068,0.9630737,-25.11023,6.854324,-24.01164,3.809464,0.3174612,0.3386047,1.0,-0.2889557,-0.04020691,0.9564972,30.46648,7.760162,-31.19635,4.627335,0.6309752,0.3456383,0.2159477,1.203387,-0.2868125,-0.03927137,0.4761569,-0.2129557,0.9495164,7.763958,32.83
12,-0.3471069,-0.1313324,0.9285736,1.0,-0.3254547,-0.1825256,0.9277649,-25.57607,6.576645,-24.23709,3.987564,0.3478663,0.3592489,1.0,-0.3471069,-0.1313324,0.9285736,30.10678,7.509888,-31.31415,4.526474,0.6539669,0.3729805,0.216459,1.203376,-0.2872515,-0.03980428,0.4773118,-0.2133361,0.9495164,7.763958,32.83
12,-0.3471069,-0.1313324,0.9285736,1.0,-0.3254547,-0.1825256,0.9277649,-25.57607,6.576645,-24.23709,3.987564,0.3478663,0.3592489,1.0,-0.3471069,-0.1313324,0.9285736,30.10678,7.509888,-31.31415,4.526474,0.6539669,0.3729805,0.216459,1.203376,-0.2872515,-0.03980428,0.4773118,-0.2133361,0.9495164,7.763958,32.83
12,-0.3453522,-0.1289673,0.9295502,1.0,-0.2974548,-0.1755066,0.938446,-25.57314,6.565353,-24.21729,3.816971,0.3433592,0.3578208,1.0,-0.3461304,-0.1282043,0.9293823,30.17963,7.501404,-31.29916,4.510651,0.651149,0.372626,0.2169968,1.203274,-0.288224,-0.04076692,0.479128,-0.2135229,0.9495164,7.763958,32.83
13,-0.3210144,-0.1636658,0.9328156,1.0,-0.2775726,-0.2240753,0.9342041,-25.56656,6.572052,-24.21207,3.374832,0.3401823,0.365821,1.0,-0.3480988,-0.1242218,0.929184,30.23415,7.466339,-31.29849,4.555344,0.649513,0.3731957,0.2171987,1.203269,-0.2886117,-0.04115055,0.4797051,-0.2135681,0.9495164,7.763958,32.83
13,-0.3210144,-0.1636658,0.9328156,1.0,-0.2775726,-0.2240753,0.9342041,-25.56656,6.572052,-24.21207,3.374832,0.3401823,0.365821,1.0,-0.3480988,-0.1242218,0.929184,30.23415,7.466339,-31.29849,4.555344,0.649513,0.3731957,0.2171987,1.203269,-0.2886117,-0.04115055,0.4797051,-0.2135681,0.9495164,7.763958,32.83
13,-0.3267517,-0.1483612,0.9333801,1.0,-0.2954102,-0.1882324,0.9366302,-25.57466,6.563461,-24.23206,3.924347,0.3429035,0.3601482,1.0,-0.3491974,-0.1188812,0.9294586,30.23979,7.454163,-31.29849,4.612503,0.649513,0.3726471,0.217725,1.203412,-0.2886606,-0.04149511,0.480185,-0.2137736,0.9495164,7.763958,32.83
13,-0.3204651,-0.1401215,0.9368286,1.0,-0.2962341,-0.1732941,0.9392548,-25.57634,6.559723,-24.23279,3.967987,0.3430879,0.3576983,1.0,-0.3383331,-0.1150208,0.93396,30.24126,7.423889,-31.29999,4.621582,0.647469,0.3729029,0.2181433,1.203368,-0.2891665,-0.04244871,0.4807369,-0.2144793,0.9495164,7.763958,32.83
13,-0.3256073,-0.141098,0.934906,1.0,-0.2956238,-0.1962585,0.9349213,-25.57944,6.550156,-24.2374,3.907455,0.3430879,0.3620358,1.0,-0.3463135,-0.1012115,0.9326324,30.24109,7.419495,-31.31036,4.669525,0.6490051,0.3706687,0.2183005,1.203262,-0.289426,-0.04290541,0.4809398,-0.2149011,0.9495164,7.763958,32.83
13,-0.3256073,-0.141098,0.934906,1.0,-0.2956238,-0.1962585,0.9349213,-25.57944,6.550156,-24.2374,3.907455,0.3430879,0.3620358,1.0,-0.3463135,-0.1012115,0.9326324,30.24109,7.419495,-31.31036,4.669525,0.6490051,0.3706687,0.2183005,1.203262,-0.289426,-0.04290541,0.4809398,-0.2149011,0.9495164,7.763958,32.83
13,-0.3283691,-0.1420135,0.9338074,1.0,-0.3019562,-0.1828156,0.9356079,-25.58212,6.541321,-24.2392,3.972107,0.3441923,0.3600959,1.0,-0.3458252,-0.1141663,0.9313202,30.23488,7.423935,-31.3065,4.631287,0.6490794,0.3728796,0.2185749,1.203293,-0.2895197,-0.04324202,0.4811945,-0.2152865,0.9495164,7.763958,32.83
13,-0.3226318,-0.1395874,0.9361572,1.0,-0.3045959,-0.1760559,0.9360657,-25.58667,6.537308,-24.24284,3.973221,0.3447928,0.3591289,1.0,-0.3363495,-0.1109619,0.9351654,30.22845,7.423325,-31.29747,4.699966,0.6475615,0.3720865,0.2189306,1.203121,-0.2898822,-0.0436802,0.4815348,-0.2159834,0.9495164,7.763958,32.83
13,-0.3226318,-0.1395874,0.9361572,1.0,-0.3045959,-0.1760559,0.9360657,-25.58667,6.537308,-24.24284,3.973221,0.3447928,0.3591289,1.0,-0.3363495,-0.1109619,0.9351654,30.22845,7.423325,-31.29747,4.699966,0.6475615,0.3720865,0.2189306,1.203121,-0.2898822,-0.0436802,0.4815348,-0.2159834,0.9495164,7.763958,32.83
13,-0.3224182,-0.1391907,0.9362946,1.0,-0.303421,-0.1743011,0.9367676,-25.59352,6.537308,-24.2466,3.972458,0.3448256,0.3588453,1.0,-0.3369904,-0.1114655,0.9348755,30.22368,7.420059,-31.29755,4.700119,0.647846,0.372307,0.2191497,1.202983,-0.2901974,-0.04378974,0.4816245,-0.2166377,0.9495164,7.763958,32.83
13,-0.3243256,-0.1393127,0.9356232,1.0,-0.3058929,-0.1741638,0.9359894,-25.6017,6.538345,-24.25015,3.97377,0.3455024,0.3588453,1.0,-0.3381195,-0.1124115,0.9343567,30.22095,7.420059,-31.29764,4.688965,0.6481481,0.372497,0.21921,1.202873,-0.2902449,-0.04397565,0.4817078,-0.2168782,0.9495164,-20.82141,32.83
13,-0.3243256,-0.1393127,0.9356232,1.0,-0.3058929,-0.1741638,0.9359894,-25.6017,6.538345,-24.25015,3.97377,0.3455024,0.3588453,1.0,-0.3381195,-0.1124115,0.9343567,30.22095,7.420059,-31.29764,4.688965,0.6481481,0.372497,0.21921,1.202873,-0.2902449,-0.04397565,0.4817078,-0.2168782,0.9495164,-20.82141,32.83
13,-0.3238831,-0.138916,0.9358368,1.0,-0.303894,-0.1747894,0.9365234,-25.61324,6.541321,-24.25179,3.972733,0.3455501,0.3588453,1.0,-0.3385925,-0.1117096,0.9342651,30.21797,7.421692,-31.29724,4.67128,0.6483508,0.372307,0.2192732,1.202808,-0.2903678,-0.0440492,0.4817149,-0.2170944,0.9495164,-20.82141,32.83
13,-0.3256378,-0.1383057,0.935318,1.0,-0.304718,-0.1745605,0.9362946,-25.6263,6.541321,-24.25488,3.999008,0.3460862,0.3588453,1.0,-0.3409729,-0.1109161,0.9335022,30.21609,7.423599,-31.29706,4.671936,0.6488583,0.3721241,0.2195421,1.202822,-0.2904255,-0.04433959,0.4818652,-0.2176012,0.9495164,-20.82141,32.83
13,-0.3256378,-0.1383057,0.935318,1.0,-0.304718,-0.1745605,0.9362946,-25.6263,6.541321,-24.25488,3.999008,0.3460862,0.3588453,1.0,-0.3409729,-0.1109161,0.9335022,30.21609,7.423599,-31.29706,4.671936,0.6488583,0.3721241,0.2195421,1.202822,-0.2904255,-0.04433959,0.4818652,-0.2176012,0.9495164,-20.82141,32.83
13,-0.3320313,-0.137146,0.9332275,1.0,-0.3158264,-0.1735535,0.9328003,-25.62926,6.541321,-24.25508,4.039093,0.3479802,0.3588453,1.0,-0.3433533,-0.1108398,0.9326324,30.21603,7.425232,-31.29698,4.672928,0.6492974,0.3720792,0.21972,1.202851,-0.2904131,-0.04450162,0.481955,-0.2177894,0.9495164,-20.82141,32.83
13,-0.3316345,-0.1346283,0.9337463,1.0,-0.3167267,-0.1664276,0.9337921,-25.63174,6.553101,-24.25616,4.07933,0.348184,0.3572467,1.0,-0.3423004,-0.1112213,0.9329681,30.21046,7.426468,-31.29613,4.677139,0.6493037,0.372079,0.2195855,1.202693,-0.2906423,-0.0445197,0.4820121,-0.2178055,0.9495164,-20.82141,32.83
13,-0.3344421,-0.1368256,0.9324188,1.0,-0.3225861,-0.1698151,0.9311676,-25.63609,6.574326,-24.25685,4.0439,0.3493241,0.3572467,1.0,-0.3430634,-0.1120148,0.9326019,30.20697,7.432388,-31.29391,4.676926,0.6495656,0.3719944,0.2196875,1.202804,-0.2905673,-0.04471224,0.4818389,-0.2172995,0.9495164,-20.82141,32.83
13,-0.3344421,-0.1368256,0.9324188,1.0,-0.3225861,-0.1698151,0.9311676,-25.63609,6.574326,-24.25685,4.0439,0.3493241,0.3572467,1.0,-0.3430634,-0.1120148,0.9326019,30.20697,7.432388,-31.29391,4.676926,0.6495656,0.3719944,0.2196875,1.202804,-0.2905673,-0.04471224,0.4818389,-0.2172995,0.9495164,-20.82141,32.83
13,-0.3360291,-0.136261,0.9319305,1.0,-0.3260651,-0.1721039,0.9295349,-25.63969,6.59288,-24.25801,4.045547,0.3500077,0.3570965,1.0,-0.3429413,-0.1102448,0.9328613,30.2028,7.442337,-31.29172,4.676224,0.6497102,0.3712907,0.2196482,1.202919,-0.2905731,-0.04484344,0.4814682,-0.2167621,0.9495164,-20.82141,32.83
13,-0.3349304,-0.1280518,0.9334869,1.0,-0.3260803,-0.1699219,0.9299316,-25.63969,6.598083,-24.26849,4.04512,0.3500077,0.3566283,1.0,-0.3412476,-0.09609985,0.9350433,30.20558,7.466034,-31.28525,4.680481,0.6493926,0.3677188,0.2197019,1.203246,-0.2903106,-0.04526431,0.4808466,-0.2159726,0.9495164,-20.82141,32.83
13,-0.2612152,-0.1119232,0.9587555,1.0,-0.2546387,-0.1500854,0.955307,-25.11594,6.885757,-24.07588,3.80394,0.3212427,0.3406887,1.0,-0.2668915,-0.07693481,0.9606476,30.58882,7.656372,-31.14606,4.701782,0.6222588,0.355594,0.2196137,1.204201,-0.2896709,-0.04722433,0.4784442,-0.2137559,0.9495164,-20.82141,32.83
13,-0.2612152,-0.1119232,0.9587555,1.0,-0.2546387,-0.1500854,0.955307,-25.11594,6.885757,-24.07588,3.80394,0.3212427,0.3406887,1.0,-0.2668915,-0.07693481,0.9606476,30.58882,7.656372,-31.14606,4.701782,0.6222588,0.355594,0.2196137,1.204201,-0.2896709,-0.04722433,0.4784442,-0.2137559,0.9495164,-20.82141,32.83
13,-0.1581879,-0.02313232,0.9871368,1.0,0.0,0.0,0.0,-24.62503,7.841476,-26.86745,-1.0,0.2794524,0.314941,1.0,-0.1581879,-0.02313232,0.9871368,31.24831,7.783188,-30.65912,4.864914,0.579438,0.3366776,0.2193736,1.20489,-0.2892363,-0.04899948,0.47625,-0.2121181,0.9495164,-20.82141,32.83
13,-1.0,-1.0,-1.0,1.0,0.0,0.0,0.0,-23.39662,7.752747,-24.76334,-1.0,0.2381678,0.2941109,1.0,0.0,0.0,0.0,31.9388,8.101868,-31.23959,-1.0,0.5374105,0.3213847,0.2192341,1.205906,-0.2884878,-0.05133394,0.4729723,-0.2101915,0.9495164,-20.82141,32.83
13,-1.0,-1.0,-1.0,1.0,0.0,0.0,0.0,-22.89662,7.816345,-24.15776,-1.0,0.2174864,0.2906932,1.0,0.0,0.0,0.0,32.38306,8.305984,-31.8222,-1.0,0.5191704,0.3235883,0.2181982,1.208247,-0.2865324,-0.05744352,0.4624522,-0.2056034,0.9495164,-20.82141,32.83
13,-1.0,-1.0,-1.0,1.0,0.0,0.0,0.0,-21.5524,7.862213,-22.88904,-1.0,0.1670663,0.2762619,1.0,0.0,0.0,0.0,33.08174,8.338272,-32.13243,-1.0,0.4754894,0.318311,0.2174374,1.209695,-0.2851592,-0.06113615,0.4549665,-0.203183,0.9495164,-22.47147,32.83
13,-1.0,-1.0,-1.0,1.0,0.0,0.0,0.0,-21.5524,7.862213,-22.88904,-1.0,0.1670663,0.2762619,1.0,0.0,0.0,0.0,33.08174,8.338272,-32.13243,-1.0,0.4754894,0.318311,0.2174374,1.209695,-0.2851592,-0.06113615,0.4549665,-0.203183,0.9495164,-22.47147,32.83
13,-1.0,-1.0,-1.0,1.0,0.0,0.0,0.0,-21.15027,8.105667,-23.98877,-1.0,0.1333288,0.2702516,1.0,0.0,0.0,0.0,33.54431,8.041733,-31.14345,-1.0,0.440665,0.3178639,0.2164321,1.21106,-0.2838603,-0.06489159,0.4465586,-0.200929,0.9495164,-22.47147,32.83
13,0.1578064,0.03459167,0.9868622,1.0,-0.0324707,-0.02557373,0.9991302,-21.07434,7.86647,-24.05028,4.549454,0.1351096,0.2708106,1.0,0.1578064,0.03459167,0.9868622,33.5356,7.947922,-31.15213,4.682831,0.4439905,0.3236473,0.2145723,1.213639,-0.2811947,-0.072196,0.4308742,-0.1974743,0.9495164,-22.47147,32.83
13,0.1578064,0.03459167,0.9868622,1.0,-0.0324707,-0.02557373,0.9991302,-21.07434,7.86647,-24.05028,4.549454,0.1351096,0.2708106,1.0,0.1578064,0.03459167,0.9868622,33.5356,7.947922,-31.15213,4.682831,0.4439905,0.3236473,0.2145723,1.213639,-0.2811947,-0.072196,0.4308742,-0.1974743,0.9495164,-22.47147,32.83
13,0.120575,0.025177,0.9923706,1.0,-0.07032776,-0.02929688,0.9970856,-21.23781,7.720276,-23.98076,4.55452,0.1496936,0.2780547,1.0,0.120636,0.02520752,0.9923706,33.33827,7.99234,-31.70293,4.673553,0.4574586,0.3284186,0.2145723,1.213639,-0.2811947,-0.072196,0.4308742,-0.1974743,0.9495164,-22.47147,32.83
13,0.1048889,0.007598877,0.9944458,1.0,-0.04875183,-0.0382843,0.9980621,-21.39018,7.572998,-23.36308,4.786774,0.1527453,0.2801399,1.0,0.1052551,0.007705688,0.9944,33.21558,8.091782,-32.26143,4.484665,0.4644531,0.3326535,0.2127382,1.215839,-0.2790715,-0.07782182,0.4174737,-0.1945689,0.9495164,-22.47147,32.83
13,0.06663513,-0.007537842,0.9977417,1.0,-0.05552673,-0.03387451,0.997879,-21.84595,7.112091,-21.37239,4.908493,0.1778927,0.2842245,1.0,0.06678772,-0.007507324,0.9977264,32.79695,7.990921,-32.10823,4.45903,0.4861173,0.3379479,0.2113972,1.217767,-0.2773242,-0.08217771,0.4070547,-0.1907037,0.9495164,-22.47147,32.83
13,0.06663513,-0.007537842,0.9977417,1.0,-0.05552673,-0.03387451,0.997879,-21.84595,7.112091,-21.37239,4.908493,0.1778927,0.2842245,1.0,0.06678772,-0.007507324,0.9977264,32.79695,7.990921,-32.10823,4.45903,0.4861173,0.3379479,0.2113972,1.217767,-0.2773242,-0.08217771,0.4070547,-0.1907037,0.9495164,-22.47147,32.83
13,0.05859375,-0.00743103,0.9982452,1.0,-0.06196594,-0.0001373291,0.9980774,-21.8905,6.950577,-20.88208,5.112534,0.1834442,0.2827038,1.0,0.05859375,-0.00743103,0.9982452,32.68443,8.003082,-32.28317,4.381607,0.4915627,0.3389918,0.2098335,1.219225,-0.2761739,-0.08598856,0.398348,-0.1865774,0.9495164,-22.47147,32.83
13,0.04429626,-0.009567261,0.9989624,1.0,-0.02920532,-0.03373718,0.9989929,-22.6566,7.537064,-23.89307,4.771164,0.1936845,0.2865841,1.0,0.04429626,-0.009567261,0.9989624,32.52022,7.887909,-31.83165,4.417221,0.4998199,0.3397851,0.2084379,1.220857,-0.2749487,-0.09032824,0.3898377,-0.1834559,0.9495164,-22.47147,32.83
13,0.04429626,-0.009567261,0.9989624,1.0,-0.02920532,-0.03373718,0.9989929,-22.6566,7.537064,-23.89307,4.771164,0.1936845,0.2865841,1.0,0.04429626,-0.009567261,0.9989624,32.52022,7.887909,-31.83165,4.417221,0.4998199,0.3397851,0.2084379,1.220857,-0.2749487,-0.09032824,0.3898377,-0.1834559,0.9495164,-22.47147,32.83
13,0.02748108,-0.02235413,0.9993591,1.0,-0.03379822,-0.03210449,0.9989014,-22.65996,7.358643,-23.06831,4.781525,0.1994747,0.2897557,1.0,0.02748108,-0.02235413,0.9993591,32.35605,7.742569,-31.09976,4.462387,0.5083689,0.3414026,0.2067443,1.222346,-0.2738848,-0.09486159,0.3813598,-0.1802636,0.9495164,-22.47147,32.83
13,0.02748108,-0.02235413,0.9993591,1.0,-0.03379822,-0.03210449,0.9989014,-22.65996,7.358643,-23.06831,4.781525,0.1994747,0.2897557,1.0,0.02748108,-0.02235413,0.9993591,32.35605,7.742569,-31.09976,4.462387,0.5083689,0.3414026,0.2067443,1.222346,-0.2738848,-0.09486159,0.3813598,-0.1802636,0.9495164,-22.47147,32.83
13,0.004730225,-0.01823425,0.9998169,1.0,-0.09559631,-0.03862,0.9946594,-22.70061,7.20578,-22.37531,4.771515,0.2138527,0.292511,1.0,0.004730225,-0.01823425,0.9998169,32.26506,7.725037,-31.13498,4.535843,0.5155292,0.3416657,0.2048815,1.223751,-0.2730651,-0.09923228,0.3729355,-0.1761075,0.9495164,12.78335,32.83
13,0.004730225,-0.01823425,0.9998169,1.0,-0.09559631,-0.03862,0.9946594,-22.70061,7.20578,-22.37531,4.771515,0.2138527,0.292511,1.0,0.004730225,-0.01823425,0.9998169,32.26506,7.725037,-31.13498,4.535843,0.5155292,0.3416657,0.2048815,1.223751,-0.2730651,-0.09923228,0.3729355,-0.1761075,0.9495164,12.78335,32.83
13,-0.002990723,-0.02478027,0.9996796,1.0,-0.06217957,0.0005950928,0.9980621,-23.21533,7.48439,-24.36792,4.840622,0.2206789,0.2902207,1.0,-0.002990723,-0.02478027,0.9996796,32.19867,7.694077,-31.1432,4.506302,0.519195,0.3440138,0.20331,1.225292,-0.2719957,-0.103703,0.3649307,-0.1726177,0.9495164,12.78335,32.83
13,-0.002990723,-0.02478027,0.9996796,1.0,-0.06217957,0.0005950928,0.9980621,-23.21533,7.48439,-24.36792,4.840622,0.2206789,0.2902207,1.0,-0.002990723,-0.02478027,0.9996796,32.19867,7.694077,-31.1432,4.506302,0.519195,0.3440138,0.20331,1.225292,-0.2719957,-0.103703,0.3649307,-0.1726177,0.9495164,12.78335,32.83
13,-0.03182983,-0.04273987,0.9985657,1.0,-0.1009521,-0.05957031,0.993103,-23.25519,7.427216,-23.88651,4.677765,0.2308645,0.3004249,1.0,-0.03182983,-0.04273987,0.9985657,32.07129,7.726074,-31.38708,4.392456,0.5287538,0.3481749,0.2039835,1.228365,-0.2693577,-0.1071325,0.357932,-0.1697174,0.9495164,12.78335,32.83
13,-0.03182983,-0.04273987,0.9985657,1.0,-0.1009521,-0.05957031,0.993103,-23.25519,7.427216,-23.88651,4.677765,0.2308645,0.3004249,1.0,-0.03182983,-0.04273987,0.9985657,32.07129,7.726074,-31.38708,4.392456,0.5287538,0.3481749,0.2039835,1.228365,-0.2693577,-0.1071325,0.357932,-0.1697174,0.9495164,12.78335,32.83
13,-0.04916382,-0.04502869,0.9977722,1.0,-0.07473755,-0.05444336,0.9957123,-23.53035,7.265106,-23.54192,4.774567,0.2375141,0.3037894,1.0,-0.04916382,-0.04502869,0.9977722,31.92949,7.674469,-31.48364,4.44928,0.5367931,0.3512797,0.2024455,1.229744,-0.2685077,-0.1096316,0.3510753,-0.1654022,0.9495164,12.78335,32.83
13,-0.04916382,-0.04502869,0.9977722,1.0,-0.07473755,-0.05444336,0.9957123,-23.53035,7.265106,-23.54192,4.774567,0.2375141,0.3037894,1.0,-0.04916382,-0.04502869,0.9977722,31.92949,7.674469,-31.48364,4.44928,0.5367931,0.3512797,0.2024455,1.229744,-0.2685077,-0.1096316,0.3510753,-0.1654022,0.9495164,12.78335,32.83
13,-0.06512451,-0.0504303,0.9965973,1.0,-0.1087036,-0.05796814,0.9923706,-23.57852,7.189362,-23.34898,4.694397,0.2446256,0.305006,1.0,-0.06506348,-0.0504303,0.9965973,31.86015,7.608551,-31.3909,4.400162,0.5419294,0.3539048,0.2007674,1.230994,-0.2677135,-0.1119187,0.34398,-0.1606841,0.9495164,12.78335,32.83
13,-0.06512451,-0.0504303,0.9965973,1.0,-0.1087036,-0.05796814,0.9923706,-23.57852,7.189362,-23.34898,4.694397,0.2446256,0.305006,1.0,-0.06506348,-0.0504303,0.9965973,31.86015,7.608551,-31.3909,4.400162,0.5419294,0.3539048,0.2007674,1.230994,-0.2677135,-0.1119187,0.34398,-0.1606841,0.9495164,12.78335,32.83
13,-0.0788269,-0.05758667,0.9952087,1.0,-0.1112976,-0.07295227,0.9911041,-23.78419,7.368698,-24.51218,4.52153,0.2497334,0.3098908,1.0,-0.0788269,-0.05758667,0.9952087,31.75009,7.648926,-31.62556,4.393402,0.548337,0.3557708,0.1991249,1.232137,-0.2667927,-0.1137798,0.3368853,-0.1564013,0.9495164,12.78335,32.83
13,-0.0788269,-0.05758667,0.9952087,1.0,-0.1112976,-0.07295227,0.9911041,-23.78419,7.368698,-24.51218,4.52153,0.2497334,0.3098908,1.0,-0.0788269,-0.05758667,0.9952087,31.75009,7.648926,-31.62556,4.393402,0.548337,0.3557708,0.1991249,1.232137,-0.2667927,-0.1137798,0.3368853,-0.1564013,0.9495164,12.78335,32.83
13,-0.09814453,-0.07044983,0.9926605,1.0,-0.1403503,-0.06730652,0.9878082,-23.93639,7.383957,-24.65616,4.689987,0.2591525,0.3095113,1.0,-0.09814453,-0.07044983,0.9926605,31.65709,7.623245,-31.57651,4.340759,0.5549349,0.3586822,0.1972971,1.232942,-0.2659612,-0.1151642,0.3299865,-0.1524598,0.9495164,12.78335,32.83
13,-0.09814453,-0.07044983,0.9926605,1.0,-0.1403503,-0.06730652,0.9878082,-23.93639,7.383957,-24.65616,4.689987,0.2591525,0.3095113,1.0,-0.09814453,-0.07044983,0.9926605,31.65709,7.623245,-31.57651,4.340759,0.5549349,0.3586822,0.1972971,1.232942,-0.2659612,-0.1151642,0.3299865,-0.1524598,0.9495164,12.78335,32.83
13,-0.1078644,-0.06175232,0.9922333,1.0,-0.1385803,-0.07136536,0.9877625,-24.05984,7.205078,-24.17494,4.601456,0.264809,0.3138353,1.0,-0.1078644,-0.06175232,0.9922333,31.50069,7.52095,-31.28995,4.427246,0.5619728,0.358293,0.195502,1.233825,-0.2650921,-0.1160156,0.3228768,-0.1490631,0.9495164,12.78335,32.83
13,-0.1078644,-0.06175232,0.9922333,1.0,-0.1385803,-0.07136536,0.9877625,-24.05984,7.205078,-24.17494,4.601456,0.264809,0.3138353,1.0,-0.1078644,-0.06175232,0.9922333,31.50069,7.52095,-31.28995,4.427246,0.5619728,0.358293,0.195502,1.233825,-0.2650921,-0.1160156,0.3228768,-0.1490631,0.9495164,12.78335,32.83
13,-0.1208038,-0.07344055,0.9899445,1.0,-0.1335907,-0.06051636,0.9891815,-24.13332,7.176315,-24.07162,4.607132,0.2667378,0.3123419,1.0,-0.1208038,-0.07344055,0.9899445,31.44533,7.578094,-31.5965,4.427567,0.5663661,0.3610874,0.1932873,1.234435,-0.2642629,-0.1168038,0.3152937,-0.1454255,0.9495164,24.2876,32.83
13,-0.1208038,-0.07344055,0.9899445,1.0,-0.1335907,-0.06051636,0.9891815,-24.13332,7.176315,-24.07162,4.607132,0.2667378,0.3123419,1.0,-0.1208038,-0.07344055,0.9899445,31.44533,7.578094,-31.5965,4.427567,0.5663661,0.3610874,0.1932873,1.234435,-0.2642629,-0.1168038,0.3152937,-0.1454255,0.9495164,24.2876,32.83
13,-0.1340637,-0.08305359,0.9874725,1.0,-0.1618195,-0.08628845,0.9830322,-24.20036,7.148102,-24.05586,4.437805,0.2741174,0.3181993,1.0,-0.1336823,-0.08300781,0.9875336,31.40897,7.59111,-31.66014,4.364258,0.5699641,0.3629037,0.1910802,1.235241,-0.2633102,-0.1176931,0.3066694,-0.1420212,0.9495164,24.2876,32.83
13,-0.1340637,-0.08305359,0.9874725,1.0,-0.1618195,-0.08628845,0.9830322,-24.20036,7.148102,-24.05586,4.437805,0.2741174,0.3181993,1.0,-0.1336823,-0.08300781,0.9875336,31.40897,7.59111,-31.66014,4.364258,0.5699641,0.3629037,0.1910802,1.235241,-0.2633102,-0.1176931,0.3066694,-0.1420212,0.9495164,24.2876,32.83
13,-0.1340637,-0.08305359,0.9874725,1.0,-0.1618195,-0.08628845,0.9830322,-24.20036,7.148102,-24.05586,4.437805,0.2741174,0.3181993,1.0,-0.1336823,-0.08300781,0.9875336,31.40897,7.59111,-31.66014,4.364258,0.5699641,0.3629037,0.1910802,1.235241,-0.2633102,-0.1176931,0.3066694,-0.1420212,0.9495164,24.2876,32.83
13,-0.1947021,-0.07336426,0.9781036,1.0,-0.1988983,-0.07275391,0.9773102,-24.21637,7.138535,-23.9352,4.682053,0.2808111,0.3157793,1.0,-0.1544495,-0.0790863,0.9848175,31.32628,7.615524,-31.7748,4.284012,0.5766633,0.3623973,0.1888421,1.23609,-0.2623806,-0.1190914,0.2982776,-0.1385573,0.9495164,24.2876,32.83
13,-0.1746216,-0.08702087,0.9807739,1.0,-0.1791382,-0.08596802,0.9800568,-24.41693,7.14006,-24.04253,4.453491,0.28444,0.3188824,1.0,-0.1548157,-0.09158325,0.9836731,31.24535,7.612167,-31.57843,4.258469,0.5794206,0.3631163,0.1865948,1.237072,-0.261291,-0.1200735,0.289499,-0.1342383,0.9495164,24.2876,32.79
13,-0.1746216,-0.08702087,0.9807739,1.0,-0.1791382,-0.08596802,0.9800568,-24.41693,7.14006,-24.04253,4.453491,0.28444,0.3188824,1.0,-0.1548157,-0.09158325,0.9836731,31.24535,7.612167,-31.57843,4.258469,0.5794206,0.3631163,0.1865948,1.237072,-0.261291,-0.1200735,0.289499,-0.1342383,0.9495164,24.2876,32.79
13,-0.2021332,-0.08892822,0.975296,1.0,-0.2106323,-0.09333801,0.9730835,-24.5134,7.146484,-24.07391,4.278198,0.2931367,0.3207721,1.0,-0.1858521,-0.08047485,0.9792633,31.14374,7.571793,-31.58282,4.338135,0.5885133,0.3627105,0.1840056,1.238182,-0.2600226,-0.1215476,0.2789249,-0.129644,0.9495164,24.2876,32.79
13,-0.2021332,-0.08892822,0.975296,1.0,-0.2106323,-0.09333801,0.9730835,-24.5134,7.146484,-24.07391,4.278198,0.2931367,0.3207721,1.0,-0.1858521,-0.08047485,0.9792633,31.14374,7.571793,-31.58282,4.338135,0.5885133,0.3627105,0.1840056,1.238182,-0.2600226,-0.1215476,0.2789249,-0.129644,0.9495164,24.2876,32.79
13,-0.2145081,-0.09387207,0.9721985,1.0,-0.2339478,-0.0941925,0.9676666,-24.57814,7.140076,-24.10495,4.509186,0.2989021,0.3217065,1.0,-0.1882172,-0.09339905,0.9776611,31.09685,7.581482,-31.58589,4.375671,0.5905522,0.36476,0.1809057,1.239228,-0.2586393,-0.1233078,0.26713,-0.1251998,0.9495164,24.2876,32.79
13,-0.2145081,-0.09387207,0.9721985,1.0,-0.2339478,-0.0941925,0.9676666,-24.57814,7.140076,-24.10495,4.509186,0.2989021,0.3217065,1.0,-0.1882172,-0.09339905,0.9776611,31.09685,7.581482,-31.58589,4.375671,0.5905522,0.36476,0.1809057,1.239228,-0.2586393,-0.1233078,0.26713,-0.1251998,0.9495164,24.2876,32.79
13,-0.1192169,-0.108017,0.986969,1.0,-0.1368713,-0.1035614,0.9851532,-24.0233,6.98732,-24.03745,4.421326,0.2640483,0.3259479,1.0,-0.09883118,-0.1130981,0.9886475,31.65742,7.447556,-31.62003,4.348099,0.5549153,0.373091,0.1773313,1.240212,-0.2570728,-0.1245015,0.253097,-0.1189365,0.9495164,24.2876,32.79
13,-0.1192169,-0.108017,0.986969,1.0,-0.1368713,-0.1035614,0.9851532,-24.0233,6.98732,-24.03745,4.421326,0.2640483,0.3259479,1.0,-0.09883118,-0.1130981,0.9886475,31.65742,7.447556,-31.62003,4.348099,0.5549153,0.373091,0.1773313,1.240212,-0.2570728,-0.1245015,0.253097,-0.1189365,0.9495164,24.2876,32.79
13,-0.01664734,-0.1514893,0.9883118,1.0,-0.03181458,-0.1502991,0.9881134,-22.91176,6.68808,-23.49304,4.444519,0.2093093,0.337524,1.0,0.01657104,-0.1539764,0.9879303,32.38986,7.261826,-31.75732,4.216568,0.5089831,0.3880363,0.1730372,1.24163,-0.2553769,-0.1267414,0.2353816,-0.1117227,0.9495164,24.2876,32.79
13,-0.01664734,-0.1514893,0.9883118,1.0,-0.03181458,-0.1502991,0.9881134,-22.91176,6.68808,-23.49304,4.444519,0.2093093,0.337524,1.0,0.01657104,-0.1539764,0.9879303,32.38986,7.261826,-31.75732,4.216568,0.5089831,0.3880363,0.1730372,1.24163,-0.2553769,-0.1267414,0.2353816,-0.1117227,0.9495164,24.2876,32.79
13,0.04867554,-0.1687927,0.984436,1.0,-0.01983643,-0.2075348,0.9780121,-22.59544,6.878204,-23.59174,4.19751,0.1963367,0.3415608,1.0,0.04962158,-0.1682434,0.9844818,32.6183,7.206818,-31.71329,4.100769,0.4951526,0.3922149,0.1684418,1.243336,-0.2533396,-0.1296739,0.2150526,-0.1052953,0.9495164,1.639009,32.79
13,0.04867554,-0.1687927,0.984436,1.0,-0.01983643,-0.2075348,0.9780121,-22.59544,6.878204,-23.59174,4.19751,0.1963367,0.3415608,1.0,0.04962158,-0.1682434,0.9844818,32.6183,7.206818,-31.71329,4.100769,0.4951526,0.3922149,0.1684418,1.243336,-0.2533396,-0.1296739,0.2150526,-0.1052953,0.9495164,1.639009,32.79
13,0.00769043,-0.1960144,0.9805603,0.9029506,0.0,0.0,0.0,-22.75067,6.86438,-23.35898,-1.0,0.2119182,0.3406733,0.9631198,0.00769043,-0.1960144,0.9805603,32.50217,7.297256,-31.70113,3.840454,0.506502,0.3940892,0.1659051,1.244133,-0.2524028,-0.1311706,0.2041593,-0.1019504,0.9495164,1.639009,32.79
13,0.00769043,-0.1960144,0.9805603,0.9029506,0.0,0.0,0.0,-22.75067,6.86438,-23.35898,-1.0,0.2119182,0.3406733,0.9631198,0.00769043,-0.1960144,0.9805603,32.50217,7.297256,-31.70113,3.840454,0.506502,0.3940892,0.1659051,1.244133,-0.2524028,-0.1311706,0.2041593,-0.1019504,0.9495164,1.639009,32.79
13,-1.0,-1.0,-1.0,0.821375,0.0,0.0,0.0,-23.2932,6.857956,-23.85426,-1.0,0.2269688,0.3506768,0.9456214,0.0,0.0,0.0,32.2814,7.294174,-31.79939,-1.0,0.5217931,0.3904089,0.1605575,1.245625,-0.2504706,-0.1335476,0.1813981,-0.09379902,0.9495164,1.639009,32.79
13,-1.0,-1.0,-1.0,0.821375,0.0,0.0,0.0,-23.2932,6.857956,-23.85426,-1.0,0.2269688,0.3506768,0.9456214,0.0,0.0,0.0,32.2814,7.294174,-31.79939,-1.0,0.5217931,0.3904089,0.1605575,1.245625,-0.2504706,-0.1335476,0.1813981,-0.09379902,0.9495164,1.639009,32.79
13,-1.0,-1.0,-1.0,0.6889687,0.0,0.0,0.0,-23.28792,6.315414,-23.97261,-1.0,0.224458,0.3704916,0.8898035,0.0,0.0,0.0,32.31097,7.277679,-31.69501,-1.0,0.5190162,0.40513,0.1577264,1.246429,-0.2493734,-0.1347553,0.1686778,-0.08961432,0.9495164,1.639009,32.79
13,-1.0,-1.0,-1.0,0.6889687,0.0,0.0,0.0,-23.28792,6.315414,-23.97261,-1.0,0.224458,0.3704916,0.8898035,0.0,0.0,0.0,32.31097,7.277679,-31.69501,-1.0,0.5190162,0.40513,0.1517545,1.247771,-0.2475753,-0.137319,0.1430308,-0.08289751,0.9495164,1.639009,32.79
13,-1.0,-1.0,-1.0,0.6889687,0.0,0.0,0.0,-23.28792,6.315414,-23.97261,-1.0,0.224458,0.3704916,0.8898035,0.0,0.0,0.0,32.31097,7.277679,-31.69501,-1.0,0.5190162,0.40513,0.1517545,1.247771,-0.2475753,-0.137319,0.1430308,-0.08289751,0.9495164,1.639009,32.79
13,-1.0,-1.0,-1.0,0.6889687,0.0,0.0,0.0,-23.28792,6.315414,-23.97261,-1.0,0.224458,0.3704916,0.8898035,0.0,0.0,0.0,32.31097,7.277679,-31.69501,-1.0,0.5190162,0.40513,0.1487956,1.248447,-0.2467771,-0.1386836,0.1306143,-0.07999649,0.9495164,1.639009,32.79
13,-1.0,-1.0,-1.0,0.6889687,0.0,0.0,0.0,-23.28792,6.315414,-23.97261,-1.0,0.224458,0.3704916,0.8898035,0.0,0.0,0.0,32.31097,7.277679,-31.69501,-1.0,0.5190162,0.40513,0.143324,1.249661,-0.2453171,-0.1412754,0.1076497,-0.07397098,0.9495164,1.639009,32.79
13,-1.0,-1.0,-1.0,0.6889687,0.0,0.0,0.0,-23.28792,6.315414,-23.97261,-1.0,0.224458,0.3704916,0.8898035,0.0,0.0,0.0,32.31097,7.277679,-31.69501,-1.0,0.5190162,0.40513,0.143324,1.249661,-0.2453171,-0.1412754,0.1076497,-0.07397098,0.9495164,1.639009,32.79
13,-1.0,-1.0,-1.0,0.6889687,0.0,0.0,0.0,-23.28792,6.315414,-23.97261,-1.0,0.224458,0.3704916,0.8898035,0.0,0.0,0.0,32.31097,7.277679,-31.69501,-1.0,0.5190162,0.40513,0.1406884,1.250274,-0.2446558,-0.1424641,0.09726492,-0.07042738,0.9495164,1.639009,32.79
13,-1.0,-1.0,-1.0,0.4649743,0.0,0.0,0.0,-23.28792,6.315414,-23.97261,-1.0,-1.0,-1.0,0.6516503,0.0,0.0,0.0,32.46284,7.327454,-31.67271,-1.0,0.5243949,0.412759,0.1358527,1.251232,-0.2434976,-0.1441549,0.0783136,-0.06336613,0.9495164,1.639009,32.79
13,-1.0,-1.0,-1.0,0.4649743,0.0,0.0,0.0,-23.28792,6.315414,-23.97261,-1.0,-1.0,-1.0,0.6516503,0.0,0.0,0.0,32.46284,7.327454,-31.67271,-1.0,0.5243949,0.412759,0.1358527,1.251232,-0.2434976,-0.1441549,0.0783136,-0.06336613,0.9495164,1.639009,32.79
13,-1.0,-1.0,-1.0,0.4649743,0.0,0.0,0.0,-23.28792,6.315414,-23.97261,-1.0,-1.0,-1.0,0.6516503,0.0,0.0,0.0,32.46284,7.327454,-31.67271,-1.0,0.5243949,0.412759,0.13348,1.251607,-0.242979,-0.1448192,0.06939533,-0.06049332,0.9495164,1.639009,32.79
13,-1.0,-1.0,-1.0,0.4649743,0.0,0.0,0.0,-23.28792,6.315414,-23.97261,-1.0,-1.0,-1.0,0.6516503,0.0,0.0,0.0,32.46284,7.327454,-31.67271,-1.0,0.5243949,0.412759,0.1296647,1.251976,-0.242287,-0.1453941,0.05591127,-0.05746297,0.9495164,-27.91881,32.79
13,-1.0,-1.0,-1.0,0.4649743,0.0,0.0,0.0,-23.28792,6.315414,-23.97261,-1.0,-1.0,-1.0,0.6516503,0.0,0.0,0.0,32.46284,7.327454,-31.67271,-1.0,0.5243949,0.412759,0.1281403,1.252099,-0.2420097,-0.1452883,0.05130803,-0.05664233,0.9495164,-27.91881,32.79
13,-1.0,-1.0,-1.0,0.4649743,0.0,0.0,0.0,-23.28792,6.315414,-23.97261,-1.0,-1.0,-1.0,0.6516503,0.0,0.0,0.0,32.46284,7.327454,-31.67271,-1.0,0.5243949,0.412759,0.1281403,1.252099,-0.2420097,-0.1452883,0.05130803,-0.05664233,0.9495164,-27.91881,32.79
14,-1.0,-1.0,-1.0,0.0,0.0,0.0,0.0,-23.28792,6.315414,-23.97261,-1.0,0.3255445,0.4661609,0.0,0.0,0.0,0.0,32.46284,7.327454,-31.67271,-1.0,0.4809352,0.4868748,0.1271268,1.252057,-0.2418668,-0.1442069,0.04982742,-0.05628487,0.9495164,-27.91881,32.79
14,-1.0,-1.0,-1.0,0.0,0.0,0.0,0.0,-23.28792,6.315414,-23.97261,-1.0,-1.0,-1.0,0.0,0.0,0.0,0.0,32.46284,7.327454,-31.67271,-1.0,-1.0,-1.0,0.1259724,1.251581,-0.241505,-0.1425805,0.05202803,-0.05345704,0.9495164,-27.91881,32.79
14,-1.0,-1.0,-1.0,0.0,0.0,0.0,0.0,-23.28792,6.315414,-23.97261,-1.0,-1.0,-1.0,0.0,0.0,0.0,0.0,32.46284,7.327454,-31.67271,-1.0,-1.0,-1.0,0.1259724,1.251581,-0.241505,-0.1425805,0.05202803,-0.05345704,0.9495164,-27.91881,32.79
14,-1.0,-1.0,-1.0,0.04862905,0.0,0.0,0.0,-23.28792,6.315414,-23.97261,-1.0,0.7978557,0.4625821,0.0,0.0,0.0,0.0,32.46284,7.327454,-31.67271,-1.0,0.5964269,0.4762195,0.1255111,1.251447,-0.2412764,-0.1418661,0.05400725,-0.05201685,0.9495164,-27.91881,32.79
14,-1.0,-1.0,-1.0,0.1022306,0.0,0.0,0.0,-23.28792,6.315414,-23.97261,-1.0,-1.0,-1.0,0.0,0.0,0.0,0.0,32.46284,7.327454,-31.67271,-1.0,0.6356282,0.4595648,0.1250588,1.251504,-0.2408541,-0.1418127,0.05909325,-0.05057233,0.8624121,-27.91881,32.79
14,-1.0,-1.0,-1.0,0.08252861,0.0,0.0,0.0,-23.28792,6.315414,-23.97261,-1.0,0.3097621,0.4178185,0.04147646,0.0,0.0,0.0,31.29666,6.541473,-31.95349,-1.0,0.5819075,0.4402701,0.1248131,1.251482,-0.2406708,-0.1419528,0.06109323,-0.04988122,0.8624121,-27.91881,32.79
14,-1.0,-1.0,-1.0,0.08252861,0.0,0.0,0.0,-23.28792,6.315414,-23.97261,-1.0,0.3097621,0.4178185,0.04147646,0.0,0.0,0.0,31.29666,6.541473,-31.95349,-1.0,0.5819075,0.4402701,0.1248131,1.251482,-0.2406708,-0.1419528,0.06109323,-0.04988122,0.8624121,-27.91881,32.79
14,-1.0,-1.0,-1.0,0.1035067,0.0,0.0,0.0,-24.12154,5.430206,-24.42212,-1.0,0.2749808,0.4323008,0.176226,0.0,0.0,0.0,31.5791,6.395493,-31.95549,-1.0,0.5903021,0.4231342,0.124594,1.251511,-0.2405263,-0.1418586,0.0629677,-0.04841408,0.8624121,-27.91881,32.79
14,-1.0,-1.0,-1.0,0.2082448,0.0,0.0,0.0,-25.01395,5.8526,-24.51579,-1.0,0.3001676,0.4339581,0.3080065,0.0,0.0,0.0,31.36057,6.581146,-31.92841,-1.0,0.5773482,0.4376508,0.1236242,1.251177,-0.2403244,-0.1403209,0.06503324,-0.04478085,0.8624121,-27.91881,32.79
14,-1.0,-1.0,-1.0,0.2082448,0.0,0.0,0.0,-25.01395,5.8526,-24.51579,-1.0,0.3001676,0.4339581,0.3080065,0.0,0.0,0.0,31.36057,6.581146,-31.92841,-1.0,0.5773482,0.4376508,0.1236242,1.251177,-0.2403244,-0.1403209,0.06503324,-0.04478085,0.8624121,-27.91881,32.79
14,-1.0,-1.0,-1.0,0.2899485,0.0,0.0,0.0,-24.53767,5.871902,-24.33104,-1.0,0.301519,0.4043005,0.441492,0.0,0.0,0.0,31.01556,7.159439,-31.78778,-1.0,0.5754991,0.4238766,0.1229459,1.250964,-0.2402347,-0.139663,0.06503198,-0.04362814,0.8624121,-27.91881,32.79
14,-1.0,-1.0,-1.0,0.4115476,0.0,0.0,0.0,-25.23541,6.399658,-24.17859,-1.0,0.3010389,0.3939487,0.5078474,0.0,0.0,0.0,31.05272,7.131317,-31.75917,-1.0,0.5691609,0.4197667,0.1216892,1.250936,-0.2399269,-0.1386866,0.06411783,-0.04290368,0.8624121,-27.91881,32.79
14,-1.0,-1.0,-1.0,0.4115476,0.0,0.0,0.0,-25.23541,6.399658,-24.17859,-1.0,0.3010389,0.3939487,0.5078474,0.0,0.0,0.0,31.05272,7.131317,-31.75917,-1.0,0.5691609,0.4197667,0.1216892,1.250936,-0.2399269,-0.1386866,0.06411783,-0.04290368,0.8624121,-27.91881,32.79
14,-1.0,-1.0,-1.0,0.4115476,0.0,0.0,0.0,-25.00925,6.449844,-24.13998,-1.0,0.3003961,0.3900894,0.5078474,0.0,0.0,0.0,31.09344,7.15036,-31.758,-1.0,0.5686724,0.417985,0.1210421,1.250904,-0.2397569,-0.1381771,0.0636346,-0.04259327,0.8624121,-27.91881,32.79
14,-1.0,-1.0,-1.0,0.4115476,0.0,0.0,0.0,-25.00925,6.449844,-24.13998,-1.0,0.3003961,0.3900894,0.5078474,0.0,0.0,0.0,31.09344,7.15036,-31.758,-1.0,0.5686724,0.417985,0.1198624,1.250854,-0.239329,-0.1369736,0.06248975,-0.04231775,0.8624121,5.681379,32.79
14,-1.0,-1.0,-1.0,0.4115476,0.0,0.0,0.0,-25.00925,6.449844,-24.13998,-1.0,0.3003961,0.3900894,0.5078474,0.0,0.0,0.0,31.09344,7.15036,-31.758,-1.0,0.5686724,0.417985,0.1198624,1.250854,-0.239329,-0.1369736,0.06248975,-0.04231775,0.8624121,5.681379,32.79
14,-1.0,-1.0,-1.0,0.4115476,0.0,0.0,0.0,-25.00925,6.449844,-24.13998,-1.0,0.3003961,0.3900894,0.5078474,0.0,0.0,0.0,31.09344,7.15036,-31.758,-1.0,0.5686724,0.417985,0.1192769,1.250719,-0.2391579,-0.1364072,0.06213691,-0.04213265,0.8624121,5.681379,32.79
14,-1.0,-1.0,-1.0,0.505307,0.0,0.0,0.0,-25.08817,6.368195,-24.18027,-1.0,0.298716,0.390649,0.59304,0.0,0.0,0.0,31.1788,7.179459,-31.75757,-1.0,0.5701645,0.4118252,0.1187735,1.250665,-0.2389668,-0.1358115,0.06180243,-0.04212381,0.8624121,5.681379,32.79
14,-1.0,-1.0,-1.0,0.505307,0.0,0.0,0.0,-25.08817,6.368195,-24.18027,-1.0,0.298716,0.390649,0.59304,0.0,0.0,0.0,31.1788,7.179459,-31.75757,-1.0,0.5701645,0.4118252,0.1187735,1.250665,-0.2389668,-0.1358115,0.06180243,-0.04212381,0.8624121,5.681379,32.79
14,-1.0,-1.0,-1.0,0.6762319,0.0,0.0,0.0,-25.21452,6.403503,-24.15845,-1.0,0.2991152,0.3847581,0.7840171,0.0,0.0,0.0,31.05432,7.1651,-31.77605,-1.0,0.569585,0.4173914,0.1179119,1.250315,-0.238541,-0.1345932,0.06122785,-0.04161774,0.8624121,5.681379,32.79
14,-0.08032227,-0.2971497,0.9514313,0.7183713,-0.1029816,-0.3218536,0.9411621,-25.21393,6.404053,-24.1364,3.985321,0.2990852,0.385451,0.8088466,-0.06582642,-0.2812195,0.9573822,31.04013,7.172119,-31.76929,3.910645,0.5707514,0.415237,0.117039,1.250074,-0.2381322,-0.1333231,0.06046462,-0.04117951,0.8624121,5.681379,32.79
14,-0.08024597,-0.2967987,0.9515533,0.7021886,-0.1029968,-0.3231201,0.9407196,-25.21393,6.410782,-24.1364,3.985367,0.2990852,0.385451,0.8282115,-0.0668335,-0.2811432,0.9573212,31.05388,7.170135,-31.76662,3.900589,0.5704375,0.4152797,0.1160569,1.249774,-0.2377112,-0.1318722,0.05917251,-0.04024879,0.8624121,5.681379,32.79
14,-0.08024597,-0.2967987,0.9515533,0.7021886,-0.1029968,-0.3231201,0.9407196,-25.21393,6.410782,-24.1364,3.985367,0.2990852,0.385451,0.8282115,-0.0668335,-0.2811432,0.9573212,31.05388,7.170135,-31.76662,3.900589,0.5704375,0.4152797,0.1160569,1.249774,-0.2377112,-0.1318722,0.05917251,-0.04024879,0.8624121,5.681379,32.79
14,-0.09022522,-0.290451,0.9526215,0.7197983,-0.1039581,-0.3361359,0.9360504,-25.20052,6.411789,-24.14908,3.987808,0.2987452,0.3878271,0.8535183,-0.08161926,-0.2618561,0.9616394,31.08519,7.164474,-31.76428,4.066269,0.5719215,0.4118378,0.1151196,1.249624,-0.2372192,-0.1308273,0.05744572,-0.0394814,0.8624121,5.681379,32.79
14,-0.09022522,-0.290451,0.9526215,0.7197983,-0.1039581,-0.3361359,0.9360504,-25.20052,6.411789,-24.14908,3.987808,0.2987452,0.3878271,0.8535183,-0.08161926,-0.2618561,0.9616394,31.08519,7.164474,-31.76428,4.066269,0.5719215,0.4118378,0.1151196,1.249624,-0.2372192,-0.1308273,0.05744572,-0.0394814,0.8624121,5.681379,32.79
14,-0.08317566,-0.3150482,0.9454193,0.7134892,-0.1042023,-0.3372498,0.9356232,-25.18831,6.413681,-24.1637,3.898346,0.298419,0.3881252,0.8401206,-0.06990051,-0.3008881,0.9510803,31.07509,7.196564,-31.75371,3.779083,0.570208,0.41802,0.1141133,1.249584,-0.2366747,-0.1301346,0.05583913,-0.03914671,0.8624121,5.681379,32.79
14,-0.08317566,-0.3150482,0.9454193,0.7134892,-0.1042023,-0.3372498,0.9356232,-25.18831,6.413681,-24.1637,3.898346,0.298419,0.3881252,0.8401206,-0.06990051,-0.3008881,0.9510803,31.07509,7.196564,-31.75371,3.779083,0.570208,0.41802,0.1141133,1.249584,-0.2366747,-0.1301346,0.05583913,-0.03914671,0.8624121,5.681379,32.79
14,-0.06846619,-0.3070831,0.9492035,0.7410629,-0.07408142,-0.3416901,0.9368744,-25.18649,6.421616,-24.15236,3.742035,0.2935275,0.3884232,0.8474886,-0.06454468,-0.282959,0.9569397,31.03882,7.222931,-31.73123,3.895828,0.5705614,0.4134501,0.1130809,1.249538,-0.2360761,-0.1295535,0.0539298,-0.03916327,0.8624121,19.18837,32.79
14,-0.06846619,-0.3070831,0.9492035,0.7410629,-0.07408142,-0.3416901,0.9368744,-25.18649,6.421616,-24.15236,3.742035,0.2935275,0.3884232,0.8474886,-0.06454468,-0.282959,0.9569397,31.03882,7.222931,-31.73123,3.895828,0.5705614,0.4134501,0.1130809,1.249538,-0.2360761,-0.1295535,0.0539298,-0.03916327,0.8624121,19.18837,32.79
14,-0.07766724,-0.2990875,0.9510498,0.7355094,-0.08470154,-0.3429718,0.9355011,-25.13428,6.437973,-24.14908,3.743927,0.2935275,0.3881292,0.8554763,-0.07145691,-0.2607117,0.9627533,31.01497,7.222656,-31.72791,4.111496,0.5726282,0.4091915,0.112213,1.249607,-0.235391,-0.1290178,0.05207884,-0.03912558,0.8624121,19.18837,32.79
14,-0.07766724,-0.2990875,0.9510498,0.7355094,-0.08470154,-0.3429718,0.9355011,-25.13428,6.437973,-24.14908,3.743927,0.2935275,0.3881292,0.8554763,-0.07145691,-0.2607117,0.9627533,31.01497,7.222656,-31.72791,4.111496,0.5726282,0.4091915,0.112213,1.249607,-0.235391,-0.1290178,0.05207884,-0.03912558,0.8624121,19.18837,32.79
14,-0.06968689,-0.3112946,0.9477386,0.7637535,-0.07720947,-0.3467407,0.9347687,-25.13428,6.438583,-24.14207,3.55336,0.2924268,0.3887947,0.8685263,-0.06242371,-0.2771149,0.9588013,30.98619,7.22554,-31.73582,3.978058,0.572062,0.4122537,0.111461,1.249582,-0.2348081,-0.128357,0.05041297,-0.03857364,0.8624121,19.18837,32.79
14,-0.06968689,-0.3112946,0.9477386,0.7637535,-0.07720947,-0.3467407,0.9347687,-25.13428,6.438583,-24.14207,3.55336,0.2924268,0.3887947,0.8685263,-0.06242371,-0.2771149,0.9588013,30.98619,7.22554,-31.73582,3.978058,0.572062,0.4122537,0.111461,1.249582,-0.2348081,-0.128357,0.05041297,-0.03857364,0.8624121,19.18837,32.79
14,-0.06170654,-0.3075104,0.9495239,0.7750353,-0.06777954,-0.350174,0.9342194,-25.13428,6.466309,-24.14069,3.551102,0.2908631,0.3884232,0.8754442,-0.057724,-0.2797394,0.9583282,30.96722,7.226334,-31.73952,3.909805,0.5719132,0.4127629,0.1108052,1.2494,-0.2342006,-0.1274326,0.04883881,-0.03760242,0.8624121,19.18837,32.79
14,-0.06170654,-0.3075104,0.9495239,0.7750353,-0.06777954,-0.350174,0.9342194,-25.13428,6.466309,-24.14069,3.551102,0.2908631,0.3884232,0.8754442,-0.057724,-0.2797394,0.9583282,30.96722,7.226334,-31.73952,3.909805,0.5719132,0.4127629,0.1108052,1.2494,-0.2342006,-0.1274326,0.04883881,-0.03760242,0.8624121,19.18837,32.79
14,-0.07194519,-0.3001709,0.9511566,0.7709828,-0.07583618,-0.348587,0.9341888,-25.14102,6.467148,-24.13564,3.553497,0.2924268,0.3881292,0.8765014,-0.06938171,-0.2690277,0.9606171,30.95384,7.226242,-31.74367,3.989456,0.5744297,0.410794,0.1101393,1.249154,-0.2336204,-0.1261787,0.04693981,-0.03641135,0.8624121,19.18837,32.79
14,-0.07194519,-0.3001709,0.9511566,0.7709828,-0.07583618,-0.348587,0.9341888,-25.14102,6.467148,-24.13564,3.553497,0.2924268,0.3881292,0.8765014,-0.06938171,-0.2690277,0.9606171,30.95384,7.226242,-31.74367,3.989456,0.5744297,0.410794,0.1101393,1.249154,-0.2336204,-0.1261787,0.04693981,-0.03641135,0.8624121,19.18837,32.79
14,-0.09155273,-0.2930908,0.9516754,0.7609615,-0.1069641,-0.3336029,0.936615,-25.15741,6.466309,-24.1337,3.880173,0.2978966,0.3855181,0.8695352,-0.08113098,-0.265625,0.9606476,30.94496,7.226944,-31.74321,4.008087,0.5767973,0.4101602,0.1096318,1.249075,-0.2330241,-0.125358,0.0450082,-0.03559287,0.8624121,19.18837,32.79
14,-0.09155273,-0.2930908,0.9516754,0.7609615,-0.1069641,-0.3336029,0.936615,-25.15741,6.466309,-24.1337,3.880173,0.2978966,0.3855181,0.8695352,-0.08113098,-0.265625,0.9606476,30.94496,7.226944,-31.74321,4.008087,0.5767973,0.4101602,0.1096318,1.249075,-0.2330241,-0.125358,0.0450082,-0.03559287,0.8624121,19.18837,32.79
14,-0.1087036,-0.2974854,0.9485016,0.8048906,-0.1122284,-0.3324127,0.9364166,-25.1837,6.468033,-24.1337,3.920624,0.2996089,0.3852901,0.8872879,-0.1047363,-0.2594299,0.9600525,30.89328,7.261551,-31.73392,4.177704,0.5827516,0.4077188,0.1089931,1.248962,-0.2325716,-0.1247879,0.04323202,-0.03514035,0.8624121,19.18837,32.79
14,-0.1087036,-0.2974854,0.9485016,0.8048906,-0.1122284,-0.3324127,0.9364166,-25.1837,6.468033,-24.1337,3.920624,0.2996089,0.3852901,0.8872879,-0.1047363,-0.2594299,0.9600525,30.89328,7.261551,-31.73392,4.177704,0.5827516,0.4077188,0.1089931,1.248962,-0.2325716,-0.1247879,0.04323202,-0.03514035,0.8624121,19.18837,32.79
14,-0.1157684,-0.2893982,0.9501648,0.8094174,-0.1152039,-0.3171387,0.9413452,-25.19641,6.469528,-24.16008,3.965652,0.3004832,0.3827477,0.8995036,-0.1162262,-0.2620392,0.9580231,30.87831,7.290207,-31.74001,4.279984,0.5852947,0.4072596,0.1085851,1.248923,-0.2320777,-0.124316,0.04150121,-0.03486064,0.8624121,19.18837,32.79
14,-0.1157684,-0.2893982,0.9501648,0.8094174,-0.1152039,-0.3171387,0.9413452,-25.19641,6.469528,-24.16008,3.965652,0.3004832,0.3827477,0.8995036,-0.1162262,-0.2620392,0.9580231,30.87831,7.290207,-31.74001,4.279984,0.5852947,0.4072596,0.1085851,1.248923,-0.2320777,-0.124316,0.04150121,-0.03486064,0.8624121,19.18837,32.79
14,-0.1150818,-0.2920532,0.9494476,0.8215445,-0.1124268,-0.3180389,0.9413757,-25.2238,6.474869,-24.1644,3.967865,0.3009256,0.3827477,0.8896519,-0.1174164,-0.2684631,0.9561005,30.87056,7.300751,-31.73839,4.256577,0.5857704,0.4080959,0.1082683,1.248828,-0.2316375,-0.1235878,0.03975052,-0.03445952,0.8624121,19.25118,32.79
14,-0.1150818,-0.2920532,0.9494476,0.8215445,-0.1124268,-0.3180389,0.9413757,-25.2238,6.474869,-24.1644,3.967865,0.3009256,0.3827477,0.8896519,-0.1174164,-0.2684631,0.9561005,30.87056,7.300751,-31.73839,4.256577,0.5857704,0.4080959,0.1082683,1.248828,-0.2316375,-0.1235878,0.03975052,-0.03445952,0.8624121,19.25118,32.79
14,-0.1238556,-0.2888184,0.9493256,0.7965843,-0.1178589,-0.3216705,0.9394684,-25.25209,6.496262,-24.16882,4.020737,0.3027028,0.3827708,0.9001678,-0.1283875,-0.2631073,0.9561768,30.86496,7.30986,-31.7388,4.249969,0.5879,0.4068362,0.1080738,1.248605,-0.2312543,-0.122972,0.03803896,-0.03398031,0.8624121,19.25118,32.79
14,-0.1238556,-0.2888184,0.9493256,0.7965843,-0.1178589,-0.3216705,0.9394684,-25.25209,6.496262,-24.16882,4.020737,0.3027028,0.3827708,0.9001678,-0.1283875,-0.2631073,0.9561768,30.86496,7.30986,-31.7388,4.249969,0.5879,0.4068362,0.1080738,1.248605,-0.2312543,-0.122972,0.03803896,-0.03398031,0.8624121,19.25118,32.79
14,-0.123764,-0.2868805,0.9499207,0.8094128,-0.115097,-0.3218079,0.9397736,-25.28778,6.50676,-24.16882,4.03952,0.3034244,0.3824282,0.8826527,-0.1307068,-0.2580566,0.9572296,30.85547,7.310333,-31.73782,4.251907,0.5886481,0.405867,0.1080004,1.248396,-0.2308528,-0.1224715,0.0367105,-0.03379739,0.8624121,19.25118,32.79
14,-0.123764,-0.2868805,0.9499207,0.8094128,-0.115097,-0.3218079,0.9397736,-25.28778,6.50676,-24.16882,4.03952,0.3034244,0.3824282,0.8826527,-0.1307068,-0.2580566,0.9572296,30.85547,7.310333,-31.73782,4.251907,0.5886481,0.405867,0.1080004,1.248396,-0.2308528,-0.1224715,0.0367105,-0.03379739,0.8624121,19.25118,32.79
14,-0.1230316,-0.276413,0.953125,0.8207564,-0.1128082,-0.3194427,0.9408569,-25.30777,6.507477,-24.16815,4.040375,0.3037222,0.3819786,0.8951538,-0.1305542,-0.2436676,0.9610138,30.75511,7.32225,-31.73666,4.240173,0.5922119,0.4027369,0.1078874,1.248194,-0.2305249,-0.1220218,0.03544036,-0.03389996,0.8624121,19.25118,32.79
14,-0.1230316,-0.276413,0.953125,0.8207564,-0.1128082,-0.3194427,0.9408569,-25.30777,6.507477,-24.16815,4.040375,0.3037222,0.3819786,0.8951538,-0.1305542,-0.2436676,0.9610138,30.75511,7.32225,-31.73666,4.240173,0.5922119,0.4027369,0.1078874,1.248194,-0.2305249,-0.1220218,0.03544036,-0.03389996,0.8624121,19.25118,32.79
14,-0.1220551,-0.2725372,0.954361,0.8242937,-0.1116638,-0.3260498,0.9387207,-25.32976,6.518753,-24.16614,4.040466,0.3042565,0.3827708,0.9103606,-0.1272583,-0.2445831,0.9612274,30.74905,7.328201,-31.73508,4.206985,0.591854,0.4026735,0.1078705,1.248194,-0.2303334,-0.1219603,0.03388061,-0.03404121,0.8624121,19.25118,32.79
14,-0.1220551,-0.2725372,0.954361,0.8242937,-0.1116638,-0.3260498,0.9387207,-25.32976,6.518753,-24.16614,4.040466,0.3042565,0.3827708,0.9103606,-0.1272583,-0.2445831,0.9612274,30.74905,7.328201,-31.73508,4.206985,0.591854,0.4026735,0.1078705,1.248194,-0.2303334,-0.1219603,0.03388061,-0.03404121,0.8624121,19.25118,32.79
14,-0.1218567,-0.2757568,0.9534607,0.8391981,-0.1105194,-0.3317566,0.9368591,-25.34175,6.531586,-24.16547,3.929092,0.3045391,0.3834229,0.8812951,-0.1268616,-0.2499847,0.9598846,30.74403,7.3349,-31.73344,4.146683,0.5919588,0.4034595,0.1079359,1.248209,-0.230079,-0.1220505,0.03260443,-0.03417446,0.8624121,19.25118,32.79
14,-0.1218567,-0.2757568,0.9534607,0.8391981,-0.1105194,-0.3317566,0.9368591,-25.34175,6.531586,-24.16547,3.929092,0.3045391,0.3834229,0.8812951,-0.1268616,-0.2499847,0.9598846,30.74403,7.3349,-31.73344,4.146683,0.5919588,0.4034595,0.1079359,1.248209,-0.230079,-0.1220505,0.03260443,-0.03417446,0.8624121,19.25118,32.79
14,-0.1321259,-0.282608,0.9500885,0.8350258,-0.1398621,-0.3391266,0.9302673,-25.37268,6.536148,-24.16736,3.745331,0.3104981,0.3850108,0.9011191,-0.127182,-0.2476349,0.9604645,30.73865,7.345734,-31.73064,4.131851,0.5922119,0.4026102,0.1079749,1.248165,-0.2298875,-0.1222897,0.03166402,-0.03466539,0.8624121,19.25118,32.79
14,-0.1321259,-0.282608,0.9500885,0.8350258,-0.1398621,-0.3391266,0.9302673,-25.37268,6.536148,-24.16736,3.745331,0.3104981,0.3850108,0.9011191,-0.127182,-0.2476349,0.9604645,30.73865,7.345734,-31.73064,4.131851,0.5922119,0.4026102,0.1079749,1.248165,-0.2298875,-0.1222897,0.03166402,-0.03466539,0.8624121,19.25118,32.79
14,-0.1321259,-0.282608,0.9500885,0.8350258,-0.1398621,-0.3391266,0.9302673,-25.37268,6.536148,-24.16736,3.745331,0.3104981,0.3850108,0.9011191,-0.127182,-0.2476349,0.9604645,30.73865,7.345734,-31.73064,4.131851,0.5922119,0.4026102,0.1080084,1.248163,-0.2297312,-0.1226475,0.03072415,-0.03514925,0.8624121,19.25118,32.79
14,-0.1321259,-0.282608,0.9500885,0.8350258,-0.1398621,-0.3391266,0.9302673,-25.37268,6.536148,-24.16736,3.745331,0.3104981,0.3850108,0.9011191,-0.127182,-0.2476349,0.9604645,30.73865,7.345734,-31.73064,4.131851,0.5922119,0.4026102,0.1080084,1.248163,-0.2297312,-0.1226475,0.03072415,-0.03514925,0.8624121,19.25118,32.79
14,-0.1321259,-0.282608,0.9500885,0.8350258,-0.1398621,-0.3391266,0.9302673,-25.37268,6.536148,-24.16736,3.745331,0.3104981,0.3850108,0.9011191,-0.127182,-0.2476349,0.9604645,30.73865,7.345734,-31.73064,4.131851,0.5922119,0.4026102,0.1080242,1.248188,-0.2296258,-0.1229595,0.02965228,-0.03538607,0.8624121,2.654156,32.79
14,-0.1321259,-0.282608,0.9500885,0.8350258,-0.1398621,-0.3391266,0.9302673,-25.37268,6.536148,-24.16736,3.745331,0.3104981,0.3850108,0.9011191,-0.127182,-0.2476349,0.9604645,30.73865,7.345734,-31.73064,4.131851,0.5922119,0.4026102,0.1080242,1.248188,-0.2296258,-0.1229595,0.02965228,-0.03538607,0.8624121,2.654156,32.79
14,-0.1407928,-0.2795258,0.9497528,0.8060859,-0.1567383,-0.3257599,0.9323578,-25.50352,6.621735,-24.19333,3.666595,0.3176658,0.3803295,0.8851429,-0.1286774,-0.2446289,0.9610291,30.73389,7.349915,-31.73029,4.158081,0.5926484,0.4019008,0.1080772,1.248263,-0.2295274,-0.1232786,0.02853992,-0.0356483,0.8624121,2.654156,32.79
14,-0.1407928,-0.2795258,0.9497528,0.8060859,-0.1567383,-0.3257599,0.9323578,-25.50352,6.621735,-24.19333,3.666595,0.3176658,0.3803295,0.8851429,-0.1286774,-0.2446289,0.9610291,30.73389,7.349915,-31.73029,4.158081,0.5926484,0.4019008,0.1080772,1.248263,-0.2295274,-0.1232786,0.02853992,-0.0356483,0.8624121,2.654156,32.79
14,-0.1366882,-0.2967529,0.9451141,0.8223819,-0.1456604,-0.3610229,0.9210968,-25.50459,6.627594,-24.19084,3.503372,0.3159212,0.3864226,0.8875111,-0.1291504,-0.2449188,0.9608917,30.72243,7.352798,-31.73026,4.134109,0.5931389,0.4018574,0.1080762,1.248339,-0.2294585,-0.1236955,0.02768171,-0.03588078,0.8624121,2.654156,32.79
14,-0.1366882,-0.2967529,0.9451141,0.8223819,-0.1456604,-0.3610229,0.9210968,-25.50459,6.627594,-24.19084,3.503372,0.3159212,0.3864226,0.8875111,-0.1291504,-0.2449188,0.9608917,30.72243,7.352798,-31.73026,4.134109,0.5931389,0.4018574,0.1080762,1.248339,-0.2294585,-0.1236955,0.02768171,-0.03588078,0.8624121,2.654156,32.79
14,-0.1348724,-0.302063,0.9436951,0.8120716,-0.1403961,-0.3715668,0.9177246,-25.50655,6.628098,-24.18987,3.403793,0.3151686,0.3883162,0.8981159,-0.1298523,-0.2444916,0.960907,30.72226,7.355865,-31.73021,4.131104,0.5932729,0.4016827,0.1080769,1.248399,-0.2294363,-0.1238432,0.02729411,-0.03607544,0.8624121,2.654156,32.79
14,-0.1348724,-0.302063,0.9436951,0.8120716,-0.1403961,-0.3715668,0.9177246,-25.50655,6.628098,-24.18987,3.403793,0.3151686,0.3883162,0.8981159,-0.1298523,-0.2444916,0.960907,30.72226,7.355865,-31.73021,4.131104,0.5932729,0.4016827,0.1080769,1.248399,-0.2294363,-0.1238432,0.02729411,-0.03607544,0.8624121,2.654156,32.79
14,-0.1358643,-0.3029327,0.9432678,0.8120716,-0.1384583,-0.373642,0.91716,-25.50766,6.628815,-24.18932,3.387344,0.3148946,0.3886674,0.8981159,-0.1331482,-0.2434998,0.9607086,30.72073,7.356812,-31.73021,4.14325,0.5939028,0.4014579,0.1081697,1.248485,-0.2294595,-0.124152,0.0265735,-0.03630212,0.8624121,2.654156,32.79
14,-0.1367188,-0.303833,0.9428558,0.8090085,-0.1363983,-0.3742065,0.9172516,-25.50732,6.627609,-24.18921,3.324738,0.3145903,0.3888172,0.8916268,-0.1363373,-0.2375336,0.9617615,30.71906,7.35759,-31.73026,4.209625,0.5945293,0.4003198,0.1082952,1.248546,-0.2294428,-0.1243785,0.02626895,-0.036414,0.8624121,2.654156,32.79
14,-0.1367188,-0.303833,0.9428558,0.8090085,-0.1363983,-0.3742065,0.9172516,-25.50732,6.627609,-24.18921,3.324738,0.3145903,0.3888172,0.8916268,-0.1363373,-0.2375336,0.9617615,30.71906,7.35759,-31.73026,4.209625,0.5945293,0.4003198,0.1082952,1.248546,-0.2294428,-0.1243785,0.02626895,-0.036414,0.8624121,2.654156,32.79
14,-0.1375275,-0.3023224,0.943222,0.8090085,-0.1367798,-0.3742065,0.9171906,-25.50746,6.627594,-24.18912,3.294739,0.3146782,0.3888464,0.8916268,-0.1375122,-0.2367401,0.9617767,30.71783,7.35759,-31.73033,4.274429,0.5947744,0.4001507,0.1082972,1.248591,-0.2295115,-0.1244321,0.02594734,-0.03634294,0.8624121,2.654156,32.79
14,-0.1383514,-0.3024902,0.9430542,0.8179113,-0.1367645,-0.3740997,0.9172363,-25.50748,6.62674,-24.18877,3.294861,0.3146782,0.3888464,0.8780677,-0.1390991,-0.2357635,0.961792,30.71678,7.35759,-31.73042,4.299393,0.5950894,0.3999641,0.1084319,1.248638,-0.2296473,-0.1245914,0.02547967,-0.03629288,0.8624121,2.654156,32.79
14,-0.1383514,-0.3024902,0.9430542,0.8179113,-0.1367645,-0.3740997,0.9172363,-25.50748,6.62674,-24.18877,3.294861,0.3146782,0.3888464,0.8780677,-0.1390991,-0.2357635,0.961792,30.71678,7.35759,-31.73042,4.299393,0.5950894,0.3999641,0.1084319,1.248638,-0.2296473,-0.1245914,0.02547967,-0.03629288,0.8624121,2.654156,32.79
14,-0.1381836,-0.2950134,0.9454346,0.7786008,-0.1361237,-0.3740234,0.9173584,-25.50735,6.6259,-24.18843,3.264618,0.3145903,0.3888755,0.8815457,-0.1390991,-0.233139,0.9624329,30.71596,7.35759,-31.73097,4.302505,0.5951244,0.399471,0.108475,1.24867,-0.2296888,-0.1246535,0.02519946,-0.03631935,0.8624121,2.654156,32.79
14,-0.1383514,-0.2944489,0.9455872,0.8342424,-0.1371918,-0.3736267,0.9173737,-25.50735,6.623138,-24.18819,3.264847,0.314766,0.3889066,0.9000244,-0.1385803,-0.2322235,0.962738,30.71332,7.355225,-31.73192,4.302536,0.5951285,0.3993948,0.1085957,1.248716,-0.2297808,-0.1248113,0.02493224,-0.03624234,0.8624121,-27.74763,32.79
14,-0.1393127,-0.2916107,0.9463196,0.8189434,-0.1392975,-0.3735046,0.917099,-25.50627,6.622787,-24.18787,3.266144,0.3150774,0.3889066,0.8993229,-0.1386108,-0.2273712,0.9638824,30.71088,7.354996,-31.73271,4.322723,0.5952311,0.3985054,0.1086602,1.248738,-0.2298194,-0.1248168,0.0247544,-0.03628447,0.8624121,-27.74763,32.79
14,-0.1393127,-0.2916107,0.9463196,0.8189434,-0.1392975,-0.3735046,0.917099,-25.50627,6.622787,-24.18787,3.266144,0.3150774,0.3889066,0.8993229,-0.1386108,-0.2273712,0.9638824,30.71088,7.354996,-31.73271,4.322723,0.5952311,0.3985054,0.1086602,1.248738,-0.2298194,-0.1248168,0.0247544,-0.03628447,0.8624121,-27.74763,32.79
14,-0.1397705,-0.2930756,0.9458008,0.7877714,-0.1404572,-0.3766327,0.9156342,-25.50041,6.622406,-24.17812,3.266754,0.3150774,0.3894201,0.8843431,-0.138443,-0.2256927,0.9642944,30.71011,7.354691,-31.73279,4.329681,0.5952317,0.3981987,0.1088027,1.24878,-0.2298113,-0.1248691,0.02465065,-0.03643773,0.8624121,-27.74763,32.79
14,-0.1402588,-0.2931976,0.945694,0.8193308,-0.140625,-0.3738556,0.916748,-25.50035,6.622055,-24.17702,3.297302,0.3150899,0.3889066,0.8923311,-0.1393127,-0.2320862,0.9626617,30.70967,7.354568,-31.73282,4.326675,0.5953873,0.3993948,0.1088691,1.248812,-0.2298748,-0.1249029,0.02452338,-0.03661397,0.8624121,-27.74763,32.79
14,-0.1402588,-0.2931976,0.945694,0.8193308,-0.140625,-0.3738556,0.916748,-25.50035,6.622055,-24.17702,3.297302,0.3150899,0.3889066,0.8923311,-0.1393127,-0.2320862,0.9626617,30.70967,7.354568,-31.73282,4.326675,0.5953873,0.3993948,0.1088691,1.248812,-0.2298748,-0.1249029,0.02452338,-0.03661397,0.8624121,-27.74763,32.79
14,-0.1409607,-0.2941437,0.9452972,0.8216648,-0.1406708,-0.3768768,0.9155121,-25.50035,6.622055,-24.17682,3.297836,0.3150899,0.3894514,0.8882449,-0.1404724,-0.2319946,0.9625092,30.70967,7.354568,-31.73282,4.298965,0.5955921,0.3993948,0.1089514,1.248855,-0.2298647,-0.1249999,0.02455708,-0.03677823,0.8624121,-27.74763,32.79
14,-0.1409607,-0.2941437,0.9452972,0.8216648,-0.1406708,-0.3768768,0.9155121,-25.50035,6.622055,-24.17682,3.297836,0.3150899,0.3894514,0.8882449,-0.1404724,-0.2319946,0.9625092,30.70967,7.354568,-31.73282,4.298965,0.5955921,0.3993948,0.1090785,1.248854,-0.2299787,-0.1251367,0.0246872,-0.03742685,0.8624121,-27.74763,32.79
14,-0.1409607,-0.2941437,0.9452972,0.8216648,-0.1406708,-0.3768768,0.9155121,-25.50035,6.622055,-24.17682,3.297836,0.3150899,0.3894514,0.8882449,-0.1404724,-0.2319946,0.9625092,30.70967,7.354568,-31.73282,4.298965,0.5955921,0.3993948,0.1093136,1.248865,-0.2300822,-0.1252154,0.02495495,-0.0380742,0.8624121,-27.74763,32.79
14,-0.1409607,-0.2941437,0.9452972,0.8216648,-0.1406708,-0.3768768,0.9155121,-25.50035,6.622055,-24.17682,3.297836,0.3150899,0.3894514,0.8882449,-0.1404724,-0.2319946,0.9625092,30.70967,7.354568,-31.73282,4.298965,0.5955921,0.3993948,0.1093136,1.248865,-0.2300822,-0.1252154,0.02495495,-0.0380742,0.8624121,-27.74763,32.79
14,-0.1409607,-0.2941437,0.9452972,0.8216648,-0.1406708,-0.3768768,0.9155121,-25.50035,6.622055,-24.17682,3.297836,0.3150899,0.3894514,0.8882449,-0.1404724,-0.2319946,0.9625092,30.70967,7.354568,-31.73282,4.298965,0.5955921,0.3993948,0.1093136,1.248865,-0.2300822,-0.1252154,0.02495495,-0.0380742,0.8624121,-27.74763,32.79
14,-0.1407776,-0.2875214,0.9473572,0.8279255,-0.1420288,-0.3726654,0.9170227,-25.50035,6.622055,-24.17682,3.337524,0.3152949,0.3886687,0.9073636,-0.1391754,-0.2248993,0.964386,30.70941,7.354568,-31.73282,4.298172,0.5953873,0.3980703,0.1094599,1.248819,-0.2301599,-0.1251695,0.0251684,-0.03858928,0.8624121,-27.74763,32.79
14,-0.08647156,-0.2152405,0.9727173,0.8140737,-0.04206848,-0.3244171,0.9449615,-25.26515,7.069092,-25.30956,3.444305,0.2894664,0.3732361,0.8717338,-0.08670044,-0.2146301,0.9728241,30.98584,7.493408,-31.66747,4.279907,0.5764353,0.3904649,0.1096785,1.24875,-0.2302274,-0.1252125,0.0256522,-0.03922999,0.8624121,-27.74763,32.79
14,-0.08647156,-0.2152405,0.9727173,0.8140737,-0.04206848,-0.3244171,0.9449615,-25.26515,7.069092,-25.30956,3.444305,0.2894664,0.3732361,0.8717338,-0.08670044,-0.2146301,0.9728241,30.98584,7.493408,-31.66747,4.279907,0.5764353,0.3904649,0.1096785,1.24875,-0.2302274,-0.1252125,0.0256522,-0.03922999,0.8624121,-27.74763,32.79
14,-0.0750885,-0.2254181,0.9713593,0.7418674,-0.0750885,-0.2733154,0.9589844,-24.98294,7.201157,-25.44189,4.038162,0.2855195,0.3610802,0.8698172,-0.0750885,-0.2254181,0.9713593,31.06284,7.553589,-31.63625,4.074066,0.5716645,0.3901118,0.1097819,1.248741,-0.2302957,-0.1251464,0.02593901,-0.03959277,0.8624121,-27.74763,32.79
15,-0.05821228,-0.2490845,0.9667206,0.7576545,-0.07339478,-0.2635498,0.9618378,-25.05566,7.075867,-24.74789,4.217422,0.2877185,0.3570974,0.8698562,-0.05821228,-0.2490845,0.9667206,31.06404,7.556213,-31.63455,3.946976,0.5686399,0.3944201,0.1099412,1.248675,-0.2303728,-0.1251239,0.02674427,-0.0402943,0.8624121,-27.74763,32.79
15,-0.06648254,-0.2261505,0.971817,0.7628155,-0.08320618,-0.22995,0.969635,-25.09029,7.250504,-25.92508,4.116089,0.2885672,0.3542832,0.8687663,-0.06648254,-0.2261505,0.971817,31.07196,7.556213,-31.63455,4.074188,0.5698384,0.3901118,0.1101202,1.248663,-0.2303157,-0.1252785,0.02705421,-0.04046792,0.8624121,16.63388,32.79
15,-0.06648254,-0.2261505,0.971817,0.7628155,-0.08320618,-0.22995,0.969635,-25.09029,7.250504,-25.92508,4.116089,0.2885672,0.3542832,0.8687663,-0.06648254,-0.2261505,0.971817,31.07196,7.556213,-31.63455,4.074188,0.5698384,0.3901118,0.1101202,1.248663,-0.2303157,-0.1252785,0.02705421,-0.04046792,0.8624121,16.63388,32.79
15,-0.07357788,-0.2018127,0.9766541,0.7916799,-0.06500244,-0.2403107,0.9685059,-25.09239,7.266724,-25.96394,4.045303,0.2854602,0.3556375,0.8839621,-0.07357788,-0.2018127,0.9766541,31.07558,7.555817,-31.63625,4.279968,0.5709916,0.3855602,0.1101975,1.248658,-0.2303324,-0.1254138,0.02748372,-0.04049811,0.8624121,16.63388,32.79
15,-0.0670929,-0.2104492,0.975296,0.7979208,-0.06018066,-0.2478638,0.9669189,-25.093,7.268082,-25.97601,4.011887,0.2846723,0.3570178,0.889601,-0.0670929,-0.2104492,0.975296,31.07599,7.553589,-31.63885,4.281189,0.5698384,0.3872511,0.1103679,1.248729,-0.2302933,-0.1255378,0.02806582,-0.04057493,0.8624121,16.63388,32.79
15,-0.0670929,-0.2104492,0.975296,0.7979208,-0.06018066,-0.2478638,0.9669189,-25.093,7.268082,-25.97601,4.011887,0.2846723,0.3570178,0.889601,-0.0670929,-0.2104492,0.975296,31.07599,7.553589,-31.63885,4.281189,0.5698384,0.3872511,0.1103679,1.248729,-0.2302933,-0.1255378,0.02806582,-0.04057493,0.8624121,16.63388,32.79
15,-0.06471252,-0.2177887,0.9738312,0.7991077,-0.0592041,-0.2511597,0.9661255,-25.09348,7.26741,-25.96999,3.957092,0.2845782,0.3576057,0.8921224,-0.06471252,-0.2177887,0.9738312,31.07802,7.553055,-31.6404,4.177628,0.5693359,0.3886815,0.1104617,1.248745,-0.230307,-0.1256672,0.02831926,-0.04054131,0.8624121,16.63388,32.79
15,-0.06233215,-0.2171478,0.9741364,0.8295203,-0.05882263,-0.2556305,0.9649811,-25.0943,7.26857,-25.96999,3.916885,0.2845782,0.3583914,0.8958882,-0.06233215,-0.2170868,0.9741516,31.08333,7.552292,-31.64351,4.177704,0.5687367,0.3885955,0.1105201,1.248808,-0.2303034,-0.1258347,0.02865612,-0.04073748,0.8624121,16.63388,32.79
15,-0.06134033,-0.2376556,0.9694061,0.843096,-0.05888367,-0.2565918,0.9647217,-25.0943,7.26741,-25.95708,3.952362,0.2845782,0.3584808,0.894035,-0.0639801,-0.2169647,0.9740753,31.09152,7.552292,-31.64532,4.177841,0.5687367,0.3885955,0.1106138,1.248904,-0.2303343,-0.1261954,0.0291201,-0.0413011,0.8624121,16.63388,32.79
15,-0.06118774,-0.2376556,0.9694061,0.8555031,-0.05659485,-0.2632141,0.9630737,-25.09348,7.266403,-25.9402,3.921112,0.2842187,0.3595798,0.8912123,-0.06614685,-0.2095032,0.9755554,31.10536,7.550308,-31.64586,4.28125,0.5686399,0.3872511,0.1106428,1.248933,-0.2303469,-0.1262734,0.02922023,-0.04138976,0.8624121,16.63388,32.79
15,-0.06118774,-0.2376556,0.9694061,0.8555031,-0.05659485,-0.2632141,0.9630737,-25.09348,7.266403,-25.9402,3.921112,0.2842187,0.3595798,0.8912123,-0.06614685,-0.2095032,0.9755554,31.10536,7.550308,-31.64586,4.28125,0.5686399,0.3872511,0.1106428,1.248933,-0.2303469,-0.1262734,0.02922023,-0.04138976,0.8624121,16.63388,32.79
15,-0.06376648,-0.2313995,0.9707489,0.8555031,-0.05822754,-0.2662659,0.9621277,-25.093,7.266068,-25.93021,3.934464,0.2844842,0.36007,0.8912123,-0.06869507,-0.1997986,0.977417,31.11278,7.54747,-31.64601,4.297485,0.5688334,0.3855602,0.1106428,1.248933,-0.2303469,-0.1262734,0.02922023,-0.04138976,0.8624121,16.63388,32.79
15,-0.06304932,-0.2274475,0.9717407,0.8385046,-0.05503845,-0.2676849,0.9619293,-25.09239,7.258255,-25.92957,3.910446,0.2839531,0.3605704,0.8898522,-0.06985474,-0.1925201,0.9787903,31.12511,7.540588,-31.6469,4.340256,0.5686085,0.3844516,0.1106772,1.248989,-0.2304037,-0.126469,0.02938144,-0.04112357,0.8624121,16.63388,32.79
15,-0.05908203,-0.2420197,0.9684601,0.8272567,-0.04986572,-0.2752686,0.9600677,-25.08414,7.243134,-25.83014,3.908264,0.2829406,0.3615957,0.9020888,-0.06616211,-0.2160797,0.9741211,31.13739,7.539963,-31.64952,4.299759,0.5674978,0.3888616,0.1106825,1.249064,-0.2304116,-0.12658,0.02917404,-0.04075101,0.8624121,16.63388,32.79
15,-0.05908203,-0.2420197,0.9684601,0.8272567,-0.04986572,-0.2752686,0.9600677,-25.08414,7.243134,-25.83014,3.908264,0.2829406,0.3615957,0.9020888,-0.06616211,-0.2160797,0.9741211,31.13739,7.539963,-31.64952,4.299759,0.5674978,0.3888616,0.1106825,1.249064,-0.2304116,-0.12658,0.02917404,-0.04075101,0.8624121,16.63388,32.79
15,-0.06483459,-0.2294617,0.9711456,0.834271,-0.04808044,-0.282074,0.9581757,-25.05591,7.188995,-25.60677,3.882309,0.2820889,0.362912,0.9129608,-0.06770325,-0.2203369,0.9730682,31.15399,7.534653,-31.6535,4.141052,0.5671662,0.3899398,0.1106088,1.248993,-0.2304575,-0.1266336,0.02891469,-0.04063108,0.8624121,17.19296,32.79
15,-0.06576538,-0.2200012,0.9732666,0.8274199,-0.04756165,-0.2878418,0.9564819,-25.03435,7.163803,-25.49037,3.888,0.2814905,0.3639026,0.9102751,-0.06617737,-0.2184601,0.973587,31.16905,7.525375,-31.6559,4.141052,0.5663708,0.3899398,0.1107411,1.248875,-0.2304269,-0.1265622,0.02847485,-0.04070693,0.8624121,25.86107,32.79
15,-0.06576538,-0.2200012,0.9732666,0.8274199,-0.04756165,-0.2878418,0.9564819,-25.03435,7.163803,-25.49037,3.888,0.2814905,0.3639026,0.9102751,-0.06617737,-0.2184601,0.973587,31.16905,7.525375,-31.6559,4.141052,0.5663708,0.3899398,0.1107411,1.248875,-0.2304269,-0.1265622,0.02847485,-0.04070693,0.8624121,25.86107,32.79
15,-0.06332397,-0.2212982,0.9731445,0.8328527,-0.05178833,-0.2872467,0.9564514,-25.00945,7.142868,-25.41229,3.892868,0.2814905,0.3639026,0.9076301,-0.06343079,-0.2206726,0.9732666,31.18011,7.514893,-31.65593,4.141495,0.5654956,0.3907249,0.1106668,1.248918,-0.2303802,-0.1264364,0.02787536,-0.04069905,0.8624121,25.86107,32.79
15,-0.06332397,-0.2212982,0.9731445,0.8328527,-0.05178833,-0.2872467,0.9564514,-25.00945,7.142868,-25.41229,3.892868,0.2814905,0.3639026,0.9076301,-0.06343079,-0.2206726,0.9732666,31.18011,7.514893,-31.65593,4.141495,0.5654956,0.3907249,0.1106668,1.248918,-0.2303802,-0.1264364,0.02787536,-0.04069905,0.8624121,25.86107,32.79
15,-0.06190491,-0.2192078,0.9737091,0.8555008,-0.05569458,-0.2864838,0.9564514,-24.97568,7.070969,-25.11829,3.917938,0.2814905,0.3639026,0.9171406,-0.0619812,-0.218338,0.9738922,31.19023,7.502335,-31.65593,4.142029,0.5648847,0.3907269,0.1106725,1.248946,-0.2303075,-0.126342,0.02717319,-0.04080071,0.8624121,25.86107,32.79
15,-0.06190491,-0.2192078,0.9737091,0.8555008,-0.05569458,-0.2864838,0.9564514,-24.97568,7.070969,-25.11829,3.917938,0.2814905,0.3639026,0.9171406,-0.0619812,-0.218338,0.9738922,31.19023,7.502335,-31.65593,4.142029,0.5648847,0.3907269,0.1106725,1.248946,-0.2303075,-0.126342,0.02717319,-0.04080071,0.8624121,25.86107,32.79
15,-0.05857849,-0.2191467,0.9739227,0.8343039,-0.04444885,-0.2897644,0.9560547,-24.95248,6.970291,-24.63095,3.936081,0.2796817,0.3640256,0.90512,-0.05859375,-0.2190552,0.973938,31.19394,7.502335,-31.6559,4.118134,0.5641618,0.390859,0.1106437,1.24894,-0.230346,-0.1262074,0.02661329,-0.04083923,0.8624121,25.86107,32.79
15,-0.05857849,-0.2191467,0.9739227,0.8343039,-0.04444885,-0.2897644,0.9560547,-24.95248,6.970291,-24.63095,3.936081,0.2796817,0.3640256,0.90512,-0.05859375,-0.2190552,0.973938,31.19394,7.502335,-31.6559,4.118134,0.5641618,0.390859,0.1106437,1.24894,-0.230346,-0.1262074,0.02661329,-0.04083923,0.8624121,25.86107,32.79
15,-0.05630493,-0.2227478,0.9732361,0.8594391,-0.04545593,-0.2909088,0.955658,-24.94438,6.960175,-24.5612,3.99025,0.2796817,0.3640256,0.9199607,-0.05630493,-0.2227325,0.9732361,31.19403,7.502335,-31.65431,4.169891,0.5637543,0.3915101,0.1106249,1.248973,-0.2302583,-0.125953,0.02590509,-0.04099727,0.8624121,25.86107,32.79
15,-0.05630493,-0.2227478,0.9732361,0.8594391,-0.04545593,-0.2909088,0.955658,-24.94438,6.960175,-24.5612,3.99025,0.2796817,0.3640256,0.9199607,-0.05630493,-0.2227325,0.9732361,31.19403,7.502335,-31.65431,4.169891,0.5637543,0.3915101,0.1106249,1.248973,-0.2302583,-0.125953,0.02590509,-0.04099727,0.8624121,25.86107,32.79
15,-0.05314636,-0.2254333,0.9727936,0.8718411,-0.04931641,-0.2941132,0.954483,-24.93288,6.952393,-24.49883,3.995148,0.2800457,0.3644094,0.920166,-0.05316162,-0.225296,0.9728241,31.19403,7.505554,-31.65427,4.118668,0.5632014,0.3918821,0.1107236,1.248949,-0.2302002,-0.1261928,0.02511358,-0.04111088,0.8624121,25.86107,32.79
15,-0.05314636,-0.2254333,0.9727936,0.8718411,-0.04931641,-0.2941132,0.954483,-24.93288,6.952393,-24.49883,3.995148,0.2800457,0.3644094,0.920166,-0.05316162,-0.225296,0.9728241,31.19403,7.505554,-31.65427,4.118668,0.5632014,0.3918821,0.1107236,1.248949,-0.2302002,-0.1261928,0.02511358,-0.04111088,0.8624121,25.86107,32.79
15,-0.05140686,-0.2430115,0.9686584,0.8425849,-0.04542542,-0.3015442,0.9523621,-24.92159,6.943787,-24.42751,3.94812,0.2791694,0.365465,0.8935611,-0.05303955,-0.2264404,0.9725647,31.19348,7.511368,-31.65355,4.115768,0.5632014,0.3918821,0.1108702,1.248982,-0.2301096,-0.1262777,0.02457103,-0.04172663,0.8624121,25.86107,32.79
15,-0.05140686,-0.2430115,0.9686584,0.8425849,-0.04542542,-0.3015442,0.9523621,-24.92159,6.943787,-24.42751,3.94812,0.2791694,0.365465,0.8935611,-0.05303955,-0.2264404,0.9725647,31.19348,7.511368,-31.65355,4.115768,0.5632014,0.3918821,0.1108702,1.248982,-0.2301096,-0.1262777,0.02457103,-0.04172663,0.8624121,25.86107,32.79
15,-0.05030823,-0.2498322,0.9669647,0.8544852,-0.04521179,-0.3063507,0.9508362,-24.92137,6.939957,-24.40492,3.947311,0.2791694,0.366285,0.9229915,-0.0524292,-0.2255402,0.9728088,31.19202,7.51297,-31.65355,4.118515,0.5631481,0.391657,0.1109701,1.248963,-0.230074,-0.1263911,0.02404196,-0.04242466,0.8624121,25.86107,32.79
15,-0.05030823,-0.2498322,0.9669647,0.8544852,-0.04521179,-0.3063507,0.9508362,-24.92137,6.939957,-24.40492,3.947311,0.2791694,0.366285,0.9229915,-0.0524292,-0.2255402,0.9728088,31.19202,7.51297,-31.65355,4.118515,0.5631481,0.391657,0.1109701,1.248963,-0.230074,-0.1263911,0.02404196,-0.04242466,0.8624121,27.26468,32.79
15,-0.04925537,-0.2560425,0.9653931,0.8503168,-0.05093384,-0.3092651,0.9496002,-24.92137,6.937378,-24.36972,3.915375,0.2801986,0.3666749,0.9207275,-0.04833984,-0.2280884,0.9724274,31.19049,7.519562,-31.65364,4.115875,0.562488,0.3918821,0.1110636,1.248996,-0.2300386,-0.1265881,0.02342064,-0.04262003,0.8624121,18.06959,32.79
15,-0.04925537,-0.2560425,0.9653931,0.8503168,-0.05093384,-0.3092651,0.9496002,-24.92137,6.937378,-24.36972,3.915375,0.2801986,0.3666749,0.9207275,-0.04833984,-0.2280884,0.9724274,31.19049,7.519562,-31.65364,4.115875,0.562488,0.3918821,0.1110636,1.248996,-0.2300386,-0.1265881,0.02342064,-0.04262003,0.8624121,18.06959,32.79
15,-0.05171204,-0.2584991,0.9646149,0.8428746,-0.05664063,-0.3023224,0.9515076,-24.92064,6.934799,-24.35884,3.952286,0.2811244,0.365465,0.9143888,-0.04832458,-0.2285767,0.9723206,31.19049,7.52243,-31.65424,4.115829,0.562488,0.3918821,0.1111656,1.249003,-0.2300431,-0.1267477,0.02279187,-0.04276,0.8624121,18.06959,32.79
15,-0.05171204,-0.2584991,0.9646149,0.8428746,-0.05664063,-0.3023224,0.9515076,-24.92064,6.934799,-24.35884,3.952286,0.2811244,0.365465,0.9143888,-0.04832458,-0.2285767,0.9723206,31.19049,7.52243,-31.65424,4.115829,0.562488,0.3918821,0.1111656,1.249003,-0.2300431,-0.1267477,0.02279187,-0.04276,0.8624121,18.06959,32.79
15,-0.04878235,-0.2615967,0.9639282,0.8418041,-0.05136108,-0.3018036,0.9519806,-24.91873,6.932526,-24.35033,3.950546,0.2801986,0.3653432,0.9220482,-0.04690552,-0.232666,0.9714203,31.19049,7.52243,-31.65463,4.115799,0.5622352,0.392641,0.1112961,1.249037,-0.2299876,-0.1269361,0.02248448,-0.04325718,0.8624121,18.06959,32.79
15,-0.04878235,-0.2615967,0.9639282,0.8418041,-0.05136108,-0.3018036,0.9519806,-24.91873,6.932526,-24.35033,3.950546,0.2801986,0.3653432,0.9220482,-0.04690552,-0.232666,0.9714203,31.19049,7.52243,-31.65463,4.115799,0.5622352,0.392641,0.1112961,1.249037,-0.2299876,-0.1269361,0.02248448,-0.04325718,0.8624121,18.06959,32.79
15,-0.05204773,-0.2628174,0.9634247,0.8499234,-0.05728149,-0.3016052,0.9517059,-24.91811,6.931,-24.34749,4.007996,0.2811244,0.3653432,0.9095045,-0.04772949,-0.2309875,0.9717712,31.19168,7.52243,-31.65488,4.116623,0.5623387,0.3923357,0.1114979,1.249069,-0.2299038,-0.1271473,0.02226872,-0.04372998,0.8624121,18.06959,32.79
15,-0.05204773,-0.2628174,0.9634247,0.8499234,-0.05728149,-0.3016052,0.9517059,-24.91811,6.931,-24.34749,4.007996,0.2811244,0.3653432,0.9095045,-0.04772949,-0.2309875,0.9717712,31.19168,7.52243,-31.65488,4.116623,0.5623387,0.3923357,0.1114979,1.249069,-0.2299038,-0.1271473,0.02226872,-0.04372998,0.8624121,18.06959,32.79
15,-0.05899048,-0.2644501,0.9625854,0.8262631,-0.07110596,-0.3005829,0.9510956,-24.91566,6.929459,-24.34749,4.077972,0.2832782,0.365286,0.9081283,-0.04736328,-0.2296295,0.9721069,31.18991,7.514786,-31.65488,4.15773,0.5623387,0.3923357,0.1116457,1.249047,-0.2298445,-0.1271255,0.0222627,-0.04391733,0.8624121,18.06959,32.79
15,-0.05899048,-0.2644501,0.9625854,0.8262631,-0.07110596,-0.3005829,0.9510956,-24.91566,6.929459,-24.34749,4.077972,0.2832782,0.365286,0.9081283,-0.04736328,-0.2296295,0.9721069,31.18991,7.514786,-31.65488,4.15773,0.5623387,0.3923357,0.1116457,1.249047,-0.2298445,-0.1271255,0.0222627,-0.04391733,0.8624121,18.06959,32.79
15,-0.05584717,-0.2600098,0.963974,0.8650994,-0.06614685,-0.3009338,0.9513397,-24.91541,6.92717,-24.34749,4.011108,0.282501,0.3654135,0.9183602,-0.0473938,-0.2263336,0.9728851,31.19284,7.512283,-31.65488,4.186523,0.5622469,0.3917968,0.1118423,1.249022,-0.2298501,-0.126921,0.02213852,-0.04409916,0.8624121,18.06959,32.79
15,-0.05584717,-0.2600098,0.963974,0.8650994,-0.06614685,-0.3009338,0.9513397,-24.91541,6.92717,-24.34749,4.011108,0.282501,0.3654135,0.9183602,-0.0473938,-0.2263336,0.9728851,31.19284,7.512283,-31.65488,4.186523,0.5622469,0.3917968,0.1118423,1.249022,-0.2298501,-0.126921,0.02213852,-0.04409916,0.8624121,18.06959,32.79
15,-0.05541992,-0.2606201,0.9638367,0.8507119,-0.06488037,-0.3030243,0.9507599,-24.91486,6.921829,-24.34933,4.00827,0.282275,0.3659773,0.8952118,-0.04766846,-0.2258759,0.9729767,31.19574,7.509033,-31.6507,4.186691,0.5621889,0.3917968,0.1119667,1.24902,-0.2298496,-0.1268803,0.02243439,-0.04440776,0.8624121,18.06959,32.79
15,-0.05541992,-0.2606201,0.9638367,0.8507119,-0.06488037,-0.3030243,0.9507599,-24.91486,6.921829,-24.34933,4.00827,0.282275,0.3659773,0.8952118,-0.04766846,-0.2258759,0.9729767,31.19574,7.509033,-31.6507,4.186691,0.5621889,0.3917968,0.1119667,1.24902,-0.2298496,-0.1268803,0.02243439,-0.04440776,0.8624121,18.06959,32.79
15,-0.05500793,-0.2583771,0.9644623,0.8598719,-0.06503296,-0.3037109,0.950531,-24.91138,6.910812,-24.35928,4.008041,0.2821681,0.3665383,0.9107288,-0.04679871,-0.2211761,0.9741058,31.19832,7.486938,-31.64926,4.186707,0.5619444,0.3916967,0.1122056,1.248985,-0.2298404,-0.1269564,0.02260807,-0.04465455,0.8624121,18.06959,32.79
15,-0.05500793,-0.2583771,0.9644623,0.8598719,-0.06503296,-0.3037109,0.950531,-24.91138,6.910812,-24.35928,4.008041,0.2821681,0.3665383,0.9107288,-0.04679871,-0.2211761,0.9741058,31.19832,7.486938,-31.64926,4.186707,0.5619444,0.3916967,0.1122056,1.248985,-0.2298404,-0.1269564,0.02260807,-0.04465455,0.8624121,18.06959,32.79
15,-0.05625916,-0.255722,0.9651031,0.8722761,-0.06706238,-0.3027954,0.9506836,-24.90361,6.909256,-24.36092,4.008575,0.2822407,0.3664494,0.9087209,-0.04718018,-0.2161255,0.9752197,31.20033,7.480881,-31.64734,4.19693,0.5619444,0.3909495,0.1124271,1.248972,-0.2298134,-0.126813,0.0229622,-0.04491325,0.8624121,-6.955019,32.79
15,-0.05625916,-0.255722,0.9651031,0.8722761,-0.06706238,-0.3027954,0.9506836,-24.90361,6.909256,-24.36092,4.008575,0.2822407,0.3664494,0.9087209,-0.04718018,-0.2161255,0.9752197,31.20033,7.480881,-31.64734,4.19693,0.5619444,0.3909495,0.1124271,1.248972,-0.2298134,-0.126813,0.0229622,-0.04491325,0.8624121,-6.955019,32.79
15,-0.05516052,-0.2610016,0.9637451,0.8719968,-0.06758118,-0.3034515,0.9504395,-24.8988,6.909256,-24.36845,3.991333,0.2821681,0.3666315,0.9178712,-0.04322815,-0.2201385,0.9745026,31.20763,7.480682,-31.6467,4.187271,0.5609938,0.3916967,0.1126245,1.248985,-0.2297986,-0.1267938,0.02327961,-0.04490645,0.8329504,-6.955019,32.79
15,-0.05516052,-0.2610016,0.9637451,0.8719968,-0.06758118,-0.3034515,0.9504395,-24.8988,6.909256,-24.36845,3.991333,0.2821681,0.3666315,0.9178712,-0.04322815,-0.2201385,0.9745026,31.20763,7.480682,-31.6467,4.187271,0.5609938,0.3916967,0.1126245,1.248985,-0.2297986,-0.1267938,0.02327961,-0.04490645,0.8329504,-6.955019,32.79
15,-0.05024719,-0.2444153,0.9683533,0.8768309,-0.0532074,-0.2742615,0.9601746,-25.00711,6.907043,-24.6069,4.03125,0.2830841,0.363374,0.9129208,-0.04896545,-0.2317047,0.9715424,31.10858,7.462769,-31.65768,4.050034,0.5654674,0.3946333,0.1127528,1.248959,-0.2298195,-0.1268006,0.0235143,-0.04481128,0.8329504,-6.955019,32.79
15,-0.05024719,-0.2444153,0.9683533,0.8768309,-0.0532074,-0.2742615,0.9601746,-25.00711,6.907043,-24.6069,4.03125,0.2830841,0.363374,0.9129208,-0.04896545,-0.2317047,0.9715424,31.10858,7.462769,-31.65768,4.050034,0.5654674,0.3946333,0.1127528,1.248959,-0.2298195,-0.1268006,0.0235143,-0.04481128,0.8329504,-6.955019,32.79
15,-0.1243286,-0.2633057,0.956665,0.8277186,-0.1256561,-0.2908173,0.9484863,-25.27893,6.891357,-24.68091,4.073517,0.3040511,0.3682165,0.9216939,-0.1241913,-0.260788,0.9573669,30.80966,7.472733,-31.6786,4.044449,0.5891576,0.4001491,0.1128192,1.248968,-0.2298344,-0.1268434,0.02358043,-0.04478483,0.8329504,-6.955019,32.79
15,-0.1243286,-0.2633057,0.956665,0.8277186,-0.1256561,-0.2908173,0.9484863,-25.27893,6.891357,-24.68091,4.073517,0.3040511,0.3682165,0.9216939,-0.1241913,-0.260788,0.9573669,30.80966,7.472733,-31.6786,4.044449,0.5891576,0.4001491,0.1128192,1.248968,-0.2298344,-0.1268434,0.02358043,-0.04478483,0.8329504,-6.955019,32.79
15,-0.1319733,-0.2392578,0.9619293,0.8236113,-0.1558685,-0.3646851,0.917984,-25.37872,6.888016,-24.73953,3.568314,0.3125866,0.3827805,0.90365,-0.1311493,-0.2351074,0.9630737,30.68983,7.498077,-31.6777,4.349045,0.5946665,0.3943065,0.1129032,1.248989,-0.2298551,-0.1269922,0.02387154,-0.04468207,0.8329504,-6.955019,32.79
15,-0.1390533,-0.2298126,0.9632416,0.8166425,-0.1358337,-0.3434143,0.9292908,-25.3811,6.875885,-24.7207,3.638306,0.3093745,0.3789099,0.8935851,-0.1392059,-0.2213593,0.9651947,30.72029,7.484756,-31.68816,4.376831,0.5950247,0.3923451,0.1129245,1.249008,-0.2298518,-0.1270233,0.02395814,-0.04454613,0.8329504,-6.955019,32.79
15,-0.1390533,-0.2298126,0.9632416,0.8166425,-0.1358337,-0.3434143,0.9292908,-25.3811,6.875885,-24.7207,3.638306,0.3093745,0.3789099,0.8935851,-0.1392059,-0.2213593,0.9651947,30.72029,7.484756,-31.68816,4.376831,0.5950247,0.3923451,0.1129245,1.249008,-0.2298518,-0.1270233,0.02395814,-0.04454613,0.8329504,-6.955019,32.79
15,-0.1383057,-0.2563934,0.9566193,0.8503171,-0.1353302,-0.3433075,0.9294128,-25.38495,6.875595,-24.72144,3.638031,0.3094179,0.3789099,0.9058798,-0.1392212,-0.2194824,0.9656219,30.72656,7.481491,-31.68849,4.378311,0.5948057,0.3921235,0.1129183,1.249014,-0.2298989,-0.1272213,0.02398208,-0.04453058,0.8329504,-6.955019,32.79
15,-0.1377258,-0.276123,0.9511871,0.8778242,-0.1351624,-0.3430634,0.9295197,-25.38495,6.875,-24.72203,3.603058,0.3094179,0.3789099,0.8989092,-0.139389,-0.2179108,0.9659576,30.7332,7.481491,-31.68849,4.391785,0.594601,0.3918267,0.1129075,1.249088,-0.2299259,-0.1273557,0.02410974,-0.0445921,0.8329504,-6.955019,32.79
15,-0.1377258,-0.276123,0.9511871,0.8778242,-0.1351624,-0.3430634,0.9295197,-25.38495,6.875,-24.72203,3.603058,0.3094179,0.3789099,0.8989092,-0.139389,-0.2179108,0.9659576,30.7332,7.481491,-31.68849,4.391785,0.594601,0.3918267,0.1129075,1.249088,-0.2299259,-0.1273557,0.02410974,-0.0445921,0.8329504,-6.955019,32.79
15,-0.1373138,-0.2705841,0.9528503,0.8660846,-0.1337128,-0.3355408,0.9324799,-25.38034,6.873947,-24.72252,3.618271,0.3090276,0.3775651,0.9136637,-0.139801,-0.2161102,0.9662933,30.74782,7.483749,-31.68811,4.423004,0.5941584,0.3914016,0.112981,1.24917,-0.2299461,-0.1277918,0.02399109,-0.04480795,0.8329504,-10.67551,32.79
15,-0.1362305,-0.268158,0.9536743,0.8660846,-0.1318054,-0.3321075,0.9339752,-25.37958,6.873734,-24.7224,3.634064,0.3086808,0.376916,0.9136637,-0.1394806,-0.213562,0.9669037,30.74994,7.483932,-31.68629,4.445831,0.594028,0.3908908,0.1129954,1.249202,-0.229959,-0.1279798,0.02397555,-0.04502856,0.8329504,-10.67551,32.79
15,-0.1362305,-0.268158,0.9536743,0.8660846,-0.1318054,-0.3321075,0.9339752,-25.37958,6.873734,-24.7224,3.634064,0.3086808,0.376916,0.9136637,-0.1394806,-0.213562,0.9669037,30.74994,7.483932,-31.68629,4.445831,0.594028,0.3908908,0.1129954,1.249202,-0.229959,-0.1279798,0.02397555,-0.04502856,0.8329504,-10.67551,32.79
15,-0.1360474,-0.2667999,0.9540863,0.8553197,-0.1327515,-0.3319702,0.9338989,-25.37517,6.873062,-24.7224,3.644897,0.3086808,0.376916,0.9176176,-0.1382751,-0.2120667,0.9674072,30.75751,7.483932,-31.68555,4.45047,0.5935513,0.3905959,0.1130273,1.249152,-0.2299516,-0.1280955,0.02402988,-0.04508429,0.8329504,-10.67551,32.79
15,-0.1367798,-0.266861,0.9539642,0.8693545,-0.1325684,-0.3303833,0.9344788,-25.37111,6.872787,-24.7224,3.644196,0.3085181,0.3766378,0.9186074,-0.1398926,-0.2118225,0.9672394,30.76544,7.483322,-31.68657,4.450745,0.5935513,0.3905959,0.112994,1.249143,-0.2299371,-0.1281444,0.02416468,-0.04558456,0.8329504,-10.67551,32.79
15,-0.1350098,-0.2687073,0.9537048,0.8775354,-0.1285858,-0.3300629,0.9351501,-25.36533,6.872238,-24.72249,3.671738,0.3076441,0.3765353,0.9150352,-0.1404266,-0.2112274,0.9672852,30.7825,7.481583,-31.68732,4.460922,0.5930396,0.3905549,0.1129832,1.249112,-0.2299197,-0.1280438,0.02417763,-0.0460163,0.8329504,-10.67551,32.79
15,-0.1350098,-0.2687073,0.9537048,0.8775354,-0.1285858,-0.3300629,0.9351501,-25.36533,6.872238,-24.72249,3.671738,0.3076441,0.3765353,0.9150352,-0.1404266,-0.2112274,0.9672852,30.7825,7.481583,-31.68732,4.460922,0.5930396,0.3905549,0.1129832,1.249112,-0.2299197,-0.1280438,0.02417763,-0.0460163,0.8329504,-10.67551,32.79
15,-0.1322327,-0.2640839,0.9553833,0.8730527,-0.1274567,-0.3193359,0.9390259,-25.35878,6.867981,-24.72249,3.793594,0.3071616,0.3746518,0.9154596,-0.136322,-0.2112427,0.967865,30.79848,7.478485,-31.68582,4.463028,0.5917517,0.3906368,0.1130265,1.249206,-0.2297871,-0.1280029,0.0242656,-0.04661376,0.8329504,-10.67551,32.79
15,-0.1298523,-0.2593384,0.9570007,0.8814544,-0.122345,-0.311142,0.9424438,-25.35561,6.867981,-24.7224,3.869156,0.3061633,0.3730931,0.9247491,-0.136261,-0.2123108,0.9676514,30.80725,7.483749,-31.68526,4.470245,0.5914264,0.3906368,0.1130164,1.249281,-0.2296858,-0.1281272,0.02440246,-0.04683143,0.8329504,-10.67551,32.79
15,-0.1298523,-0.2593384,0.9570007,0.8814544,-0.122345,-0.311142,0.9424438,-25.35561,6.867981,-24.7224,3.869156,0.3061633,0.3730931,0.9247491,-0.136261,-0.2123108,0.9676514,30.80725,7.483749,-31.68526,4.470245,0.5914264,0.3906368,0.1130164,1.249281,-0.2296858,-0.1281272,0.02440246,-0.04683143,0.8329504,-10.67551,32.79
15,-0.1304016,-0.2598419,0.9568024,0.8540297,-0.1236877,-0.3091431,0.9429321,-25.34911,6.867981,-24.72121,3.879303,0.3061633,0.3727276,0.9276478,-0.1359406,-0.2164764,0.9667664,30.81747,7.484116,-31.68526,4.46579,0.5910008,0.3914016,0.1130655,1.249343,-0.2294599,-0.1281888,0.02444578,-0.04704889,0.8329504,-10.67551,32.79
15,-0.1322021,-0.2571259,0.9572754,0.8816137,-0.1267853,-0.3034668,0.9443665,-25.33678,6.867981,-24.71996,4.009644,0.3061633,0.3716408,0.9216222,-0.1366272,-0.216629,0.9666443,30.82765,7.48436,-31.68526,4.466187,0.5907577,0.391424,0.1130856,1.249295,-0.2293646,-0.1279484,0.02451396,-0.04733213,0.8329504,-10.67551,32.79
15,-0.1322021,-0.2571259,0.9572754,0.8816137,-0.1267853,-0.3034668,0.9443665,-25.33678,6.867981,-24.71996,4.009644,0.3061633,0.3716408,0.9216222,-0.1366272,-0.216629,0.9666443,30.82765,7.48436,-31.68526,4.466187,0.5907577,0.391424,0.1130856,1.249295,-0.2293646,-0.1279484,0.02451396,-0.04733213,0.8329504,-10.67551,32.79
15,-0.1314697,-0.2529755,0.9584961,0.8755513,-0.1264343,-0.2915497,0.9481506,-25.3304,6.872314,-24.71204,4.07489,0.3058623,0.3692693,0.9243808,-0.1359253,-0.217041,0.9666443,30.83492,7.485367,-31.68146,4.494385,0.5903721,0.391424,0.1132429,1.249249,-0.2290931,-0.1272264,0.02491879,-0.04800779,0.8329504,-10.67551,32.79
15,-0.1308136,-0.2530823,0.9585419,0.8835728,-0.1269073,-0.2880249,0.949173,-25.32954,6.897263,-24.70433,4.144028,0.3058623,0.3677135,0.9255355,-0.1344299,-0.2189026,0.9664307,30.83664,7.494003,-31.6779,4.500732,0.5900458,0.391424,0.1133037,1.249166,-0.2290092,-0.1270081,0.02518438,-0.04841562,0.8329504,-10.67551,32.79
15,-0.1308136,-0.2530823,0.9585419,0.8835728,-0.1269073,-0.2880249,0.949173,-25.32954,6.897263,-24.70433,4.144028,0.3058623,0.3677135,0.9255355,-0.1344299,-0.2189026,0.9664307,30.83664,7.494003,-31.6779,4.500732,0.5900458,0.391424,0.1133037,1.249166,-0.2290092,-0.1270081,0.02518438,-0.04841562,0.8329504,-10.67551,32.79
15,-0.1312103,-0.2511444,0.9589996,0.8572395,-0.1318207,-0.2886353,0.9483032,-25.32773,6.90303,-24.70335,4.177017,0.306581,0.367662,0.9002543,-0.1304169,-0.2146606,0.967926,30.83688,7.498047,-31.67656,4.499695,0.5893462,0.3904605,0.1133671,1.249095,-0.2288716,-0.126458,0.02534569,-0.04869688,0.8329504,-10.67551,32.79
15,-0.1319427,-0.2542114,0.9580994,0.8785168,-0.135498,-0.2886047,0.9477997,-25.32707,6.903229,-24.70277,4.267273,0.307085,0.367622,0.9217381,-0.1283417,-0.2205505,0.9668884,30.83867,7.501373,-31.67619,4.500565,0.5889086,0.391424,0.113593,1.248922,-0.2285967,-0.1255292,0.02562139,-0.04936141,0.8329504,9.98838,32.79
15,-0.1319427,-0.2542114,0.9580994,0.8785168,-0.135498,-0.2886047,0.9477997,-25.32707,6.903229,-24.70277,4.267273,0.307085,0.367622,0.9217381,-0.1283417,-0.2205505,0.9668884,30.83867,7.501373,-31.67619,4.500565,0.5889086,0.391424,0.113593,1.248922,-0.2285967,-0.1255292,0.02562139,-0.04936141,0.8329504,9.98838,32.79
15,-0.130722,-0.2501373,0.9593353,0.8769411,-0.1357574,-0.2861633,0.9485016,-25.32567,6.907883,-24.70082,4.266785,0.307085,0.3670247,0.9158523,-0.1255646,-0.2141876,0.9686737,30.83911,7.504105,-31.67381,4.501495,0.5884197,0.390107,0.1137514,1.248846,-0.2284681,-0.1251125,0.02572036,-0.0496274,0.8329504,9.98838,32.79
15,-0.1285553,-0.2512207,0.9593506,0.8914619,-0.132843,-0.2850037,0.9492645,-25.32472,6.909225,-24.70029,4.261368,0.306581,0.3667409,0.9180681,-0.123764,-0.2143555,0.9688721,30.84122,7.504395,-31.67259,4.501511,0.58803,0.390107,0.1140491,1.248737,-0.2280893,-0.1251642,0.02612048,-0.05029904,0.8329504,9.98838,32.79
15,-0.1285553,-0.2512207,0.9593506,0.8914619,-0.132843,-0.2850037,0.9492645,-25.32472,6.909225,-24.70029,4.261368,0.306581,0.3667409,0.9180681,-0.123764,-0.2143555,0.9688721,30.84122,7.504395,-31.67259,4.501511,0.58803,0.390107,0.1140491,1.248737,-0.2280893,-0.1251642,0.02612048,-0.05029904,0.8329504,9.98838,32.79
15,-0.1285553,-0.2512207,0.9593506,0.8914619,-0.132843,-0.2850037,0.9492645,-25.32472,6.909225,-24.70029,4.261368,0.306581,0.3667409,0.9180681,-0.123764,-0.2143555,0.9688721,30.84122,7.504395,-31.67259,4.501511,0.58803,0.390107,0.1143361,1.248225,-0.2278159,-0.1232591,0.02615725,-0.05103765,0.8329504,9.98838,32.79
15,-0.1285553,-0.2512207,0.9593506,0.8914619,-0.132843,-0.2850037,0.9492645,-25.32472,6.909225,-24.70029,4.261368,0.306581,0.3667409,0.9180681,-0.123764,-0.2143555,0.9688721,30.84122,7.504395,-31.67259,4.501511,0.58803,0.390107,0.1143361,1.248225,-0.2278159,-0.1232591,0.02615725,-0.05103765,0.8329504,9.98838,32.79
15,-0.1285553,-0.2512207,0.9593506,0.8914619,-0.132843,-0.2850037,0.9492645,-25.32472,6.909225,-24.70029,4.261368,0.306581,0.3667409,0.9180681,-0.123764,-0.2143555,0.9688721,30.84122,7.504395,-31.67259,4.501511,0.58803,0.390107,0.1146883,1.248163,-0.2273898,-0.1228402,0.02632052,-0.05208799,0.8329504,9.98838,32.79
15,-0.1285553,-0.2512207,0.9593506,0.8914619,-0.132843,-0.2850037,0.9492645,-25.32472,6.909225,-24.70029,4.261368,0.306581,0.3667409,0.9180681,-0.123764,-0.2143555,0.9688721,30.84122,7.504395,-31.67259,4.501511,0.58803,0.390107,0.1146883,1.248163,-0.2273898,-0.1228402,0.02632052,-0.05208799,0.8329504,9.98838,32.79
15,-0.1149902,-0.276413,0.9541168,0.8958987,-0.1422729,-0.2905426,0.9462128,-25.24763,6.98732,-24.6796,4.118134,0.305664,0.3650722,0.9272027,-0.0826416,-0.2593842,0.9622192,30.89279,7.546783,-31.64227,3.895462,0.5789465,0.3968418,0.1146883,1.248163,-0.2273898,-0.1228402,0.02632052,-0.05208799,0.8329504,9.98838,32.79
15,-0.11409,-0.2730408,0.9552002,0.8958987,-0.1139832,-0.3241119,0.9391174,-25.23848,6.993011,-24.67665,3.967545,0.3007755,0.3706441,0.9272027,-0.1137848,-0.2116852,0.9706879,30.89725,7.553635,-31.64621,4.408417,0.5843077,0.3876315,0.114948,1.248068,-0.2269851,-0.1220894,0.02642082,-0.05314505,0.8329504,9.98838,32.79
15,-0.11409,-0.2730408,0.9552002,0.8958987,-0.1139832,-0.3241119,0.9391174,-25.23848,6.993011,-24.67665,3.967545,0.3007755,0.3706441,0.9272027,-0.1137848,-0.2116852,0.9706879,30.89725,7.553635,-31.64621,4.408417,0.5843077,0.3876315,0.114948,1.248068,-0.2269851,-0.1220894,0.02642082,-0.05314505,0.8329504,9.98838,32.79
16,-0.11409,-0.2730408,0.9552002,0.8958987,-0.1139832,-0.3241119,0.9391174,-25.23848,6.993011,-24.67665,3.967545,0.3007755,0.3706441,0.9272027,-0.1137848,-0.2116852,0.9706879,30.89725,7.553635,-31.64621,4.408417,0.5843077,0.3876315,0.1153302,1.247744,-0.2266945,-0.1199954,0.02687682,-0.05415012,0.8329504,9.98838,32.79
16,-0.11409,-0.2730408,0.9552002,0.8958987,-0.1139832,-0.3241119,0.9391174,-25.23848,6.993011,-24.67665,3.967545,0.3007755,0.3706441,0.9272027,-0.1137848,-0.2116852,0.9706879,30.89725,7.553635,-31.64621,4.408417,0.5843077,0.3876315,0.115765,1.247851,-0.2262816,-0.1195631,0.02756087,-0.05562148,0.8329504,9.98838,32.79
16,-0.1200867,-0.2642365,0.9569397,0.8958987,-0.1370239,-0.2960205,0.9452972,-25.1913,7.062531,-24.66042,4.110931,0.3029051,0.3632815,0.9272027,-0.09906006,-0.2246552,0.9693756,30.97568,7.635895,-31.61322,4.220749,0.5789467,0.386856,0.1162939,1.247929,-0.2259184,-0.1190072,0.02838653,-0.05656244,0.8329504,7.072258,32.79
16,-0.1200867,-0.2642365,0.9569397,0.8958987,-0.1370239,-0.2960205,0.9452972,-25.1913,7.062531,-24.66042,4.110931,0.3029051,0.3632815,0.9272027,-0.09906006,-0.2246552,0.9693756,30.97568,7.635895,-31.61322,4.220749,0.5789467,0.386856,0.1162939,1.247929,-0.2259184,-0.1190072,0.02838653,-0.05656244,0.8329504,7.072258,32.79
16,-0.0834198,-0.2176208,0.9724579,0.8433176,-0.04980469,-0.2443695,0.968399,-25.03363,6.998352,-24.62787,3.874802,0.2834083,0.3552052,0.9217269,-0.1028442,-0.2019043,0.9739838,31.11269,7.559021,-31.61314,4.348434,0.5747594,0.3853487,0.1167432,1.247566,-0.2256972,-0.117582,0.02949281,-0.05685372,0.8329504,7.072258,32.79
16,-0.0834198,-0.2176208,0.9724579,0.8433176,-0.04980469,-0.2443695,0.968399,-25.03363,6.998352,-24.62787,3.874802,0.2834083,0.3552052,0.9217269,-0.1028442,-0.2019043,0.9739838,31.11269,7.559021,-31.61314,4.348434,0.5747594,0.3853487,0.1167432,1.247566,-0.2256972,-0.117582,0.02949281,-0.05685372,0.8329504,7.072258,32.79
16,-0.0920105,-0.2284393,0.9691925,0.8606699,-0.0521698,-0.3083496,0.9498291,-25.02042,6.987411,-24.64026,3.56601,0.2835431,0.3672587,0.9259714,-0.1085968,-0.1941528,0.9749298,31.18871,7.526505,-31.62291,4.504105,0.5730697,0.3851304,0.1172508,1.2472,-0.22552,-0.1161291,0.03089368,-0.0573151,0.8329504,7.072258,32.79
16,-0.0920105,-0.2284393,0.9691925,0.8606699,-0.0521698,-0.3083496,0.9498291,-25.02042,6.987411,-24.64026,3.56601,0.2835431,0.3672587,0.9259714,-0.1085968,-0.1941528,0.9749298,31.18871,7.526505,-31.62291,4.504105,0.5730697,0.3851304,0.1172508,1.2472,-0.22552,-0.1161291,0.03089368,-0.0573151,0.8329504,7.072258,32.79
16,-0.08613586,-0.2598877,0.9617767,0.844069,-0.05018616,-0.343277,0.9378815,-24.97816,7.015747,-24.65549,3.519882,0.2817459,0.3727089,0.9148718,-0.1016388,-0.2226715,0.969574,31.2077,7.560776,-31.61922,4.032959,0.5711729,0.3893172,0.1178591,1.247068,-0.2252561,-0.1154297,0.03293592,-0.05840015,0.8329504,7.072258,32.79
16,-0.08613586,-0.2598877,0.9617767,0.844069,-0.05018616,-0.343277,0.9378815,-24.97816,7.015747,-24.65549,3.519882,0.2817459,0.3727089,0.9148718,-0.1016388,-0.2226715,0.969574,31.2077,7.560776,-31.61922,4.032959,0.5711729,0.3893172,0.1178591,1.247068,-0.2252561,-0.1154297,0.03293592,-0.05840015,0.8329504,7.072258,32.79
16,-0.06439209,-0.2545929,0.9648895,0.8445857,-0.05322266,-0.2850037,0.9570313,-24.95537,7.097,-24.61517,3.838272,0.2813133,0.3589702,0.9229674,-0.07185364,-0.2340088,0.9695587,31.2182,7.639603,-31.59695,3.980225,0.5655979,0.3883518,0.1186532,1.246854,-0.2249738,-0.114662,0.03589739,-0.05924273,0.8329504,7.072258,32.79
16,-0.06439209,-0.2545929,0.9648895,0.8445857,-0.05322266,-0.2850037,0.9570313,-24.95537,7.097,-24.61517,3.838272,0.2813133,0.3589702,0.9229674,-0.07185364,-0.2340088,0.9695587,31.2182,7.639603,-31.59695,3.980225,0.5655979,0.3883518,0.1186532,1.246854,-0.2249738,-0.114662,0.03589739,-0.05924273,0.8329504,7.072258,32.79
16,-0.08782959,-0.230072,0.9691925,0.8317196,-0.1005707,-0.2698059,0.9576416,-25.02116,7.119034,-24.62411,4.514908,0.2908221,0.3556698,0.89409,-0.07881165,-0.2020416,0.9761963,31.15866,7.673218,-31.60756,4.469666,0.5689939,0.3811231,0.119556,1.246662,-0.2246964,-0.1136674,0.03911949,-0.06012716,0.8329504,7.072258,32.79
16,-0.08782959,-0.230072,0.9691925,0.8317196,-0.1005707,-0.2698059,0.9576416,-25.02116,7.119034,-24.62411,4.514908,0.2908221,0.3556698,0.89409,-0.07881165,-0.2020416,0.9761963,31.15866,7.673218,-31.60756,4.469666,0.5689939,0.3811231,0.119556,1.246662,-0.2246964,-0.1136674,0.03911949,-0.06012716,0.8329504,7.072258,32.79
16,-0.1398315,-0.2431183,0.9598541,0.8210536,-0.1388702,-0.2902374,0.9468079,-25.42703,7.178757,-24.66003,4.199615,0.3110326,0.3585598,0.9009068,-0.1403351,-0.2077484,0.9680481,30.72227,7.722504,-31.61996,4.440979,0.5952283,0.3807022,0.1205229,1.246691,-0.2244005,-0.1137521,0.0429795,-0.06088042,0.8329504,7.072258,32.79
16,-0.1398315,-0.2431183,0.9598541,0.8210536,-0.1388702,-0.2902374,0.9468079,-25.42703,7.178757,-24.66003,4.199615,0.3110326,0.3585598,0.9009068,-0.1403351,-0.2077484,0.9680481,30.72227,7.722504,-31.61996,4.440979,0.5952283,0.3807022,0.1205229,1.246691,-0.2244005,-0.1137521,0.0429795,-0.06088042,0.8329504,7.072258,32.79
16,-0.1994171,-0.2958069,0.9341888,0.7881033,-0.1738281,-0.3403625,0.9240723,-25.91495,7.268051,-24.73126,3.508698,0.3334946,0.3663415,0.8613439,-0.2552032,-0.1921082,0.9476013,30.18034,7.857025,-31.72018,4.519241,0.6352091,0.374308,0.1215473,1.246444,-0.224174,-0.1127916,0.04710127,-0.06196111,0.8329504,7.072258,32.79
16,-0.1994171,-0.2958069,0.9341888,0.7881033,-0.1738281,-0.3403625,0.9240723,-25.91495,7.268051,-24.73126,3.508698,0.3334946,0.3663415,0.8613439,-0.2552032,-0.1921082,0.9476013,30.18034,7.857025,-31.72018,4.519241,0.6352091,0.374308,0.1215473,1.246444,-0.224174,-0.1127916,0.04710127,-0.06196111,0.8329504,7.072258,32.79
16,-0.2042847,-0.2800598,0.9379883,0.8588527,-0.193985,-0.2988586,0.9343567,-25.83981,7.187744,-24.72821,3.54335,0.3343911,0.3616791,0.8502247,-0.2438507,-0.2048645,0.9479218,30.26866,7.810059,-31.71539,4.387573,0.6299343,0.3783833,0.1227264,1.246031,-0.2240297,-0.1116259,0.05164411,-0.06322523,0.8329504,-8.609077,32.79
16,-0.2042847,-0.2800598,0.9379883,0.8588527,-0.193985,-0.2988586,0.9343567,-25.83981,7.187744,-24.72821,3.54335,0.3343911,0.3616791,0.8502247,-0.2438507,-0.2048645,0.9479218,30.26866,7.810059,-31.71539,4.387573,0.6299343,0.3783833,0.1227264,1.246031,-0.2240297,-0.1116259,0.05164411,-0.06322523,0.8329504,-8.609077,32.79
16,-0.1958771,-0.2844849,0.938446,0.8156494,-0.1756744,-0.3445892,0.9221649,-25.81972,7.1698,-24.7682,3.476517,0.3306142,0.3706208,0.8635767,-0.226944,-0.1840515,0.9563446,30.31924,7.799164,-31.70714,4.518829,0.6251313,0.3746231,0.124092,1.245775,-0.2238977,-0.1110296,0.05698815,-0.06511122,0.8329504,-8.609077,32.79
16,-0.1958771,-0.2844849,0.938446,0.8156494,-0.1756744,-0.3445892,0.9221649,-25.81972,7.1698,-24.7682,3.476517,0.3306142,0.3706208,0.8635767,-0.226944,-0.1840515,0.9563446,30.31924,7.799164,-31.70714,4.518829,0.6251313,0.3746231,0.124092,1.245775,-0.2238977,-0.1110296,0.05698815,-0.06511122,0.8329504,-8.609077,32.79
16,-0.1992035,-0.2624054,0.9441681,0.8291411,-0.1805878,-0.3311615,0.9261169,-25.79294,7.168304,-24.77382,3.623856,0.3304336,0.368231,0.88329,-0.2192993,-0.1814575,0.9586182,30.38469,7.798294,-31.6852,4.580307,0.6213953,0.3739158,0.1256851,1.245303,-0.2237965,-0.1102079,0.0634458,-0.06779464,0.8329504,-8.609077,32.79
16,-0.1992035,-0.2624054,0.9441681,0.8291411,-0.1805878,-0.3311615,0.9261169,-25.79294,7.168304,-24.77382,3.623856,0.3304336,0.368231,0.88329,-0.2192993,-0.1814575,0.9586182,30.38469,7.798294,-31.6852,4.580307,0.6213953,0.3739158,0.1256851,1.245303,-0.2237965,-0.1102079,0.0634458,-0.06779464,0.8329504,-8.609077,32.79
16,-0.1925507,-0.274231,0.9421844,0.8326016,-0.1851959,-0.3302307,0.9255371,-25.75493,7.124908,-24.7923,3.572372,0.3299575,0.369704,0.8835407,-0.2011414,-0.1998138,0.9589539,30.40855,7.784241,-31.67685,4.476501,0.6172495,0.3777226,0.1277722,1.244686,-0.2237614,-0.1091188,0.07219683,-0.07172117,0.8329504,-8.609077,32.79
16,-0.1925507,-0.274231,0.9421844,0.8326016,-0.1851959,-0.3302307,0.9255371,-25.75493,7.124908,-24.7923,3.572372,0.3299575,0.369704,0.8835407,-0.2011414,-0.1998138,0.9589539,30.40855,7.784241,-31.67685,4.476501,0.6172495,0.3777226,0.1277722,1.244686,-0.2237614,-0.1091188,0.07219683,-0.07172117,0.8329504,-8.609077,32.79
16,-0.185791,-0.2846527,0.9404449,0.824522,-0.1730347,-0.3486786,0.9211121,-25.69977,7.128235,-24.73613,3.700577,0.3260202,0.372212,0.8754933,-0.2006989,-0.2016449,0.9586639,30.43561,7.762421,-31.68085,4.502411,0.6161834,0.3788846,0.1307577,1.243955,-0.2238106,-0.1074728,0.08408226,-0.07648073,0.8329504,-8.609077,32.79
16,-0.185791,-0.2846527,0.9404449,0.824522,-0.1730347,-0.3486786,0.9211121,-25.69977,7.128235,-24.73613,3.700577,0.3260202,0.372212,0.8754933,-0.2006989,-0.2016449,0.9586639,30.43561,7.762421,-31.68085,4.502411,0.6161834,0.3788846,0.1307577,1.243955,-0.2238106,-0.1074728,0.08408226,-0.07648073,0.8329504,-8.609077,32.79
16,-0.1550598,-0.2661591,0.9513702,0.8326197,-0.1472473,-0.3420715,0.9280548,-25.77281,7.025314,-24.79372,3.689636,0.3241957,0.3746777,0.8594624,-0.1601868,-0.2090759,0.9646759,30.44705,7.697464,-31.65289,4.583755,0.608532,0.3820798,0.1343092,1.243056,-0.2239869,-0.1056256,0.09889579,-0.08163702,0.8329504,-8.609077,32.79
16,-0.1550598,-0.2661591,0.9513702,0.8326197,-0.1472473,-0.3420715,0.9280548,-25.77281,7.025314,-24.79372,3.689636,0.3241957,0.3746777,0.8594624,-0.1601868,-0.2090759,0.9646759,30.44705,7.697464,-31.65289,4.583755,0.608532,0.3820798,0.1343092,1.243056,-0.2239869,-0.1056256,0.09889579,-0.08163702,0.8329504,-8.609077,32.79
16,-0.2505646,-0.2638245,0.9314423,0.8099179,-0.2153473,-0.3018036,0.9287262,-26.33214,6.915588,-24.91695,3.578857,0.3540638,0.3732595,0.820648,-0.3007202,-0.2071838,0.9309235,29.85139,7.710419,-31.84662,4.298218,0.6553696,0.3839194,0.1389147,1.241911,-0.2244208,-0.1032795,0.1185809,-0.08791817,0.8329504,-8.609077,32.79
16,-0.2505646,-0.2638245,0.9314423,0.8099179,-0.2153473,-0.3018036,0.9287262,-26.33214,6.915588,-24.91695,3.578857,0.3540638,0.3732595,0.820648,-0.3007202,-0.2071838,0.9309235,29.85139,7.710419,-31.84662,4.298218,0.6553696,0.3839194,0.1389147,1.241911,-0.2244208,-0.1032795,0.1185809,-0.08791817,0.8329504,-8.609077,32.79
16,-0.3376465,-0.2543488,0.90625,0.865082,-0.391098,-0.279953,0.8767242,-26.68025,6.937302,-25.12807,4.506836,0.3935768,0.3729975,0.8024654,-0.3015747,-0.2368622,0.9235382,29.34431,7.779724,-31.92091,4.166275,0.6740802,0.3874233,0.1441847,1.240599,-0.2251527,-0.1004102,0.1409462,-0.09421851,0.8329504,-8.609077,32.79
16,-0.3376465,-0.2543488,0.90625,0.865082,-0.391098,-0.279953,0.8767242,-26.68025,6.937302,-25.12807,4.506836,0.3935768,0.3729975,0.8024654,-0.3015747,-0.2368622,0.9235382,29.34431,7.779724,-31.92091,4.166275,0.6740802,0.3874233,0.1441847,1.240599,-0.2251527,-0.1004102,0.1409462,-0.09421851,0.8329504,-8.609077,32.79
16,-0.4217224,-0.2013702,0.8840637,0.8178773,-0.4475403,-0.2777863,0.8500061,-27.06262,7.005569,-25.27542,4.295822,0.415863,0.3730549,0.7711442,-0.4142151,-0.1805267,0.8920746,29.0508,7.829147,-32.09012,4.27562,0.7068031,0.3771858,0.1498358,1.238974,-0.2260733,-0.09696449,0.1645985,-0.09829769,0.8329504,-21.18059,32.79
16,-0.4217224,-0.2013702,0.8840637,0.8178773,-0.4475403,-0.2777863,0.8500061,-27.06262,7.005569,-25.27542,4.295822,0.415863,0.3730549,0.7711442,-0.4142151,-0.1805267,0.8920746,29.0508,7.829147,-32.09012,4.27562,0.7068031,0.3771858,0.1498358,1.238974,-0.2260733,-0.09696449,0.1645985,-0.09829769,0.8329504,-21.18059,32.79
16,-0.4121704,-0.1898651,0.8910828,0.7353876,-0.4377441,-0.2875519,0.8518677,-27.11174,7.067444,-25.24976,4.428101,0.4156528,0.3722658,0.7605432,-0.400238,-0.1490021,0.9042053,29.15738,7.824783,-32.05185,4.578918,0.7002555,0.3706475,0.1554531,1.237322,-0.2272778,-0.09321745,0.1883045,-0.1019395,0.8329504,-21.18059,32.79
16,-0.4121704,-0.1898651,0.8910828,0.7353876,-0.4377441,-0.2875519,0.8518677,-27.11174,7.067444,-25.24976,4.428101,0.4156528,0.3722658,0.7605432,-0.400238,-0.1490021,0.9042053,29.15738,7.824783,-32.05185,4.578918,0.7002555,0.3706475,0.1554531,1.237322,-0.2272778,-0.09321745,0.1883045,-0.1019395,0.8329504,-21.18059,32.79
16,-0.3867493,-0.2306366,0.892868,0.8351145,-0.4063721,-0.2502136,0.8787689,-26.67949,7.048859,-25.12622,4.456039,0.3962542,0.3643436,0.7906178,-0.3545074,-0.1987915,0.9136658,29.53265,7.798828,-31.92038,4.500656,0.677135,0.379949,0.1611774,1.235659,-0.2288334,-0.09004942,0.2120641,-0.1060354,0.8329504,-21.18059,32.79
16,-0.3867493,-0.2306366,0.892868,0.8351145,-0.4063721,-0.2502136,0.8787689,-26.67949,7.048859,-25.12622,4.456039,0.3962542,0.3643436,0.7906178,-0.3545074,-0.1987915,0.9136658,29.53265,7.798828,-31.92038,4.500656,0.677135,0.379949,0.1611774,1.235659,-0.2288334,-0.09004942,0.2120641,-0.1060354,0.8329504,-21.18059,32.79
16,-0.2757263,-0.2148285,0.9369202,0.8706251,-0.2735748,-0.2692261,0.9233856,-26.27325,7.020782,-24.92906,3.947845,0.3614289,0.3646672,0.8462487,-0.2763062,-0.1937561,0.94133,29.96513,7.800919,-31.77263,4.545593,0.6468111,0.3771276,0.1672274,1.234002,-0.2308376,-0.08749624,0.2374078,-0.1106858,0.8329504,-21.18059,32.79
16,-0.2757263,-0.2148285,0.9369202,0.8706251,-0.2735748,-0.2692261,0.9233856,-26.27325,7.020782,-24.92906,3.947845,0.3614289,0.3646672,0.8462487,-0.2763062,-0.1937561,0.94133,29.96513,7.800919,-31.77263,4.545593,0.6468111,0.3771276,0.1672274,1.234002,-0.2308376,-0.08749624,0.2374078,-0.1106858,0.8329504,-21.18059,32.79
16,-0.2236481,-0.2100677,0.9517517,0.9725389,-0.1627808,-0.2620239,0.9512177,-25.89868,7.083038,-24.80499,3.888458,0.3309167,0.3587079,0.8451779,-0.2354736,-0.1996765,0.9511414,30.30328,7.818451,-31.70372,4.445435,0.627195,0.376922,0.1702703,1.233182,-0.2320082,-0.08653107,0.2505225,-0.1129288,0.8329504,-21.18059,32.79
16,-0.2236481,-0.2100677,0.9517517,0.9725389,-0.1627808,-0.2620239,0.9512177,-25.89868,7.083038,-24.80499,3.888458,0.3309167,0.3587079,0.8451779,-0.2354736,-0.1996765,0.9511414,30.30328,7.818451,-31.70372,4.445435,0.627195,0.376922,0.1702703,1.233182,-0.2320082,-0.08653107,0.2505225,-0.1129288,0.8329504,-21.18059,32.79
16,-0.1582336,-0.1835327,0.9701843,0.8982687,-0.1132202,-0.1897583,0.9752655,-25.5723,7.083603,-24.71283,4.391663,0.3115608,0.3442733,0.8697978,-0.1670532,-0.1822662,0.9689484,30.58195,7.845734,-31.63089,4.731125,0.6050552,0.3715599,0.1767408,1.231638,-0.2345916,-0.08521312,0.2777082,-0.1174461,0.8329504,-21.18059,32.79
16,-0.1130371,-0.2422028,0.9636078,0.8712159,-0.07872009,-0.3199463,0.9441528,-25.31802,7.127426,-24.68364,3.896545,0.2976281,0.365263,0.8456888,-0.1320953,-0.1973724,0.9713745,30.83545,7.831985,-31.59311,4.519501,0.5898154,0.3745692,0.1800793,1.230772,-0.236121,-0.08479055,0.2918805,-0.1198842,0.8329504,-21.18059,32.79
16,-0.1130371,-0.2422028,0.9636078,0.8712159,-0.07872009,-0.3199463,0.9441528,-25.31802,7.127426,-24.68364,3.896545,0.2976281,0.365263,0.8456888,-0.1320953,-0.1973724,0.9713745,30.83545,7.831985,-31.59311,4.519501,0.5898154,0.3745692,0.1800793,1.230772,-0.236121,-0.08479055,0.2918805,-0.1198842,0.8329504,-21.18059,32.79
16,-0.1044617,-0.3026886,0.9473419,0.8632342,-0.1162109,-0.3943481,0.9115753,-24.96753,7.064819,-24.7747,2.898865,0.292594,0.3824337,0.8459223,-0.09091187,-0.2023773,0.9750671,31.15422,7.782349,-31.60074,4.297211,0.5712955,0.3773415,0.1868823,1.228899,-0.2395226,-0.08333067,0.3203007,-0.1240968,0.8329504,-21.18059,32.79
16,-0.07580566,-0.2431641,0.9670105,0.8251867,-0.09069824,-0.2785645,0.9561157,-24.87708,7.079742,-24.69472,4.154129,0.28452,0.3590471,0.8291031,-0.05451965,-0.1924438,0.9797821,31.26642,7.760666,-31.56126,4.488312,0.5609837,0.3757685,0.1901238,1.227757,-0.2414088,-0.08256214,0.3343838,-0.1260041,0.8329504,-21.18059,32.79
16,-0.07580566,-0.2431641,0.9670105,0.8251867,-0.09069824,-0.2785645,0.9561157,-24.87708,7.079742,-24.69472,4.154129,0.28452,0.3590471,0.8291031,-0.05451965,-0.1924438,0.9797821,31.26642,7.760666,-31.56126,4.488312,0.5609837,0.3757685,0.1901238,1.227757,-0.2414088,-0.08256214,0.3343838,-0.1260041,0.8329504,-21.18059,32.79
16,-0.05682373,-0.2595062,0.9640503,0.80286,-0.06150818,-0.2956238,0.9533081,-25.02586,7.100235,-24.70172,3.919449,0.2848826,0.3615173,0.8473508,-0.05004883,-0.2077789,0.9768829,31.13083,7.766434,-31.58025,4.354645,0.5649855,0.3786012,0.1932909,1.226727,-0.2433619,-0.08149371,0.3480056,-0.1274946,0.8329504,-21.18059,32.79
16,-0.05682373,-0.2595062,0.9640503,0.80286,-0.06150818,-0.2956238,0.9533081,-25.02586,7.100235,-24.70172,3.919449,0.2848826,0.3615173,0.8473508,-0.05004883,-0.2077789,0.9768829,31.13083,7.766434,-31.58025,4.354645,0.5649855,0.3786012,0.199206,1.224763,-0.2472653,-0.07963028,0.3734061,-0.1302848,0.8329504,-2.841614,32.79
16,-0.05682373,-0.2595062,0.9640503,0.80286,-0.06150818,-0.2956238,0.9533081,-25.02586,7.100235,-24.70172,3.919449,0.2848826,0.3615173,0.8473508,-0.05004883,-0.2077789,0.9768829,31.13083,7.766434,-31.58025,4.354645,0.5649855,0.3786012,0.2017421,1.223878,-0.2493107,-0.07854786,0.3848302,-0.1317114,0.8329504,-2.841614,32.79
16,-0.05682373,-0.2595062,0.9640503,0.80286,-0.06150818,-0.2956238,0.9533081,-25.02586,7.100235,-24.70172,3.919449,0.2848826,0.3615173,0.8473508,-0.05004883,-0.2077789,0.9768829,31.13083,7.766434,-31.58025,4.354645,0.5649855,0.3786012,0.2017421,1.223878,-0.2493107,-0.07854786,0.3848302,-0.1317114,0.8329504,-2.841614,32.79
16,-0.05682373,-0.2595062,0.9640503,0.80286,-0.06150818,-0.2956238,0.9533081,-25.02586,7.100235,-24.70172,3.919449,0.2848826,0.3615173,0.8473508,-0.05004883,-0.2077789,0.9768829,31.13083,7.766434,-31.58025,4.354645,0.5649855,0.3786012,0.206416,1.222216,-0.2530451,-0.0767033,0.4051518,-0.1342787,0.8329504,-2.841614,32.79
16,-0.05682373,-0.2595062,0.9640503,0.80286,-0.06150818,-0.2956238,0.9533081,-25.02586,7.100235,-24.70172,3.919449,0.2848826,0.3615173,0.8473508,-0.05004883,-0.2077789,0.9768829,31.13083,7.766434,-31.58025,4.354645,0.5649855,0.3786012,0.206416,1.222216,-0.2530451,-0.0767033,0.4051518,-0.1342787,0.8329504,-2.841614,32.79
16,-0.2385712,-0.1969147,0.950943,0.8235526,-0.1928253,-0.2068481,0.9591827,-25.25954,7.435028,-24.6183,4.168121,0.3143817,0.3353873,0.8247645,-0.2937012,-0.1842041,0.937973,30.7207,8.083633,-31.6225,3.84462,0.6230119,0.3648158,0.2086099,1.22152,-0.2547378,-0.07575288,0.4141063,-0.135063,0.8329504,-2.841614,32.79
16,-0.1353149,-0.2044525,0.9694672,0.9052784,-0.1197815,-0.2339478,0.9648285,-24.83929,7.473953,-24.57059,3.674667,0.2885244,0.3374373,0.9094455,-0.1880341,-0.1002502,0.9770203,31.09566,8.027298,-31.53224,4.806656,0.5906841,0.3492512,0.2121692,1.220397,-0.2578092,-0.07401811,0.4280355,-0.1351555,0.8329504,-2.841614,32.79
16,-0.1353149,-0.2044525,0.9694672,0.9052784,-0.1197815,-0.2339478,0.9648285,-24.83929,7.473953,-24.57059,3.674667,0.2885244,0.3374373,0.9094455,-0.1880341,-0.1002502,0.9770203,31.09566,8.027298,-31.53224,4.806656,0.5906841,0.3492512,0.2121692,1.220397,-0.2578092,-0.07401811,0.4280355,-0.1351555,0.8329504,-2.841614,32.79
16,-0.1420288,-0.1494446,0.9785004,0.9619492,-0.1318512,-0.1869812,0.973465,-24.53487,7.533798,-24.52863,4.463638,0.2793821,0.3260731,0.9447315,-0.1593628,-0.08305359,0.9837036,31.42111,7.992523,-31.56393,4.866241,0.5740944,0.3475674,0.2136598,1.219858,-0.2591558,-0.07333226,0.4330297,-0.134992,0.8329504,-2.841614,32.79
16,-0.1420288,-0.1494446,0.9785004,0.9619492,-0.1318512,-0.1869812,0.973465,-24.53487,7.533798,-24.52863,4.463638,0.2793821,0.3260731,0.9447315,-0.1593628,-0.08305359,0.9837036,31.42111,7.992523,-31.56393,4.866241,0.5740944,0.3475674,0.2162825,1.219058,-0.2612528,-0.0728011,0.4404395,-0.1355139,0.8329504,-2.841614,32.79
16,-0.1420288,-0.1494446,0.9785004,0.9619492,-0.1318512,-0.1869812,0.973465,-24.53487,7.533798,-24.52863,4.463638,0.2793821,0.3260731,0.9447315,-0.1593628,-0.08305359,0.9837036,31.42111,7.992523,-31.56393,4.866241,0.5740944,0.3475674,0.2174232,1.218873,-0.2619709,-0.07288119,0.4426228,-0.1361738,0.8329504,-2.841614,32.79
16,-0.1420288,-0.1494446,0.9785004,0.9619492,-0.1318512,-0.1869812,0.973465,-24.53487,7.533798,-24.52863,4.463638,0.2793821,0.3260731,0.9447315,-0.1593628,-0.08305359,0.9837036,31.42111,7.992523,-31.56393,4.866241,0.5740944,0.3475674,0.2174232,1.218873,-0.2619709,-0.07288119,0.4426228,-0.1361738,0.8329504,-2.841614,32.79
16,-0.1420288,-0.1494446,0.9785004,0.9619492,-0.1318512,-0.1869812,0.973465,-24.53487,7.533798,-24.52863,4.463638,0.2793821,0.3260731,0.9447315,-0.1593628,-0.08305359,0.9837036,31.42111,7.992523,-31.56393,4.866241,0.5740944,0.3475674,0.2191612,1.218187,-0.2636447,-0.07322592,0.445605,-0.1369137,0.8329504,-2.841614,32.79
16,-0.139679,-0.1422272,0.9799194,0.9847785,-0.1398926,-0.1425781,0.9798431,-24.18697,7.503555,-24.46283,4.76561,0.2684816,0.3181805,0.9500783,-0.1143036,-0.102005,0.9881897,31.66435,7.75293,-30.54153,4.848007,0.5568156,0.350926,0.2200222,1.218094,-0.2640584,-0.07326873,0.445757,-0.1370843,0.8329504,-2.841614,32.79
16,-0.139679,-0.1422272,0.9799194,0.9847785,-0.1398926,-0.1425781,0.9798431,-24.18697,7.503555,-24.46283,4.76561,0.2684816,0.3181805,0.9500783,-0.1143036,-0.102005,0.9881897,31.66435,7.75293,-30.54153,4.848007,0.5568156,0.350926,0.2200222,1.218094,-0.2640584,-0.07326873,0.445757,-0.1370843,0.8329504,-2.841614,32.79
16,-0.139679,-0.1422272,0.9799194,0.9847785,-0.1398926,-0.1425781,0.9798431,-24.18697,7.503555,-24.46283,4.76561,0.2684816,0.3181805,0.9500783,-0.1143036,-0.102005,0.9881897,31.66435,7.75293,-30.54153,4.848007,0.5568156,0.350926,0.2209541,1.217943,-0.2644179,-0.07398246,0.4420709,-0.1377511,0.8329504,-2.841614,32.79
16,-0.139679,-0.1422272,0.9799194,0.9847785,-0.1398926,-0.1425781,0.9798431,-24.18697,7.503555,-24.46283,4.76561,0.2684816,0.3181805,0.9500783,-0.1143036,-0.102005,0.9881897,31.66435,7.75293,-30.54153,4.848007,0.5568156,0.350926,0.2209541,1.217943,-0.2644179,-0.07398246,0.4420709,-0.1377511,0.8329504,-2.841614,32.79
16,-0.139679,-0.1422272,0.9799194,0.9847785,-0.1398926,-0.1425781,0.9798431,-24.18697,7.503555,-24.46283,4.76561,0.2684816,0.3181805,0.9500783,-0.1143036,-0.102005,0.9881897,31.66435,7.75293,-30.54153,4.848007,0.5568156,0.350926,0.2213751,1.217955,-0.2643774,-0.07427494,0.4394078,-0.1383952,0.8329504,-2.841614,32.79
16,-0.139679,-0.1422272,0.9799194,0.9847785,-0.1398926,-0.1425781,0.9798431,-24.18697,7.503555,-24.46283,4.76561,0.2684816,0.3181805,0.9500783,-0.1143036,-0.102005,0.9881897,31.66435,7.75293,-30.54153,4.848007,0.5568156,0.350926,0.2216014,1.217908,-0.2638147,-0.07446949,0.4310133,-0.1396833,0.8329504,3.329025,32.79
16,-0.139679,-0.1422272,0.9799194,0.9847785,-0.1398926,-0.1425781,0.9798431,-24.18697,7.503555,-24.46283,4.76561,0.2684816,0.3181805,0.9500783,-0.1143036,-0.102005,0.9881897,31.66435,7.75293,-30.54153,4.848007,0.5568156,0.350926,0.2216014,1.217908,-0.2638147,-0.07446949,0.4310133,-0.1396833,0.8329504,3.329025,32.79
16,-0.1054688,-0.1930389,0.9754944,1.0,-0.1055145,-0.1931458,0.9754639,-23.53595,7.443008,-24.53094,4.088135,0.2408707,0.3285834,1.0,-0.06311035,-0.09346008,0.9936066,32.31116,7.902252,-31.79768,4.732285,0.5258172,0.3544505,0.2209226,1.218043,-0.2626902,-0.07468309,0.4187213,-0.141027,0.8329504,3.329025,32.79
16,-0.1029205,-0.1937256,0.9756317,1.0,-0.102951,-0.1938477,0.9756012,-23.54803,7.44371,-24.519,4.088074,0.2408707,0.3285834,1.0,-0.0692749,-0.07969666,0.9944,32.25919,7.821884,-31.4597,4.867798,0.5285828,0.3520128,0.220015,1.21808,-0.2620916,-0.07500523,0.4108889,-0.1417764,0.8329504,3.329025,32.79
16,-0.1029205,-0.1937256,0.9756317,1.0,-0.102951,-0.1938477,0.9756012,-23.54803,7.44371,-24.519,4.088074,0.2408707,0.3285834,1.0,-0.0692749,-0.07969666,0.9944,32.25919,7.821884,-31.4597,4.867798,0.5285828,0.3520128,0.220015,1.21808,-0.2620916,-0.07500523,0.4108889,-0.1417764,0.8329504,3.329025,32.79
16,-0.1087494,-0.192688,0.9752045,1.0,-0.1087799,-0.1927948,0.975174,-23.55334,7.455795,-24.50316,4.240585,0.2418827,0.3278491,1.0,-0.08467102,-0.08766174,0.9925385,32.20914,7.764877,-31.18546,4.863434,0.5328692,0.3532424,0.2184023,1.218804,-0.2599856,-0.07603335,0.3927198,-0.1423035,0.8329504,3.329025,32.79
16,-0.1087494,-0.192688,0.9752045,1.0,-0.1087799,-0.1927948,0.975174,-23.55334,7.455795,-24.50316,4.240585,0.2418827,0.3278491,1.0,-0.08467102,-0.08766174,0.9925385,32.20914,7.764877,-31.18546,4.863434,0.5328692,0.3532424,0.2174184,1.219263,-0.2588264,-0.07677243,0.3827859,-0.141955,0.8329504,3.329025,32.79
16,-0.1087494,-0.192688,0.9752045,1.0,-0.1087799,-0.1927948,0.975174,-23.55334,7.455795,-24.50316,4.240585,0.2418827,0.3278491,1.0,-0.08467102,-0.08766174,0.9925385,32.20914,7.764877,-31.18546,4.863434,0.5328692,0.3532424,0.2174184,1.219263,-0.2588264,-0.07677243,0.3827859,-0.141955,0.8329504,3.329025,32.79
16,-0.1087494,-0.192688,0.9752045,1.0,-0.1087799,-0.1927948,0.975174,-23.55334,7.455795,-24.50316,4.240585,0.2418827,0.3278491,1.0,-0.08467102,-0.08766174,0.9925385,32.20914,7.764877,-31.18546,4.863434,0.5328692,0.3532424,0.214663,1.220475,-0.2562977,-0.07882822,0.3596237,-0.1401686,0.8329504,3.329025,32.79
16,-0.1087494,-0.192688,0.9752045,1.0,-0.1087799,-0.1927948,0.975174,-23.55334,7.455795,-24.50316,4.240585,0.2418827,0.3278491,1.0,-0.08467102,-0.08766174,0.9925385,32.20914,7.764877,-31.18546,4.863434,0.5328692,0.3532424,0.212999,1.221166,-0.2548529,-0.0801831,0.3466724,-0.1395663,0.8329504,3.329025,32.79
16,-0.1087494,-0.192688,0.9752045,1.0,-0.1087799,-0.1927948,0.975174,-23.55334,7.455795,-24.50316,4.240585,0.2418827,0.3278491,1.0,-0.08467102,-0.08766174,0.9925385,32.20914,7.764877,-31.18546,4.863434,0.5328692,0.3532424,0.212999,1.221166,-0.2548529,-0.0801831,0.3466724,-0.1395663,0.8329504,3.329025,32.79
16,-0.05606079,-0.2700653,0.9611969,1.0,-0.056427,-0.2722931,0.960556,-23.17192,7.445648,-24.5248,3.598984,0.2203745,0.3418764,1.0,-0.02931213,-0.1072845,0.9937897,32.4816,7.740433,-31.92995,4.822357,0.5138962,0.3639277,0.211387,1.22192,-0.2533911,-0.08162589,0.3338905,-0.1393865,0.8329504,1.700806,32.79
16,0.007507324,-0.1441498,0.9895172,0.9485446,0.0,0.0,0.0,-22.71808,7.229446,-24.64604,-1.0,0.1965306,0.3323905,0.9720454,0.007507324,-0.1441498,0.9895172,32.84998,7.481964,-31.63222,4.619492,0.4943767,0.3771813,0.2098615,1.225053,-0.2487592,-0.08344889,0.3076952,-0.138947,0.8329504,1.700806,32.79
16,0.007507324,-0.1441498,0.9895172,0.9485446,0.0,0.0,0.0,-22.71808,7.229446,-24.64604,-1.0,0.1965306,0.3323905,0.9720454,0.007507324,-0.1441498,0.9895172,32.84998,7.481964,-31.63222,4.619492,0.4943767,0.3771813,0.2098615,1.225053,-0.2487592,-0.08344889,0.3076952,-0.138947,0.8329504,1.700806,32.79
16,-0.01150513,-0.2484741,0.9685669,0.8976276,-0.02151489,-0.2532806,0.9671478,-21.81897,7.139053,-24.69647,4.401306,0.163434,0.3459529,0.9938213,0.1173706,-0.1837921,0.9759216,33.28513,7.275726,-31.67935,4.404373,0.4599379,0.3921826,0.2054569,1.226304,-0.2459013,-0.08510289,0.2794567,-0.1370395,0.8329504,1.700806,32.79
16,0.1585236,-0.2176666,0.9630585,0.8547306,0.1197052,-0.2485657,0.9611816,-21.68298,7.026779,-24.88318,4.732391,0.1305672,0.3479906,0.9806928,0.1727142,-0.2061615,0.96315,33.50549,7.203766,-31.74875,4.416687,0.4425032,0.3996046,0.2054569,1.226304,-0.2459013,-0.08510289,0.2794567,-0.1370395,0.8329504,1.700806,32.79
16,0.1585236,-0.2176666,0.9630585,0.8547306,0.1197052,-0.2485657,0.9611816,-21.68298,7.026779,-24.88318,4.732391,0.1305672,0.3479906,0.9806928,0.1727142,-0.2061615,0.96315,33.50549,7.203766,-31.74875,4.416687,0.4425032,0.3996046,0.2054569,1.226304,-0.2459013,-0.08510289,0.2794567,-0.1370395,0.8329504,1.700806,32.79
16,0.1937866,-0.2124176,0.9577637,0.8321423,0.1268005,-0.2615356,0.9568176,-21.50948,7.034042,-24.91315,5.046448,0.1214318,0.3491995,0.9772914,0.2036285,-0.2050018,0.9573364,33.50073,7.194427,-31.78491,4.621658,0.4373305,0.4001627,0.2011118,1.227932,-0.2432096,-0.08725184,0.2506176,-0.135071,0.8329504,1.700806,32.79
16,0.1226959,-0.2017365,0.9717102,0.8185098,0.01899719,-0.2332764,0.9722137,-21.69366,6.995834,-24.78006,4.643021,0.1504771,0.3467048,0.9971148,0.1521606,-0.1922607,0.9694672,33.20639,7.209793,-31.71799,4.586288,0.4567114,0.3965437,0.1965002,1.229473,-0.2408537,-0.08996797,0.2237345,-0.1329609,0.8329504,1.700806,32.79
17,0.1007996,-0.2037048,0.9738159,0.8185098,0.03179932,-0.2159729,0.9758759,-22.08318,7.051392,-24.69475,4.73848,0.162782,0.3417489,0.9971148,0.1205444,-0.1999969,0.9723358,33.08075,7.204468,-31.69591,4.559799,0.4666268,0.3978864,0.1917938,1.23075,-0.2387871,-0.09229711,0.1984881,-0.1301118,0.8329504,1.700806,32.79
17,0.1007996,-0.2037048,0.9738159,0.8185098,0.03179932,-0.2159729,0.9758759,-22.08318,7.051392,-24.69475,4.73848,0.162782,0.3417489,0.9971148,0.1205444,-0.1999969,0.9723358,33.08075,7.204468,-31.69591,4.559799,0.4666268,0.3978864,0.1917938,1.23075,-0.2387871,-0.09229711,0.1984881,-0.1301118,0.8329504,1.700806,32.79
17,0.03146362,-0.2284851,0.9730225,0.8252429,-0.01017761,-0.2577515,0.966156,-22.78577,6.954727,-24.70454,4.156204,0.1977544,0.3556289,0.9696258,0.04711914,-0.2173157,0.9749603,32.70757,7.17775,-31.67293,4.174286,0.4924121,0.4018873,0.1868154,1.231879,-0.2367935,-0.09413228,0.1722214,-0.1270238,0.8329504,1.700806,32.79
17,0.03146362,-0.2284851,0.9730225,0.8252429,-0.01017761,-0.2577515,0.966156,-22.78577,6.954727,-24.70454,4.156204,0.1977544,0.3556289,0.9696258,0.04711914,-0.2173157,0.9749603,32.70757,7.17775,-31.67293,4.174286,0.4924121,0.4018873,0.1868154,1.231879,-0.2367935,-0.09413228,0.1722214,-0.1270238,0.8329504,1.700806,32.79
17,-0.01441956,-0.216095,0.9762573,0.8051258,-0.07575989,-0.2333832,0.9694214,-22.88791,6.971298,-24.61528,4.460632,0.2126397,0.3506982,0.9406135,0.001754761,-0.21138,0.9773865,32.48621,7.203369,-31.65103,4.172089,0.5080626,0.3997542,0.1816814,1.233046,-0.235022,-0.09625715,0.1460029,-0.1242277,0.8329504,1.700806,32.79
17,-0.01441956,-0.216095,0.9762573,0.8051258,-0.07575989,-0.2333832,0.9694214,-22.88791,6.971298,-24.61528,4.460632,0.2126397,0.3506982,0.9406135,0.001754761,-0.21138,0.9773865,32.48621,7.203369,-31.65103,4.172089,0.5080626,0.3997542,0.1816814,1.233046,-0.235022,-0.09625715,0.1460029,-0.1242277,0.8329504,1.700806,32.79
17,-0.0514679,-0.2316132,0.9714355,0.7717755,-0.1103821,-0.3072815,0.9451904,-23.48863,7.017212,-24.62178,3.567963,0.2409359,0.3646234,0.9426072,-0.03369141,-0.2084656,0.9774475,32.12724,7.244431,-31.6544,4.183487,0.5268555,0.3978966,0.1768683,1.234351,-0.2333483,-0.09865502,0.1218383,-0.1208283,0.8239837,1.700806,32.79
17,-0.0514679,-0.2316132,0.9714355,0.7717755,-0.1103821,-0.3072815,0.9451904,-23.48863,7.017212,-24.62178,3.567963,0.2409359,0.3646234,0.9426072,-0.03369141,-0.2084656,0.9774475,32.12724,7.244431,-31.6544,4.183487,0.5268555,0.3978966,0.1768683,1.234351,-0.2333483,-0.09865502,0.1218383,-0.1208283,0.8239837,1.700806,32.79
17,-0.09667969,-0.2248383,0.969574,0.7028363,-0.07215881,-0.285614,0.9556122,-24.05934,7.044022,-24.65149,3.839966,0.2537907,0.3601889,0.8951512,-0.1080322,-0.1959686,0.9746246,31.71489,7.294724,-31.6685,4.44722,0.5543072,0.3941626,0.172114,1.23562,-0.2319576,-0.1016811,0.09983926,-0.1170205,0.8239837,-13.86665,32.79
17,-0.09667969,-0.2248383,0.969574,0.7028363,-0.07215881,-0.285614,0.9556122,-24.05934,7.044022,-24.65149,3.839966,0.2537907,0.3601889,0.8951512,-0.1080322,-0.1959686,0.9746246,31.71489,7.294724,-31.6685,4.44722,0.5543072,0.3941626,0.172114,1.23562,-0.2319576,-0.1016811,0.09983926,-0.1170205,0.8239837,-13.86665,32.79
17,-0.1376953,-0.2512512,0.9580688,0.7000398,-0.1318207,-0.3165283,0.9393768,-24.34167,7.156219,-24.65109,4.080368,0.2732352,0.3628114,0.899759,-0.1421356,-0.1956787,0.9703064,31.39949,7.321136,-31.69405,4.537476,0.5714054,0.3935308,0.167667,1.236783,-0.2306839,-0.1047648,0.08037902,-0.1131264,0.8239837,-13.86665,32.79
17,-0.1376953,-0.2512512,0.9580688,0.7000398,-0.1318207,-0.3165283,0.9393768,-24.34167,7.156219,-24.65109,4.080368,0.2732352,0.3628114,0.899759,-0.1421356,-0.1956787,0.9703064,31.39949,7.321136,-31.69405,4.537476,0.5714054,0.3935308,0.167667,1.236783,-0.2306839,-0.1047648,0.08037902,-0.1131264,0.8239837,-13.86665,32.79
17,-0.202301,-0.249649,0.9469604,0.6771452,-0.2275848,-0.285614,0.9309082,-24.8053,7.038834,-24.80539,4.042999,0.3048247,0.3642048,0.8869197,-0.1848907,-0.2249603,0.9566498,30.95029,7.35936,-31.75847,4.301254,0.5948797,0.3984672,0.1637557,1.237848,-0.2295367,-0.1071941,0.06425364,-0.1090602,0.8239837,-13.86665,32.79
17,-0.202301,-0.249649,0.9469604,0.6771452,-0.2275848,-0.285614,0.9309082,-24.8053,7.038834,-24.80539,4.042999,0.3048247,0.3642048,0.8869197,-0.1848907,-0.2249603,0.9566498,30.95029,7.35936,-31.75847,4.301254,0.5948797,0.3984672,0.1637557,1.237848,-0.2295367,-0.1071941,0.06425364,-0.1090602,0.8239837,-13.86665,32.79
17,-0.2198639,-0.2674408,0.9381409,0.6698348,-0.1944885,-0.3673706,0.9095001,-25.24396,7.0271,-24.84555,2.817703,0.3149784,0.3803983,0.8835643,-0.2337341,-0.2066345,0.9500732,30.5844,7.382553,-31.85251,4.276886,0.616726,0.3953618,0.1605037,1.238634,-0.2285115,-0.1090874,0.05264869,-0.105799,0.8239837,-13.86665,32.79
17,-0.2198639,-0.2674408,0.9381409,0.6698348,-0.1944885,-0.3673706,0.9095001,-25.24396,7.0271,-24.84555,2.817703,0.3149784,0.3803983,0.8835643,-0.2337341,-0.2066345,0.9500732,30.5844,7.382553,-31.85251,4.276886,0.616726,0.3953618,0.1605037,1.238634,-0.2285115,-0.1090874,0.05264869,-0.105799,0.8239837,-13.86665,32.79
17,-0.2657166,-0.2425842,0.9330139,0.683224,-0.2553711,-0.2687836,0.9287262,-25.76709,6.910568,-24.99045,4.071899,0.341438,0.3680782,0.8926545,-0.2770386,-0.2130432,0.9369354,30.15842,7.409714,-31.94606,4.282578,0.6398839,0.3966656,0.1580081,1.239055,-0.2275898,-0.1099299,0.04622211,-0.1036226,0.8239837,-13.86665,32.79
17,-0.2657166,-0.2425842,0.9330139,0.683224,-0.2553711,-0.2687836,0.9287262,-25.76709,6.910568,-24.99045,4.071899,0.341438,0.3680782,0.8926545,-0.2770386,-0.2130432,0.9369354,30.15842,7.409714,-31.94606,4.282578,0.6398839,0.3966656,0.1580081,1.239055,-0.2275898,-0.1099299,0.04622211,-0.1036226,0.8239837,-13.86665,32.79
17,-0.3005829,-0.2047577,0.9315033,0.7805861,-0.2612915,-0.2762146,0.924881,-26.04663,6.850616,-25.09343,3.344498,0.3523217,0.3727876,0.8876063,-0.3195038,-0.168457,0.9324799,29.97148,7.423157,-32.00774,4.582687,0.6545503,0.3885612,0.1561619,1.23913,-0.2266925,-0.1094565,0.04440525,-0.1006627,0.8239837,-13.86665,32.79
17,-0.3005829,-0.2047577,0.9315033,0.7805861,-0.2612915,-0.2762146,0.924881,-26.04663,6.850616,-25.09343,3.344498,0.3523217,0.3727876,0.8876063,-0.3195038,-0.168457,0.9324799,29.97148,7.423157,-32.00774,4.582687,0.6545503,0.3885612,0.1561619,1.23913,-0.2266925,-0.1094565,0.04440525,-0.1006627,0.8239837,-13.86665,32.79
17,-0.3461456,-0.1747742,0.9217377,0.7654437,-0.379837,-0.2838745,0.8804016,-26.28409,6.859497,-25.27574,4.410263,0.3785691,0.377058,0.9318618,-0.3403168,-0.1571808,0.927063,29.70389,7.411026,-32.08759,4.716675,0.6682743,0.3875435,0.1546768,1.239003,-0.2258884,-0.1088876,0.044477,-0.09748008,0.8239837,-13.86665,32.79
17,-0.3461456,-0.1747742,0.9217377,0.7654437,-0.379837,-0.2838745,0.8804016,-26.28409,6.859497,-25.27574,4.410263,0.3785691,0.377058,0.9318618,-0.3403168,-0.1571808,0.927063,29.70389,7.411026,-32.08759,4.716675,0.6682743,0.3875435,0.1546768,1.239003,-0.2258884,-0.1088876,0.044477,-0.09748008,0.8239837,-13.86665,32.79
17,-0.3481445,-0.193512,0.9172363,0.7878978,-0.368454,-0.3229065,0.8717499,-26.33086,6.847763,-25.30376,3.758072,0.3788287,0.3847958,0.9372166,-0.3451385,-0.1771393,0.9216766,29.68314,7.435242,-32.08917,4.713699,0.6698554,0.3904724,0.1533403,1.23892,-0.2251345,-0.1087461,0.0453926,-0.0946141,0.8239837,-13.86665,32.79
17,-0.3481445,-0.193512,0.9172363,0.7878978,-0.368454,-0.3229065,0.8717499,-26.33086,6.847763,-25.30376,3.758072,0.3788287,0.3847958,0.9372166,-0.3451385,-0.1771393,0.9216766,29.68314,7.435242,-32.08917,4.713699,0.6698554,0.3904724,0.1533403,1.23892,-0.2251345,-0.1087461,0.0453926,-0.0946141,0.8239837,-13.86665,32.79
17,-0.3646393,-0.2134399,0.9063416,0.8088661,-0.3894806,-0.314743,0.8655701,-26.37387,6.908295,-25.31413,3.978195,0.3835386,0.3817524,0.9680309,-0.3551483,-0.1783752,0.9176178,29.69305,7.478149,-32.0856,4.681335,0.6713799,0.3892664,0.1520591,1.238784,-0.2243829,-0.1081545,0.0465773,-0.09192657,0.8239837,-17.92538,32.79
17,-0.3646393,-0.2134399,0.9063416,0.8088661,-0.3894806,-0.314743,0.8655701,-26.37387,6.908295,-25.31413,3.978195,0.3835386,0.3817524,0.9680309,-0.3551483,-0.1783752,0.9176178,29.69305,7.478149,-32.0856,4.681335,0.6713799,0.3892664,0.1520591,1.238784,-0.2243829,-0.1081545,0.0465773,-0.09192657,0.8239837,-17.92538,32.79
17,-0.3730164,-0.2276611,0.8994446,0.822625,-0.3945465,-0.2942657,0.8704681,-26.33528,6.910019,-25.29433,4.194092,0.3829335,0.3778286,0.9579904,-0.3548126,-0.1750641,0.9183807,29.69489,7.483902,-32.08514,4.772263,0.6712542,0.3883755,0.1507105,1.238598,-0.2236847,-0.1070813,0.04822875,-0.08907722,0.8239837,-17.92538,32.79
17,-0.3730164,-0.2276611,0.8994446,0.822625,-0.3945465,-0.2942657,0.8704681,-26.33528,6.910019,-25.29433,4.194092,0.3829335,0.3778286,0.9579904,-0.3548126,-0.1750641,0.9183807,29.69489,7.483902,-32.08514,4.772263,0.6712542,0.3883755,0.1507105,1.238598,-0.2236847,-0.1070813,0.04822875,-0.08907722,0.8239837,-17.92538,32.79
17,-0.3779907,-0.2301636,0.8967285,0.8201165,-0.3950806,-0.2994385,0.868454,-26.33275,6.910904,-25.30516,4.151184,0.3829657,0.3788444,0.9671725,-0.361618,-0.1698761,0.9167023,29.76042,7.484512,-32.07631,4.780975,0.6701186,0.3874375,0.1494449,1.238603,-0.2228971,-0.1064939,0.05006372,-0.0871435,0.8239837,-17.92538,32.79
17,-0.3779907,-0.2301636,0.8967285,0.8201165,-0.3950806,-0.2994385,0.868454,-26.33275,6.910904,-25.30516,4.151184,0.3829657,0.3788444,0.9671725,-0.361618,-0.1698761,0.9167023,29.76042,7.484512,-32.07631,4.780975,0.6701186,0.3874375,0.1494449,1.238603,-0.2228971,-0.1064939,0.05006372,-0.0871435,0.8239837,-17.92538,32.79
17,-0.3802948,-0.2337799,0.8948212,0.8577439,-0.3968964,-0.3059235,0.8653717,-26.32347,6.923691,-25.30611,4.141861,0.3829496,0.3796351,0.9781991,-0.3628845,-0.1660614,0.9169006,29.82614,7.525772,-32.05682,4.880966,0.667948,0.3850526,0.1484019,1.238553,-0.2220849,-0.1055574,0.05198376,-0.08567275,0.8239837,-17.92538,32.79
17,-0.3802948,-0.2337799,0.8948212,0.8577439,-0.3968964,-0.3059235,0.8653717,-26.32347,6.923691,-25.30611,4.141861,0.3829496,0.3796351,0.9781991,-0.3628845,-0.1660614,0.9169006,29.82614,7.525772,-32.05682,4.880966,0.667948,0.3850526,0.1484019,1.238553,-0.2220849,-0.1055574,0.05198376,-0.08567275,0.8239837,-17.92538,32.79
17,-0.375061,-0.2351074,0.8966827,1.0,-0.3995056,-0.3097229,0.8628082,-26.3107,6.944489,-25.30333,4.132401,0.3829657,0.3796678,1.0,-0.3455048,-0.1523895,0.9259491,29.8244,7.507904,-32.04276,5.030838,0.664811,0.3827119,0.1473956,1.238407,-0.2213214,-0.1039965,0.05444938,-0.08355247,0.8239837,-17.92538,32.79
17,-0.375061,-0.2351074,0.8966827,1.0,-0.3995056,-0.3097229,0.8628082,-26.3107,6.944489,-25.30333,4.132401,0.3829657,0.3796678,1.0,-0.3455048,-0.1523895,0.9259491,29.8244,7.507904,-32.04276,5.030838,0.664811,0.3827119,0.1473956,1.238407,-0.2213214,-0.1039965,0.05444938,-0.08355247,0.8239837,-17.92538,32.79
17,-0.3575134,-0.2236786,0.9067078,1.0,-0.383667,-0.2611694,0.8857574,-26.20404,6.978928,-25.23146,4.448975,0.3765996,0.3687001,1.0,-0.3319397,-0.1877289,0.9244232,29.95869,7.471588,-32.01451,4.49231,0.6572909,0.390657,0.1462969,1.238068,-0.2204707,-0.1020738,0.05644191,-0.08018301,0.8239837,-17.92538,32.79
17,-0.3575134,-0.2236786,0.9067078,1.0,-0.383667,-0.2611694,0.8857574,-26.20404,6.978928,-25.23146,4.448975,0.3765996,0.3687001,1.0,-0.3319397,-0.1877289,0.9244232,29.95869,7.471588,-32.01451,4.49231,0.6572909,0.390657,0.1462969,1.238068,-0.2204707,-0.1020738,0.05644191,-0.08018301,0.8239837,-17.92538,32.79
17,-0.1382294,-0.1987,0.9702454,0.8663505,-0.1378479,-0.334549,0.9322205,-25.09131,7.053131,-24.85521,3.557175,0.2998127,0.3722868,0.9323063,-0.1380157,-0.1752472,0.9747925,30.96175,7.50264,-31.74438,4.767181,0.5863661,0.383532,0.1449428,1.237757,-0.2197441,-0.1000718,0.05727297,-0.07670154,0.8239837,-17.92538,32.79
17,-0.1382294,-0.1987,0.9702454,0.8663505,-0.1378479,-0.334549,0.9322205,-25.09131,7.053131,-24.85521,3.557175,0.2998127,0.3722868,0.9323063,-0.1380157,-0.1752472,0.9747925,30.96175,7.50264,-31.74438,4.767181,0.5863661,0.383532,0.1449428,1.237757,-0.2197441,-0.1000718,0.05727297,-0.07670154,0.8239837,-17.92538,32.79
17,-0.01715088,-0.2116852,0.9771729,0.6986318,-0.08036804,-0.2602386,0.9621887,-23.86118,7.093292,-24.718,4.20639,0.2477456,0.3540073,0.8653024,-0.01266479,-0.2081909,0.9779968,31.89203,7.519791,-31.71817,4.389267,0.5316167,0.3885784,0.1435165,1.237669,-0.2189879,-0.09827776,0.05753929,-0.07352951,0.8239837,-3.698502,32.79
17,-0.01715088,-0.2116852,0.9771729,0.6986318,-0.08036804,-0.2602386,0.9621887,-23.86118,7.093292,-24.718,4.20639,0.2477456,0.3540073,0.8653024,-0.01266479,-0.2081909,0.9779968,31.89203,7.519791,-31.71817,4.389267,0.5316167,0.3885784,0.1435165,1.237669,-0.2189879,-0.09827776,0.05753929,-0.07352951,0.8239837,-3.698502,32.79
17,0.02096558,-0.1973267,0.9801025,0.7431448,-0.020401,-0.2146454,0.9764709,-23.51982,7.154236,-24.66687,4.728378,0.22485,0.3418527,0.8757941,0.02528381,-0.1954956,0.9803772,32.07306,7.555191,-31.67509,4.297882,0.5186571,0.3845925,0.1427764,1.237621,-0.218677,-0.0974427,0.05765106,-0.07191899,0.8239837,-3.698502,32.79
17,0.02067566,-0.2201691,0.975235,0.7552558,-0.01248169,-0.2861481,0.9580994,-23.55109,7.228455,-24.65698,4.131485,0.2254122,0.3525119,0.8931581,0.02888489,-0.203598,0.9786224,32.11559,7.582932,-31.6953,4.163391,0.5165229,0.3853225,0.1419387,1.237636,-0.2182934,-0.09668107,0.05762779,-0.07048987,0.8239837,-3.698502,32.79
17,0.02067566,-0.2201691,0.975235,0.7552558,-0.01248169,-0.2861481,0.9580994,-23.55109,7.228455,-24.65698,4.131485,0.2254122,0.3525119,0.8931581,0.02888489,-0.203598,0.9786224,32.11559,7.582932,-31.6953,4.163391,0.5165229,0.3853225,0.1419387,1.237636,-0.2182934,-0.09668107,0.05762779,-0.07048987,0.8239837,-3.698502,32.79
17,0.01229858,-0.2016449,0.9793701,0.8041905,-0.004821777,-0.2688904,0.96315,-23.55109,7.23497,-24.6487,4.21701,0.2239628,0.3489581,0.9246562,0.02037048,-0.1695099,0.9853058,32.15616,7.611893,-31.72218,4.474747,0.5166539,0.3781369,0.140227,1.23767,-0.2176804,-0.09515927,0.05697088,-0.06734344,0.8239837,-3.698502,32.79
17,0.0165863,-0.2153778,0.9763794,0.8205298,-0.008026123,-0.2676392,0.9634705,-23.5377,7.239471,-24.64365,4.234619,0.224029,0.3485389,0.9217691,0.03227234,-0.1816406,0.9828186,32.15326,7.613739,-31.72495,4.206146,0.5146476,0.3803981,0.1391202,1.237579,-0.2174486,-0.0945235,0.05640322,-0.06547488,0.8239837,-3.698502,32.79
17,0.0165863,-0.2153778,0.9763794,0.8205298,-0.008026123,-0.2676392,0.9634705,-23.5377,7.239471,-24.64365,4.234619,0.224029,0.3485389,0.9217691,0.03227234,-0.1816406,0.9828186,32.15326,7.613739,-31.72495,4.206146,0.5146476,0.3803981,0.1391202,1.237579,-0.2174486,-0.0945235,0.05640322,-0.06547488,0.8239837,-3.698502,32.79
17,0.004013062,-0.2250214,0.9743347,0.8114361,-0.01608276,-0.2710266,0.9624329,-23.5377,7.258514,-24.63959,4.239151,0.2254122,0.3485389,0.9547707,0.02618408,-0.173584,0.9844666,32.15887,7.629837,-31.73006,4.349289,0.5155365,0.3783454,0.137308,1.237664,-0.2168907,-0.09385032,0.05483186,-0.06188893,0.8239837,-3.698502,32.79
17,0.002838135,-0.2287292,0.9734802,0.8100671,-0.01547241,-0.2713776,0.9623413,-23.54245,7.269272,-24.63321,4.298889,0.2254122,0.3481307,0.9580988,0.0282135,-0.168808,0.9852295,32.12741,7.624542,-31.61491,4.352356,0.5162665,0.3766688,0.1363245,1.237718,-0.21662,-0.09346553,0.05378829,-0.05997517,0.8239837,-3.698502,32.79
17,0.002838135,-0.2287292,0.9734802,0.8100671,-0.01547241,-0.2713776,0.9623413,-23.54245,7.269272,-24.63321,4.298889,0.2254122,0.3481307,0.9580988,0.0282135,-0.168808,0.9852295,32.12741,7.624542,-31.61491,4.352356,0.5162665,0.3766688,0.1363245,1.237718,-0.21662,-0.09346553,0.05378829,-0.05997517,0.8239837,-3.698502,32.79
17,-0.001937866,-0.2328491,0.9725037,0.844192,-0.0140686,-0.2646179,0.9642334,-23.54344,7.276321,-24.62778,4.296097,0.225196,0.3466219,0.9520034,0.02368164,-0.1647491,0.9860382,32.13248,7.639801,-31.60132,4.437424,0.5168869,0.3752439,0.1353295,1.237795,-0.2163692,-0.09314629,0.05283544,-0.05824993,0.8239837,-3.698502,32.79
17,-0.007888794,-0.2288666,0.9734192,0.8465529,-0.01522827,-0.2600861,0.9654541,-23.54393,7.282669,-24.61984,4.295395,0.2254122,0.3455389,0.9667867,0.009246826,-0.1550446,0.987854,32.138,7.652466,-31.51059,4.520905,0.5191808,0.3722203,0.1331691,1.237831,-0.2159928,-0.09246309,0.05014134,-0.05451694,0.8239837,-3.698502,32.79
17,-0.00177002,-0.2279816,0.9736481,0.8465529,-0.01634216,-0.2597961,0.9655151,-23.54585,7.284531,-24.61763,4.293106,0.2256795,0.3454252,0.9667867,0.02468872,-0.1694336,0.9852295,32.13049,7.656982,-31.59879,4.431168,0.516782,0.3754717,0.1319904,1.237831,-0.2158079,-0.09203794,0.04847744,-0.05269169,0.8239837,-3.698502,32.79
17,-0.00177002,-0.2279816,0.9736481,0.8465529,-0.01634216,-0.2597961,0.9655151,-23.54585,7.284531,-24.61763,4.293106,0.2256795,0.3454252,0.9667867,0.02468872,-0.1694336,0.9852295,32.13049,7.656982,-31.59879,4.431168,0.516782,0.3754717,0.1319904,1.237831,-0.2158079,-0.09203794,0.04847744,-0.05269169,0.8239837,-3.698502,32.79
17,-0.004562378,-0.2155762,0.9764709,0.8590565,-0.01748657,-0.2576447,0.9660797,-23.54776,7.28717,-24.61436,4.292542,0.2259468,0.3449475,0.9641171,0.01605225,-0.1476135,0.9889069,32.13213,7.649429,-31.54756,4.558533,0.5182347,0.3712724,0.1306723,1.237944,-0.2156634,-0.09163108,0.0466968,-0.05081074,0.8239837,-3.698502,32.79
17,0.01750183,-0.2021027,0.9792023,0.8707702,0.0181427,-0.2559814,0.966507,-23.64929,7.304291,-24.567,3.687302,0.2240795,0.3440672,0.9830359,0.01678467,-0.1456451,0.9891815,32.12871,7.650665,-31.52861,4.619415,0.5182347,0.3706878,0.1280555,1.238131,-0.2154171,-0.09118628,0.04245766,-0.04688485,0.8239837,-0.474411,32.79
17,0.01972961,-0.1887817,0.9818115,0.8523648,0.04885864,-0.2336578,0.9710846,-23.80345,7.306793,-24.5858,4.522568,0.2232959,0.3395461,0.9669256,-0.001174927,-0.1562805,0.9877014,32.08183,7.658615,-31.45961,4.577499,0.5229474,0.3717884,0.1267602,1.238246,-0.2152922,-0.09105971,0.04024879,-0.04487906,0.8239837,-0.474411,32.79
17,0.01972961,-0.1887817,0.9818115,0.8523648,0.04885864,-0.2336578,0.9710846,-23.80345,7.306793,-24.5858,4.522568,0.2232959,0.3395461,0.9669256,-0.001174927,-0.1562805,0.9877014,32.08183,7.658615,-31.45961,4.577499,0.5229474,0.3717884,0.1267602,1.238246,-0.2152922,-0.09105971,0.04024879,-0.04487906,0.8239837,-0.474411,32.79
17,0.01405334,-0.1914063,0.9813995,0.87947,0.02558899,-0.2235718,0.97435,-23.80852,7.308578,-24.58424,4.318405,0.2276406,0.3379576,0.9731782,0.002532959,-0.1590881,0.9872589,32.05586,7.651428,-31.40007,4.512711,0.5231929,0.3720772,0.1241463,1.238442,-0.2150333,-0.09077921,0.0357491,-0.0408633,0.8239837,-0.474411,32.79
17,-0.006820679,-0.2153931,0.9764862,0.9005947,-0.00617981,-0.2409058,0.97052,-23.84752,7.343201,-24.55406,4.44812,0.2344437,0.3398919,0.9847398,-0.008285522,-0.1555481,0.9877777,31.96083,7.637024,-31.33472,4.652451,0.52839,0.3713692,0.1229326,1.238557,-0.2148555,-0.09060825,0.03333659,-0.03867067,0.8239837,-0.474411,32.79
17,-0.006820679,-0.2153931,0.9764862,0.9005947,-0.00617981,-0.2409058,0.97052,-23.84752,7.343201,-24.55406,4.44812,0.2344437,0.3398919,0.9847398,-0.008285522,-0.1555481,0.9877777,31.96083,7.637024,-31.33472,4.652451,0.52839,0.3713692,0.1229326,1.238557,-0.2148555,-0.09060825,0.03333659,-0.03867067,0.8239837,-0.474411,32.79
17,-0.02114868,-0.1995544,0.9796448,0.9181267,-0.02272034,-0.2071533,0.9780426,-23.89993,7.345032,-24.54649,4.425232,0.2390706,0.3340234,0.986656,-0.01213074,-0.155899,0.9876862,31.9017,7.629318,-31.29149,4.60228,0.531107,0.3713807,0.1200869,1.238673,-0.2146848,-0.09003354,0.02823837,-0.03452519,0.8239837,-0.474411,32.79
17,-0.004837036,-0.2171326,0.97612,0.874334,-0.002761841,-0.2280731,0.9736328,-23.92328,7.342606,-24.54167,4.276016,0.236696,0.3377776,0.9765221,-0.01528931,-0.1615906,0.9867249,31.8735,7.651596,-31.3031,4.522186,0.5326445,0.3717389,0.1187083,1.23875,-0.2146281,-0.08978767,0.02549721,-0.03261174,0.8239837,-0.474411,32.79
17,-0.00604248,-0.2215118,0.9751282,0.9020059,-0.004272461,-0.2275238,0.9737549,-24.0191,7.338562,-24.54341,4.279022,0.2403172,0.3380034,0.9745347,-0.02891541,-0.142868,0.9893036,31.79324,7.626053,-31.14647,4.660294,0.5377654,0.3679168,0.1172583,1.238775,-0.2145134,-0.08957084,0.02278632,-0.03068606,0.8239837,-0.474411,32.79
17,-0.00604248,-0.2215118,0.9751282,0.9020059,-0.004272461,-0.2275238,0.9737549,-24.0191,7.338562,-24.54341,4.279022,0.2403172,0.3380034,0.9745347,-0.02891541,-0.142868,0.9893036,31.79324,7.626053,-31.14647,4.660294,0.5377654,0.3679168,0.1172583,1.238775,-0.2145134,-0.08957084,0.02278632,-0.03068606,0.8239837,-0.474411,32.79
17,-0.01683044,-0.2093048,0.9776917,0.9020059,-0.0163269,-0.2163239,0.976181,-24.04813,7.331985,-24.5399,4.250137,0.2434121,0.3363943,0.9745347,-0.02163696,-0.1417084,0.9896698,31.76854,7.660355,-31.25456,4.677536,0.537449,0.3673657,0.1143732,1.238821,-0.2144071,-0.0888816,0.01732539,-0.02725642,0.8239837,-0.474411,32.79
17,-0.01683044,-0.2093048,0.9776917,0.9020059,-0.0163269,-0.2163239,0.976181,-24.04813,7.331985,-24.5399,4.250137,0.2434121,0.3363943,0.9745347,-0.02163696,-0.1417084,0.9896698,31.76854,7.660355,-31.25456,4.677536,0.537449,0.3673657,0.1129392,1.238895,-0.2143681,-0.08844785,0.01466979,-0.02541937,0.8239837,-0.474411,32.81
17,-0.01683044,-0.2093048,0.9776917,0.9020059,-0.0163269,-0.2163239,0.976181,-24.04813,7.331985,-24.5399,4.250137,0.2434121,0.3363943,0.9745347,-0.02163696,-0.1417084,0.9896698,31.76854,7.660355,-31.25456,4.677536,0.537449,0.3673657,0.1129392,1.238895,-0.2143681,-0.08844785,0.01466979,-0.02541937,0.8239837,-0.474411,32.81
17,-0.01683044,-0.2093048,0.9776917,0.9020059,-0.0163269,-0.2163239,0.976181,-24.04813,7.331985,-24.5399,4.250137,0.2434121,0.3363943,0.9745347,-0.02163696,-0.1417084,0.9896698,31.76854,7.660355,-31.25456,4.677536,0.537449,0.3673657,0.1101114,1.239007,-0.2141629,-0.08763646,0.009508957,-0.02206875,0.8239837,-0.474411,32.81
17,-0.01683044,-0.2093048,0.9776917,0.9020059,-0.0163269,-0.2163239,0.976181,-24.04813,7.331985,-24.5399,4.250137,0.2434121,0.3363943,0.9745347,-0.02163696,-0.1417084,0.9896698,31.76854,7.660355,-31.25456,4.677536,0.537449,0.3673657,0.1086751,1.239053,-0.2140989,-0.08729965,0.007128321,-0.02069083,0.8239837,-8.933044,32.81
17,-0.01683044,-0.2093048,0.9776917,0.9020059,-0.0163269,-0.2163239,0.976181,-24.04813,7.331985,-24.5399,4.250137,0.2434121,0.3363943,0.9745347,-0.02163696,-0.1417084,0.9896698,31.76854,7.660355,-31.25456,4.677536,0.537449,0.3673657,0.1086751,1.239053,-0.2140989,-0.08729965,0.007128321,-0.02069083,0.8239837,-8.933044,32.81
17,-0.1043396,-0.2415924,0.9647369,0.9013448,-0.1047821,-0.2439575,0.9640961,-24.54433,7.33847,-24.61183,4.10907,0.2755881,0.3433458,0.9729333,-0.08322144,-0.131134,0.987854,31.41797,7.788452,-31.66222,4.785324,0.5607789,0.3643201,0.1073744,1.23911,-0.2139939,-0.08685944,0.004914751,-0.01932686,0.8239837,-8.933044,32.81
17,-0.1219788,-0.2237701,0.9669647,0.8928699,-0.1223602,-0.2244415,0.9667664,-24.68153,7.333694,-24.64226,4.218063,0.2830575,0.3405795,0.9605905,-0.07255554,-0.1359558,0.9880524,31.23436,7.740036,-31.42851,4.682022,0.565254,0.3649236,0.1048533,1.239057,-0.2138869,-0.08574785,0.001428796,-0.01631318,0.8239837,-8.933044,32.81
17,-0.1219788,-0.2237701,0.9669647,0.8928699,-0.1223602,-0.2244415,0.9667664,-24.68153,7.333694,-24.64226,4.218063,0.2830575,0.3405795,0.9605905,-0.07255554,-0.1359558,0.9880524,31.23436,7.740036,-31.42851,4.682022,0.565254,0.3649236,0.1048533,1.239057,-0.2138869,-0.08574785,0.001428796,-0.01631318,0.8239837,-8.933044,32.81
17,-0.1108704,-0.2312164,0.9665527,0.9107413,-0.1125946,-0.2371979,0.9649048,-24.9142,7.354233,-24.66269,4.247711,0.28927,0.3424519,0.9653414,-0.08599854,-0.1455688,0.9855957,31.01501,7.76265,-31.41261,4.599808,0.5753238,0.3658044,0.1036763,1.239023,-0.2138131,-0.08517884,0.0,-0.01483041,0.8239837,-8.933044,32.81
17,-0.1108704,-0.2312164,0.9665527,0.9107413,-0.1125946,-0.2371979,0.9649048,-24.9142,7.354233,-24.66269,4.247711,0.28927,0.3424519,0.9653414,-0.08599854,-0.1455688,0.9855957,31.01501,7.76265,-31.41261,4.599808,0.5753238,0.3658044,0.1036763,1.239023,-0.2138131,-0.08517884,0.0,-0.01483041,0.8239837,-8.933044,32.81
17,-0.09817505,-0.2351685,0.96698,0.8993515,-0.09793091,-0.2425842,0.9651642,-24.93599,7.35144,-24.65706,4.041107,0.2877559,0.3434507,0.974191,-0.1002045,-0.1649628,0.9811859,30.98189,7.783524,-31.44902,4.544159,0.5789698,0.3689884,0.1013528,1.238894,-0.213657,-0.08383645,-0.002762136,-0.01147201,0.8239837,-8.933044,32.81
17,-0.1144562,-0.1918335,0.9747162,0.8993515,-0.1108856,-0.2111359,0.9711456,-25.08672,7.390656,-24.65514,4.383011,0.2946952,0.3366698,0.974191,-0.1205444,-0.1581116,0.9800262,30.8992,7.834259,-31.47368,4.614716,0.5855133,0.3661273,0.09909594,1.238907,-0.2134647,-0.08313642,-0.004827568,-0.008697028,0.8239837,-8.933044,32.81
17,-0.1144562,-0.1918335,0.9747162,0.8993515,-0.1108856,-0.2111359,0.9711456,-25.08672,7.390656,-24.65514,4.383011,0.2946952,0.3366698,0.974191,-0.1205444,-0.1581116,0.9800262,30.8992,7.834259,-31.47368,4.614716,0.5855133,0.3661273,0.09909594,1.238907,-0.2134647,-0.08313642,-0.004827568,-0.008697028,0.8239837,-8.933044,32.81
17,-0.1272583,-0.1731262,0.9766388,0.919216,-0.1333313,-0.2032166,0.9700012,-25.13113,7.402603,-24.67349,4.565277,0.2997265,0.3352156,0.9782189,-0.1222992,-0.1489563,0.9812469,30.85777,7.852722,-31.46663,4.755646,0.5873182,0.3636394,0.09702897,1.238891,-0.2132486,-0.08260923,-0.006326493,-0.006291064,0.8239837,-8.933044,32.81
17,-0.131897,-0.147644,0.9801941,0.9375805,-0.1468811,-0.1507111,0.9776001,-25.22697,7.429184,-24.68948,4.799835,0.3049363,0.3254137,0.9893466,-0.1215973,-0.1455231,0.981842,30.7935,7.868393,-31.46118,4.560638,0.5894911,0.3624577,0.09507215,1.238721,-0.2131033,-0.08196192,-0.007212486,-0.00353161,0.8239837,-8.933044,32.81
17,-0.131897,-0.147644,0.9801941,0.9375805,-0.1468811,-0.1507111,0.9776001,-25.22697,7.429184,-24.68948,4.799835,0.3049363,0.3254137,0.9893466,-0.1215973,-0.1455231,0.981842,30.7935,7.868393,-31.46118,4.560638,0.5894911,0.3624577,0.09507215,1.238721,-0.2131033,-0.08196192,-0.007212486,-0.00353161,0.8239837,-8.933044,32.81
17,-0.1230164,-0.2000732,0.9720154,0.9570196,-0.1131134,-0.2541504,0.9605103,-25.27869,7.429398,-24.67795,3.876328,0.3019663,0.3436709,0.9958271,-0.1303711,-0.15802,0.9787903,30.73601,7.833832,-31.49329,4.533722,0.5930504,0.3663082,0.09312427,1.238675,-0.2130389,-0.08115235,-0.008182355,-0.0007623289,0.8239837,-8.933044,32.81
17,-0.1230164,-0.2000732,0.9720154,0.9570196,-0.1131134,-0.2541504,0.9605103,-25.27869,7.429398,-24.67795,3.876328,0.3019663,0.3436709,0.9958271,-0.1303711,-0.15802,0.9787903,30.73601,7.833832,-31.49329,4.533722,0.5930504,0.3663082,0.09312427,1.238675,-0.2130389,-0.08115235,-0.008182355,-0.0007623289,0.8239837,-8.933044,32.81
17,-0.1273804,-0.1980896,0.9718628,1.0,-0.1110687,-0.2688751,0.9567413,-25.29953,7.430862,-24.68246,3.84938,0.3023342,0.3462875,1.0,-0.1383209,-0.1482391,0.9792175,30.70158,7.845688,-31.49818,4.57106,0.5957049,0.3641257,0.09133399,1.23864,-0.2128515,-0.08083535,-0.008887692,0.00133163,0.8239837,-8.933044,32.81
17,-0.1273804,-0.1980896,0.9718628,1.0,-0.1110687,-0.2688751,0.9567413,-25.29953,7.430862,-24.68246,3.84938,0.3023342,0.3462875,1.0,-0.1383209,-0.1482391,0.9792175,30.70158,7.845688,-31.49818,4.57106,0.5957049,0.3641257,0.09133399,1.23864,-0.2128515,-0.08083535,-0.008887692,0.00133163,0.8239837,-8.933044,32.81
17,-0.1421051,-0.1830902,0.9727631,0.9799685,-0.1265564,-0.2641602,0.956131,-25.35132,7.437881,-24.70567,3.89566,0.3065804,0.3455736,0.9928237,-0.154007,-0.1161957,0.9812012,30.64346,7.895721,-31.50945,4.802902,0.6006681,0.3564479,0.08972585,1.238647,-0.2126453,-0.08105937,-0.008708158,0.002896438,0.8239837,-17.49411,32.81
17,-0.1421051,-0.1830902,0.9727631,0.9799685,-0.1265564,-0.2641602,0.956131,-25.35132,7.437881,-24.70567,3.89566,0.3065804,0.3455736,0.9928237,-0.154007,-0.1161957,0.9812012,30.64346,7.895721,-31.50945,4.802902,0.6006681,0.3564479,0.08972585,1.238647,-0.2126453,-0.08105937,-0.008708158,0.002896438,0.8239837,-17.49411,32.81
17,-0.1500244,-0.1736755,0.9732971,1.0,-0.147522,-0.2083435,0.9668579,-25.41605,7.441528,-24.71657,4.270462,0.3119178,0.3357599,1.0,-0.1521912,-0.1414032,0.9781799,30.5473,7.926575,-31.49191,4.68483,0.6037058,0.3598253,0.0882138,1.238666,-0.2123318,-0.08132219,-0.007717509,0.004929888,0.8239837,-17.49411,32.81
17,-0.1500244,-0.1736755,0.9732971,1.0,-0.147522,-0.2083435,0.9668579,-25.41605,7.441528,-24.71657,4.270462,0.3119178,0.3357599,1.0,-0.1521912,-0.1414032,0.9781799,30.5473,7.926575,-31.49191,4.68483,0.6037058,0.3598253,0.0882138,1.238666,-0.2123318,-0.08132219,-0.007717509,0.004929888,0.8239837,-17.49411,32.81
17,-0.160675,-0.1605988,0.9738464,1.0,-0.1685181,-0.1860199,0.9679718,-25.47868,7.463974,-24.73079,4.470413,0.3172978,0.3314243,1.0,-0.1546326,-0.1411438,0.977829,30.4861,7.898972,-31.50172,4.593536,0.6063149,0.3608888,0.08673179,1.238535,-0.2122343,-0.08093354,-0.006902102,0.008374949,0.8239837,-17.49411,32.81
17,-0.160675,-0.1605988,0.9738464,1.0,-0.1685181,-0.1860199,0.9679718,-25.47868,7.463974,-24.73079,4.470413,0.3172978,0.3314243,1.0,-0.1546326,-0.1411438,0.977829,30.4861,7.898972,-31.50172,4.593536,0.6063149,0.3608888,0.08673179,1.238535,-0.2122343,-0.08093354,-0.006902102,0.008374949,0.8239837,-17.49411,32.81
18,-0.1511078,-0.1555328,0.9761963,1.0,-0.1478119,-0.1925049,0.9700928,-25.49698,7.434402,-24.72583,4.429001,0.3145401,0.3332972,1.0,-0.1536865,-0.1248474,0.9801941,30.49103,7.876297,-31.50525,4.617157,0.6060103,0.3587187,0.08517897,1.238498,-0.2120988,-0.08048768,-0.006813011,0.01130651,0.8239837,-17.49411,32.81
18,-0.1511078,-0.1555328,0.9761963,1.0,-0.1478119,-0.1925049,0.9700928,-25.49698,7.434402,-24.72583,4.429001,0.3145401,0.3332972,1.0,-0.1536865,-0.1248474,0.9801941,30.49103,7.876297,-31.50525,4.617157,0.6060103,0.3587187,0.08517897,1.238498,-0.2120988,-0.08048768,-0.006813011,0.01130651,0.8239837,-17.49411,32.81
18,-0.1544037,-0.1738129,0.9725952,1.0,-0.1477814,-0.205246,0.9674835,-25.4994,7.434723,-24.72379,4.253479,0.3147792,0.3356052,1.0,-0.1598053,-0.1475372,0.976059,30.49507,7.884705,-31.50304,4.58287,0.606879,0.362632,0.08356392,1.238513,-0.211902,-0.08030984,-0.006750389,0.01375987,0.8239837,-17.49411,32.81
18,-0.1544037,-0.1738129,0.9725952,1.0,-0.1477814,-0.205246,0.9674835,-25.4994,7.434723,-24.72379,4.253479,0.3147792,0.3356052,1.0,-0.1598053,-0.1475372,0.976059,30.49507,7.884705,-31.50304,4.58287,0.606879,0.362632,0.08356392,1.238513,-0.211902,-0.08030984,-0.006750389,0.01375987,0.8239837,-17.49411,32.81
18,-0.156189,-0.1780701,0.9715271,1.0,-0.1460114,-0.2193146,0.9646606,-25.50179,7.440857,-24.72302,4.123428,0.314678,0.3379132,1.0,-0.16362,-0.1470184,0.9754944,30.4915,7.903473,-31.49684,4.558334,0.6076872,0.361825,0.08190572,1.238477,-0.2117382,-0.08002023,-0.007046323,0.01618893,0.8239837,-17.49411,32.81
18,-0.156189,-0.1780701,0.9715271,1.0,-0.1460114,-0.2193146,0.9646606,-25.50179,7.440857,-24.72302,4.123428,0.314678,0.3379132,1.0,-0.16362,-0.1470184,0.9754944,30.4915,7.903473,-31.49684,4.558334,0.6076872,0.361825,0.08190572,1.238477,-0.2117382,-0.08002023,-0.007046323,0.01618893,0.8239837,-17.49411,32.81
18,-0.1556396,-0.1889038,0.969574,1.0,-0.1451263,-0.240387,0.9597473,-25.50676,7.44014,-24.72313,4.127533,0.314678,0.34164,1.0,-0.1635284,-0.1483459,0.9753113,30.49103,7.910034,-31.49513,4.558273,0.6076872,0.361825,0.07993865,1.23847,-0.211557,-0.07923774,-0.008465204,0.01948657,0.8239837,-17.49411,32.81
18,-0.1556396,-0.1889038,0.969574,1.0,-0.1451263,-0.240387,0.9597473,-25.50676,7.44014,-24.72313,4.127533,0.314678,0.34164,1.0,-0.1635284,-0.1483459,0.9753113,30.49103,7.910034,-31.49513,4.558273,0.6076872,0.361825,0.07993865,1.23847,-0.211557,-0.07923774,-0.008465204,0.01948657,0.8239837,-17.49411,32.81
18,-0.1531219,-0.1906738,0.9696198,1.0,-0.1430054,-0.2351074,0.96138,-25.51628,7.436813,-24.72482,4.137939,0.3146419,0.3408124,1.0,-0.1611938,-0.1538849,0.9748383,30.47577,7.876129,-31.49577,4.506775,0.6077808,0.3640796,0.07786,1.238287,-0.2114042,-0.0781022,-0.01098836,0.02318469,0.8239837,-17.49411,32.81
18,-0.1531219,-0.1906738,0.9696198,1.0,-0.1430054,-0.2351074,0.96138,-25.51628,7.436813,-24.72482,4.137939,0.3146419,0.3408124,1.0,-0.1611938,-0.1538849,0.9748383,30.47577,7.876129,-31.49577,4.506775,0.6077808,0.3640796,0.07786,1.238287,-0.2114042,-0.0781022,-0.01098836,0.02318469,0.8239837,-17.49411,32.81
18,-0.1531219,-0.1906738,0.9696198,1.0,-0.1430054,-0.2351074,0.96138,-25.51628,7.436813,-24.72482,4.137939,0.3146419,0.3408124,1.0,-0.1611938,-0.1538849,0.9748383,30.47577,7.876129,-31.49577,4.506775,0.6077808,0.3640796,0.07786,1.238287,-0.2114042,-0.0781022,-0.01098836,0.02318469,0.8239837,-17.49411,32.81
18,-0.1699371,-0.1991272,0.9651184,1.0,-0.159317,-0.2500458,0.9550323,-25.55821,7.407867,-24.7616,3.796677,0.3190176,0.3451278,1.0,-0.1792297,-0.1520844,0.9719696,30.46269,7.871719,-31.50241,4.457321,0.6114466,0.3640796,0.07556391,1.238052,-0.211331,-0.07694478,-0.01394383,0.02701149,0.8239837,4.957031,32.81
18,-0.1625824,-0.1974945,0.9667206,1.0,-0.151001,-0.2619171,0.9532013,-25.46605,7.377731,-24.75447,3.822266,0.3145191,0.3479777,1.0,-0.1728058,-0.1361694,0.9754944,30.5291,7.812454,-31.51466,4.59874,0.6079549,0.3633195,0.07325494,1.237609,-0.211284,-0.07544272,-0.01784858,0.0314887,0.8239837,4.957031,32.81
18,-0.1625824,-0.1974945,0.9667206,1.0,-0.151001,-0.2619171,0.9532013,-25.46605,7.377731,-24.75447,3.822266,0.3145191,0.3479777,1.0,-0.1728058,-0.1361694,0.9754944,30.5291,7.812454,-31.51466,4.59874,0.6079549,0.3633195,0.07325494,1.237609,-0.211284,-0.07544272,-0.01784858,0.0314887,0.8239837,4.957031,32.81
18,-0.08221436,-0.193985,0.9775391,0.9757982,-0.08920288,-0.2052612,0.9746246,-24.91676,7.265259,-24.70387,4.404724,0.2852629,0.3397831,0.9957372,-0.07122803,-0.1762085,0.9817657,31.01781,7.659378,-31.45346,4.391968,0.5725788,0.3755125,0.07078922,1.237333,-0.211192,-0.07367922,-0.02289949,0.03634601,0.8239837,4.957031,32.81
18,-0.08221436,-0.193985,0.9775391,0.9757982,-0.08920288,-0.2052612,0.9746246,-24.91676,7.265259,-24.70387,4.404724,0.2852629,0.3397831,0.9957372,-0.07122803,-0.1762085,0.9817657,31.01781,7.659378,-31.45346,4.391968,0.5725788,0.3755125,0.07078922,1.237333,-0.211192,-0.07367922,-0.02289949,0.03634601,0.8239837,4.957031,32.81
18,-0.09085083,-0.2159424,0.972168,0.9777731,-0.097229,-0.2429504,0.9651489,-24.93394,7.256775,-24.73099,4.350708,0.2872158,0.3470583,0.9993732,-0.08091736,-0.1741028,0.9813843,31.00218,7.654739,-31.46231,4.456039,0.5748258,0.3753701,0.06816494,1.236923,-0.2111223,-0.07179675,-0.02853444,0.04051907,0.8239837,4.957031,32.81
18,-0.09085083,-0.2159424,0.972168,0.9777731,-0.097229,-0.2429504,0.9651489,-24.93394,7.256775,-24.73099,4.350708,0.2872158,0.3470583,0.9993732,-0.08091736,-0.1741028,0.9813843,31.00218,7.654739,-31.46231,4.456039,0.5748258,0.3753701,0.06816494,1.236923,-0.2111223,-0.07179675,-0.02853444,0.04051907,0.8239837,4.957031,32.81
18,-0.1014404,-0.2058868,0.9732971,1.0,-0.09872437,-0.2498169,0.9632416,-25.02724,7.25444,-24.74419,4.219833,0.2907381,0.3486536,1.0,-0.104126,-0.1579895,0.9819336,30.97401,7.681274,-31.46947,4.59726,0.579914,0.3715385,0.06559575,1.236496,-0.2110741,-0.06951838,-0.03437835,0.0441591,0.8239837,4.957031,32.81
18,-0.1014404,-0.2058868,0.9732971,1.0,-0.09872437,-0.2498169,0.9632416,-25.02724,7.25444,-24.74419,4.219833,0.2907381,0.3486536,1.0,-0.104126,-0.1579895,0.9819336,30.97401,7.681274,-31.46947,4.59726,0.579914,0.3715385,0.06559575,1.236496,-0.2110741,-0.06951838,-0.03437835,0.0441591,0.8239837,4.957031,32.81
18,-0.1255188,-0.2012329,0.9714508,1.0,-0.1286316,-0.2349854,0.9634399,-25.17863,7.255417,-24.77185,4.380402,0.3006583,0.3465995,1.0,-0.1225281,-0.1701813,0.9777527,30.87012,7.697098,-31.48691,4.479111,0.5868088,0.3734498,0.06309342,1.235926,-0.2110945,-0.06663955,-0.04000872,0.04713606,0.8239837,4.957031,32.81
18,-0.1255188,-0.2012329,0.9714508,1.0,-0.1286316,-0.2349854,0.9634399,-25.17863,7.255417,-24.77185,4.380402,0.3006583,0.3465995,1.0,-0.1225281,-0.1701813,0.9777527,30.87012,7.697098,-31.48691,4.479111,0.5868088,0.3734498,0.06309342,1.235926,-0.2110945,-0.06663955,-0.04000872,0.04713606,0.8239837,4.957031,32.81
18,-0.1235504,-0.2153625,0.9686737,0.9911546,-0.1283264,-0.2563629,0.9580078,-25.28485,7.222061,-24.78029,4.060349,0.3044796,0.3518578,0.9893842,-0.1192322,-0.1794891,0.9765015,30.71756,7.697281,-31.48204,4.484848,0.5916259,0.3750733,0.06069374,1.235227,-0.2111251,-0.06261446,-0.04529993,0.04974946,0.8239837,4.957031,32.81
18,-0.1235504,-0.2153625,0.9686737,0.9911546,-0.1283264,-0.2563629,0.9580078,-25.28485,7.222061,-24.78029,4.060349,0.3044796,0.3518578,0.9893842,-0.1192322,-0.1794891,0.9765015,30.71756,7.697281,-31.48204,4.484848,0.5916259,0.3750733,0.06069374,1.235227,-0.2111251,-0.06261446,-0.04529993,0.04974946,0.8239837,4.957031,32.81
18,-0.1040802,-0.1764374,0.9787903,1.0,0.0,0.0,0.0,-25.13774,6.962433,-24.82683,-1.0,0.2957528,0.3529297,1.0,-0.1040802,-0.1764374,0.9787903,30.84177,7.45369,-31.55147,4.640396,0.5845217,0.3837428,0.05849922,1.234125,-0.2112777,-0.05699612,-0.05035115,0.05163055,0.8239837,13.5627,32.81
18,-0.1040802,-0.1764374,0.9787903,1.0,0.0,0.0,0.0,-25.13774,6.962433,-24.82683,-1.0,0.2957528,0.3529297,1.0,-0.1040802,-0.1764374,0.9787903,30.84177,7.45369,-31.55147,4.640396,0.5845217,0.3837428,0.05849922,1.234125,-0.2112777,-0.05699612,-0.05035115,0.05163055,0.8239837,13.5627,32.81
18,-0.05381775,-0.2781525,0.9590149,0.8997623,0.0,0.0,0.0,-24.84062,6.525299,-24.99663,-1.0,0.2812628,0.3924915,0.9385849,-0.05381775,-0.2781525,0.9590149,30.9581,7.045593,-31.65215,4.308655,0.5714548,0.4179041,0.05627048,1.232759,-0.2114769,-0.04991676,-0.05548468,0.05324198,0.8239837,13.5627,32.81
18,-0.05381775,-0.2781525,0.9590149,0.8997623,0.0,0.0,0.0,-24.84062,6.525299,-24.99663,-1.0,0.2812628,0.3924915,0.9385849,-0.05381775,-0.2781525,0.9590149,30.9581,7.045593,-31.65215,4.308655,0.5714548,0.4179041,0.05627048,1.232759,-0.2114769,-0.04991676,-0.05548468,0.05324198,0.8239837,13.5627,32.81
18,-0.03669739,-0.3477478,0.9368591,0.745195,-0.01121521,-0.4640808,0.8857117,-24.761,6.233948,-25.19148,3.485443,0.2668749,0.425004,0.8212152,-0.04283142,-0.3184509,0.9469604,31.07687,6.733475,-31.75272,4.514145,0.5653314,0.4372272,0.05517042,1.231932,-0.2115794,-0.0456649,-0.0583173,0.05407301,0.8239837,13.5627,32.81
18,-0.03669739,-0.3477478,0.9368591,0.745195,-0.01121521,-0.4640808,0.8857117,-24.761,6.233948,-25.19148,3.485443,0.2668749,0.425004,0.8212152,-0.04283142,-0.3184509,0.9469604,31.07687,6.733475,-31.75272,4.514145,0.5653314,0.4372272,0.05517042,1.231932,-0.2115794,-0.0456649,-0.0583173,0.05407301,0.8239837,13.5627,32.81
18,-0.02357483,-0.3691254,0.9290771,0.7006293,-0.03347778,-0.5324097,0.8458099,-24.69135,6.410797,-25.13483,3.814743,0.2678123,0.4314579,0.7558086,-0.02160645,-0.3367462,0.94133,31.09987,6.64151,-31.80037,4.40332,0.5608624,0.4443544,0.05287874,1.230184,-0.211856,-0.03596478,-0.06433106,0.05574151,0.8239837,13.5627,32.81
18,-0.02357483,-0.3691254,0.9290771,0.7006293,-0.03347778,-0.5324097,0.8458099,-24.69135,6.410797,-25.13483,3.814743,0.2678123,0.4314579,0.7558086,-0.02160645,-0.3367462,0.94133,31.09987,6.64151,-31.80037,4.40332,0.5608624,0.4443544,0.05287874,1.230184,-0.211856,-0.03596478,-0.06433106,0.05574151,0.8239837,13.5627,32.81
18,-0.02357483,-0.3691254,0.9290771,0.7006293,-0.03347778,-0.5324097,0.8458099,-24.69135,6.410797,-25.13483,3.814743,0.2678123,0.4314579,0.7558086,-0.02160645,-0.3367462,0.94133,31.09987,6.64151,-31.80037,4.40332,0.5608624,0.4443544,0.05059683,1.228129,-0.2123173,-0.02440033,-0.07048004,0.05680258,0.8239837,13.5627,32.81
18,-0.02357483,-0.3691254,0.9290771,0.7006293,-0.03347778,-0.5324097,0.8458099,-24.69135,6.410797,-25.13483,3.814743,0.2678123,0.4314579,0.7558086,-0.02160645,-0.3367462,0.94133,31.09987,6.64151,-31.80037,4.40332,0.5608624,0.4443544,0.04949009,1.227041,-0.2125543,-0.0185004,-0.07331976,0.05716398,0.8239837,13.5627,32.81
18,-0.02357483,-0.3691254,0.9290771,0.7006293,-0.03347778,-0.5324097,0.8458099,-24.69135,6.410797,-25.13483,3.814743,0.2678123,0.4314579,0.7558086,-0.02160645,-0.3367462,0.94133,31.09987,6.64151,-31.80037,4.40332,0.5608624,0.4443544,0.04949009,1.227041,-0.2125543,-0.0185004,-0.07331976,0.05716398,0.8239837,13.5627,32.81
18,-0.02357483,-0.3691254,0.9290771,0.7006293,-0.03347778,-0.5324097,0.8458099,-24.69135,6.410797,-25.13483,3.814743,0.2678123,0.4314579,0.7558086,-0.02160645,-0.3367462,0.94133,31.09987,6.64151,-31.80037,4.40332,0.5608624,0.4443544,0.04732621,1.22462,-0.2129981,-0.006042172,-0.07905182,0.05796733,0.8239837,13.5627,32.81
18,-0.03085327,-0.3792725,0.9247589,0.7006293,0.002120972,-0.4840698,0.8750153,-24.59355,6.129257,-25.19884,3.304291,0.2589301,0.4323379,0.7558086,-0.04246521,-0.3406677,0.939209,31.14102,6.539841,-31.82285,4.365067,0.5629867,0.4489344,0.04620385,1.223475,-0.2132402,0.0001726335,-0.08231523,0.05870351,0.8239837,13.5627,32.81
18,-0.03085327,-0.3792725,0.9247589,0.7006293,0.002120972,-0.4840698,0.8750153,-24.59355,6.129257,-25.19884,3.304291,0.2589301,0.4323379,0.7558086,-0.04246521,-0.3406677,0.939209,31.14102,6.539841,-31.82285,4.365067,0.5629867,0.4489344,0.04620385,1.223475,-0.2132402,0.0001726335,-0.08231523,0.05870351,0.8239837,13.5627,32.81
18,-0.05958557,-0.3769073,0.9243164,0.4561806,0.0,0.0,0.0,-24.78223,6.096313,-25.21774,-1.0,0.2726783,0.427987,0.6621326,-0.05958557,-0.3769073,0.9243164,31.04736,6.539597,-31.85075,4.454712,0.5692713,0.4561147,0.04385865,1.221237,-0.2137061,0.01191484,-0.08917928,0.06054109,0.8239837,13.5627,32.81
18,-0.05053711,-0.3378754,0.9398193,0.5005228,0.0,0.0,0.0,-24.91078,6.139114,-25.20108,-1.0,0.2808338,0.4252593,0.6887763,-0.05053711,-0.3378754,0.9398193,31.0238,6.678589,-31.78624,4.41394,0.5685369,0.4432016,0.04267395,1.220174,-0.2139295,0.01762426,-0.09256271,0.0612906,0.8239837,13.5627,32.81
18,-0.05053711,-0.3378754,0.9398193,0.5005228,0.0,0.0,0.0,-24.91078,6.139114,-25.20108,-1.0,0.2808338,0.4252593,0.6887763,-0.05053711,-0.3378754,0.9398193,31.0238,6.678589,-31.78624,4.41394,0.5685369,0.4432016,0.04267395,1.220174,-0.2139295,0.01762426,-0.09256271,0.0612906,0.8239837,13.5627,32.81
18,-0.05519104,-0.329834,0.9424133,0.5109351,0.0,0.0,0.0,-25.0688,6.312195,-25.18265,-1.0,0.2788095,0.4258457,0.6878982,-0.05519104,-0.329834,0.9424133,30.9644,6.842682,-31.73001,4.343613,0.5714439,0.4354407,0.04033482,1.218161,-0.2142985,0.02787831,-0.09937897,0.06261827,0.8239837,20.81773,32.81
18,-0.06845093,-0.3563232,0.931839,0.5881103,-0.07565308,-0.3865967,0.9191284,-25.14143,6.394836,-25.09,4.4021,0.2902174,0.4043409,0.7099143,-0.06077576,-0.3240051,0.9440918,30.92818,6.943451,-31.69234,4.343048,0.5736919,0.4304771,0.0391289,1.217206,-0.2144547,0.03281285,-0.1027319,0.0636223,0.8239837,20.81773,32.81
18,-0.06845093,-0.3563232,0.931839,0.5881103,-0.07565308,-0.3865967,0.9191284,-25.14143,6.394836,-25.09,4.4021,0.2902174,0.4043409,0.7099143,-0.06077576,-0.3240051,0.9440918,30.92818,6.943451,-31.69234,4.343048,0.5736919,0.4304771,0.0391289,1.217206,-0.2144547,0.03281285,-0.1027319,0.0636223,0.8239837,20.81773,32.81
18,-0.06771851,-0.3639069,0.9289551,0.6096913,-0.06474304,-0.4340057,0.8985748,-25.18399,6.478836,-25.08652,3.759903,0.2902061,0.4107279,0.7120193,-0.0697937,-0.3073578,0.9490204,30.90421,7.028595,-31.66071,4.355759,0.5761073,0.4240698,0.03661263,1.215389,-0.214725,0.04210276,-0.1101383,0.06575048,0.8239837,20.81773,32.81
18,-0.06771851,-0.3639069,0.9289551,0.6096913,-0.06474304,-0.4340057,0.8985748,-25.18399,6.478836,-25.08652,3.759903,0.2902061,0.4107279,0.7120193,-0.0697937,-0.3073578,0.9490204,30.90421,7.028595,-31.66071,4.355759,0.5761073,0.4240698,0.03661263,1.215389,-0.214725,0.04210276,-0.1101383,0.06575048,0.8239837,20.81773,32.81
18,-0.08229065,-0.3311157,0.9399872,0.6385706,-0.08537292,-0.3949738,0.9147034,-25.17943,6.557556,-25.03587,4.056747,0.2934181,0.4004161,0.7186653,-0.08030701,-0.2930298,0.952713,30.86507,7.095459,-31.63885,4.332031,0.5793253,0.4188735,0.03531277,1.214534,-0.214835,0.04641161,-0.1139843,0.06676622,0.8239837,20.81773,32.81
18,-0.08769226,-0.3207245,0.9430847,0.6658689,-0.07550049,-0.3832092,0.9205627,-25.20491,6.57753,-25.01593,3.859283,0.292849,0.3975386,0.719093,-0.09469604,-0.2831421,0.9543762,30.79803,7.124939,-31.63394,4.402283,0.5842114,0.4159683,0.0329411,1.212977,-0.2147885,0.05490587,-0.1212397,0.06821994,0.8239837,20.81773,32.81
18,-0.08769226,-0.3207245,0.9430847,0.6658689,-0.07550049,-0.3832092,0.9205627,-25.20491,6.57753,-25.01593,3.859283,0.292849,0.3975386,0.719093,-0.09469604,-0.2831421,0.9543762,30.79803,7.124939,-31.63394,4.402283,0.5842114,0.4159683,0.0329411,1.212977,-0.2147885,0.05490587,-0.1212397,0.06821994,0.8239837,20.81773,32.81
18,-0.08058167,-0.3327942,0.9395447,0.6505668,-0.05682373,-0.3734741,0.9258881,-25.12392,6.473022,-25.0285,4.180832,0.2868121,0.3988969,0.7131863,-0.09936523,-0.2998047,0.9488068,30.87018,7.042053,-31.66425,4.489532,0.5824422,0.4222741,0.03065777,1.211477,-0.2147934,0.06348677,-0.1277796,0.06935345,0.8239837,20.81773,32.81
18,-0.08058167,-0.3327942,0.9395447,0.6505668,-0.05682373,-0.3734741,0.9258881,-25.12392,6.473022,-25.0285,4.180832,0.2868121,0.3988969,0.7131863,-0.09936523,-0.2998047,0.9488068,30.87018,7.042053,-31.66425,4.489532,0.5824422,0.4222741,0.02960622,1.210754,-0.2148021,0.06756689,-0.1306016,0.0700908,0.8265456,20.81773,32.81
18,-0.08058167,-0.3327942,0.9395447,0.6505668,-0.05682373,-0.3734741,0.9258881,-25.12392,6.473022,-25.0285,4.180832,0.2868121,0.3988969,0.7131863,-0.09936523,-0.2998047,0.9488068,30.87018,7.042053,-31.66425,4.489532,0.5824422,0.4222741,0.02960622,1.210754,-0.2148021,0.06756689,-0.1306016,0.0700908,0.8265456,20.81773,32.81
18,-0.08058167,-0.3327942,0.9395447,0.6505668,-0.05682373,-0.3734741,0.9258881,-25.12392,6.473022,-25.0285,4.180832,0.2868121,0.3988969,0.7131863,-0.09936523,-0.2998047,0.9488068,30.87018,7.042053,-31.66425,4.489532,0.5824422,0.4222741,0.02752483,1.209413,-0.2147202,0.07515488,-0.1363792,0.07182258,0.8265456,20.81773,32.81
18,-0.08448792,-0.4334259,0.8972015,0.5972713,-0.131134,-0.5720825,0.8096313,-24.42868,6.936813,-24.97986,3.51741,0.2754275,0.4215325,0.7145194,-0.04867554,-0.3236084,0.944931,30.9586,6.870697,-31.72739,4.329391,0.5705316,0.4332408,0.02642286,1.208763,-0.2146155,0.07863233,-0.139116,0.0726347,0.8265456,20.81773,32.81
18,-0.08448792,-0.4334259,0.8972015,0.5972713,-0.131134,-0.5720825,0.8096313,-24.42868,6.936813,-24.97986,3.51741,0.2754275,0.4215325,0.7145194,-0.04867554,-0.3236084,0.944931,30.9586,6.870697,-31.72739,4.329391,0.5705316,0.4332408,0.02642286,1.208763,-0.2146155,0.07863233,-0.139116,0.0726347,0.8265456,20.81773,32.81
18,-0.04415894,-0.3726807,0.9268951,0.67449,-0.01748657,-0.5041351,0.8634338,-24.95364,6.39978,-25.12117,3.597916,0.2743457,0.4265816,0.7379299,-0.05633545,-0.3081665,0.949646,30.98552,6.893768,-31.70093,4.482178,0.570901,0.4292435,0.02469957,1.207546,-0.2144613,0.08506383,-0.1441473,0.07428498,0.8265456,10.40656,32.81
18,-0.04415894,-0.3726807,0.9268951,0.67449,-0.01748657,-0.5041351,0.8634338,-24.95364,6.39978,-25.12117,3.597916,0.2743457,0.4265816,0.7379299,-0.05633545,-0.3081665,0.949646,30.98552,6.893768,-31.70093,4.482178,0.570901,0.4292435,0.02469957,1.207546,-0.2144613,0.08506383,-0.1441473,0.07428498,0.8265456,10.40656,32.81
18,-0.03016663,-0.3565674,0.9337769,0.67449,-0.03210449,-0.4531097,0.8908691,-24.93028,6.23175,-25.21114,3.659561,0.2760312,0.4232313,0.7379299,-0.02931213,-0.3169403,0.9479828,30.99181,6.919342,-31.69534,4.481369,0.5660236,0.4298676,0.02393425,1.20693,-0.2143692,0.08826122,-0.1463103,0.07499997,0.8265456,10.40656,32.81
18,-0.045578,-0.3183441,0.9468689,0.7077897,-0.0007171631,-0.4361572,0.8998566,-25.11606,6.408493,-25.10545,3.88385,0.2771779,0.413112,0.7882095,-0.06336975,-0.2693634,0.9609375,30.94714,6.987457,-31.67706,4.618286,0.5735166,0.4184354,0.02251506,1.20555,-0.2142706,0.09442657,-0.1502305,0.07722585,0.8265456,10.40656,32.81
18,-0.045578,-0.3183441,0.9468689,0.7077897,-0.0007171631,-0.4361572,0.8998566,-25.11606,6.408493,-25.10545,3.88385,0.2771779,0.413112,0.7882095,-0.06336975,-0.2693634,0.9609375,30.94714,6.987457,-31.67706,4.618286,0.5735166,0.4184354,0.02251506,1.20555,-0.2142706,0.09442657,-0.1502305,0.07722585,0.8265456,10.40656,32.81
18,-0.06240845,-0.3133087,0.9475861,0.7329454,-0.07345581,-0.3556671,0.9317017,-25.15221,6.391983,-25.05827,4.350967,0.2903861,0.3986333,0.8071812,-0.05807495,-0.2966461,0.9532166,30.96327,6.982437,-31.6787,4.262222,0.5719947,0.4238485,0.02190673,1.204846,-0.2142253,0.09728951,-0.1522198,0.07859831,0.8265456,10.40656,32.81
18,-0.07647705,-0.2888336,0.9543152,0.7329454,-0.09121704,-0.3322906,0.9387512,-25.16734,6.427551,-25.03137,4.665985,0.2936332,0.3929774,0.8071812,-0.07208252,-0.2758636,0.9584808,30.95619,7.000107,-31.67281,4.475876,0.5746898,0.4192452,0.02078426,1.203459,-0.214227,0.1033688,-0.1562936,0.08113884,0.8265456,10.40656,32.81
18,-0.07647705,-0.2888336,0.9543152,0.7329454,-0.09121704,-0.3322906,0.9387512,-25.16734,6.427551,-25.03137,4.665985,0.2936332,0.3929774,0.8071812,-0.07208252,-0.2758636,0.9584808,30.95619,7.000107,-31.67281,4.475876,0.5746898,0.4192452,0.02078426,1.203459,-0.214227,0.1033688,-0.1562936,0.08113884,0.8265456,10.40656,32.81
18,-0.07467651,-0.2806549,0.9568939,0.7951887,-0.1035461,-0.300354,0.9481812,-25.03313,6.367279,-25.0576,4.53418,0.2912558,0.3896115,0.8136318,-0.06082153,-0.2710876,0.9606171,30.9117,7.042236,-31.67351,4.539001,0.5743401,0.4168238,0.02029288,1.202748,-0.2141911,0.1060294,-0.1584295,0.08223726,0.8265456,10.40656,32.81
18,-0.07467651,-0.2806549,0.9568939,0.7951887,-0.1035461,-0.300354,0.9481812,-25.03313,6.367279,-25.0576,4.53418,0.2912558,0.3896115,0.8136318,-0.06082153,-0.2710876,0.9606171,30.9117,7.042236,-31.67351,4.539001,0.5743401,0.4168238,0.02029288,1.202748,-0.2141911,0.1060294,-0.1584295,0.08223726,0.8265456,10.40656,32.81
18,-0.07234192,-0.2751312,0.9586639,0.8081575,-0.1151886,-0.3016357,0.9464264,-25.02397,6.475113,-25.01749,4.746475,0.2926995,0.3858941,0.8503325,-0.05325317,-0.2631378,0.9632721,30.91739,7.116653,-31.65363,4.460785,0.5728421,0.4125377,0.01896441,1.20091,-0.2138921,0.113247,-0.1654723,0.0852674,0.8265456,10.40656,32.81
18,-0.07234192,-0.2751312,0.9586639,0.8081575,-0.1151886,-0.3016357,0.9464264,-25.02397,6.475113,-25.01749,4.746475,0.2926995,0.3858941,0.8503325,-0.05325317,-0.2631378,0.9632721,30.91739,7.116653,-31.65363,4.460785,0.5728421,0.4125377,0.01896441,1.20091,-0.2138921,0.113247,-0.1654723,0.0852674,0.8265456,10.40656,32.81
18,-0.08001709,-0.2896423,0.9537659,0.8587254,-0.1013184,-0.3155518,0.9434662,-25.07579,6.574905,-24.97993,4.52832,0.2923822,0.3847828,0.8789968,-0.06312561,-0.2689514,0.9610748,30.90938,7.196228,-31.62294,4.343018,0.5748255,0.4106191,0.01817095,1.199907,-0.213601,0.1179044,-0.1705636,0.08632287,0.8265456,10.40656,32.81
18,-0.08001709,-0.2896423,0.9537659,0.8587254,-0.1013184,-0.3155518,0.9434662,-25.07579,6.574905,-24.97993,4.52832,0.2923822,0.3847828,0.8789968,-0.06312561,-0.2689514,0.9610748,30.90938,7.196228,-31.62294,4.343018,0.5748255,0.4106191,0.0178951,1.199386,-0.2134966,0.1205203,-0.1728597,0.08614359,0.8265456,10.40656,32.81
18,-0.08001709,-0.2896423,0.9537659,0.8587254,-0.1013184,-0.3155518,0.9434662,-25.07579,6.574905,-24.97993,4.52832,0.2923822,0.3847828,0.8789968,-0.06312561,-0.2689514,0.9610748,30.90938,7.196228,-31.62294,4.343018,0.5748255,0.4106191,0.0178951,1.199386,-0.2134966,0.1205203,-0.1728597,0.08614359,0.8265456,10.40656,32.81
18,-0.08001709,-0.2896423,0.9537659,0.8587254,-0.1013184,-0.3155518,0.9434662,-25.07579,6.574905,-24.97993,4.52832,0.2923822,0.3847828,0.8789968,-0.06312561,-0.2689514,0.9610748,30.90938,7.196228,-31.62294,4.343018,0.5748255,0.4106191,0.0176214,1.198371,-0.2131677,0.1256534,-0.1768591,0.08473589,0.8265456,10.40656,32.81
18,-0.08001709,-0.2896423,0.9537659,0.8587254,-0.1013184,-0.3155518,0.9434662,-25.07579,6.574905,-24.97993,4.52832,0.2923822,0.3847828,0.8789968,-0.06312561,-0.2689514,0.9610748,30.90938,7.196228,-31.62294,4.343018,0.5748255,0.4106191,0.0176214,1.198371,-0.2131677,0.1256534,-0.1768591,0.08473589,0.8265456,18.77347,32.81
18,-0.08001709,-0.2896423,0.9537659,0.8587254,-0.1013184,-0.3155518,0.9434662,-25.07579,6.574905,-24.97993,4.52832,0.2923822,0.3847828,0.8789968,-0.06312561,-0.2689514,0.9610748,30.90938,7.196228,-31.62294,4.343018,0.5748255,0.4106191,0.0176214,1.198371,-0.2131677,0.1256534,-0.1768591,0.08473589,0.8265456,18.77347,32.81
18,-0.05789185,-0.2781982,0.9587708,0.8617953,-0.04516602,-0.3265839,0.9440765,-25.07437,6.577454,-24.96791,4.148605,0.2833681,0.3863741,0.8835841,-0.06741333,-0.2411346,0.9681396,30.8934,7.227768,-31.60788,4.30661,0.5761629,0.4042233,0.01760232,1.197496,-0.2126241,0.129565,-0.1803258,0.08425735,0.8265456,18.77347,32.81
18,-0.09309387,-0.2358704,0.9673004,0.9957327,-0.09054565,-0.2620087,0.9608002,-25.2442,6.715546,-24.92308,4.575516,0.2963715,0.3702259,0.9360863,-0.09622192,-0.2025452,0.9745178,30.74109,7.360092,-31.57977,4.679871,0.5866693,0.3920731,0.0179081,1.196809,-0.2120129,0.1322881,-0.1834466,0.08375928,0.8265456,18.77347,32.81
18,-0.09309387,-0.2358704,0.9673004,0.9957327,-0.09054565,-0.2620087,0.9608002,-25.2442,6.715546,-24.92308,4.575516,0.2963715,0.3702259,0.9360863,-0.09622192,-0.2025452,0.9745178,30.74109,7.360092,-31.57977,4.679871,0.5866693,0.3920731,0.0179081,1.196809,-0.2120129,0.1322881,-0.1834466,0.08375928,0.8265456,18.77347,32.81
18,-0.07298279,-0.2593079,0.963028,1.0,-0.05984497,-0.3062134,0.9500732,-25.28745,6.768631,-24.90514,4.281631,0.2929801,0.376078,1.0,-0.09060669,-0.1943512,0.9767303,30.69122,7.420868,-31.5611,4.748474,0.5874922,0.3881743,0.01845276,1.196399,-0.211494,0.1342838,-0.1851385,0.08189226,0.8265456,18.77347,32.81
18,-0.08476257,-0.2180634,0.972229,1.0,-0.07064819,-0.2600403,0.9629974,-25.39816,6.830154,-24.87274,4.802811,0.2981479,0.3654995,1.0,-0.0942688,-0.18927,0.9773865,30.64738,7.463425,-31.55692,4.785889,0.5897141,0.3856655,0.01949835,1.196243,-0.2107574,0.1349161,-0.1852976,0.07977059,0.8265456,18.77347,32.81
18,-0.08476257,-0.2180634,0.972229,1.0,-0.07064819,-0.2600403,0.9629974,-25.39816,6.830154,-24.87274,4.802811,0.2981479,0.3654995,1.0,-0.0942688,-0.18927,0.9773865,30.64738,7.463425,-31.55692,4.785889,0.5897141,0.3856655,0.01949835,1.196243,-0.2107574,0.1349161,-0.1852976,0.07977059,0.8265456,18.77347,32.81
18,-0.05879211,-0.1816101,0.9815979,1.0,-0.003585815,-0.1942749,0.9809265,-25.44536,6.835541,-24.85097,4.611084,0.2888462,0.3533727,1.0,-0.09706116,-0.1724548,0.9802094,30.53809,7.501114,-31.55075,4.851303,0.5941331,0.3811251,0.02087224,1.196397,-0.2098475,0.1338741,-0.1839963,0.07795133,0.8265456,18.77347,32.81
18,-0.05879211,-0.1816101,0.9815979,1.0,-0.003585815,-0.1942749,0.9809265,-25.44536,6.835541,-24.85097,4.611084,0.2888462,0.3533727,1.0,-0.09706116,-0.1724548,0.9802094,30.53809,7.501114,-31.55075,4.851303,0.5941331,0.3811251,0.02087224,1.196397,-0.2098475,0.1338741,-0.1839963,0.07795133,0.8265456,18.77347,32.81
18,-0.07032776,-0.2370605,0.9689331,1.0,-0.04600525,-0.2676849,0.9624023,-25.49695,6.871811,-24.90959,4.177872,0.2978403,0.3659974,1.0,-0.08758545,-0.2150116,0.9726715,30.51028,7.518387,-31.56021,4.397629,0.5933743,0.3885982,0.02275193,1.196944,-0.2087331,0.1315326,-0.1810631,0.0753693,0.8265456,18.77347,32.81
18,-0.07032776,-0.2370605,0.9689331,1.0,-0.04600525,-0.2676849,0.9624023,-25.49695,6.871811,-24.90959,4.177872,0.2978403,0.3659974,1.0,-0.08758545,-0.2150116,0.9726715,30.51028,7.518387,-31.56021,4.397629,0.5933743,0.3885982,0.02275193,1.196944,-0.2087331,0.1315326,-0.1810631,0.0753693,0.8265456,18.77347,32.81
18,-0.08486938,-0.2390289,0.9672852,1.0,-0.07252502,-0.2615967,0.9624329,-25.52008,6.893784,-24.92163,4.114532,0.3030358,0.3645396,1.0,-0.09539795,-0.2195587,0.9709167,30.49493,7.54245,-31.55653,4.436554,0.5952825,0.3885584,0.02528536,1.197986,-0.2073291,0.1276052,-0.1748949,0.07151946,0.8265456,18.77347,32.81
18,-0.08486938,-0.2390289,0.9672852,1.0,-0.07252502,-0.2615967,0.9624329,-25.52008,6.893784,-24.92163,4.114532,0.3030358,0.3645396,1.0,-0.09539795,-0.2195587,0.9709167,30.49493,7.54245,-31.55653,4.436554,0.5952825,0.3885584,0.02528536,1.197986,-0.2073291,0.1276052,-0.1748949,0.07151946,0.8265456,18.77347,32.81
18,-0.1028442,-0.2075195,0.9728088,1.0,-0.09109497,-0.2567902,0.9621582,-25.62007,6.883957,-24.9196,4.425461,0.3092486,0.3640961,1.0,-0.1117859,-0.1687317,0.9792938,30.37912,7.61644,-31.56561,4.884171,0.6024528,0.3764037,0.02877212,1.199603,-0.2054187,0.1215618,-0.1634078,0.06721776,0.8265456,18.77347,32.81
18,-0.1028442,-0.2075195,0.9728088,1.0,-0.09109497,-0.2567902,0.9621582,-25.62007,6.883957,-24.9196,4.425461,0.3092486,0.3640961,1.0,-0.1117859,-0.1687317,0.9792938,30.37912,7.61644,-31.56561,4.884171,0.6024528,0.3764037,0.02877212,1.199603,-0.2054187,0.1215618,-0.1634078,0.06721776,0.8265456,18.77347,32.81
18,-0.09985352,-0.2689056,0.957962,1.0,-0.08467102,-0.374115,0.9234924,-25.77632,6.931274,-24.94162,3.445175,0.3139138,0.3843551,1.0,-0.1101685,-0.1898193,0.9756012,30.26137,7.648987,-31.55861,4.731628,0.60632,0.3790913,0.03332901,1.201532,-0.2030603,0.1131424,-0.1469478,0.06409168,0.8265456,10.41977,32.81
18,-0.09985352,-0.2689056,0.957962,1.0,-0.08467102,-0.374115,0.9234924,-25.77632,6.931274,-24.94162,3.445175,0.3139138,0.3843551,1.0,-0.1101685,-0.1898193,0.9756012,30.26137,7.648987,-31.55861,4.731628,0.60632,0.3790913,0.03332901,1.201532,-0.2030603,0.1131424,-0.1469478,0.06409168,0.8265456,10.41977,32.81
19,-0.07487488,-0.2168274,0.9733276,1.0,-0.05691528,-0.2655792,0.9624023,-25.92517,6.915894,-24.89584,4.451569,0.3138906,0.3643774,1.0,-0.08473206,-0.1895294,0.9782104,30.1143,7.633041,-31.55965,4.686996,0.6071118,0.3795181,0.03864992,1.203715,-0.2005763,0.1028333,-0.1255681,0.06078305,0.8265456,10.41977,32.81
19,-0.07487488,-0.2168274,0.9733276,1.0,-0.05691528,-0.2655792,0.9624023,-25.92517,6.915894,-24.89584,4.451569,0.3138906,0.3643774,1.0,-0.08473206,-0.1895294,0.9782104,30.1143,7.633041,-31.55965,4.686996,0.6071118,0.3795181,0.03864992,1.203715,-0.2005763,0.1028333,-0.1255681,0.06078305,0.8265456,10.41977,32.81
19,-0.07736206,-0.2160645,0.9732971,1.0,-0.07098389,-0.2566528,0.9638824,-25.9164,6.890518,-24.92081,4.470123,0.3158719,0.3639349,1.0,-0.08068848,-0.1943207,0.9776001,30.09114,7.686188,-31.54588,4.714691,0.6072457,0.3783472,0.04452503,1.206164,-0.1983555,0.09213074,-0.1023275,0.0573342,0.8265456,10.41977,32.81
19,-0.07736206,-0.2160645,0.9732971,1.0,-0.07098389,-0.2566528,0.9638824,-25.9164,6.890518,-24.92081,4.470123,0.3158719,0.3639349,1.0,-0.08068848,-0.1943207,0.9776001,30.09114,7.686188,-31.54588,4.714691,0.6072457,0.3783472,0.04452503,1.206164,-0.1983555,0.09213074,-0.1023275,0.0573342,0.8265456,10.41977,32.81
19,-0.135788,-0.212677,0.9676361,1.0,-0.135788,-0.212677,0.9676361,-26.26634,7.503723,-24.84209,3.89679,0.3386323,0.3362476,1.0,0.0,0.0,0.0,29.5553,8.277069,-31.53638,-1.0,0.6401958,0.3407106,0.05040038,1.208672,-0.1964958,0.08055817,-0.07979935,0.05398586,0.8265456,10.41977,32.81
19,-0.135788,-0.212677,0.9676361,1.0,-0.135788,-0.212677,0.9676361,-26.26634,7.503723,-24.84209,3.89679,0.3386323,0.3362476,1.0,0.0,0.0,0.0,29.5553,8.277069,-31.53638,-1.0,0.6401958,0.3407106,0.05040038,1.208672,-0.1964958,0.08055817,-0.07979935,0.05398586,0.8265456,10.41977,32.81
19,-1.0,-1.0,-1.0,0.9502016,0.0,0.0,0.0,-26.36017,7.994949,-24.81593,-1.0,0.3439293,0.3039436,0.8097237,0.0,0.0,0.0,29.27161,8.694244,-31.5311,-1.0,0.6587009,0.315728,0.05615199,1.211214,-0.1949701,0.06848123,-0.05906854,0.04967182,0.8265456,10.41977,32.81
19,-1.0,-1.0,-1.0,0.9502016,0.0,0.0,0.0,-26.36017,7.994949,-24.81593,-1.0,0.3439293,0.3039436,0.8097237,0.0,0.0,0.0,29.27161,8.694244,-31.5311,-1.0,0.6587009,0.315728,0.05615199,1.211214,-0.1949701,0.06848123,-0.05906854,0.04967182,0.8265456,10.41977,32.81
19,-1.0,-1.0,-1.0,0.9502016,0.0,0.0,0.0,-26.1658,8.276993,-24.64796,-1.0,0.3595055,0.2835139,0.8097237,0.0,0.0,0.0,29.11955,9.032089,-31.58144,-1.0,0.6756293,0.290501,0.061692,1.213597,-0.1939155,0.05751999,-0.04044914,0.04509949,0.8265456,10.41977,32.81
19,-1.0,-1.0,-1.0,0.9502016,0.0,0.0,0.0,-26.1658,8.276993,-24.64796,-1.0,0.3595055,0.2835139,0.8097237,0.0,0.0,0.0,29.11955,9.032089,-31.58144,-1.0,0.6756293,0.290501,0.061692,1.213597,-0.1939155,0.05751999,-0.04044914,0.04509949,0.8265456,10.41977,32.81
19,-1.0,-1.0,-1.0,0.916683,0.0,0.0,0.0,-26.21198,8.476944,-24.69315,-1.0,0.3646551,0.270017,0.8668925,0.0,0.0,0.0,29.20113,9.09819,-31.57715,-1.0,0.6745737,0.2814774,0.066962,1.215496,-0.1933925,0.04845177,-0.02445096,0.04027932,0.8265456,10.41977,32.81
19,-1.0,-1.0,-1.0,0.916683,0.0,0.0,0.0,-26.21198,8.476944,-24.69315,-1.0,0.3646551,0.270017,0.8668925,0.0,0.0,0.0,29.20113,9.09819,-31.57715,-1.0,0.6745737,0.2814774,0.066962,1.215496,-0.1933925,0.04845177,-0.02445096,0.04027932,0.8265456,10.41977,32.81
19,-1.0,-1.0,-1.0,1.0,0.0,0.0,0.0,-26.13564,8.345215,-24.75214,-1.0,0.3586914,0.2653345,1.0,0.0,0.0,0.0,29.29124,8.900726,-31.6133,-1.0,0.6729195,0.2796176,0.07197464,1.216985,-0.1930967,0.04050859,-0.01085397,0.0358517,0.8265456,1.526154,32.81
19,-1.0,-1.0,-1.0,1.0,0.0,0.0,0.0,-26.13564,8.345215,-24.75214,-1.0,0.3586914,0.2653345,1.0,0.0,0.0,0.0,29.29124,8.900726,-31.6133,-1.0,0.6729195,0.2796176,0.07197464,1.216985,-0.1930967,0.04050859,-0.01085397,0.0358517,0.8265456,1.526154,32.81
19,-1.0,-1.0,-1.0,1.0,0.0,0.0,0.0,-25.95998,8.199127,-24.85838,-1.0,0.3574934,0.2662128,1.0,0.0,0.0,0.0,29.59731,8.718033,-31.57608,-1.0,0.6571097,0.2871427,0.07679105,1.218147,-0.1930037,0.0340469,0.0008457279,0.03142214,0.8265456,1.526154,32.81
19,-1.0,-1.0,-1.0,1.0,0.0,0.0,0.0,-25.95998,8.199127,-24.85838,-1.0,0.3574934,0.2662128,1.0,0.0,0.0,0.0,29.59731,8.718033,-31.57608,-1.0,0.6571097,0.2871427,0.07679105,1.218147,-0.1930037,0.0340469,0.0008457279,0.03142214,0.8265456,1.526154,32.81
19,-0.1939087,0.08164978,0.9776001,1.0,-0.1998596,-0.01312256,0.9797211,-25.87498,8.441483,-26.48637,4.00856,0.3338928,0.2815198,1.0,-0.1939087,0.0816803,0.9776001,29.92288,8.424637,-30.99222,4.610046,0.6349477,0.2951896,0.08122909,1.2189,-0.1932153,0.02877236,0.01107818,0.02709741,0.8265456,1.526154,32.81
19,-0.1939087,0.08164978,0.9776001,1.0,-0.1998596,-0.01312256,0.9797211,-25.87498,8.441483,-26.48637,4.00856,0.3338928,0.2815198,1.0,-0.1939087,0.0816803,0.9776001,29.92288,8.424637,-30.99222,4.610046,0.6349477,0.2951896,0.08122909,1.2189,-0.1932153,0.02877236,0.01107818,0.02709741,0.8265456,1.526154,32.81
19,-0.1816101,0.07568359,0.9804382,1.0,-0.2127991,0.06369019,0.9750061,-25.72025,8.488098,-27.29158,4.687332,0.3277859,0.2690028,1.0,-0.1816101,0.07568359,0.9804382,30.16969,8.181793,-30.34639,4.793655,0.6225594,0.3009285,0.08538175,1.219535,-0.1935547,0.02415142,0.01964232,0.02353141,0.8265456,1.526154,32.81
19,-0.1816101,0.07568359,0.9804382,1.0,-0.2127991,0.06369019,0.9750061,-25.72025,8.488098,-27.29158,4.687332,0.3277859,0.2690028,1.0,-0.1816101,0.07568359,0.9804382,30.16969,8.181793,-30.34639,4.793655,0.6225594,0.3009285,0.08538175,1.219535,-0.1935547,0.02415142,0.01964232,0.02353141,0.8265456,1.526154,32.81
19,-0.1483154,0.07815552,0.9858398,1.0,-0.1924744,0.06112671,0.9793854,-25.58694,8.429535,-27.0031,4.72908,0.3206246,0.270559,1.0,-0.1483154,0.07815552,0.9858398,30.43869,8.272827,-30.87932,4.802444,0.6078589,0.3008031,0.08929551,1.220209,-0.1938716,0.01923528,0.02636097,0.02032022,0.8265456,1.526154,32.81
19,-0.1483154,0.07815552,0.9858398,1.0,-0.1924744,0.06112671,0.9793854,-25.58694,8.429535,-27.0031,4.72908,0.3206246,0.270559,1.0,-0.1483154,0.07815552,0.9858398,30.43869,8.272827,-30.87932,4.802444,0.6078589,0.3008031,0.08929551,1.220209,-0.1938716,0.01923528,0.02636097,0.02032022,0.8265456,1.526154,32.81
19,-0.1411285,0.0715332,0.9873962,1.0,-0.1627045,0.04167175,0.9857788,-25.32076,8.413147,-26.50183,4.867172,0.3061399,0.2688892,1.0,-0.1409454,0.0717926,0.9873962,30.56172,8.264954,-30.77124,4.850586,0.6017144,0.3023219,0.09303665,1.220973,-0.1940229,0.01412486,0.03135069,0.01708854,0.8265456,1.526154,32.81
19,-0.1411285,0.0715332,0.9873962,1.0,-0.1627045,0.04167175,0.9857788,-25.32076,8.413147,-26.50183,4.867172,0.3061399,0.2688892,1.0,-0.1409454,0.0717926,0.9873962,30.56172,8.264954,-30.77124,4.850586,0.6017144,0.3023219,0.09303665,1.220973,-0.1940229,0.01412486,0.03135069,0.01708854,0.8265456,1.526154,32.81
19,-0.1170959,0.06370544,0.9910736,1.0,-0.1231384,0.03605652,0.9917297,-25.22636,8.406784,-26.37717,4.715637,0.2967609,0.2694838,1.0,-0.116394,0.06690979,0.9909363,30.73337,8.340347,-31.10384,4.688354,0.5915841,0.30303,0.09660125,1.221744,-0.1942129,0.009161782,0.03561128,0.01360578,0.8265456,1.526154,32.81
19,-0.1170959,0.06370544,0.9910736,1.0,-0.1231384,0.03605652,0.9917297,-25.22636,8.406784,-26.37717,4.715637,0.2967609,0.2694838,1.0,-0.116394,0.06690979,0.9909363,30.73337,8.340347,-31.10384,4.688354,0.5915841,0.30303,0.09660125,1.221744,-0.1942129,0.009161782,0.03561128,0.01360578,0.8265456,1.526154,32.81
19,-0.115036,0.0382843,0.9926147,1.0,-0.1283112,0.01644897,0.9915924,-25.03067,8.311432,-26.16833,4.823853,0.2911783,0.2745432,1.0,-0.1030426,0.05789185,0.992981,30.82605,8.122345,-30.31313,4.711212,0.58508,0.3063241,0.1001328,1.222371,-0.1944161,0.004305467,0.03928389,0.009959023,0.8265456,1.526154,32.81
19,-0.115036,0.0382843,0.9926147,1.0,-0.1283112,0.01644897,0.9915924,-25.03067,8.311432,-26.16833,4.823853,0.2911783,0.2745432,1.0,-0.1030426,0.05789185,0.992981,30.82605,8.122345,-30.31313,4.711212,0.58508,0.3063241,0.1001328,1.222371,-0.1944161,0.004305467,0.03928389,0.009959023,0.8265456,1.526154,32.81
19,-0.1114502,0.01673889,0.9936218,1.0,-0.1136932,0.007110596,0.9934845,-24.9697,8.250198,-25.95935,4.825623,0.2870491,0.2768061,1.0,-0.1052094,0.0431366,0.9934998,30.89102,8.149857,-30.5011,4.764801,0.583155,0.3099505,0.1034766,1.222877,-0.1946646,0.000211432,0.04178676,0.006322959,0.8265456,-10.60614,32.81
19,-0.1114502,0.01673889,0.9936218,1.0,-0.1136932,0.007110596,0.9934845,-24.9697,8.250198,-25.95935,4.825623,0.2870491,0.2768061,1.0,-0.1052094,0.0431366,0.9934998,30.89102,8.149857,-30.5011,4.764801,0.583155,0.3099505,0.1034766,1.222877,-0.1946646,0.000211432,0.04178676,0.006322959,0.8265456,-10.60614,32.81
19,-0.08718872,0.04585266,0.9951324,1.0,-0.1175995,0.01091003,0.9929962,-24.73941,7.88382,-24.37389,5.020691,0.2827595,0.2780256,1.0,-0.08718872,0.04586792,0.9951324,30.99811,8.072174,-30.45642,4.810593,0.5761552,0.3118952,0.1051773,1.223157,-0.1947142,-0.00209307,0.04268518,0.004481826,0.8265456,-10.60614,32.81
19,-0.08718872,0.04585266,0.9951324,1.0,-0.1175995,0.01091003,0.9929962,-24.73941,7.88382,-24.37389,5.020691,0.2827595,0.2780256,1.0,-0.08718872,0.04586792,0.9951324,30.99811,8.072174,-30.45642,4.810593,0.5761552,0.3118952,0.1051773,1.223157,-0.1947142,-0.00209307,0.04268518,0.004481826,0.8265456,-10.60614,32.81
19,-0.07485962,0.04467773,0.9961853,1.0,-0.1101227,0.006713867,0.9938812,-24.71516,7.932678,-24.62485,4.840775,0.2804668,0.2788228,1.0,-0.07485962,0.04467773,0.9961853,31.0515,8.089417,-30.58922,4.764084,0.5722281,0.3124898,0.1085002,1.223787,-0.1948304,-0.006718304,0.04418929,0.0008544922,0.8265456,-10.60614,32.81
19,-0.05734253,0.03199768,0.9978333,1.0,-0.1058502,0.01301575,0.9942932,-24.6859,7.91156,-24.60324,4.973938,0.2784939,0.2779865,1.0,-0.05734253,0.03199768,0.9978333,31.07558,8.08316,-30.68372,4.816772,0.5683461,0.3157739,0.1117672,1.224162,-0.1949784,-0.01067819,0.04550227,-0.00259525,0.8265456,-10.60614,32.81
19,-0.05734253,0.03199768,0.9978333,1.0,-0.1058502,0.01301575,0.9942932,-24.6859,7.91156,-24.60324,4.973938,0.2784939,0.2779865,1.0,-0.05734253,0.03199768,0.9978333,31.07558,8.08316,-30.68372,4.816772,0.5683461,0.3157739,0.1117672,1.224162,-0.1949784,-0.01067819,0.04550227,-0.00259525,0.8265456,-10.60614,32.81
19,-0.05873108,0.03118896,0.9977722,1.0,-0.09487915,0.0105896,0.9954224,-24.67319,7.89859,-24.685,4.912064,0.2761725,0.2793799,1.0,-0.05873108,0.03118896,0.9977722,31.0856,8.082611,-30.78191,4.848206,0.568302,0.3167295,0.1133343,1.224262,-0.1950744,-0.01235084,0.04576628,-0.004072468,0.8265456,-10.60614,32.81
19,-0.05873108,0.03118896,0.9977722,1.0,-0.09487915,0.0105896,0.9954224,-24.67319,7.89859,-24.685,4.912064,0.2761725,0.2793799,1.0,-0.05873108,0.03118896,0.9977722,31.0856,8.082611,-30.78191,4.848206,0.568302,0.3167295,0.1133343,1.224262,-0.1950744,-0.01235084,0.04576628,-0.004072468,0.8265456,-10.60614,32.81
19,-0.05873108,0.03118896,0.9977722,1.0,-0.09487915,0.0105896,0.9954224,-24.67319,7.89859,-24.685,4.912064,0.2761725,0.2793799,1.0,-0.05873108,0.03118896,0.9977722,31.0856,8.082611,-30.78191,4.848206,0.568302,0.3167295,0.1164514,1.224589,-0.1953505,-0.01565121,0.04588821,-0.007114721,0.8265456,-10.60614,32.81
19,-0.05873108,0.03118896,0.9977722,1.0,-0.09487915,0.0105896,0.9954224,-24.67319,7.89859,-24.685,4.912064,0.2761725,0.2793799,1.0,-0.05873108,0.03118896,0.9977722,31.0856,8.082611,-30.78191,4.848206,0.568302,0.3167295,0.1179782,1.224836,-0.1954303,-0.01757813,0.04580874,-0.008755089,0.8265456,-10.60614,32.81
19,-0.05873108,0.03118896,0.9977722,1.0,-0.09487915,0.0105896,0.9954224,-24.67319,7.89859,-24.685,4.912064,0.2761725,0.2793799,1.0,-0.05873108,0.03118896,0.9977722,31.0856,8.082611,-30.78191,4.848206,0.568302,0.3167295,0.1195163,1.225268,-0.19541,-0.01951751,0.04584711,-0.01024373,0.8265456,-10.60614,32.81
19,-0.05873108,0.03118896,0.9977722,1.0,-0.09487915,0.0105896,0.9954224,-24.67319,7.89859,-24.685,4.912064,0.2761725,0.2793799,1.0,-0.05873108,0.03118896,0.9977722,31.0856,8.082611,-30.78191,4.848206,0.568302,0.3167295,0.1195163,1.225268,-0.19541,-0.01951751,0.04584711,-0.01024373,0.8265456,-10.60614,32.81
19,-0.07171631,-0.003112793,0.997406,1.0,-0.08407593,-0.008895874,0.9964142,-24.56033,7.888916,-25.07332,5.124435,0.2695808,0.2854594,1.0,-0.0484314,0.007751465,0.9987946,31.21118,7.903961,-30.50146,4.799042,0.5617346,0.3251303,0.1210374,1.225585,-0.1953871,-0.021825,0.04583541,-0.0116665,0.8265456,-10.60614,32.81
19,-0.05307007,0.002609253,0.9985809,1.0,-0.08224487,-0.02407837,0.9963074,-24.56453,7.891434,-25.0777,4.988983,0.2694399,0.2878084,1.0,-0.04574585,0.009292603,0.9989014,31.21933,7.916992,-30.55078,4.824936,0.5609993,0.3249134,0.1239542,1.226153,-0.1954715,-0.02653535,0.0457832,-0.01430516,0.8265456,-10.60614,32.81
19,-0.05197144,-0.0002593994,0.998642,1.0,-0.07849121,-0.01855469,0.9967346,-24.55038,7.863449,-24.97252,5.082245,0.2683302,0.2868855,1.0,-0.04580688,0.003967285,0.9989319,31.22165,7.919571,-30.56799,4.782013,0.5609198,0.3259333,0.1254445,1.226392,-0.195534,-0.02879851,0.04574576,-0.01538619,0.8265456,-12.40213,32.81
19,-0.05197144,-0.0002593994,0.998642,1.0,-0.07849121,-0.01855469,0.9967346,-24.55038,7.863449,-24.97252,5.082245,0.2683302,0.2868855,1.0,-0.04580688,0.003967285,0.9989319,31.22165,7.919571,-30.56799,4.782013,0.5609198,0.3259333,0.1254445,1.226392,-0.195534,-0.02879851,0.04574576,-0.01538619,0.8265456,-12.40213,32.81
19,-0.05197144,-0.0002593994,0.998642,1.0,-0.07849121,-0.01855469,0.9967346,-24.55038,7.863449,-24.97252,5.082245,0.2683302,0.2868855,1.0,-0.04580688,0.003967285,0.9989319,31.22165,7.919571,-30.56799,4.782013,0.5609198,0.3259333,0.1282527,1.226861,-0.1956843,-0.03308646,0.04583135,-0.01711816,0.8265456,-12.40213,32.81
19,-0.05197144,-0.0002593994,0.998642,1.0,-0.07849121,-0.01855469,0.9967346,-24.55038,7.863449,-24.97252,5.082245,0.2683302,0.2868855,1.0,-0.04580688,0.003967285,0.9989319,31.22165,7.919571,-30.56799,4.782013,0.5609198,0.3259333,0.1296464,1.227051,-0.1957834,-0.03501802,0.04593333,-0.01775735,0.8265456,-12.40213,32.81
19,-0.05197144,-0.0002593994,0.998642,1.0,-0.07849121,-0.01855469,0.9967346,-24.55038,7.863449,-24.97252,5.082245,0.2683302,0.2868855,1.0,-0.04580688,0.003967285,0.9989319,31.22165,7.919571,-30.56799,4.782013,0.5609198,0.3259333,0.1321788,1.22754,-0.1960879,-0.03926132,0.04632356,-0.01929368,0.8265456,-12.40213,32.81
19,-0.05197144,-0.0002593994,0.998642,1.0,-0.07849121,-0.01855469,0.9967346,-24.55038,7.863449,-24.97252,5.082245,0.2683302,0.2868855,1.0,-0.04580688,0.003967285,0.9989319,31.22165,7.919571,-30.56799,4.782013,0.5609198,0.3259333,0.1321788,1.22754,-0.1960879,-0.03926132,0.04632356,-0.01929368,0.8265456,-12.40213,32.81
19,-0.07548523,-0.06698608,0.9948883,1.0,-0.07775879,-0.06996155,0.9945068,-24.52536,7.670517,-24.84288,4.701157,0.268629,0.302131,1.0,-0.04389954,-0.02575684,0.998703,31.24831,7.884125,-31.11966,4.69101,0.5598844,0.3371643,0.1333544,1.227776,-0.1961938,-0.0413121,0.0466577,-0.01968098,0.8265456,-12.40213,32.81
19,-0.08091736,-0.05444336,0.995224,1.0,-0.08114624,-0.05458069,0.9951935,-24.50954,7.652008,-24.84143,4.822891,0.2684746,0.3000115,1.0,-0.04185486,-0.0320282,0.9985962,31.26085,7.885361,-31.23097,4.690201,0.5591536,0.3391229,0.1345191,1.227993,-0.1963164,-0.04331192,0.04687198,-0.01988173,0.8265456,-12.40213,32.81
19,-0.08091736,-0.05444336,0.995224,1.0,-0.08114624,-0.05458069,0.9951935,-24.50954,7.652008,-24.84143,4.822891,0.2684746,0.3000115,1.0,-0.04185486,-0.0320282,0.9985962,31.26085,7.885361,-31.23097,4.690201,0.5591536,0.3391229,0.1345191,1.227993,-0.1963164,-0.04331192,0.04687198,-0.01988173,0.8265456,-12.40213,32.81
19,-0.08293152,-0.06109619,0.9946747,1.0,-0.08309937,-0.06112671,0.9946594,-24.502,7.609711,-24.97462,4.844452,0.2683839,0.3036385,1.0,-0.04608154,-0.05554199,0.9973907,31.27623,7.787659,-30.97226,4.64592,0.5590774,0.3447714,0.136597,1.228365,-0.1965598,-0.04664141,0.04738625,-0.01965977,0.8265456,-12.40213,32.81
19,-0.04611206,-0.05522156,0.997406,1.0,-0.07878113,-0.06433105,0.994812,-24.48001,7.38826,-23.89331,4.990097,0.268792,0.3038408,1.0,-0.04124451,-0.05386353,0.9976807,31.27872,7.707138,-30.80276,4.60405,0.5580013,0.3460246,0.1375622,1.228518,-0.1967016,-0.04819459,0.04763981,-0.01949421,0.8265456,-12.40213,32.81
19,-0.04611206,-0.05522156,0.997406,1.0,-0.07878113,-0.06433105,0.994812,-24.48001,7.38826,-23.89331,4.990097,0.268792,0.3038408,1.0,-0.04124451,-0.05386353,0.9976807,31.27872,7.707138,-30.80276,4.60405,0.5580013,0.3460246,0.1375622,1.228518,-0.1967016,-0.04819459,0.04763981,-0.01949421,0.8265456,-12.40213,32.81
19,-0.03437805,-0.06260681,0.9974365,1.0,-0.08772278,-0.07579041,0.9932556,-24.45645,7.411301,-24.23685,4.84938,0.2692826,0.3079245,1.0,-0.03421021,-0.06256104,0.9974518,31.28479,7.708771,-30.88686,4.577377,0.5566001,0.3482268,0.1399776,1.228814,-0.1971385,-0.05152293,0.04880584,-0.01895906,0.8265456,-12.40213,32.81
19,-0.03437805,-0.06260681,0.9974365,1.0,-0.08772278,-0.07579041,0.9932556,-24.45645,7.411301,-24.23685,4.84938,0.2692826,0.3079245,1.0,-0.03421021,-0.06256104,0.9974518,31.28479,7.708771,-30.88686,4.577377,0.5566001,0.3482268,0.1399776,1.228814,-0.1971385,-0.05152293,0.04880584,-0.01895906,0.8265456,-12.40213,32.81
19,-0.03437805,-0.06260681,0.9974365,1.0,-0.08772278,-0.07579041,0.9932556,-24.45645,7.411301,-24.23685,4.84938,0.2692826,0.3079245,1.0,-0.03421021,-0.06256104,0.9974518,31.28479,7.708771,-30.88686,4.577377,0.5566001,0.3482268,0.1399776,1.228814,-0.1971385,-0.05152293,0.04880584,-0.01895906,0.8265456,-12.40213,32.81
19,-0.03895569,-0.06686401,0.996994,1.0,-0.09017944,-0.08221436,0.9925232,-24.4509,7.320084,-24.07465,4.741913,0.2699826,0.3110236,1.0,-0.03884888,-0.0668335,0.996994,31.29085,7.629623,-30.80899,4.588058,0.557101,0.3512089,0.140732,1.2289,-0.1972325,-0.05229384,0.04909245,-0.01871979,0.8265456,-12.40213,32.81
19,-0.04862976,-0.06861877,0.9964447,1.0,-0.08091736,-0.0896759,0.9926758,-24.51401,7.40657,-24.58627,4.739456,0.2698547,0.3133533,1.0,-0.04815674,-0.0683136,0.9964905,31.30237,7.586029,-30.65434,4.588821,0.5581901,0.3517377,0.1422915,1.22901,-0.1975558,-0.0541226,0.04984641,-0.01843424,0.8265456,-10.08765,32.81
19,-0.04862976,-0.06861877,0.9964447,1.0,-0.08091736,-0.0896759,0.9926758,-24.51401,7.40657,-24.58627,4.739456,0.2698547,0.3133533,1.0,-0.04815674,-0.0683136,0.9964905,31.30237,7.586029,-30.65434,4.588821,0.5581901,0.3517377,0.1422915,1.22901,-0.1975558,-0.0541226,0.04984641,-0.01843424,0.8265456,-10.08765,32.81
19,-0.04862976,-0.06861877,0.9964447,1.0,-0.08091736,-0.0896759,0.9926758,-24.51401,7.40657,-24.58627,4.739456,0.2698547,0.3133533,1.0,-0.04815674,-0.0683136,0.9964905,31.30237,7.586029,-30.65434,4.588821,0.5581901,0.3517377,0.1422915,1.22901,-0.1975558,-0.0541226,0.04984641,-0.01843424,0.8265456,-10.08765,32.81
19,-0.04568481,-0.06985474,0.9965057,1.0,-0.0796814,-0.1005707,0.9917297,-24.54478,7.451096,-24.88715,4.696945,0.2698547,0.315463,1.0,-0.04566956,-0.06985474,0.9965057,31.31609,7.596619,-30.71594,4.572433,0.5573095,0.3521799,0.1426363,1.229046,-0.1976616,-0.05439024,0.050039,-0.01850402,0.8265456,-10.08765,32.81
19,-0.04568481,-0.06985474,0.9965057,1.0,-0.0796814,-0.1005707,0.9917297,-24.54478,7.451096,-24.88715,4.696945,0.2698547,0.315463,1.0,-0.04566956,-0.06985474,0.9965057,31.31609,7.596619,-30.71594,4.572433,0.5573095,0.3521799,0.1431962,1.229128,-0.1977431,-0.05499956,0.05073149,-0.01826859,0.8265456,-10.08765,32.81
19,-0.04568481,-0.06985474,0.9965057,1.0,-0.0796814,-0.1005707,0.9917297,-24.54478,7.451096,-24.88715,4.696945,0.2698547,0.315463,1.0,-0.04566956,-0.06985474,0.9965057,31.31609,7.596619,-30.71594,4.572433,0.5573095,0.3521799,0.1431962,1.229128,-0.1977431,-0.05499956,0.05073149,-0.01826859,0.8265456,-10.08765,32.81
19,-0.04568481,-0.06985474,0.9965057,1.0,-0.0796814,-0.1005707,0.9917297,-24.54478,7.451096,-24.88715,4.696945,0.2698547,0.315463,1.0,-0.04566956,-0.06985474,0.9965057,31.31609,7.596619,-30.71594,4.572433,0.5573095,0.3521799,0.1435546,1.229075,-0.1978371,-0.05497625,0.0512185,-0.01765552,0.8265456,-10.08765,32.81
19,-0.04568481,-0.06985474,0.9965057,1.0,-0.0796814,-0.1005707,0.9917297,-24.54478,7.451096,-24.88715,4.696945,0.2698547,0.315463,1.0,-0.04566956,-0.06985474,0.9965057,31.31609,7.596619,-30.71594,4.572433,0.5573095,0.3521799,0.1435591,1.229108,-0.1978292,-0.05488062,0.05153218,-0.0173443,0.8265456,-10.08765,32.81
19,-0.04568481,-0.06985474,0.9965057,1.0,-0.0796814,-0.1005707,0.9917297,-24.54478,7.451096,-24.88715,4.696945,0.2698547,0.315463,1.0,-0.04566956,-0.06985474,0.9965057,31.31609,7.596619,-30.71594,4.572433,0.5573095,0.3521799,0.1435591,1.229108,-0.1978292,-0.05488062,0.05153218,-0.0173443,0.8265456,-10.08765,32.81
19,-0.04512024,-0.07112122,0.9964447,1.0,-0.08259583,-0.1034698,0.9911804,-24.52269,7.407898,-24.71747,4.663239,0.2700454,0.3163403,1.0,-0.04508972,-0.07110596,0.9964447,31.31458,7.634796,-30.85333,4.565842,0.5573611,0.3521799,0.1434933,1.229091,-0.1978858,-0.05477028,0.05163214,-0.01698138,0.8265456,-10.08765,32.81
19,-0.06707764,-0.09037781,0.9936371,1.0,-0.08526611,-0.120163,0.9890747,-24.59756,7.286484,-24.27899,4.537613,0.2741086,0.3204241,1.0,-0.0592041,-0.07749939,0.995224,31.29231,7.715363,-31.26665,4.472122,0.5608723,0.3538825,0.1429079,1.228998,-0.1976448,-0.0543801,0.05261245,-0.01669108,0.8265456,-10.08765,32.81
19,-0.06707764,-0.09037781,0.9936371,1.0,-0.08526611,-0.120163,0.9890747,-24.59756,7.286484,-24.27899,4.537613,0.2741086,0.3204241,1.0,-0.0592041,-0.07749939,0.995224,31.29231,7.715363,-31.26665,4.472122,0.5608723,0.3538825,0.1429079,1.228998,-0.1976448,-0.0543801,0.05261245,-0.01669108,0.8265456,-10.08765,32.81
19,-0.0584259,-0.08207703,0.9949036,1.0,-0.08255005,-0.1012421,0.9914246,-24.68176,7.577087,-25.63365,4.502075,0.2741672,0.3174123,1.0,-0.05764771,-0.08145142,0.9949951,31.29062,7.712982,-31.2592,4.450165,0.5606442,0.3546351,0.1425647,1.229015,-0.1975781,-0.05414874,0.05296149,-0.01633782,0.8265456,-10.08765,32.81
19,-0.05274963,-0.08352661,0.9951019,1.0,-0.08901978,-0.1035309,0.9906311,-24.68121,7.577087,-25.63365,4.543045,0.274895,0.3174123,1.0,-0.05274963,-0.08352661,0.9951019,31.2814,7.686829,-31.10426,4.455963,0.5600082,0.3546351,0.1425647,1.229015,-0.1975781,-0.05414874,0.05296149,-0.01633782,0.8265456,-10.08765,32.81
19,-0.05274963,-0.08352661,0.9951019,1.0,-0.08901978,-0.1035309,0.9906311,-24.68121,7.577087,-25.63365,4.543045,0.274895,0.3174123,1.0,-0.05274963,-0.08352661,0.9951019,31.2814,7.686829,-31.10426,4.455963,0.5600082,0.3546351,0.1425647,1.229015,-0.1975781,-0.05414874,0.05296149,-0.01633782,0.8265456,-10.08765,32.81
19,-0.05386353,-0.08110046,0.9952393,1.0,-0.08694458,-0.1121674,0.9898682,-24.66754,7.451111,-24.85205,4.580399,0.2754366,0.3174123,1.0,-0.05386353,-0.08110046,0.9952393,31.28996,7.712982,-31.2592,4.446121,0.5600082,0.3545699,0.1415499,1.229109,-0.1973483,-0.0537115,0.05332503,-0.01497142,0.8265456,-12.53513,32.81
19,-0.05386353,-0.08110046,0.9952393,1.0,-0.08694458,-0.1121674,0.9898682,-24.66754,7.451111,-24.85205,4.580399,0.2754366,0.3174123,1.0,-0.05386353,-0.08110046,0.9952393,31.28996,7.712982,-31.2592,4.446121,0.5600082,0.3545699,0.1415499,1.229109,-0.1973483,-0.0537115,0.05332503,-0.01497142,0.8265456,-12.53513,32.81
19,-0.05581665,-0.08312988,0.9949646,1.0,-0.08804321,-0.108902,0.9901428,-24.66322,7.452347,-24.85097,4.602356,0.275644,0.3170723,1.0,-0.05581665,-0.08311462,0.9949646,31.28986,7.731461,-31.28143,4.442398,0.5603715,0.3544565,0.1401781,1.229257,-0.1971762,-0.05300748,0.05395425,-0.01279819,0.8265456,-12.53513,32.81
19,-0.05581665,-0.0814209,0.9951019,1.0,-0.08978271,-0.1065521,0.9902344,-24.66322,7.452347,-24.85097,4.609528,0.2759272,0.3166797,1.0,-0.05581665,-0.0814209,0.9951019,31.28952,7.715363,-31.26665,4.441238,0.5603715,0.3546025,0.1383125,1.2289,-0.197077,-0.05205794,0.05464948,-0.01025027,0.8265456,-12.53513,32.81
19,-0.05581665,-0.0814209,0.9951019,1.0,-0.08978271,-0.1065521,0.9902344,-24.66322,7.452347,-24.85097,4.609528,0.2759272,0.3166797,1.0,-0.05581665,-0.0814209,0.9951019,31.28952,7.715363,-31.26665,4.441238,0.5603715,0.3546025,0.1383125,1.2289,-0.197077,-0.05205794,0.05464948,-0.01025027,0.8265456,-12.53513,32.81
19,-0.05679321,-0.08660889,0.9946136,1.0,-0.09031677,-0.1081238,0.9900208,-24.66754,7.462433,-24.85205,4.60405,0.2761636,0.3166273,1.0,-0.05619812,-0.08622742,0.9946747,31.28975,7.717728,-31.17746,4.427673,0.5603653,0.3546351,0.1362196,1.228752,-0.1969267,-0.05066683,0.05539128,-0.00716273,0.8265456,-12.53513,32.81
19,-0.08082581,-0.1016388,0.9915161,1.0,-0.09248352,-0.1081543,0.9898071,-24.6696,7.470352,-24.85129,4.604599,0.2765968,0.3163817,1.0,-0.05601501,-0.0877533,0.9945526,31.28996,7.724167,-31.16113,4.421066,0.560307,0.3545699,0.1338037,1.228636,-0.1966736,-0.0490311,0.05614903,-0.00364784,0.8265456,-12.53513,32.81
19,-0.08082581,-0.1016388,0.9915161,1.0,-0.09248352,-0.1081543,0.9898071,-24.6696,7.470352,-24.85129,4.604599,0.2765968,0.3163817,1.0,-0.05601501,-0.0877533,0.9945526,31.28996,7.724167,-31.16113,4.421066,0.560307,0.3545699,0.1338037,1.228636,-0.1966736,-0.0490311,0.05614903,-0.00364784,0.8265456,-12.53513,32.81
19,-0.0867157,-0.1013641,0.9910583,1.0,-0.09547424,-0.1052551,0.9898376,-24.66319,7.460114,-24.8177,4.607758,0.2769403,0.3160089,1.0,-0.05662537,-0.08795166,0.9945068,31.28975,7.712753,-31.08095,4.409546,0.5603653,0.354343,0.1310259,1.228462,-0.1964347,-0.04666727,0.05683497,0.000422864,0.8265456,-12.53513,32.81
19,-0.0867157,-0.1013641,0.9910583,1.0,-0.09547424,-0.1052551,0.9898376,-24.66319,7.460114,-24.8177,4.607758,0.2769403,0.3160089,1.0,-0.05662537,-0.08795166,0.9945068,31.28975,7.712753,-31.08095,4.409546,0.5603653,0.354343,0.1310259,1.228462,-0.1964347,-0.04666727,0.05683497,0.000422864,0.8265456,-12.53513,32.81
19,-0.08631897,-0.09977722,0.9912415,1.0,-0.09971619,-0.1037445,0.9895782,-24.65883,7.460114,-24.75313,4.611282,0.2775897,0.3152767,1.0,-0.05638123,-0.09086609,0.9942627,31.28975,7.721771,-31.05675,4.409653,0.560307,0.354343,0.1278132,1.228219,-0.1961771,-0.04399107,0.05753178,0.004997434,0.8265456,-12.53513,32.81
19,-0.08631897,-0.09977722,0.9912415,1.0,-0.09971619,-0.1037445,0.9895782,-24.65883,7.460114,-24.75313,4.611282,0.2775897,0.3152767,1.0,-0.05638123,-0.09086609,0.9942627,31.28975,7.721771,-31.05675,4.409653,0.560307,0.354343,0.1278132,1.228219,-0.1961771,-0.04399107,0.05753178,0.004997434,0.8265456,-12.53513,32.81
19,-0.06997681,-0.09101868,0.9933777,1.0,-0.0953064,-0.09458923,0.9909363,-24.65807,7.451416,-24.63718,4.615585,0.27704,0.3131565,1.0,-0.0559082,-0.08900452,0.9944458,31.29109,7.721771,-30.96065,4.413055,0.5601172,0.3532107,0.1242286,1.227873,-0.1959519,-0.04052753,0.05810483,0.009997104,0.8265456,-12.53513,32.81
19,-0.06997681,-0.09101868,0.9933777,1.0,-0.0953064,-0.09458923,0.9909363,-24.65807,7.451416,-24.63718,4.615585,0.27704,0.3131565,1.0,-0.0559082,-0.08900452,0.9944458,31.29109,7.721771,-30.96065,4.413055,0.5601172,0.3532107,0.1242286,1.227873,-0.1959519,-0.04052753,0.05810483,0.009997104,0.8265456,-12.53513,32.81
19,-0.06997681,-0.09101868,0.9933777,1.0,-0.0953064,-0.09458923,0.9909363,-24.65807,7.451416,-24.63718,4.615585,0.27704,0.3131565,1.0,-0.0559082,-0.08900452,0.9944458,31.29109,7.721771,-30.96065,4.413055,0.5601172,0.3532107,0.1242286,1.227873,-0.1959519,-0.04052753,0.05810483,0.009997104,0.8265456,-12.53513,32.81
19,-0.05828857,-0.08847046,0.9943695,1.0,-0.09835815,-0.1040802,0.9896851,-24.62277,7.453369,-24.31494,4.655579,0.2768882,0.3124102,1.0,-0.05378723,-0.0867157,0.9947662,31.29535,7.738297,-30.96065,4.415878,0.5596122,0.3521994,0.1202788,1.227472,-0.1957721,-0.03697401,0.05821577,0.01520106,0.8265456,-12.53513,32.81
19,-0.05828857,-0.08847046,0.9943695,1.0,-0.09835815,-0.1040802,0.9896851,-24.62277,7.453369,-24.31494,4.655579,0.2768882,0.3124102,1.0,-0.05378723,-0.0867157,0.9947662,31.29535,7.738297,-30.96065,4.415878,0.5596122,0.3521994,0.1202788,1.227472,-0.1957721,-0.03697401,0.05821577,0.01520106,0.8265456,-12.53513,32.81
20,-0.05444336,-0.06887817,0.9961243,1.0,-0.09957886,-0.1037445,0.9895935,-24.60667,7.453171,-24.26929,4.676208,0.2766252,0.3120419,1.0,-0.05326843,-0.06796265,0.9962616,31.32381,7.786179,-30.72559,4.459412,0.5584465,0.3450971,0.1159062,1.227095,-0.1955338,-0.03394258,0.05828036,0.02121567,0.8265456,-28.60941,32.81
20,-0.0562439,-0.08314514,0.9949341,1.0,-0.09631348,-0.09997559,0.9903107,-24.60181,7.453171,-24.24759,4.73764,0.2758681,0.3111528,1.0,-0.04702759,-0.07926941,0.9957275,31.32564,7.836334,-30.77179,4.463654,0.557316,0.3457655,0.1112758,1.226853,-0.1952403,-0.03106396,0.0582957,0.02804006,0.8265456,-28.60941,32.81
20,-0.0562439,-0.08314514,0.9949341,1.0,-0.09631348,-0.09997559,0.9903107,-24.60181,7.453171,-24.24759,4.73764,0.2758681,0.3111528,1.0,-0.04702759,-0.07926941,0.9957275,31.32564,7.836334,-30.77179,4.463654,0.557316,0.3457655,0.1112758,1.226853,-0.1952403,-0.03106396,0.0582957,0.02804006,0.8265456,-28.60941,32.81
20,-0.06922913,-0.08917236,0.9935913,1.0,-0.08848572,-0.09515381,0.9915161,-24.58246,7.453186,-24.20313,4.733475,0.2739544,0.3098769,1.0,-0.04483032,-0.08154297,0.9956512,31.32405,7.906738,-30.86745,4.501709,0.5570821,0.3444008,0.106145,1.226599,-0.1949748,-0.02892783,0.05822409,0.03581927,0.8265456,-28.60941,32.81
20,-0.06922913,-0.08917236,0.9935913,1.0,-0.08848572,-0.09515381,0.9915161,-24.58246,7.453186,-24.20313,4.733475,0.2739544,0.3098769,1.0,-0.04483032,-0.08154297,0.9956512,31.32405,7.906738,-30.86745,4.501709,0.5570821,0.3444008,0.106145,1.226599,-0.1949748,-0.02892783,0.05822409,0.03581927,0.8265456,-28.60941,32.81
20,-0.0680542,-0.0827179,0.9942322,1.0,-0.09020996,-0.09341431,0.9915161,-24.56665,7.472931,-24.1895,4.670151,0.2737812,0.3088334,1.0,-0.02972412,-0.06416321,0.9974823,31.31386,7.950089,-30.86998,4.616364,0.5549006,0.3396607,0.1006545,1.226256,-0.1947728,-0.02633439,0.05791847,0.04371686,0.8278266,-28.60941,32.81
20,-0.0680542,-0.0827179,0.9942322,1.0,-0.09020996,-0.09341431,0.9915161,-24.56665,7.472931,-24.1895,4.670151,0.2737812,0.3088334,1.0,-0.02972412,-0.06416321,0.9974823,31.31386,7.950089,-30.86998,4.616364,0.5549006,0.3396607,0.1006545,1.226256,-0.1947728,-0.02633439,0.05791847,0.04371686,0.8278266,-28.60941,32.81
20,-0.07107544,-0.08378601,0.9939423,1.0,-0.08807373,-0.09674072,0.991394,-24.56392,7.53006,-24.17799,4.75975,0.2732019,0.3072976,1.0,-0.03817749,-0.05870056,0.9975433,31.31137,8.001999,-30.9969,4.645508,0.5565682,0.3378277,0.09467351,1.225949,-0.1946081,-0.02396623,0.05719382,0.05201599,0.8278266,-28.60941,32.81
20,-0.07107544,-0.08378601,0.9939423,1.0,-0.08807373,-0.09674072,0.991394,-24.56392,7.53006,-24.17799,4.75975,0.2732019,0.3072976,1.0,-0.03817749,-0.05870056,0.9975433,31.31137,8.001999,-30.9969,4.645508,0.5565682,0.3378277,0.09467351,1.225949,-0.1946081,-0.02396623,0.05719382,0.05201599,0.8278266,-28.60941,32.81
20,-0.07333374,-0.05671692,0.9956818,1.0,-0.08924866,-0.05683899,0.9943848,-24.58781,7.52037,-23.98518,4.920425,0.2741754,0.2991828,1.0,-0.03964233,-0.05641174,0.9976044,31.24309,7.914825,-30.65427,4.712753,0.5590088,0.3376395,0.08850205,1.225578,-0.1944097,-0.0218004,0.05608463,0.05982915,0.8278266,-28.60941,32.81
20,-0.07333374,-0.05671692,0.9956818,1.0,-0.08924866,-0.05683899,0.9943848,-24.58781,7.52037,-23.98518,4.920425,0.2741754,0.2991828,1.0,-0.03964233,-0.05641174,0.9976044,31.24309,7.914825,-30.65427,4.712753,0.5590088,0.3376395,0.08850205,1.225578,-0.1944097,-0.0218004,0.05608463,0.05982915,0.8278266,-28.60941,32.81
20,-0.1412964,-0.1155701,0.9831848,1.0,-0.1272278,-0.1367035,0.9823914,-25.25931,7.466583,-24.57954,4.593536,0.3031201,0.3208262,1.0,-0.1451569,-0.1097412,0.9832916,30.57657,7.816116,-30.99103,4.784988,0.6009549,0.3537794,0.08211672,1.224951,-0.1941835,-0.01980664,0.05451106,0.06810615,0.8278266,-28.60941,32.81
20,-0.1412964,-0.1155701,0.9831848,1.0,-0.1272278,-0.1367035,0.9823914,-25.25931,7.466583,-24.57954,4.593536,0.3031201,0.3208262,1.0,-0.1451569,-0.1097412,0.9832916,30.57657,7.816116,-30.99103,4.784988,0.6009549,0.3537794,0.08211672,1.224951,-0.1941835,-0.01980664,0.05451106,0.06810615,0.8278266,-28.60941,32.81
20,-0.1988068,-0.1311646,0.9712067,1.0,-0.1929626,-0.1959686,0.9614258,-25.55011,7.349197,-24.64323,4.391342,0.3239816,0.3368008,1.0,-0.1994934,-0.1228943,0.9721527,30.26201,7.742081,-31.05716,4.73909,0.6216959,0.3595504,0.07538998,1.22439,-0.193966,-0.01758152,0.05248796,0.07649086,0.8278266,-28.60941,32.81
20,-0.1988068,-0.1311646,0.9712067,1.0,-0.1929626,-0.1959686,0.9614258,-25.55011,7.349197,-24.64323,4.391342,0.3239816,0.3368008,1.0,-0.1994934,-0.1228943,0.9721527,30.26201,7.742081,-31.05716,4.73909,0.6216959,0.3595504,0.07538998,1.22439,-0.193966,-0.01758152,0.05248796,0.07649086,0.8278266,-28.60941,32.81
20,-0.1911011,-0.1987457,0.9612274,1.0,-0.1817932,-0.2490692,0.9512634,-25.58392,7.32254,-24.64963,3.935532,0.3236395,0.347168,1.0,-0.2041168,-0.1222076,0.971283,30.26077,7.754501,-31.05817,4.775894,0.6225709,0.3589855,0.06857574,1.223739,-0.1937026,-0.01545914,0.05034065,0.08475074,0.8278266,-28.60941,32.81
20,-0.1911011,-0.1987457,0.9612274,1.0,-0.1817932,-0.2490692,0.9512634,-25.58392,7.32254,-24.64963,3.935532,0.3236395,0.347168,1.0,-0.2041168,-0.1222076,0.971283,30.26077,7.754501,-31.05817,4.775894,0.6225709,0.3589855,0.06857574,1.223739,-0.1937026,-0.01545914,0.05034065,0.08475074,0.8278266,-28.60941,32.81
20,-0.1940155,-0.152298,0.969101,1.0,-0.1820374,-0.1734619,0.967865,-25.70583,7.32399,-24.65941,4.277435,0.3275137,0.3339025,1.0,-0.2028198,-0.1365509,0.969635,30.2009,7.778336,-31.0603,4.885162,0.6244468,0.3606913,0.06163561,1.222872,-0.1934264,-0.01320336,0.0483588,0.09369379,0.8278266,-36.91608,32.81
20,-0.1940155,-0.152298,0.969101,1.0,-0.1820374,-0.1734619,0.967865,-25.70583,7.32399,-24.65941,4.277435,0.3275137,0.3339025,1.0,-0.2028198,-0.1365509,0.969635,30.2009,7.778336,-31.0603,4.885162,0.6244468,0.3606913,0.06163561,1.222872,-0.1934264,-0.01320336,0.0483588,0.09369379,0.8278266,-36.91608,32.81
20,-0.1975555,-0.1611633,0.9669495,1.0,-0.1849518,-0.2144318,0.9590607,-25.79831,7.303146,-24.68709,4.254074,0.3310419,0.3420892,1.0,-0.2064209,-0.1216888,0.9708557,30.11525,7.79837,-31.07588,4.938568,0.6282437,0.3572961,0.05459058,1.221976,-0.1932296,-0.01066073,0.04629685,0.1036351,0.8278266,-36.91608,32.81
20,-0.1975555,-0.1611633,0.9669495,1.0,-0.1849518,-0.2144318,0.9590607,-25.79831,7.303146,-24.68709,4.254074,0.3310419,0.3420892,1.0,-0.2064209,-0.1216888,0.9708557,30.11525,7.79837,-31.07588,4.938568,0.6282437,0.3572961,0.05459058,1.221976,-0.1932296,-0.01066073,0.04629685,0.1036351,0.8278266,-36.91608,32.81
20,-0.1930847,-0.1587982,0.9682312,1.0,-0.1919403,-0.1845703,0.9638824,-25.85072,7.291656,-24.71465,4.395935,0.3338197,0.3375419,1.0,-0.1938934,-0.1381531,0.9712372,30.08055,7.783463,-31.06798,4.867111,0.6271874,0.3607503,0.04737556,1.220873,-0.1930503,-0.008495077,0.04358936,0.1147996,0.8278266,-36.91608,32.81
20,-0.1930847,-0.1587982,0.9682312,1.0,-0.1919403,-0.1845703,0.9638824,-25.85072,7.291656,-24.71465,4.395935,0.3338197,0.3375419,1.0,-0.1938934,-0.1381531,0.9712372,30.08055,7.783463,-31.06798,4.867111,0.6271874,0.3607503,0.04737556,1.220873,-0.1930503,-0.008495077,0.04358936,0.1147996,0.8278266,-36.91608,32.81
20,-0.1947021,-0.1651306,0.9668579,1.0,-0.1921997,-0.1845093,0.9638367,-25.88783,7.313797,-24.71703,4.431488,0.3350571,0.336823,1.0,-0.1967468,-0.1486969,0.969101,30.065,7.780411,-31.06938,4.768265,0.6282091,0.3628736,0.03982854,1.219755,-0.1929436,-0.007052665,0.03999102,0.1265295,0.8278266,-36.91608,32.81
20,-0.1947021,-0.1651306,0.9668579,1.0,-0.1921997,-0.1845093,0.9638367,-25.88783,7.313797,-24.71703,4.431488,0.3350571,0.336823,1.0,-0.1967468,-0.1486969,0.969101,30.065,7.780411,-31.06938,4.768265,0.6282091,0.3628736,0.03982854,1.219755,-0.1929436,-0.007052665,0.03999102,0.1265295,0.8278266,-36.91608,32.81
20,-0.1807709,-0.1567383,0.9709473,1.0,-0.1628876,-0.2106781,0.9638824,-25.93681,7.330109,-24.69699,4.271698,0.332002,0.3404594,1.0,-0.1968689,-0.1061249,0.9746552,30.00749,7.825455,-31.05823,4.984726,0.6304911,0.3531618,0.03617942,1.219242,-0.1928566,-0.006540737,0.03787191,0.1324024,0.8278266,-36.91608,32.81
20,-0.1823425,-0.1547089,0.9709778,1.0,-0.1667938,-0.2012787,0.96521,-25.96924,7.320755,-24.71358,4.229324,0.3337646,0.3393468,1.0,-0.1993256,-0.1018219,0.9746246,29.97093,7.846985,-31.06569,5.023163,0.6322913,0.3516079,0.02852404,1.218128,-0.1926847,-0.005431786,0.03365512,0.1449991,0.8278266,-36.91608,32.81
20,-0.1823425,-0.1547089,0.9709778,1.0,-0.1667938,-0.2012787,0.96521,-25.96924,7.320755,-24.71358,4.229324,0.3337646,0.3393468,1.0,-0.1993256,-0.1018219,0.9746246,29.97093,7.846985,-31.06569,5.023163,0.6322913,0.3516079,0.02852404,1.218128,-0.1926847,-0.005431786,0.03365512,0.1449991,0.8278266,-36.91608,32.81
20,-0.1870575,-0.1579895,0.9695587,1.0,-0.1796265,-0.2024841,0.9626617,-26.0063,7.332291,-24.73531,4.068817,0.3372343,0.3395849,1.0,-0.1956787,-0.1026611,0.9752655,29.85425,7.869598,-31.06645,4.963776,0.6358597,0.3508527,0.02473044,1.21741,-0.1927032,-0.005004883,0.03123259,0.1516027,0.8278266,-36.91608,32.81
20,-0.1870575,-0.1579895,0.9695587,1.0,-0.1796265,-0.2024841,0.9626617,-26.0063,7.332291,-24.73531,4.068817,0.3372343,0.3395849,1.0,-0.1956787,-0.1026611,0.9752655,29.85425,7.869598,-31.06645,4.963776,0.6358597,0.3508527,0.02473044,1.21741,-0.1927032,-0.005004883,0.03123259,0.1516027,0.8278266,-36.91608,32.81
20,-0.2095947,-0.1282043,0.9693451,1.0,-0.204071,-0.169281,0.9642029,-26.17708,7.609924,-24.70256,4.130981,0.3468954,0.3246335,1.0,-0.215683,-0.07897949,0.9732513,29.55438,8.003174,-31.10573,4.886993,0.6505826,0.3417451,0.01721597,1.215811,-0.192711,-0.004039403,0.02598836,0.1658466,0.8278266,-0.02960205,32.81
20,-0.2297668,-0.1252136,0.9651489,1.0,-0.2268066,-0.1590729,0.9608459,-26.22742,7.647659,-24.71355,4.285385,0.3521738,0.3219601,1.0,-0.233017,-0.08360291,0.9688568,29.52272,8.020538,-31.13193,4.845749,0.6548798,0.3422459,0.01336777,1.215109,-0.1927006,-0.003433194,0.02305449,0.1732112,0.8278266,-0.02960205,32.81
20,-0.223587,-0.1172333,0.9675903,1.0,-0.2121887,-0.158493,0.9642792,-26.24181,7.638565,-24.70892,4.258499,0.3502682,0.3219484,1.0,-0.2372589,-0.06532288,0.9692383,29.50163,8.015381,-31.14183,4.898773,0.6565483,0.3390823,0.009619117,1.214279,-0.1927243,-0.003080916,0.02012384,0.1805518,0.8278266,-0.02960205,32.81
20,-0.223587,-0.1172333,0.9675903,1.0,-0.2121887,-0.158493,0.9642792,-26.24181,7.638565,-24.70892,4.258499,0.3502682,0.3219484,1.0,-0.2372589,-0.06532288,0.9692383,29.50163,8.015381,-31.14183,4.898773,0.6565483,0.3390823,0.009619117,1.214279,-0.1927243,-0.003080916,0.02012384,0.1805518,0.8278266,-0.02960205,32.81
20,-0.2337646,-0.13237,0.9632263,1.0,-0.2176514,-0.175827,0.9600525,-26.3273,7.580795,-24.73445,4.218506,0.35403,0.3272755,1.0,-0.2527313,-0.07894897,0.9642944,29.42273,7.993332,-31.16716,4.79451,0.662144,0.3426913,0.002253294,1.212547,-0.1928244,-0.002382717,0.01459902,0.1957672,0.8278266,-0.02960205,32.81
20,-0.2168732,-0.1534424,0.9640503,1.0,-0.1851044,-0.1924591,0.9636688,-26.4657,7.485886,-24.75488,3.982758,0.3534618,0.3333207,1.0,-0.2535706,-0.1070099,0.9613647,29.3578,7.950317,-31.17969,4.711136,0.6644504,0.3496029,-0.001294732,1.211598,-0.192903,-0.001953125,0.01208928,0.2034507,0.8278266,-0.02960205,32.81
20,-0.2168732,-0.1534424,0.9640503,1.0,-0.1851044,-0.1924591,0.9636688,-26.4657,7.485886,-24.75488,3.982758,0.3534618,0.3333207,1.0,-0.2535706,-0.1070099,0.9613647,29.3578,7.950317,-31.17969,4.711136,0.6644504,0.3496029,-0.001294732,1.211598,-0.192903,-0.001953125,0.01208928,0.2034507,0.8278266,-0.02960205,32.81
20,-0.2340393,-0.1452789,0.9613037,1.0,-0.2302094,-0.1796722,0.9564056,-26.62523,7.406723,-24.84441,4.357239,0.3658049,0.3349477,1.0,-0.2370605,-0.11586,0.9645538,29.20662,7.921555,-31.19017,4.63588,0.6668844,0.3521984,-0.00831151,1.209443,-0.1931273,-0.0008004686,0.007386011,0.2190125,0.8278266,-0.02960205,32.81
20,-0.2232361,-0.1348267,0.9653778,1.0,-0.184906,-0.2131042,0.9593658,-26.74644,7.310349,-24.84674,3.96106,0.3626809,0.3436864,1.0,-0.2462158,-0.08560181,0.9654236,29.11455,7.886841,-31.2249,4.8004,0.6721439,0.3479579,-0.01175392,1.208217,-0.193275,0.0,0.004821391,0.2265731,0.8278266,-0.02960205,32.81
20,-0.2232361,-0.1348267,0.9653778,1.0,-0.184906,-0.2131042,0.9593658,-26.74644,7.310349,-24.84674,3.96106,0.3626809,0.3436864,1.0,-0.2462158,-0.08560181,0.9654236,29.11455,7.886841,-31.2249,4.8004,0.6721439,0.3479579,-0.01175392,1.208217,-0.193275,0.0,0.004821391,0.2265731,0.8278266,-0.02960205,32.81
20,-0.2291718,-0.1450043,0.9625092,1.0,-0.1999207,-0.2293701,0.9525757,-26.8221,7.221771,-24.89746,4.012238,0.3675475,0.3500738,1.0,-0.2441711,-0.09906006,0.9646454,29.0338,7.834442,-31.24425,4.896027,0.6746309,0.352401,-0.01466572,1.207116,-0.1932615,0.0009765625,0.001906799,0.2345833,0.8278266,-0.02960205,32.81
20,-0.2140045,-0.1470337,0.9656982,1.0,-0.1810913,-0.2179718,0.9589996,-26.89064,7.167847,-24.90582,3.819153,0.3669002,0.3498345,1.0,-0.2356873,-0.09819031,0.9668427,28.93073,7.802521,-31.26062,4.772766,0.6768344,0.3534672,-0.0210613,1.204667,-0.1934744,0.002606709,-0.003435363,0.2509023,0.8278266,-0.02960205,32.81
20,-0.2282867,-0.15271,0.9615326,1.0,-0.2089844,-0.2131195,0.9544067,-26.91435,7.193298,-24.93617,4.021667,0.3720832,0.3486317,1.0,-0.2435913,-0.1021729,0.9644775,28.90837,7.813095,-31.27211,4.855408,0.679136,0.3538651,-0.02684939,1.202275,-0.1937279,0.003398294,-0.008523095,0.2678434,0.8278266,-0.02960205,32.81
20,-0.2282867,-0.15271,0.9615326,1.0,-0.2089844,-0.2131195,0.9544067,-26.91435,7.193298,-24.93617,4.021667,0.3720832,0.3486317,1.0,-0.2435913,-0.1021729,0.9644775,28.90837,7.813095,-31.27211,4.855408,0.679136,0.3538651,-0.02684939,1.202275,-0.1937279,0.003398294,-0.008523095,0.2678434,0.8278266,-0.02960205,32.81
20,-0.15065,-0.1055908,0.9829254,1.0,-0.1397095,-0.131897,0.9813538,-26.57114,7.403351,-24.79144,4.380203,0.3492051,0.3252949,1.0,-0.1600037,-0.08282471,0.9836273,29.23901,7.980103,-31.15768,4.998627,0.6521266,0.3431806,-0.02970433,1.201014,-0.1938772,0.003512572,-0.01119592,0.2764449,0.8278266,-0.02960205,32.81
20,-0.15065,-0.1055908,0.9829254,1.0,-0.1397095,-0.131897,0.9813538,-26.57114,7.403351,-24.79144,4.380203,0.3492051,0.3252949,1.0,-0.1600037,-0.08282471,0.9836273,29.23901,7.980103,-31.15768,4.998627,0.6521266,0.3431806,-0.02970433,1.201014,-0.1938772,0.003512572,-0.01119592,0.2764449,0.8278266,-0.02960205,32.81
20,-0.0897522,-0.1062469,0.9902649,1.0,-0.08297729,-0.1413879,0.9864655,-26.32593,7.62764,-24.73232,4.462112,0.3315786,0.3181449,1.0,-0.09770203,-0.0640564,0.9931488,29.45909,8.118301,-31.04457,4.690506,0.6330811,0.3340154,-0.03550279,1.198303,-0.1942216,0.003823354,-0.01593988,0.292349,0.8278266,9.179993,32.81
20,-0.0831604,-0.08790588,0.9926453,1.0,-0.09568787,-0.08473206,0.9917908,-26.21533,7.791046,-25.453,4.885147,0.3285832,0.3077804,1.0,-0.08242798,-0.08808899,0.992691,29.55069,8.18634,-31.14915,4.555725,0.6270866,0.3370217,-0.03823423,1.196946,-0.1943634,0.004057806,-0.01855429,0.2995147,0.8278266,9.179993,32.81
20,-0.0831604,-0.08790588,0.9926453,1.0,-0.09568787,-0.08473206,0.9917908,-26.21533,7.791046,-25.453,4.885147,0.3285832,0.3077804,1.0,-0.08242798,-0.08808899,0.992691,29.55069,8.18634,-31.14915,4.555725,0.6270866,0.3370217,-0.03823423,1.196946,-0.1943634,0.004057806,-0.01855429,0.2995147,0.8278266,9.179993,32.81
20,-0.07382202,-0.0776062,0.9942322,1.0,-0.07540894,-0.06762695,0.9948425,-26.33131,7.86496,-25.95227,5.167328,0.3283697,0.3060485,1.0,-0.07382202,-0.07762146,0.9942322,29.47429,8.116318,-30.8925,4.706345,0.6281152,0.3352777,-0.04094827,1.195618,-0.194514,0.004399614,-0.02106801,0.3065782,0.8278266,9.179993,32.81
20,-0.09269714,-0.07778931,0.9926453,1.0,-0.09561157,-0.08634949,0.9916534,-26.47676,7.557724,-25.15376,4.769821,0.3379927,0.3142463,1.0,-0.09269714,-0.07775879,0.9926453,29.34621,8.138931,-31.10153,4.796143,0.6362811,0.3362204,-0.04556906,1.193173,-0.194718,0.004675468,-0.02631996,0.3198886,0.8278266,9.179993,32.81
20,-0.08392334,-0.05529785,0.9949341,1.0,-0.0975647,-0.09346008,0.9908295,-26.61147,7.441925,-25.07314,4.641296,0.3430871,0.3190061,1.0,-0.08380127,-0.05493164,0.9949646,29.20662,8.118591,-31.09711,4.664795,0.6397879,0.3326361,-0.05019963,1.190603,-0.1949353,0.004302004,-0.03058489,0.332577,0.8278266,9.179993,32.81
20,-0.08392334,-0.05529785,0.9949341,1.0,-0.0975647,-0.09346008,0.9908295,-26.61147,7.441925,-25.07314,4.641296,0.3430871,0.3190061,1.0,-0.08380127,-0.05493164,0.9949646,29.20662,8.118591,-31.09711,4.664795,0.6397879,0.3326361,-0.05019963,1.190603,-0.1949353,0.004302004,-0.03058489,0.332577,0.8278266,9.179993,32.81
20,-0.09152222,-0.06491089,0.9936829,1.0,-0.09080505,-0.09498596,0.9913177,-26.66791,7.392273,-25.0625,4.644394,0.3439027,0.3209029,1.0,-0.09153748,-0.06434631,0.9937134,29.15103,8.101883,-31.07687,4.885605,0.6432184,0.3345718,-0.05255961,1.189247,-0.1951172,0.004079779,-0.03273875,0.3389292,0.8278266,9.179993,32.81
20,-0.09152222,-0.06491089,0.9936829,1.0,-0.09080505,-0.09498596,0.9913177,-26.66791,7.392273,-25.0625,4.644394,0.3439027,0.3209029,1.0,-0.09153748,-0.06434631,0.9937134,29.15103,8.101883,-31.07687,4.885605,0.6432184,0.3345718,-0.05480635,1.187991,-0.1951588,0.00382725,-0.03488115,0.3449169,0.8278266,9.179993,32.81
20,-0.09152222,-0.06491089,0.9936829,1.0,-0.09080505,-0.09498596,0.9913177,-26.66791,7.392273,-25.0625,4.644394,0.3439027,0.3209029,1.0,-0.09153748,-0.06434631,0.9937134,29.15103,8.101883,-31.07687,4.885605,0.6432184,0.3345718,-0.05480635,1.187991,-0.1951588,0.00382725,-0.03488115,0.3449169,0.8278266,9.179993,32.81
20,-0.09152222,-0.06491089,0.9936829,1.0,-0.09080505,-0.09498596,0.9913177,-26.66791,7.392273,-25.0625,4.644394,0.3439027,0.3209029,1.0,-0.09153748,-0.06434631,0.9937134,29.15103,8.101883,-31.07687,4.885605,0.6432184,0.3345718,-0.05910003,1.185619,-0.1952507,0.002685547,-0.03947875,0.3569196,0.8278266,9.179993,32.81
20,-0.09152222,-0.06491089,0.9936829,1.0,-0.09080505,-0.09498596,0.9913177,-26.66791,7.392273,-25.0625,4.644394,0.3439027,0.3209029,1.0,-0.09153748,-0.06434631,0.9937134,29.15103,8.101883,-31.07687,4.885605,0.6432184,0.3345718,-0.06142223,1.18432,-0.1953824,0.002230916,-0.04174912,0.3631994,0.8278266,9.179993,32.81
20,-0.09152222,-0.06491089,0.9936829,1.0,-0.09080505,-0.09498596,0.9913177,-26.66791,7.392273,-25.0625,4.644394,0.3439027,0.3209029,1.0,-0.09153748,-0.06434631,0.9937134,29.15103,8.101883,-31.07687,4.885605,0.6432184,0.3345718,-0.06142223,1.18432,-0.1953824,0.002230916,-0.04174912,0.3631994,0.8278266,9.179993,32.81
20,-0.1058044,-0.0897522,0.9903259,1.0,-0.12677,-0.1248169,0.9840393,-27.03719,7.191574,-25.10616,4.648605,0.3621882,0.3337766,1.0,-0.1028442,-0.08479309,0.9910736,28.79364,8.011032,-31.13635,4.787338,0.6580251,0.3418981,-0.06550848,1.18169,-0.1953895,0.00179406,-0.046423,0.3758766,0.8278266,9.179993,32.81
20,-0.09095764,-0.106842,0.990097,1.0,-0.08303833,-0.1387024,0.9868317,-26.99017,7.183731,-25.10344,4.404907,0.3536147,0.3360737,1.0,-0.1015015,-0.06367493,0.9927826,28.85884,7.87117,-31.14384,4.790863,0.6553864,0.3432819,-0.06550848,1.18169,-0.1953895,0.00179406,-0.046423,0.3758766,0.8278266,9.179993,32.81
20,-0.09095764,-0.106842,0.990097,1.0,-0.08303833,-0.1387024,0.9868317,-26.99017,7.183731,-25.10344,4.404907,0.3536147,0.3360737,1.0,-0.1015015,-0.06367493,0.9927826,28.85884,7.87117,-31.14384,4.790863,0.6553864,0.3432819,-0.06550848,1.18169,-0.1953895,0.00179406,-0.046423,0.3758766,0.8278266,9.179993,32.81
20,-0.107193,-0.09738159,0.9894562,1.0,-0.1054382,-0.1091309,0.9884033,-27.05232,7.136047,-25.15413,4.599319,0.359204,0.3331667,1.0,-0.1087036,-0.08706665,0.9902496,28.76717,7.838974,-31.16995,4.694702,0.6598273,0.3489676,-0.06926596,1.179111,-0.1953782,0.002138845,-0.05110228,0.3879047,0.8278266,-3.606262,32.81
20,-0.102356,-0.1111755,0.9885101,1.0,-0.09526062,-0.1269684,0.9873199,-27.16064,7.064056,-25.16074,4.539261,0.3611884,0.3386976,1.0,-0.1081848,-0.09811401,0.9892731,28.64763,7.768906,-31.16856,4.801727,0.6640117,0.3533874,-0.0728935,1.176344,-0.195319,0.002548903,-0.0550525,0.3994116,0.8278266,-3.606262,32.81
20,-0.102356,-0.1111755,0.9885101,1.0,-0.09526062,-0.1269684,0.9873199,-27.16064,7.064056,-25.16074,4.539261,0.3611884,0.3386976,1.0,-0.1081848,-0.09811401,0.9892731,28.64763,7.768906,-31.16856,4.801727,0.6640117,0.3533874,-0.0728935,1.176344,-0.195319,0.002548903,-0.0550525,0.3994116,0.8278266,-3.606262,32.81
20,-0.1131439,-0.112793,0.9871521,1.0,-0.1213684,-0.1300812,0.9840393,-27.26288,6.98262,-25.19214,4.510391,0.3688743,0.3424976,1.0,-0.1063995,-0.09867859,0.9894104,28.54271,7.695038,-31.19658,4.754379,0.6674456,0.3563567,-0.07622826,1.173609,-0.1953236,0.00357147,-0.05831896,0.4108165,0.8278266,-3.606262,32.81
20,-0.1148224,-0.132431,0.9845123,1.0,-0.1091309,-0.1766968,0.9781799,-27.3196,6.930527,-25.20561,4.13504,0.3689438,0.3523868,1.0,-0.1195068,-0.09448242,0.9883118,28.5056,7.657639,-31.21724,4.883316,0.6712233,0.35702,-0.07925272,1.170874,-0.1953027,0.005486378,-0.06195594,0.4209021,0.8278266,-3.606262,32.81
20,-0.1148224,-0.132431,0.9845123,1.0,-0.1091309,-0.1766968,0.9781799,-27.3196,6.930527,-25.20561,4.13504,0.3689438,0.3523868,1.0,-0.1195068,-0.09448242,0.9883118,28.5056,7.657639,-31.21724,4.883316,0.6712233,0.35702,-0.07925272,1.170874,-0.1953027,0.005486378,-0.06195594,0.4209021,0.8278266,-3.606262,32.81
20,-0.1137238,-0.1009216,0.9883575,1.0,-0.1434784,-0.1291351,0.9811859,-27.43806,6.787674,-25.28934,4.506744,0.3782574,0.3499072,1.0,-0.09373474,-0.08198547,0.9922028,28.42278,7.614044,-31.19809,4.768814,0.6695706,0.3561343,-0.08179057,1.168415,-0.1949743,0.007677825,-0.06513455,0.4289138,0.8278266,-3.606262,32.81
20,-0.1137238,-0.1009216,0.9883575,1.0,-0.1434784,-0.1291351,0.9811859,-27.43806,6.787674,-25.28934,4.506744,0.3782574,0.3499072,1.0,-0.09373474,-0.08198547,0.9922028,28.42278,7.614044,-31.19809,4.768814,0.6695706,0.3561343,-0.08179057,1.168415,-0.1949743,0.007677825,-0.06513455,0.4289138,0.8278266,-3.606262,32.81
20,-0.1174316,-0.08570862,0.9893646,1.0,-0.1132355,-0.1487885,0.9823608,-27.69247,6.604019,-25.37015,4.271301,0.3818298,0.3599515,1.0,-0.118927,-0.06135559,0.9909973,28.2294,7.605179,-31.24834,4.932114,0.681481,0.3527326,-0.08402956,1.166033,-0.1947091,0.01039391,-0.06699226,0.435794,0.8278266,-3.606262,32.81
20,-0.1174316,-0.08570862,0.9893646,1.0,-0.1132355,-0.1487885,0.9823608,-27.69247,6.604019,-25.37015,4.271301,0.3818298,0.3599515,1.0,-0.118927,-0.06135559,0.9909973,28.2294,7.605179,-31.24834,4.932114,0.681481,0.3527326,-0.08402956,1.166033,-0.1947091,0.01039391,-0.06699226,0.435794,0.8278266,-3.606262,32.81
20,-0.1458588,-0.08372498,0.9857483,1.0,-0.158844,-0.11409,0.9806824,-27.80754,6.48526,-25.44017,4.49852,0.3929542,0.3589475,1.0,-0.1412659,-0.07304382,0.9872589,28.10313,7.567963,-31.28819,4.912216,0.690127,0.3564191,-0.08618164,1.163676,-0.1942385,0.01416594,-0.06913373,0.4411823,0.8278266,-3.606262,32.81
20,-0.1458588,-0.08372498,0.9857483,1.0,-0.158844,-0.11409,0.9806824,-27.80754,6.48526,-25.44017,4.49852,0.3929542,0.3589475,1.0,-0.1412659,-0.07304382,0.9872589,28.10313,7.567963,-31.28819,4.912216,0.690127,0.3564191,-0.08618164,1.163676,-0.1942385,0.01416594,-0.06913373,0.4411823,0.8278266,-3.606262,32.81
20,-0.15242,-0.08859253,0.9843292,1.0,-0.159729,-0.1069336,0.9813385,-27.87433,6.425049,-25.46823,4.6922,0.3951777,0.3599898,1.0,-0.1482697,-0.07821655,0.9858398,28.0696,7.589432,-31.287,4.918671,0.6926515,0.3565083,-0.08846366,1.161431,-0.1936204,0.01783773,-0.07252754,0.4448133,0.8278266,-3.606262,32.81
20,-0.15242,-0.08859253,0.9843292,1.0,-0.159729,-0.1069336,0.9813385,-27.87433,6.425049,-25.46823,4.6922,0.3951777,0.3599898,1.0,-0.1482697,-0.07821655,0.9858398,28.0696,7.589432,-31.287,4.918671,0.6926515,0.3565083,-0.08846366,1.161431,-0.1936204,0.01783773,-0.07252754,0.4448133,0.8278266,-3.606262,32.81
20,-0.1519165,-0.08830261,0.984436,1.0,-0.1602631,-0.1069031,0.9812622,-27.87857,6.425888,-25.47139,4.601883,0.3954613,0.3599898,1.0,-0.1459045,-0.07495117,0.9864502,28.06354,7.628326,-31.27217,5.044983,0.692572,0.3542482,-0.09066594,1.159185,-0.1929372,0.0207889,-0.07536722,0.4486068,0.8278266,-3.606262,32.81
20,-0.1519165,-0.08830261,0.984436,1.0,-0.1602631,-0.1069031,0.9812622,-27.87857,6.425888,-25.47139,4.601883,0.3954613,0.3599898,1.0,-0.1459045,-0.07495117,0.9864502,28.06354,7.628326,-31.27217,5.044983,0.692572,0.3542482,-0.09066594,1.159185,-0.1929372,0.0207889,-0.07536722,0.4486068,0.8278266,-3.606262,32.81
20,-0.1580505,-0.08872986,0.983429,1.0,-0.1631775,-0.1143341,0.9799347,-27.99496,6.43042,-25.50333,4.63588,0.3997375,0.3614291,1.0,-0.1534424,-0.06607056,0.9859314,27.97279,7.63501,-31.28534,5.003235,0.6973934,0.3523501,-0.09268868,1.156983,-0.1925287,0.02474597,-0.07812433,0.4519877,0.8278266,-24.60988,32.81
20,-0.1580505,-0.08872986,0.983429,1.0,-0.1631775,-0.1143341,0.9799347,-27.99496,6.43042,-25.50333,4.63588,0.3997375,0.3614291,1.0,-0.1534424,-0.06607056,0.9859314,27.97279,7.63501,-31.28534,5.003235,0.6973934,0.3523501,-0.09268868,1.156983,-0.1925287,0.02474597,-0.07812433,0.4519877,0.8278266,-24.60988,32.81
20,-0.1585388,-0.08071899,0.9840393,1.0,-0.1651917,-0.09379578,0.981781,-28.08783,6.374573,-25.54425,4.626892,0.403156,0.3601995,1.0,-0.1528473,-0.06958008,0.9857941,27.86952,7.578033,-31.29538,4.698837,0.700843,0.3552171,-0.09479749,1.154813,-0.1919585,0.02931416,-0.08239628,0.4540189,0.8278266,-24.60988,32.81
20,-0.1585388,-0.08071899,0.9840393,1.0,-0.1651917,-0.09379578,0.981781,-28.08783,6.374573,-25.54425,4.626892,0.403156,0.3601995,1.0,-0.1528473,-0.06958008,0.9857941,27.86952,7.578033,-31.29538,4.698837,0.700843,0.3552171,-0.09479749,1.154813,-0.1919585,0.02931416,-0.08239628,0.4540189,0.8278266,-24.60988,32.81
20,-0.184494,-0.06500244,0.9806671,1.0,-0.2098083,-0.08265686,0.9742279,-28.0932,6.373978,-25.57491,4.786163,0.4105127,0.3590112,1.0,-0.1645508,-0.05116272,0.9850311,27.82956,7.6008,-31.29475,4.895706,0.7048028,0.3507341,-0.09689748,1.152523,-0.1913832,0.03351892,-0.0872134,0.4550362,0.8278266,-24.60988,32.81
20,-0.184494,-0.06500244,0.9806671,1.0,-0.2098083,-0.08265686,0.9742279,-28.0932,6.373978,-25.57491,4.786163,0.4105127,0.3590112,1.0,-0.1645508,-0.05116272,0.9850311,27.82956,7.6008,-31.29475,4.895706,0.7048028,0.3507341,-0.09689748,1.152523,-0.1913832,0.03351892,-0.0872134,0.4550362,0.8278266,-24.60988,32.81
20,-0.1971741,-0.05360413,0.9788971,1.0,-0.2093048,-0.1005249,0.9726563,-28.16434,6.400146,-25.59406,4.667282,0.4128255,0.3613383,1.0,-0.1872101,-0.01626587,0.9821777,27.77361,7.636856,-31.33359,5.189423,0.7117788,0.3428856,-0.09879482,1.150432,-0.1909792,0.03746624,-0.09142683,0.4568423,0.8278266,-24.60988,32.81
20,-0.1971741,-0.05360413,0.9788971,1.0,-0.2093048,-0.1005249,0.9726563,-28.16434,6.400146,-25.59406,4.667282,0.4128255,0.3613383,1.0,-0.1872101,-0.01626587,0.9821777,27.77361,7.636856,-31.33359,5.189423,0.7117788,0.3428856,-0.09879482,1.150432,-0.1909792,0.03746624,-0.09142683,0.4568423,0.8278266,-24.60988,32.81
20,-0.2129822,-0.06031799,0.975174,1.0,-0.2257233,-0.08283997,0.9706573,-28.22467,6.332291,-25.6091,4.717682,0.4174987,0.3609186,1.0,-0.1964874,-0.03147888,0.9799957,27.61217,7.556656,-31.36678,5.029175,0.7192851,0.3488114,-0.1005071,1.148445,-0.1904742,0.04056924,-0.09507295,0.4595067,0.8278266,-24.60988,32.81
20,-0.2129822,-0.06031799,0.975174,1.0,-0.2257233,-0.08283997,0.9706573,-28.22467,6.332291,-25.6091,4.717682,0.4174987,0.3609186,1.0,-0.1964874,-0.03147888,0.9799957,27.61217,7.556656,-31.36678,5.029175,0.7192851,0.3488114,-0.1005071,1.148445,-0.1904742,0.04056924,-0.09507295,0.4595067,0.8278266,-24.60988,32.81
20,-0.2151947,-0.06477356,0.974411,1.0,-0.2417297,-0.08638,0.9664764,-28.38896,6.334808,-25.65065,4.56546,0.4256439,0.3620068,1.0,-0.1812744,-0.03735352,0.9827118,27.44704,7.512253,-31.38271,4.923233,0.722539,0.3514653,-0.1022007,1.146915,-0.1898026,0.04208983,-0.09672415,0.4627848,0.8278266,-24.60988,32.81
20,-0.2151947,-0.06477356,0.974411,1.0,-0.2417297,-0.08638,0.9664764,-28.38896,6.334808,-25.65065,4.56546,0.4256439,0.3620068,1.0,-0.1812744,-0.03735352,0.9827118,27.44704,7.512253,-31.38271,4.923233,0.722539,0.3514653,-0.1022007,1.146915,-0.1898026,0.04208983,-0.09672415,0.4627848,0.8278266,-24.60988,32.81
21,-0.2440643,-0.06022644,0.9678802,1.0,-0.2645264,-0.06811523,0.9619598,-28.53075,6.348251,-25.69342,4.672226,0.4340248,0.3591348,1.0,-0.2222748,-0.05184937,0.9736023,27.32219,7.553253,-31.41299,4.94809,0.7350754,0.3525635,-0.1035484,1.145749,-0.1892151,0.04259257,-0.09656711,0.4665231,0.8278266,-24.60988,32.81
21,-0.2440643,-0.06022644,0.9678802,1.0,-0.2645264,-0.06811523,0.9619598,-28.53075,6.348251,-25.69342,4.672226,0.4340248,0.3591348,1.0,-0.2222748,-0.05184937,0.9736023,27.32219,7.553253,-31.41299,4.94809,0.7350754,0.3525635,-0.1035484,1.145749,-0.1892151,0.04259257,-0.09656711,0.4665231,0.8278266,-24.60988,32.81
21,-0.231308,-0.06010437,0.9710083,1.0,-0.2526703,-0.08981323,0.9633636,-28.70578,6.260574,-25.72728,4.53775,0.4378886,0.3659024,1.0,-0.2145233,-0.03703308,0.9760132,27.14848,7.513,-31.44237,4.883377,0.7403959,0.3512028,-0.1044821,1.144638,-0.18855,0.04372691,-0.095654,0.4694843,0.8278266,24.23354,32.81
21,-0.231308,-0.06010437,0.9710083,1.0,-0.2526703,-0.08981323,0.9633636,-28.70578,6.260574,-25.72728,4.53775,0.4378886,0.3659024,1.0,-0.2145233,-0.03703308,0.9760132,27.14848,7.513,-31.44237,4.883377,0.7403959,0.3512028,-0.1044821,1.144638,-0.18855,0.04372691,-0.095654,0.4694843,0.8278266,24.23354,32.81
21,-0.2391968,-0.04067993,0.970108,1.0,-0.2675781,-0.07192993,0.9608459,-28.74396,6.161865,-25.77698,4.682358,0.4415148,0.3667561,1.0,-0.2160797,-0.01553345,0.9762421,27.07469,7.469513,-31.46689,5.066299,0.7439643,0.3486809,-0.1051966,1.143752,-0.1878778,0.04491856,-0.0948253,0.4717868,0.8278266,24.23354,32.81
21,-0.2391968,-0.04067993,0.970108,1.0,-0.2675781,-0.07192993,0.9608459,-28.74396,6.161865,-25.77698,4.682358,0.4415148,0.3667561,1.0,-0.2160797,-0.01553345,0.9762421,27.07469,7.469513,-31.46689,5.066299,0.7439643,0.3486809,-0.1051966,1.143752,-0.1878778,0.04491856,-0.0948253,0.4717868,0.8278266,24.23354,32.81
21,-0.2377319,-0.04147339,0.9704285,1.0,-0.264328,-0.07185364,0.9617462,-28.7437,6.133072,-25.78285,4.655136,0.4409916,0.3677034,1.0,-0.2161102,-0.01707458,0.9762115,27.07469,7.476089,-31.46307,5.065643,0.7439643,0.3486809,-0.1059815,1.14278,-0.1872983,0.04670829,-0.09433935,0.4735512,0.8278266,24.23354,32.81
21,-0.2377319,-0.04147339,0.9704285,1.0,-0.264328,-0.07185364,0.9617462,-28.7437,6.133072,-25.78285,4.655136,0.4409916,0.3677034,1.0,-0.2161102,-0.01707458,0.9762115,27.07469,7.476089,-31.46307,5.065643,0.7439643,0.3486809,-0.1059815,1.14278,-0.1872983,0.04670829,-0.09433935,0.4735512,0.8278266,24.23354,32.81
21,-0.2350616,-0.05299377,0.97052,1.0,-0.2661133,-0.07246399,0.9611969,-28.73053,6.12323,-25.78857,4.622971,0.4408706,0.3681895,1.0,-0.2080078,-0.03613281,0.9774475,27.07831,7.480652,-31.45441,4.876434,0.741843,0.3522083,-0.1065696,1.141913,-0.1868785,0.04870223,-0.09469966,0.4743099,0.8278266,24.23354,32.81
21,-0.2350616,-0.05299377,0.97052,1.0,-0.2661133,-0.07246399,0.9611969,-28.73053,6.12323,-25.78857,4.622971,0.4408706,0.3681895,1.0,-0.2080078,-0.03613281,0.9774475,27.07831,7.480652,-31.45441,4.876434,0.741843,0.3522083,-0.1065696,1.141913,-0.1868785,0.04870223,-0.09469966,0.4743099,0.8278266,24.23354,32.81
21,-0.2356567,-0.05039978,0.97052,1.0,-0.256485,-0.06904602,0.9640656,-28.69676,6.130875,-25.78223,4.603058,0.4381982,0.3671867,1.0,-0.2098694,-0.0275116,0.9773254,27.0975,7.482285,-31.44781,4.912827,0.7415775,0.3504789,-0.1072482,1.141088,-0.1863066,0.05038873,-0.09523292,0.4742298,0.8278266,24.23354,32.81
21,-0.2356567,-0.05039978,0.97052,1.0,-0.256485,-0.06904602,0.9640656,-28.69676,6.130875,-25.78223,4.603058,0.4381982,0.3671867,1.0,-0.2098694,-0.0275116,0.9773254,27.0975,7.482285,-31.44781,4.912827,0.7415775,0.3504789,-0.1072482,1.141088,-0.1863066,0.05038873,-0.09523292,0.4742298,0.8278266,24.23354,32.81
21,-0.2367706,-0.05015564,0.9702606,1.0,-0.2608032,-0.06942749,0.9628754,-28.70258,6.145264,-25.7858,4.504074,0.4391777,0.3668369,1.0,-0.2081451,-0.02737427,0.9777069,27.10803,7.483688,-31.44751,4.84108,0.7407726,0.3504789,-0.1079546,1.140207,-0.1858741,0.0518885,-0.09579565,0.4749488,0.8278266,24.23354,32.81
21,-0.2367706,-0.05015564,0.9702606,1.0,-0.2608032,-0.06942749,0.9628754,-28.70258,6.145264,-25.7858,4.504074,0.4391777,0.3668369,1.0,-0.2081451,-0.02737427,0.9777069,27.10803,7.483688,-31.44751,4.84108,0.7407726,0.3504789,-0.1079546,1.140207,-0.1858741,0.0518885,-0.09579565,0.4749488,0.8278266,24.23354,32.81
21,-0.2358704,-0.0475769,0.9706116,1.0,-0.2631073,-0.06484985,0.9625702,-28.73845,6.174973,-25.79688,4.568909,0.4407044,0.3652197,1.0,-0.2073364,-0.02960205,0.9778137,27.0981,7.49707,-31.44118,4.841095,0.7409902,0.3503156,-0.1083291,1.139753,-0.1857168,0.05267217,-0.09632779,0.475533,0.8278266,24.23354,32.81
21,-0.2354889,-0.04801941,0.9706879,1.0,-0.2583008,-0.06253052,0.9640198,-28.73761,6.175583,-25.79634,4.518555,0.4399297,0.3647366,1.0,-0.2083893,-0.03088379,0.9775543,27.0975,7.505951,-31.43713,4.839096,0.7412076,0.3501899,-0.1085852,1.139337,-0.185559,0.05361347,-0.09706931,0.4760585,0.8278266,24.23354,32.81
21,-0.2354889,-0.04801941,0.9706879,1.0,-0.2583008,-0.06253052,0.9640198,-28.73761,6.175583,-25.79634,4.518555,0.4399297,0.3647366,1.0,-0.2083893,-0.03088379,0.9775543,27.0975,7.505951,-31.43713,4.839096,0.7412076,0.3501899,-0.1085852,1.139337,-0.185559,0.05361347,-0.09706931,0.4760585,0.8278266,24.23354,32.81
21,-0.2314148,-0.04981995,0.9715729,1.0,-0.2506409,-0.06469727,0.9659119,-28.776,6.187805,-25.81285,4.513107,0.4399297,0.3647516,1.0,-0.2084503,-0.03215027,0.9774933,27.0975,7.51207,-31.43285,4.841171,0.7412076,0.3501523,-0.1092688,1.138544,-0.1853617,0.05505141,-0.0984344,0.4770475,0.8278266,39.68481,32.81
21,-0.2314148,-0.04981995,0.9715729,1.0,-0.2506409,-0.06469727,0.9659119,-28.776,6.187805,-25.81285,4.513107,0.4399297,0.3647516,1.0,-0.2084503,-0.03215027,0.9774933,27.0975,7.51207,-31.43285,4.841171,0.7412076,0.3501523,-0.1092688,1.138544,-0.1853617,0.05505141,-0.0984344,0.4770475,0.8278266,39.68481,32.81
21,-0.2315063,-0.04263306,0.9718933,1.0,-0.2518463,-0.05783081,0.9660187,-28.84566,6.21875,-25.84802,4.537216,0.4424232,0.3628809,1.0,-0.2028351,-0.0213623,0.9789734,27.01804,7.531113,-31.43192,4.734009,0.7432756,0.3472745,-0.1098462,1.137818,-0.1852145,0.05578627,-0.09900136,0.4783831,0.8278266,39.68481,32.81
21,-0.2315063,-0.04263306,0.9718933,1.0,-0.2518463,-0.05783081,0.9660187,-28.84566,6.21875,-25.84802,4.537216,0.4424232,0.3628809,1.0,-0.2028351,-0.0213623,0.9789734,27.01804,7.531113,-31.43192,4.734009,0.7432756,0.3472745,-0.1098462,1.137818,-0.1852145,0.05578627,-0.09900136,0.4783831,0.8278266,39.68481,32.81
21,-0.2270966,-0.03334045,0.9732971,1.0,-0.2429962,-0.06950378,0.9675293,-28.86963,6.217926,-25.84958,4.48996,0.4417593,0.3647986,1.0,-0.2011108,0.02415466,0.9792633,26.97166,7.533066,-31.44966,5.137619,0.7458565,0.3382529,-0.1103827,1.137062,-0.1849712,0.05689131,-0.09969641,0.4795645,0.8278266,39.68481,32.81
21,-0.2334747,-0.02946472,0.9719086,1.0,-0.2544403,-0.06562805,0.9648438,-28.86963,6.217926,-25.85532,4.52626,0.4436266,0.3643218,1.0,-0.2017517,0.02401733,0.979126,26.97356,7.532486,-31.44023,5.139252,0.7458565,0.3382529,-0.1107093,1.136598,-0.1849079,0.05762249,-0.1002276,0.479895,0.8278266,39.68481,32.81
21,-0.2359009,-0.02682495,0.9713898,1.0,-0.2523499,-0.0635376,0.9655457,-28.86948,6.216888,-25.85658,4.51004,0.4432937,0.3639912,1.0,-0.20961,0.03025818,0.9773102,26.97533,7.532776,-31.44318,5.188904,0.7474617,0.3370131,-0.1110858,1.136189,-0.1848478,0.05846633,-0.1008695,0.4801885,0.8278266,39.68481,32.81
21,-0.2359009,-0.02682495,0.9713898,1.0,-0.2523499,-0.0635376,0.9655457,-28.86948,6.216888,-25.85658,4.51004,0.4432937,0.3639912,1.0,-0.20961,0.03025818,0.9773102,26.97533,7.532776,-31.44318,5.188904,0.7474617,0.3370131,-0.1110858,1.136189,-0.1848478,0.05846633,-0.1008695,0.4801885,0.8278266,39.68481,32.81
21,-0.233902,-0.02850342,0.9718323,1.0,-0.2524414,-0.06056213,0.9657135,-28.85905,6.215591,-25.85905,4.525925,0.4429606,0.3635479,1.0,-0.2029266,0.02391052,0.9788971,26.97913,7.532486,-31.43625,5.139526,0.7458565,0.3382529,-0.111806,1.135351,-0.1848408,0.05991178,-0.1024924,0.4806998,0.8278266,39.68481,32.81
21,-0.2408905,-0.02301025,0.9702759,1.0,-0.2592773,-0.05622864,0.9641571,-28.82761,6.210327,-25.86147,4.531326,0.4430576,0.3630759,1.0,-0.2109222,0.02989197,0.9770355,26.98109,7.532501,-31.43346,5.189697,0.7474617,0.3370131,-0.1119763,1.135057,-0.1847481,0.06053543,-0.1034304,0.4807803,0.8278266,39.68481,32.81
21,-0.2486572,-0.01792908,0.9684143,1.0,-0.2649841,-0.05278015,0.9627991,-28.80899,6.21199,-25.86435,4.534134,0.4433906,0.3625206,1.0,-0.2190704,0.0433197,0.9747314,26.97812,7.532806,-31.43008,5.238419,0.7494101,0.3343336,-0.1122231,1.13466,-0.1846894,0.06100133,-0.1041011,0.4809096,0.8278266,39.68481,32.81
21,-0.2486572,-0.01792908,0.9684143,1.0,-0.2649841,-0.05278015,0.9627991,-28.80899,6.21199,-25.86435,4.534134,0.4433906,0.3625206,1.0,-0.2190704,0.0433197,0.9747314,26.97812,7.532806,-31.43008,5.238419,0.7494101,0.3343336,-0.1122231,1.13466,-0.1846894,0.06100133,-0.1041011,0.4809096,0.8278266,39.68481,32.81
21,-0.2538605,-0.007720947,0.9672089,1.0,-0.274704,-0.0489502,0.9602661,-28.83517,6.228363,-25.88602,4.489258,0.4459042,0.3616285,1.0,-0.2226563,0.05207825,0.9734955,26.97585,7.533371,-31.43346,5.236053,0.7503369,0.3326519,-0.1129178,1.134085,-0.1846834,0.06181858,-0.1053142,0.4814803,0.8278266,39.68481,32.81
21,-0.2595978,0.01400757,0.9656067,1.0,-0.2963715,-0.01509094,0.9549408,-28.86487,6.232849,-25.90645,4.867279,0.4502658,0.3562859,1.0,-0.2076416,0.05433655,0.9766846,26.84183,7.534744,-31.46266,5.174637,0.7527381,0.3321459,-0.1132325,1.133818,-0.184646,0.06198083,-0.1056633,0.4820746,0.8278266,39.68481,32.81
21,-0.2595978,0.01400757,0.9656067,1.0,-0.2963715,-0.01509094,0.9549408,-28.86487,6.232849,-25.90645,4.867279,0.4502658,0.3562859,1.0,-0.2076416,0.05433655,0.9766846,26.84183,7.534744,-31.46266,5.174637,0.7527381,0.3321459,-0.1132325,1.133818,-0.184646,0.06198083,-0.1056633,0.4820746,0.8278266,39.68481,32.81
21,-0.2515869,0.0165863,0.9676819,1.0,-0.2870483,-0.03422546,0.9572906,-28.88469,6.229111,-25.89731,4.653824,0.4494932,0.359397,1.0,-0.2120361,0.07162476,0.9746246,26.83243,7.536728,-31.48196,5.344788,0.7545466,0.3287002,-0.113399,1.133585,-0.1846527,0.06218845,-0.105907,0.4828136,0.8278266,39.68481,32.81
21,-0.2541504,0.01438904,0.967041,1.0,-0.2909393,-0.02542114,0.9563904,-28.90555,6.227676,-25.90857,4.771835,0.4507557,0.3581347,1.0,-0.2120056,0.05899048,0.9754791,26.82353,7.532745,-31.46861,5.263351,0.7545466,0.3311985,-0.113736,1.133161,-0.184589,0.06252538,-0.1061583,0.484006,0.8278266,39.68481,32.81
21,-0.2532654,0.01184082,0.9673157,1.0,-0.2902679,-0.02445984,0.9566193,-28.90881,6.222977,-25.90953,4.771805,0.4507557,0.3581347,1.0,-0.2105103,0.05291748,0.9761505,26.81386,7.532745,-31.46846,5.264313,0.7545466,0.3323389,-0.1139566,1.132944,-0.1845812,0.0630461,-0.1062867,0.484262,0.8278266,41.86621,32.81
21,-0.2532654,0.01184082,0.9673157,1.0,-0.2902679,-0.02445984,0.9566193,-28.90881,6.222977,-25.90953,4.771805,0.4507557,0.3581347,1.0,-0.2105103,0.05291748,0.9761505,26.81386,7.532745,-31.46846,5.264313,0.7545466,0.3323389,-0.1139566,1.132944,-0.1845812,0.0630461,-0.1062867,0.484262,0.8278266,41.86621,32.81
21,-0.2503052,0.007904053,0.9681244,1.0,-0.2830811,-0.02429199,0.9587708,-28.90555,6.219833,-25.91231,4.744873,0.4494821,0.3581347,1.0,-0.2042694,0.05223083,0.9775085,26.80756,7.53331,-31.45427,5.267746,0.7535357,0.3323389,-0.1140791,1.132751,-0.1846043,0.06347644,-0.106449,0.4843485,0.8278266,41.86621,32.81
21,-0.2517548,0.001434326,0.9677734,1.0,-0.2810211,-0.0294342,0.9592438,-28.90512,6.216904,-25.91194,4.69902,0.4491456,0.359063,1.0,-0.203949,0.0508728,0.9776459,26.80568,7.534073,-31.45163,5.2677,0.7535179,0.3325483,-0.1144423,1.132244,-0.1847208,0.06442249,-0.107138,0.4843195,0.8278266,41.86621,32.81
21,-0.2402649,0.001983643,0.9707031,1.0,-0.2746735,-0.01249695,0.961441,-28.87367,6.239273,-25.90721,4.795776,0.4470321,0.3553616,1.0,-0.1844177,0.02520752,0.9825134,26.79546,7.561905,-31.33818,4.783707,0.7489575,0.3358719,-0.1146661,1.132051,-0.1847379,0.06478462,-0.1076268,0.4842473,0.8278266,41.86621,32.81
21,-0.2402649,0.001983643,0.9707031,1.0,-0.2746735,-0.01249695,0.961441,-28.87367,6.239273,-25.90721,4.795776,0.4470321,0.3553616,1.0,-0.1844177,0.02520752,0.9825134,26.79546,7.561905,-31.33818,4.783707,0.7489575,0.3358719,-0.1146661,1.132051,-0.1847379,0.06478462,-0.1076268,0.4842473,0.8278266,41.86621,32.81
21,-0.2439117,0.007919312,0.9697571,1.0,-0.2669678,-0.03672791,0.9629974,-28.86244,6.263672,-25.89389,4.584778,0.4454873,0.3583788,1.0,-0.2104797,0.0705719,0.9750366,26.7778,7.617294,-31.42651,5.328674,0.7564812,0.3251306,-0.1149298,1.131902,-0.1847107,0.06506096,-0.1080264,0.4844019,0.8278266,41.86621,32.81
21,-0.2398529,0.01565552,0.9706726,1.0,-0.2744446,-0.01275635,0.9615021,-28.8631,6.296082,-25.90532,4.607483,0.4468008,0.3534471,1.0,-0.1875305,0.05784607,0.980545,26.77141,7.625351,-31.35732,5.248169,0.7517894,0.3268675,-0.1154439,1.131669,-0.1846449,0.06515651,-0.1086862,0.4845565,0.8278266,41.86621,32.81
21,-0.2438354,0.03056335,0.9693298,1.0,-0.2807007,0.001678467,0.9597931,-28.86209,6.307892,-25.91966,4.789185,0.4476994,0.3508515,1.0,-0.1833801,0.07685852,0.9800262,26.76346,7.639099,-31.34592,5.240677,0.7515695,0.3226323,-0.1155258,1.13161,-0.1846244,0.06518966,-0.1088043,0.4845551,0.8278266,41.86621,32.81
21,-0.2438202,0.03520203,0.9691772,1.0,-0.2824707,0.006256104,0.9592438,-28.86118,6.308136,-25.92232,4.75563,0.4480064,0.3501158,1.0,-0.1849213,0.07830811,0.9796143,26.76266,7.640915,-31.34052,5.257843,0.7519415,0.3222106,-0.1157196,1.131525,-0.1845923,0.06522291,-0.1087187,0.4846764,0.8278266,41.86621,32.81
21,-0.2438202,0.03520203,0.9691772,1.0,-0.2824707,0.006256104,0.9592438,-28.86118,6.308136,-25.92232,4.75563,0.4480064,0.3501158,1.0,-0.1849213,0.07830811,0.9796143,26.76266,7.640915,-31.34052,5.257843,0.7519415,0.3222106,-0.1157196,1.131525,-0.1845923,0.06522291,-0.1087187,0.4846764,0.8278266,41.86621,32.81
21,-0.2356873,0.0327301,0.9712677,1.0,-0.2733002,-0.003326416,0.9619141,-28.8611,6.307663,-25.92216,4.576126,0.4465947,0.3515871,1.0,-0.1869659,0.07843018,0.9792175,26.76425,7.639481,-31.34052,5.288315,0.7523137,0.3222106,-0.1159207,1.131324,-0.1845756,0.06544779,-0.1088075,0.4854949,0.8278266,41.86621,32.81
21,-0.2329865,0.03540039,0.971817,1.0,-0.2725372,-0.002548218,0.9621277,-28.85854,6.304718,-25.92232,4.749329,0.4462495,0.3515871,1.0,-0.1864014,0.07914734,0.9792786,26.76434,7.63652,-31.34232,5.282898,0.7521967,0.3222106,-0.1159285,1.13125,-0.1846021,0.06563014,-0.1089032,0.4860063,0.8278266,41.86621,32.81
21,-0.2277832,0.03961182,0.9729004,1.0,-0.2695007,-0.002197266,0.9629822,-28.85695,6.302536,-25.92244,4.752426,0.4456908,0.3515665,1.0,-0.1872559,0.0793457,0.9790955,26.76733,7.633484,-31.34682,5.286148,0.7522552,0.3223346,-0.1161977,1.130993,-0.1845051,0.06557187,-0.1092042,0.4869731,0.8278266,41.86621,32.81
21,-0.2277832,0.03961182,0.9729004,1.0,-0.2695007,-0.002197266,0.9629822,-28.85695,6.302536,-25.92244,4.752426,0.4456908,0.3515665,1.0,-0.1872559,0.0793457,0.9790955,26.76733,7.633484,-31.34682,5.286148,0.7522552,0.3223346,-0.1161977,1.130993,-0.1845051,0.06557187,-0.1092042,0.4869731,0.8278266,41.86621,32.81
21,-0.2273865,0.04660034,0.9726715,1.0,-0.2560272,0.005126953,0.9666443,-28.82469,6.338562,-25.91322,4.79364,0.44239,0.3488989,1.0,-0.199234,0.0864563,0.97612,26.83965,7.656906,-31.33807,5.255234,0.7518296,0.3201584,-0.1161977,1.130993,-0.1845051,0.06557187,-0.1092042,0.4869731,0.8278266,41.86621,32.81
21,-0.2273865,0.04660034,0.9726715,1.0,-0.2560272,0.005126953,0.9666443,-28.82469,6.338562,-25.91322,4.79364,0.44239,0.3488989,1.0,-0.199234,0.0864563,0.97612,26.83965,7.656906,-31.33807,5.255234,0.7518296,0.3201584,-0.1161977,1.130993,-0.1845051,0.06557187,-0.1092042,0.4869731,0.8278266,41.86621,32.81
21,-0.2203979,0.03982544,0.9745789,1.0,-0.242691,-0.00831604,0.9700623,-28.838,6.358368,-25.89816,4.731674,0.4406395,0.3502292,1.0,-0.1986542,0.08547974,0.9763184,26.83701,7.665939,-31.33096,5.253464,0.7518296,0.3199156,-0.1164556,1.130819,-0.1844875,0.06447718,-0.1088834,0.4887533,0.8278266,41.86621,32.81
21,-0.2389984,0.04959106,0.9697418,1.0,-0.2898407,0.01564026,0.9569397,-28.91077,6.247208,-25.97433,4.947128,0.4507296,0.3511479,1.0,-0.1918945,0.08033752,0.9781189,26.70586,7.52597,-31.32988,5.354538,0.7553781,0.3259476,-0.1162785,1.130775,-0.1843071,0.06389673,-0.1081047,0.4908339,0.8342313,11.81094,32.81
21,-0.2389984,0.04959106,0.9697418,1.0,-0.2898407,0.01564026,0.9569397,-28.91077,6.247208,-25.97433,4.947128,0.4507296,0.3511479,1.0,-0.1918945,0.08033752,0.9781189,26.70586,7.52597,-31.32988,5.354538,0.7553781,0.3259476,-0.1162785,1.130775,-0.1843071,0.06389673,-0.1081047,0.4908339,0.8342313,11.81094,32.81
21,-0.2389984,0.04959106,0.9697418,1.0,-0.2898407,0.01564026,0.9569397,-28.91077,6.247208,-25.97433,4.947128,0.4507296,0.3511479,1.0,-0.1918945,0.08033752,0.9781189,26.70586,7.52597,-31.32988,5.354538,0.7553781,0.3259476,-0.1163429,1.130535,-0.1841885,0.06395984,-0.1076315,0.4917021,0.8342313,11.81094,32.81
21,-0.2389984,0.04959106,0.9697418,1.0,-0.2898407,0.01564026,0.9569397,-28.91077,6.247208,-25.97433,4.947128,0.4507296,0.3511479,1.0,-0.1918945,0.08033752,0.9781189,26.70586,7.52597,-31.32988,5.354538,0.7553781,0.3259476,-0.1164197,1.130356,-0.1841792,0.06423057,-0.1071948,0.4920925,0.8342313,11.81094,32.81
21,-0.2389984,0.04959106,0.9697418,1.0,-0.2898407,0.01564026,0.9569397,-28.91077,6.247208,-25.97433,4.947128,0.4507296,0.3511479,1.0,-0.1918945,0.08033752,0.9781189,26.70586,7.52597,-31.32988,5.354538,0.7553781,0.3259476,-0.1164197,1.130356,-0.1841792,0.06423057,-0.1071948,0.4920925,0.8342313,11.81094,32.81
21,-0.2389984,0.04959106,0.9697418,1.0,-0.2898407,0.01564026,0.9569397,-28.91077,6.247208,-25.97433,4.947128,0.4507296,0.3511479,1.0,-0.1918945,0.08033752,0.9781189,26.70586,7.52597,-31.32988,5.354538,0.7553781,0.3259476,-0.1165472,1.130138,-0.184078,0.06484164,-0.1066865,0.4925465,0.8342313,11.81094,32.81
21,-0.2389984,0.04959106,0.9697418,1.0,-0.2898407,0.01564026,0.9569397,-28.91077,6.247208,-25.97433,4.947128,0.4507296,0.3511479,1.0,-0.1918945,0.08033752,0.9781189,26.70586,7.52597,-31.32988,5.354538,0.7553781,0.3259476,-0.1165472,1.130138,-0.184078,0.06484164,-0.1066865,0.4925465,0.8342313,11.81094,32.81
21,-0.2895966,0.01470947,0.9570313,1.0,-0.3199158,-0.01928711,0.9472351,-29.05473,6.045822,-26.04147,5.250076,0.4600711,0.3647493,1.0,-0.2516022,0.05632019,0.9661865,26.57896,7.339417,-31.4398,5.397476,0.7717024,0.3379809,-0.1167065,1.129895,-0.1839479,0.06544228,-0.1067703,0.4926823,0.8342313,11.81094,32.81
21,-0.2895966,0.01470947,0.9570313,1.0,-0.3199158,-0.01928711,0.9472351,-29.05473,6.045822,-26.04147,5.250076,0.4600711,0.3647493,1.0,-0.2516022,0.05632019,0.9661865,26.57896,7.339417,-31.4398,5.397476,0.7717024,0.3379809,-0.1167065,1.129895,-0.1839479,0.06544228,-0.1067703,0.4926823,0.8342313,11.81094,32.81
21,-0.2887421,0.007766724,0.9573669,1.0,-0.3213043,-0.01197815,0.9468842,-29.05391,6.041824,-26.04675,5.169037,0.4603709,0.3637088,1.0,-0.2419281,0.03570557,0.969635,26.5798,7.32843,-31.41872,5.314362,0.7691869,0.3423102,-0.1168886,1.129515,-0.1839173,0.06634451,-0.1070688,0.4920448,0.8342313,11.81094,32.81
21,-0.2887421,0.007766724,0.9573669,1.0,-0.3213043,-0.01197815,0.9468842,-29.05391,6.041824,-26.04675,5.169037,0.4603709,0.3637088,1.0,-0.2419281,0.03570557,0.969635,26.5798,7.32843,-31.41872,5.314362,0.7691869,0.3423102,-0.1168886,1.129515,-0.1839173,0.06634451,-0.1070688,0.4920448,0.8342313,11.81094,32.81
21,-0.2849426,0.01603699,0.9584045,1.0,-0.3235626,-0.0120697,0.9461212,-29.05046,6.052246,-26.05104,5.177811,0.460625,0.3634348,1.0,-0.2394257,0.04849243,0.969696,26.61079,7.356918,-31.3869,5.320511,0.7676407,0.3386059,-0.1168081,1.129378,-0.1837504,0.06728799,-0.1078758,0.4915571,0.8342313,11.81094,32.79
21,-0.2849426,0.01603699,0.9584045,1.0,-0.3235626,-0.0120697,0.9461212,-29.05046,6.052246,-26.05104,5.177811,0.460625,0.3634348,1.0,-0.2394257,0.04849243,0.969696,26.61079,7.356918,-31.3869,5.320511,0.7676407,0.3386059,-0.1168081,1.129378,-0.1837504,0.06728799,-0.1078758,0.4915571,0.8342313,11.81094,32.79
21,-0.2647095,0.01663208,0.9641724,1.0,-0.2936554,-0.02340698,0.9556122,-29.06955,6.063919,-26.03366,4.933029,0.4564705,0.3643669,1.0,-0.2289429,0.06488037,0.9712677,26.60966,7.358017,-31.39122,5.439102,0.7660764,0.335396,-0.1168689,1.129208,-0.1835717,0.06757957,-0.1081415,0.4917785,0.8342313,-2.904816,32.79
21,-0.2647095,0.01663208,0.9641724,1.0,-0.2936554,-0.02340698,0.9556122,-29.06955,6.063919,-26.03366,4.933029,0.4564705,0.3643669,1.0,-0.2289429,0.06488037,0.9712677,26.60966,7.358017,-31.39122,5.439102,0.7660764,0.335396,-0.1168689,1.129208,-0.1835717,0.06757957,-0.1081415,0.4917785,0.8342313,-2.904816,32.79
21,-0.2843475,0.01625061,0.9585724,1.0,-0.3199463,-0.009490967,0.9473724,-29.09456,6.072449,-26.06599,5.196793,0.4614786,0.3624176,1.0,-0.2363739,0.05027771,0.9703522,26.60286,7.354385,-31.38847,5.338348,0.7674139,0.3383386,-0.1169187,1.129086,-0.183454,0.06797799,-0.1082452,0.4919236,0.8342313,-2.904816,32.79
21,-0.2843475,0.01625061,0.9585724,1.0,-0.3199463,-0.009490967,0.9473724,-29.09456,6.072449,-26.06599,5.196793,0.4614786,0.3624176,1.0,-0.2363739,0.05027771,0.9703522,26.60286,7.354385,-31.38847,5.338348,0.7674139,0.3383386,-0.1169187,1.129086,-0.183454,0.06797799,-0.1082452,0.4919236,0.8342313,-2.904816,32.79
21,-0.2858887,0.02583313,0.957901,1.0,-0.3234711,0.0003051758,0.946228,-29.10023,6.07077,-26.06961,5.201691,0.4622856,0.3609143,1.0,-0.2409821,0.0557251,0.9689178,26.58995,7.351639,-31.38977,5.36676,0.7689783,0.3373199,-0.1169686,1.12891,-0.1832924,0.06836837,-0.1082684,0.492011,0.8342313,-2.904816,32.79
21,-0.2858887,0.02583313,0.957901,1.0,-0.3234711,0.0003051758,0.946228,-29.10023,6.07077,-26.06961,5.201691,0.4622856,0.3609143,1.0,-0.2409821,0.0557251,0.9689178,26.58995,7.351639,-31.38977,5.36676,0.7689783,0.3373199,-0.1169686,1.12891,-0.1832924,0.06836837,-0.1082684,0.492011,0.8342313,-2.904816,32.79
21,-0.2823181,0.02548218,0.9589691,1.0,-0.3256989,-0.00177002,0.9454651,-29.10388,6.065933,-26.08145,5.201797,0.4627649,0.3615521,1.0,-0.2292175,0.05810547,0.9716339,26.571,7.349091,-31.39006,5.373993,0.7674501,0.3369702,-0.116865,1.128767,-0.1831095,0.06925519,-0.1083859,0.4924605,0.8342313,-2.904816,32.79
21,-0.2823181,0.02548218,0.9589691,1.0,-0.3256989,-0.00177002,0.9454651,-29.10388,6.065933,-26.08145,5.201797,0.4627649,0.3615521,1.0,-0.2292175,0.05810547,0.9716339,26.571,7.349091,-31.39006,5.373993,0.7674501,0.3369702,-0.116865,1.128767,-0.1831095,0.06925519,-0.1083859,0.4924605,0.8342313,-2.904816,32.79
21,-0.2854767,0.02500916,0.9580536,1.0,-0.3261719,-0.002746582,0.9452972,-29.10814,6.054092,-26.09064,5.20166,0.4629799,0.3621899,1.0,-0.235733,0.05821228,0.9700623,26.55994,7.346313,-31.39006,5.386856,0.769205,0.3369702,-0.1168141,1.128513,-0.1829424,0.06985611,-0.1087403,0.492211,0.8342313,-2.904816,32.79
21,-0.2854767,0.02500916,0.9580536,1.0,-0.3261719,-0.002746582,0.9452972,-29.10814,6.054092,-26.09064,5.20166,0.4629799,0.3621899,1.0,-0.235733,0.05821228,0.9700623,26.55994,7.346313,-31.39006,5.386856,0.769205,0.3369702,-0.1168141,1.128513,-0.1829424,0.06985611,-0.1087403,0.492211,0.8342313,-2.904816,32.79
21,-0.2845764,0.02639771,0.9582825,1.0,-0.3248596,-0.001220703,0.945755,-29.10814,6.046844,-26.09457,5.201767,0.4627669,0.3621899,1.0,-0.2371826,0.05819702,0.9697113,26.55994,7.331955,-31.38857,5.388229,0.7694483,0.3375156,-0.1168689,1.128367,-0.1827516,0.07026777,-0.1089621,0.4918731,0.8342313,-2.904816,32.79
21,-0.2845764,0.02639771,0.9582825,1.0,-0.3248596,-0.001220703,0.945755,-29.10814,6.046844,-26.09457,5.201767,0.4627669,0.3621899,1.0,-0.2371826,0.05819702,0.9697113,26.55994,7.331955,-31.38857,5.388229,0.7694483,0.3375156,-0.1168689,1.128367,-0.1827516,0.07026777,-0.1089621,0.4918731,0.8342313,-2.904816,32.79
21,-0.2848511,0.02880859,0.9581299,1.0,-0.3245697,0.00163269,0.9458466,-29.11005,6.046829,-26.09653,5.229431,0.4627669,0.361729,1.0,-0.2350159,0.06213379,0.9700012,26.5582,7.325928,-31.38579,5.395554,0.7691401,0.3369702,-0.1169226,1.128083,-0.1825546,0.07054111,-0.1090488,0.4917191,0.8342313,-2.904816,32.79
21,-0.2848511,0.02880859,0.9581299,1.0,-0.3245697,0.00163269,0.9458466,-29.11005,6.046829,-26.09653,5.229431,0.4627669,0.361729,1.0,-0.2350159,0.06213379,0.9700012,26.5582,7.325928,-31.38579,5.395554,0.7691401,0.3369702,-0.1169226,1.128083,-0.1825546,0.07054111,-0.1090488,0.4917191,0.8342313,-2.904816,32.79
21,-0.2823181,0.03274536,0.9587555,1.0,-0.3250732,0.002807617,0.9456787,-29.11391,6.043152,-26.1049,5.234741,0.4629799,0.361729,1.0,-0.2339172,0.06587219,0.9700165,26.55524,7.32309,-31.38414,5.426834,0.7691401,0.3363253,-0.1168419,1.127892,-0.1823011,0.07123752,-0.1094753,0.4917251,0.8342313,-1.554398,32.79
21,-0.2823181,0.03274536,0.9587555,1.0,-0.3250732,0.002807617,0.9456787,-29.11391,6.043152,-26.1049,5.234741,0.4629799,0.361729,1.0,-0.2339172,0.06587219,0.9700165,26.55524,7.32309,-31.38414,5.426834,0.7691401,0.3363253,-0.1168419,1.127892,-0.1823011,0.07123752,-0.1094753,0.4917251,0.8342313,-0.5081329,32.79
21,-0.2831573,0.03105164,0.9585571,1.0,-0.3254547,0.003005981,0.9455414,-29.11513,6.042709,-26.10606,5.23877,0.4630798,0.361729,1.0,-0.23349,0.06324768,0.9702911,26.55124,7.316711,-31.37845,5.428284,0.7691401,0.337021,-0.1167762,1.127697,-0.1819836,0.07176426,-0.1096757,0.4915002,0.8342313,0.1342163,32.79
21,-0.2831573,0.03105164,0.9585571,1.0,-0.3254547,0.003005981,0.9455414,-29.11513,6.042709,-26.10606,5.23877,0.4630798,0.361729,1.0,-0.23349,0.06324768,0.9702911,26.55124,7.316711,-31.37845,5.428284,0.7691401,0.337021,-0.1167762,1.127697,-0.1819836,0.07176426,-0.1096757,0.4915002,0.8342313,0.1342163,32.79
21,-0.2815247,0.03475952,0.9589081,1.0,-0.3256073,0.004562378,0.9454803,-29.12396,6.045547,-26.11391,5.25441,0.4633902,0.3614481,1.0,-0.2342072,0.06642151,0.9699097,26.55524,7.317261,-31.37845,5.435242,0.7691811,0.3363957,-0.1168003,1.127434,-0.1816701,0.07236088,-0.1096074,0.4915033,0.8342313,0.1342163,32.79
21,-0.2815247,0.03475952,0.9589081,1.0,-0.3256073,0.004562378,0.9454803,-29.12396,6.045547,-26.11391,5.25441,0.4633902,0.3614481,1.0,-0.2342072,0.06642151,0.9699097,26.55524,7.317261,-31.37845,5.435242,0.7691811,0.3363957,-0.1168003,1.127434,-0.1816701,0.07236088,-0.1096074,0.4915033,0.8342313,0.1342163,32.79
21,-0.2815247,0.03475952,0.9589081,1.0,-0.3256073,0.004562378,0.9454803,-29.12396,6.045547,-26.11391,5.25441,0.4633902,0.3614481,1.0,-0.2342072,0.06642151,0.9699097,26.55524,7.317261,-31.37845,5.435242,0.7691811,0.3363957,-0.1168003,1.127434,-0.1816701,0.07236088,-0.1096074,0.4915033,0.8342313,0.1342163,32.79
21,-0.2829285,0.03494263,0.9584961,1.0,-0.3296814,0.008651733,0.944046,-29.12624,6.050079,-26.11967,5.257675,0.464156,0.3607024,1.0,-0.2294769,0.06427002,0.9711761,26.53094,7.32489,-31.37025,5.430893,0.7691811,0.3363957,-0.1167449,1.127054,-0.1814913,0.07321101,-0.1096922,0.4918476,0.8342313,0.1342163,32.79
21,-0.2854919,0.03520203,0.9577179,1.0,-0.3327179,0.0103302,0.9429626,-29.12625,6.050339,-26.12196,5.260086,0.4646669,0.360487,1.0,-0.2289734,0.0642395,0.9712982,26.52841,7.32489,-31.36963,5.430878,0.7691811,0.3363957,-0.1165059,1.12677,-0.1810932,0.07443286,-0.1099059,0.4917172,0.8342313,0.1342163,32.79
21,-0.2854919,0.03520203,0.9577179,1.0,-0.3327179,0.0103302,0.9429626,-29.12625,6.050339,-26.12196,5.260086,0.4646669,0.360487,1.0,-0.2289734,0.0642395,0.9712982,26.52841,7.32489,-31.36963,5.430878,0.7691811,0.3363957,-0.1165059,1.12677,-0.1810932,0.07443286,-0.1099059,0.4917172,0.8342313,0.1342163,32.79
21,-0.2843781,0.03691101,0.9579926,1.0,-0.334137,0.01219177,0.9424286,-29.13974,6.051636,-26.12581,5.260834,0.4653586,0.3601867,1.0,-0.2288971,0.06378174,0.971344,26.52136,7.32489,-31.36478,5.397598,0.7693789,0.3364368,-0.1166335,1.126337,-0.1808327,0.07604026,-0.1106079,0.4909102,0.8342313,0.1342163,32.79
21,-0.2843781,0.03691101,0.9579926,1.0,-0.334137,0.01219177,0.9424286,-29.13974,6.051636,-26.12581,5.260834,0.4653586,0.3601867,1.0,-0.2288971,0.06378174,0.971344,26.52136,7.32489,-31.36478,5.397598,0.7693789,0.3364368,-0.1166335,1.126337,-0.1808327,0.07604026,-0.1106079,0.4909102,0.8342313,0.1342163,32.79
22,-0.2856903,0.03869629,0.9575348,1.0,-0.3340607,0.01647949,0.9423981,-29.14091,6.051636,-26.1277,5.262207,0.4653994,0.3594823,1.0,-0.2295074,0.06388855,0.9711914,26.52513,7.32489,-31.36478,5.397842,0.7693471,0.3364368,-0.1166738,1.126171,-0.1805956,0.07695108,-0.1113078,0.4909246,0.8342313,0.1342163,32.79
22,-0.2856903,0.03869629,0.9575348,1.0,-0.3340607,0.01647949,0.9423981,-29.14091,6.051636,-26.1277,5.262207,0.4653994,0.3594823,1.0,-0.2295074,0.06388855,0.9711914,26.52513,7.32489,-31.36478,5.397842,0.7693471,0.3364368,-0.1166738,1.126171,-0.1805956,0.07695108,-0.1113078,0.4909246,0.8342313,0.1342163,32.79
22,-0.2856903,0.03869629,0.9575348,1.0,-0.3340607,0.01647949,0.9423981,-29.14091,6.051636,-26.1277,5.262207,0.4653994,0.3594823,1.0,-0.2295074,0.06388855,0.9711914,26.52513,7.32489,-31.36478,5.397842,0.7693471,0.3364368,-0.1167105,1.126066,-0.1804458,0.07707761,-0.1115193,0.491282,0.8342313,0.1342163,32.79
22,-0.2856903,0.03869629,0.9575348,1.0,-0.3340607,0.01647949,0.9423981,-29.14091,6.051636,-26.1277,5.262207,0.4653994,0.3594823,1.0,-0.2295074,0.06388855,0.9711914,26.52513,7.32489,-31.36478,5.397842,0.7693471,0.3364368,-0.1167203,1.125841,-0.1803013,0.07737496,-0.1115128,0.4919109,0.8342313,-8.155609,32.79
22,-0.2856903,0.03869629,0.9575348,1.0,-0.3340607,0.01647949,0.9423981,-29.14091,6.051636,-26.1277,5.262207,0.4653994,0.3594823,1.0,-0.2295074,0.06388855,0.9711914,26.52513,7.32489,-31.36478,5.397842,0.7693471,0.3364368,-0.1167203,1.125841,-0.1803013,0.07737496,-0.1115128,0.4919109,0.8342313,-8.155609,32.79
22,-0.2962494,0.04512024,0.9540405,1.0,-0.3347168,0.01358032,0.942215,-29.22275,6.103271,-26.16333,5.164612,0.4682984,0.3585317,1.0,-0.2477417,0.0838623,0.9651794,26.57771,7.372421,-31.37494,5.226654,0.7711377,0.3310305,-0.1167089,1.125745,-0.1802806,0.07778696,-0.1114419,0.4921708,0.8342313,-8.155609,32.79
22,-0.2962494,0.04512024,0.9540405,1.0,-0.3347168,0.01358032,0.942215,-29.22275,6.103271,-26.16333,5.164612,0.4682984,0.3585317,1.0,-0.2477417,0.0838623,0.9651794,26.57771,7.372421,-31.37494,5.226654,0.7711377,0.3310305,-0.1167089,1.125745,-0.1802806,0.07778696,-0.1114419,0.4921708,0.8342313,-8.155609,32.79
22,-0.2962494,0.04512024,0.9540405,1.0,-0.3347168,0.01358032,0.942215,-29.22275,6.103271,-26.16333,5.164612,0.4682984,0.3585317,1.0,-0.2477417,0.0838623,0.9651794,26.57771,7.372421,-31.37494,5.226654,0.7711377,0.3310305,-0.1166624,1.125466,-0.180204,0.07801143,-0.1111823,0.4927875,0.8342313,-8.155609,32.79
22,-0.2962494,0.04512024,0.9540405,1.0,-0.3347168,0.01358032,0.942215,-29.22275,6.103271,-26.16333,5.164612,0.4682984,0.3585317,1.0,-0.2477417,0.0838623,0.9651794,26.57771,7.372421,-31.37494,5.226654,0.7711377,0.3310305,-0.1165622,1.125425,-0.180053,0.07802747,-0.1111067,0.4931715,0.8342313,-8.155609,32.79
22,-0.2962494,0.04512024,0.9540405,1.0,-0.3347168,0.01358032,0.942215,-29.22275,6.103271,-26.16333,5.164612,0.4682984,0.3585317,1.0,-0.2477417,0.0838623,0.9651794,26.57771,7.372421,-31.37494,5.226654,0.7711377,0.3310305,-0.1165622,1.125425,-0.180053,0.07802747,-0.1111067,0.4931715,0.8342313,-8.155609,32.79
22,-0.2962494,0.04512024,0.9540405,1.0,-0.3347168,0.01358032,0.942215,-29.22275,6.103271,-26.16333,5.164612,0.4682984,0.3585317,1.0,-0.2477417,0.0838623,0.9651794,26.57771,7.372421,-31.37494,5.226654,0.7711377,0.3310305,-0.1165211,1.125408,-0.1798101,0.07771183,-0.1103973,0.493907,0.8342313,-8.155609,32.79
22,-0.292572,0.03738403,0.9555054,1.0,-0.3369598,0.01596069,0.9413757,-29.24254,6.084213,-26.17703,5.197296,0.4693075,0.3589242,1.0,-0.2371216,0.06350708,0.9693909,26.43483,7.345886,-31.3616,5.196793,0.7742832,0.3354796,-0.116503,1.125404,-0.1797063,0.07757623,-0.1101925,0.4942881,0.8342313,-8.155609,32.79
22,-0.2992859,0.05171204,0.9527588,1.0,-0.3421326,0.02243042,0.9393768,-29.27956,6.065353,-26.20036,5.141571,0.4714734,0.3587254,1.0,-0.2431793,0.08898926,0.9658813,26.36134,7.323364,-31.40172,5.287292,0.7791682,0.3313855,-0.116461,1.125245,-0.1796225,0.07778068,-0.1097117,0.4943481,0.8342313,-8.155609,32.79
22,-0.2992859,0.05171204,0.9527588,1.0,-0.3421326,0.02243042,0.9393768,-29.27956,6.065353,-26.20036,5.141571,0.4714734,0.3587254,1.0,-0.2431793,0.08898926,0.9658813,26.36134,7.323364,-31.40172,5.287292,0.7791682,0.3313855,-0.116461,1.125245,-0.1796225,0.07778068,-0.1097117,0.4943481,0.8342313,-8.155609,32.79
22,-0.2992859,0.05171204,0.9527588,1.0,-0.3421326,0.02243042,0.9393768,-29.27956,6.065353,-26.20036,5.141571,0.4714734,0.3587254,1.0,-0.2431793,0.08898926,0.9658813,26.36134,7.323364,-31.40172,5.287292,0.7791682,0.3313855,-0.116461,1.125245,-0.1796225,0.07778068,-0.1097117,0.4943481,0.8342313,-8.155609,32.79
22,-0.2978668,0.04611206,0.953476,1.0,-0.3425293,0.02026367,0.9392853,-29.27257,6.059448,-26.20073,5.156097,0.4712842,0.3592978,1.0,-0.2422791,0.07743835,0.9671021,26.37799,7.31781,-31.39682,5.214828,0.7779465,0.3339266,-0.1163727,1.125061,-0.1795942,0.07879627,-0.1095202,0.4942186,0.8342313,-8.155609,32.79
22,-0.2977295,0.0471344,0.953476,1.0,-0.3440857,0.02023315,0.9387054,-29.26656,6.052536,-26.20197,5.179031,0.4713253,0.3595641,1.0,-0.2435455,0.07772827,0.9667664,26.38519,7.315964,-31.3961,5.243683,0.7779465,0.3339266,-0.1163644,1.124964,-0.1796129,0.07934885,-0.1095149,0.4940712,0.8342313,-8.155609,32.79
22,-0.2977295,0.0471344,0.953476,1.0,-0.3440857,0.02023315,0.9387054,-29.26656,6.052536,-26.20197,5.179031,0.4713253,0.3595641,1.0,-0.2435455,0.07772827,0.9667664,26.38519,7.315964,-31.3961,5.243683,0.7779465,0.3339266,-0.1163644,1.124964,-0.1796129,0.07934885,-0.1095149,0.4940712,0.8342313,-8.155609,32.79
22,-0.2993622,0.0486908,0.9528809,1.0,-0.3454285,0.02215576,0.9381714,-29.25966,6.044418,-26.20547,5.180649,0.4713253,0.3595641,1.0,-0.2445221,0.079422,0.9663696,26.39137,7.30748,-31.3961,5.277344,0.7779465,0.3339266,-0.1163841,1.124824,-0.1796333,0.07997838,-0.1099107,0.4939085,0.8342313,-8.155609,32.79
22,-0.3013306,0.05180359,0.9521027,1.0,-0.3454132,0.0224762,0.9381714,-29.25966,6.044418,-26.21007,5.180511,0.4713253,0.3595446,1.0,-0.2426147,0.08973694,0.9659576,26.38788,7.30336,-31.39651,5.317459,0.7779465,0.3320636,-0.1164639,1.124771,-0.1797023,0.0801205,-0.1101859,0.493918,0.8342313,-31.15182,32.79
22,-0.3013306,0.05180359,0.9521027,1.0,-0.3454132,0.0224762,0.9381714,-29.25966,6.044418,-26.21007,5.180511,0.4713253,0.3595446,1.0,-0.2426147,0.08973694,0.9659576,26.38788,7.30336,-31.39651,5.317459,0.7779465,0.3320636,-0.1164639,1.124771,-0.1797023,0.0801205,-0.1101859,0.493918,0.8342313,-31.15182,32.79
22,-0.2999115,0.05204773,0.9525299,1.0,-0.3454132,0.02122498,0.9382019,-29.26051,6.052536,-26.21132,5.205902,0.4713253,0.3594978,1.0,-0.2423859,0.08987427,0.9660034,26.38519,7.303223,-31.3961,5.275467,0.7779465,0.3320636,-0.1165375,1.12457,-0.1797734,0.0803244,-0.1107419,0.4941062,0.8342313,-31.15182,32.79
22,-0.2997131,0.05241394,0.9525757,1.0,-0.3450928,0.02212524,0.9382935,-29.26198,6.053955,-26.21133,5.20578,0.4713253,0.3592978,1.0,-0.2416534,0.09002686,0.9661713,26.38159,7.302292,-31.3961,5.275482,0.7779465,0.3320636,-0.1164221,1.124553,-0.1797611,0.08053038,-0.1109943,0.4942877,0.8342313,-31.15182,32.79
22,-0.2997131,0.05241394,0.9525757,1.0,-0.3450928,0.02212524,0.9382935,-29.26198,6.053955,-26.21133,5.20578,0.4713253,0.3592978,1.0,-0.2416534,0.09002686,0.9661713,26.38159,7.302292,-31.3961,5.275482,0.7779465,0.3320636,-0.1164221,1.124553,-0.1797611,0.08053038,-0.1109943,0.4942877,0.8342313,-31.15182,32.79
22,-0.3012238,0.052948,0.9520721,1.0,-0.3457794,0.02230835,0.9380341,-29.26198,6.047791,-26.21191,5.210175,0.4714361,0.3594978,1.0,-0.2447052,0.0907135,0.965332,26.38159,7.298737,-31.3961,5.273666,0.778562,0.3320636,-0.1163796,1.124305,-0.1797957,0.08136196,-0.1115375,0.4945173,0.8342313,-31.15182,32.79
22,-0.3031769,0.05001831,0.9516144,1.0,-0.3463135,0.02502441,0.9377747,-29.26198,6.040649,-26.21327,5.216461,0.4715329,0.3592978,1.0,-0.2453613,0.08256531,0.9658966,26.38159,7.296478,-31.3961,5.258102,0.7785084,0.3337286,-0.1164376,1.124176,-0.1798281,0.08164899,-0.1119397,0.4944986,0.8342313,-31.15182,32.79
22,-0.3031769,0.05001831,0.9516144,1.0,-0.3463135,0.02502441,0.9377747,-29.26198,6.040649,-26.21327,5.216461,0.4715329,0.3592978,1.0,-0.2453613,0.08256531,0.9658966,26.38159,7.296478,-31.3961,5.258102,0.7785084,0.3337286,-0.1164376,1.124176,-0.1798281,0.08164899,-0.1119397,0.4944986,0.8342313,-31.15182,32.79
22,-0.2993927,0.05387878,0.9525909,1.0,-0.3447113,0.02442932,0.938385,-29.2702,6.037262,-26.21376,5.215088,0.4715329,0.3594978,1.0,-0.2427979,0.08961487,0.9659271,26.3656,7.293976,-31.39651,5.27298,0.7787949,0.3324202,-0.1165814,1.123978,-0.1797733,0.08165053,-0.1127048,0.4946634,0.8342313,-31.15182,32.79
22,-0.2974091,0.05136108,0.9533539,1.0,-0.3432007,0.02397156,0.9389496,-29.27979,6.040222,-26.21919,5.213821,0.4715989,0.3594978,1.0,-0.2405853,0.08439636,0.9669342,26.3497,7.288925,-31.39502,5.316071,0.7789505,0.3335262,-0.1167654,1.123826,-0.1798305,0.08178493,-0.1130669,0.4950682,0.8342313,-31.15182,32.79
22,-0.2974091,0.05136108,0.9533539,1.0,-0.3432007,0.02397156,0.9389496,-29.27979,6.040222,-26.21919,5.213821,0.4715989,0.3594978,1.0,-0.2405853,0.08439636,0.9669342,26.3497,7.288925,-31.39502,5.316071,0.7789505,0.3335262,-0.1167654,1.123826,-0.1798305,0.08178493,-0.1130669,0.4950682,0.8342313,-31.15182,32.79
22,-0.3061371,0.04281616,0.9510193,1.0,-0.3486481,0.02478027,0.9369202,-29.28172,6.037277,-26.22624,5.225357,0.4725674,0.359596,1.0,-0.2503357,0.06587219,0.9659119,26.30873,7.261734,-31.38147,5.243942,0.781956,0.3379955,-0.1168302,1.12371,-0.1798489,0.08221081,-0.1132358,0.49514,0.8342313,-31.15182,32.79
22,-0.3042603,0.06626892,0.9502716,1.0,-0.3423462,0.03158569,0.9390259,-29.3223,5.990891,-26.24838,5.315765,0.4728033,0.3601304,1.0,-0.2533264,0.1111908,0.9609528,26.30287,7.239655,-31.41945,5.544525,0.7842718,0.330053,-0.1168703,1.123497,-0.1798877,0.08261009,-0.1136259,0.4951264,0.8342313,-31.15182,32.79
22,-0.3042603,0.06626892,0.9502716,1.0,-0.3423462,0.03158569,0.9390259,-29.3223,5.990891,-26.24838,5.315765,0.4728033,0.3601304,1.0,-0.2533264,0.1111908,0.9609528,26.30287,7.239655,-31.41945,5.544525,0.7842718,0.330053,-0.1168703,1.123497,-0.1798877,0.08261009,-0.1136259,0.4951264,0.8342313,-31.15182,32.79
22,-0.3053131,0.05154419,0.9508362,1.0,-0.3450317,0.02235413,0.938324,-29.32159,5.978973,-26.25056,5.314697,0.4731857,0.362129,1.0,-0.2572021,0.08599854,0.9625092,26.30092,7.222794,-31.40662,5.367004,0.7842718,0.3356055,-0.1167647,1.123339,-0.1797894,0.08326202,-0.1143045,0.4952592,0.8342313,-31.15182,32.79
22,-0.3053131,0.05154419,0.9508362,1.0,-0.3450317,0.02235413,0.938324,-29.32159,5.978973,-26.25056,5.314697,0.4731857,0.362129,1.0,-0.2572021,0.08599854,0.9625092,26.30092,7.222794,-31.40662,5.367004,0.7842718,0.3356055,-0.1168615,1.123174,-0.1797467,0.08326273,-0.1143716,0.4954679,0.8342313,-20.48148,32.79
22,-0.3053131,0.05154419,0.9508362,1.0,-0.3450317,0.02235413,0.938324,-29.32159,5.978973,-26.25056,5.314697,0.4731857,0.362129,1.0,-0.2572021,0.08599854,0.9625092,26.30092,7.222794,-31.40662,5.367004,0.7842718,0.3356055,-0.1168615,1.123174,-0.1797467,0.08326273,-0.1143716,0.4954679,0.8342313,-20.48148,32.79
22,-0.3053131,0.05154419,0.9508362,1.0,-0.3450317,0.02235413,0.938324,-29.32159,5.978973,-26.25056,5.314697,0.4731857,0.362129,1.0,-0.2572021,0.08599854,0.9625092,26.30092,7.222794,-31.40662,5.367004,0.7842718,0.3356055,-0.1171564,1.122959,-0.1796561,0.08337112,-0.1142355,0.4958811,0.8342313,-20.48148,32.79
22,-0.3053131,0.05154419,0.9508362,1.0,-0.3450317,0.02235413,0.938324,-29.32159,5.978973,-26.25056,5.314697,0.4731857,0.362129,1.0,-0.2572021,0.08599854,0.9625092,26.30092,7.222794,-31.40662,5.367004,0.7842718,0.3356055,-0.1171829,1.122771,-0.1793537,0.08374175,-0.1141592,0.496235,0.8342313,-20.48148,32.79
22,-0.3053131,0.05154419,0.9508362,1.0,-0.3450317,0.02235413,0.938324,-29.32159,5.978973,-26.25056,5.314697,0.4731857,0.362129,1.0,-0.2572021,0.08599854,0.9625092,26.30092,7.222794,-31.40662,5.367004,0.7842718,0.3356055,-0.1171829,1.122771,-0.1793537,0.08374175,-0.1141592,0.496235,0.8342313,-20.48148,32.79
22,-0.3067322,0.05560303,0.9501648,1.0,-0.3503265,0.02276611,0.9363403,-29.32195,5.981171,-26.25076,5.302261,0.4740973,0.362065,1.0,-0.2551117,0.09333801,0.9623871,26.29961,7.221466,-31.40608,5.404861,0.7840943,0.3342035,-0.1172577,1.122687,-0.1791516,0.08389068,-0.1140799,0.4964992,0.8342313,-20.48148,32.79
22,-0.3122253,0.04376221,0.9489899,1.0,-0.3539276,0.02879333,0.9348145,-29.37103,5.968903,-26.27904,5.33493,0.4763245,0.3617676,1.0,-0.2592163,0.06231689,0.9637909,26.27399,7.19957,-31.39964,5.201782,0.7849798,0.3410687,-0.1173006,1.122561,-0.1790028,0.08398256,-0.1140818,0.4966571,0.8342313,-20.48148,32.79
22,-0.3122253,0.04376221,0.9489899,1.0,-0.3539276,0.02879333,0.9348145,-29.37103,5.968903,-26.27904,5.33493,0.4763245,0.3617676,1.0,-0.2592163,0.06231689,0.9637909,26.27399,7.19957,-31.39964,5.201782,0.7849798,0.3410687,-0.1173006,1.122561,-0.1790028,0.08398256,-0.1140818,0.4966571,0.8342313,-20.48148,32.79
22,-0.3201141,0.03396606,0.9467621,1.0,-0.3529053,0.02534485,0.9353027,-29.37323,5.966675,-26.28,5.302826,0.4762394,0.3623969,1.0,-0.2742615,0.04579163,0.960556,26.27301,7.193161,-31.38817,5.123016,0.7875978,0.3444095,-0.1173991,1.122231,-0.1788372,0.08483163,-0.114158,0.4969663,0.8342313,-20.48148,32.79
22,-0.3217163,0.03442383,0.9461975,1.0,-0.3553772,0.02589417,0.9343567,-29.37323,5.965134,-26.28012,5.304626,0.4766551,0.3623969,1.0,-0.2740326,0.04623413,0.9606018,26.27211,7.190826,-31.38817,5.129684,0.7875978,0.3444095,-0.1173991,1.122231,-0.1788372,0.08483163,-0.114158,0.4969663,0.8342313,-20.48148,32.79
22,-0.3217163,0.03442383,0.9461975,1.0,-0.3553772,0.02589417,0.9343567,-29.37323,5.965134,-26.28012,5.304626,0.4766551,0.3623969,1.0,-0.2740326,0.04623413,0.9606018,26.27211,7.190826,-31.38817,5.129684,0.7875978,0.3444095,-0.1173991,1.122231,-0.1788372,0.08483163,-0.114158,0.4969663,0.8342313,-20.48148,32.79
22,-0.3167419,0.03582764,0.9478302,1.0,-0.3578491,0.02694702,0.9333801,-29.37323,5.958664,-26.28502,5.307465,0.477069,0.3625127,1.0,-0.264267,0.04689026,0.9633026,26.26799,7.188324,-31.38724,5.128693,0.7857758,0.3444095,-0.11747,1.121812,-0.1786369,0.0856564,-0.1144333,0.4970896,0.8342313,-20.48148,32.79
22,-0.3169556,0.03562927,0.9477539,1.0,-0.3613739,0.02616882,0.9320374,-29.37434,5.958664,-26.29225,5.30957,0.4776919,0.3627599,1.0,-0.2644958,0.04649353,0.9632568,26.26785,7.190826,-31.38643,5.095978,0.7857758,0.3444095,-0.1177121,1.121678,-0.178593,0.08624918,-0.1146907,0.4973294,0.8342313,-20.48148,32.79
22,-0.3173523,0.03762817,0.9475555,1.0,-0.3624725,0.02528381,0.9316406,-29.37442,5.958664,-26.29626,5.310059,0.4778734,0.362941,1.0,-0.2640533,0.05181885,0.9631042,26.26779,7.190994,-31.38324,5.094894,0.7857758,0.3433505,-0.117906,1.12137,-0.1783867,0.0869854,-0.1149391,0.4975365,0.8342313,-20.48148,32.79
22,-0.3173523,0.03762817,0.9475555,1.0,-0.3624725,0.02528381,0.9316406,-29.37442,5.958664,-26.29626,5.310059,0.4778734,0.362941,1.0,-0.2640533,0.05181885,0.9631042,26.26779,7.190994,-31.38324,5.094894,0.7857758,0.3433505,-0.117906,1.12137,-0.1783867,0.0869854,-0.1149391,0.4975365,0.8342313,-20.48148,32.79
22,-0.3156128,0.0267334,0.9485016,1.0,-0.362915,0.02568054,0.9314575,-29.37492,5.957718,-26.29903,5.310883,0.4779668,0.362941,1.0,-0.2606812,0.02786255,0.9650116,26.24081,7.168137,-31.36411,4.955322,0.7854549,0.3487357,-0.1179804,1.121004,-0.1782566,0.08831515,-0.1151948,0.4979609,0.8342313,-20.48148,32.79
22,-0.3156128,0.0267334,0.9485016,1.0,-0.362915,0.02568054,0.9314575,-29.37492,5.957718,-26.29903,5.310883,0.4779668,0.362941,1.0,-0.2606812,0.02786255,0.9650116,26.24081,7.168137,-31.36411,4.955322,0.7854549,0.3487357,-0.1179804,1.121004,-0.1782566,0.08831515,-0.1151948,0.4979609,0.8342313,-20.48148,32.79
22,-0.3200226,0.02700806,0.9470215,1.0,-0.3678589,0.02667236,0.9294891,-29.37695,5.949371,-26.30072,5.314087,0.4788648,0.3631442,1.0,-0.2568512,0.02734375,0.9660492,26.23744,7.131363,-31.35574,4.794022,0.7844291,0.350347,-0.1178972,1.120481,-0.1781855,0.08939756,-0.1158738,0.4982806,0.8342313,9.377289,32.79
22,-0.3200226,0.02700806,0.9470215,1.0,-0.3678589,0.02667236,0.9294891,-29.37695,5.949371,-26.30072,5.314087,0.4788648,0.3631442,1.0,-0.2568512,0.02734375,0.9660492,26.23744,7.131363,-31.35574,4.794022,0.7844291,0.350347,-0.1178972,1.120481,-0.1781855,0.08939756,-0.1158738,0.4982806,0.8342313,9.377289,32.79
22,-0.327713,0.03585815,0.9440918,1.0,-0.3676605,0.02490234,0.9296112,-29.38513,5.943085,-26.30501,5.313705,0.4790926,0.3636852,1.0,-0.2716217,0.05085754,0.9610443,26.23431,7.131622,-31.36597,5.008835,0.7882997,0.3456565,-0.1180779,1.120198,-0.1780767,0.08991206,-0.1162148,0.4983518,0.8342313,9.377289,32.79
22,-0.327713,0.03585815,0.9440918,1.0,-0.3676605,0.02490234,0.9296112,-29.38513,5.943085,-26.30501,5.313705,0.4790926,0.3636852,1.0,-0.2716217,0.05085754,0.9610443,26.23431,7.131622,-31.36597,5.008835,0.7882997,0.3456565,-0.1180779,1.120198,-0.1780767,0.08991206,-0.1162148,0.4983518,0.8342313,9.377289,32.79
22,-0.3429108,0.06210327,0.9373016,1.0,-0.3877106,0.04333496,0.9207458,-29.3732,5.78801,-26.38933,5.251419,0.4822153,0.3667681,1.0,-0.2721252,0.0907135,0.957962,26.19247,7.188431,-31.42473,5.505386,0.7921157,0.3355502,-0.1180133,1.120021,-0.177861,0.09032375,-0.116135,0.4984653,0.8342313,9.377289,32.79
22,-0.3429108,0.06210327,0.9373016,1.0,-0.3877106,0.04333496,0.9207458,-29.3732,5.78801,-26.38933,5.251419,0.4822153,0.3667681,1.0,-0.2721252,0.0907135,0.957962,26.19247,7.188431,-31.42473,5.505386,0.7921157,0.3355502,-0.1180133,1.120021,-0.177861,0.09032375,-0.116135,0.4984653,0.8342313,9.377289,32.79
22,-0.3426971,0.04968262,0.9381256,1.0,-0.3937378,0.04234314,0.9182434,-29.38828,5.776215,-26.40175,5.316299,0.4836659,0.3675531,1.0,-0.2701874,0.05961609,0.9609528,26.17441,7.173004,-31.40544,5.177139,0.7911772,0.3422861,-0.1180559,1.119765,-0.1779572,0.09141535,-0.1164391,0.4983843,0.8342313,9.377289,32.79
22,-0.3426971,0.04968262,0.9381256,1.0,-0.3937378,0.04234314,0.9182434,-29.38828,5.776215,-26.40175,5.316299,0.4836659,0.3675531,1.0,-0.2701874,0.05961609,0.9609528,26.17441,7.173004,-31.40544,5.177139,0.7911772,0.3422861,-0.1180559,1.119765,-0.1779572,0.09141535,-0.1164391,0.4983843,0.8342313,9.377289,32.79
22,-0.3283081,0.0556488,0.9429169,1.0,-0.391037,0.01933289,0.920166,-29.43323,5.860748,-26.37749,5.346573,0.4845583,0.3683307,1.0,-0.2760773,0.08485413,0.9573669,26.16281,7.137497,-31.41934,5.393372,0.7936456,0.3386559,-0.1181902,1.11954,-0.1778099,0.09225957,-0.1171921,0.4979204,0.8342313,9.377289,32.79
22,-0.3283081,0.0556488,0.9429169,1.0,-0.391037,0.01933289,0.920166,-29.43323,5.860748,-26.37749,5.346573,0.4845583,0.3683307,1.0,-0.2760773,0.08485413,0.9573669,26.16281,7.137497,-31.41934,5.393372,0.7936456,0.3386559,-0.1181902,1.11954,-0.1778099,0.09225957,-0.1171921,0.4979204,0.8342313,9.377289,32.79
22,-0.3415222,0.04541016,0.9387665,1.0,-0.3908081,0.02183533,0.9201965,-29.45146,5.855438,-26.37709,5.465546,0.485024,0.3681206,1.0,-0.2711334,0.07792664,0.9593658,26.15999,7.138107,-31.423,5.26561,0.7924165,0.3401256,-0.1182927,1.119503,-0.177743,0.09215444,-0.1173815,0.4977469,0.8342313,9.377289,32.79
22,-0.3415222,0.04541016,0.9387665,1.0,-0.3908081,0.02183533,0.9201965,-29.45146,5.855438,-26.37709,5.465546,0.485024,0.3681206,1.0,-0.2711334,0.07792664,0.9593658,26.15999,7.138107,-31.423,5.26561,0.7924165,0.3401256,-0.1182927,1.119503,-0.177743,0.09215444,-0.1173815,0.4977469,0.8342313,9.377289,32.79
22,-0.3380432,0.04563904,0.9400177,1.0,-0.390274,0.02246094,0.9204102,-29.50896,5.889877,-26.39348,5.372772,0.4869395,0.3669836,1.0,-0.2658081,0.0765686,0.960968,26.11075,7.152298,-31.41885,5.277756,0.7934203,0.3396036,-0.1182157,1.119677,-0.1776932,0.09217194,-0.1171683,0.4977269,0.8342313,9.377289,32.79
22,-0.3380432,0.04563904,0.9400177,1.0,-0.390274,0.02246094,0.9204102,-29.50896,5.889877,-26.39348,5.372772,0.4869395,0.3669836,1.0,-0.2658081,0.0765686,0.960968,26.11075,7.152298,-31.41885,5.277756,0.7934203,0.3396036,-0.1182157,1.119677,-0.1776932,0.09217194,-0.1171683,0.4977269,0.8342313,9.377289,32.79
22,-0.3383484,0.05290222,0.9395142,1.0,-0.3879242,0.02656555,0.9212952,-29.51567,5.8582,-26.39273,5.297424,0.4868549,0.3672924,1.0,-0.2678833,0.08903503,0.9593201,26.09283,7.145615,-31.43275,5.283005,0.7948453,0.3375112,-0.1181588,1.119881,-0.1776156,0.09226105,-0.1170187,0.497044,0.8342313,9.377289,32.79
22,-0.3383484,0.05290222,0.9395142,1.0,-0.3879242,0.02656555,0.9212952,-29.51567,5.8582,-26.39273,5.297424,0.4868549,0.3672924,1.0,-0.2678833,0.08903503,0.9593201,26.09283,7.145615,-31.43275,5.283005,0.7948453,0.3375112,-0.1181588,1.119881,-0.1776156,0.09226105,-0.1170187,0.497044,0.8342313,9.377289,32.79
22,-0.3383484,0.05290222,0.9395142,1.0,-0.3879242,0.02656555,0.9212952,-29.51567,5.8582,-26.39273,5.297424,0.4868549,0.3672924,1.0,-0.2678833,0.08903503,0.9593201,26.09283,7.145615,-31.43275,5.283005,0.7948453,0.3375112,-0.1182238,1.120201,-0.1775223,0.09233519,-0.1169985,0.4951316,0.8342313,15.21274,32.79
22,-0.3383484,0.05290222,0.9395142,1.0,-0.3879242,0.02656555,0.9212952,-29.51567,5.8582,-26.39273,5.297424,0.4868549,0.3672924,1.0,-0.2678833,0.08903503,0.9593201,26.09283,7.145615,-31.43275,5.283005,0.7948453,0.3375112,-0.1182238,1.120201,-0.1775223,0.09233519,-0.1169985,0.4951316,0.8342313,15.21274,32.79
22,-0.3383484,0.05290222,0.9395142,1.0,-0.3879242,0.02656555,0.9212952,-29.51567,5.8582,-26.39273,5.297424,0.4868549,0.3672924,1.0,-0.2678833,0.08903503,0.9593201,26.09283,7.145615,-31.43275,5.283005,0.7948453,0.3375112,-0.1180867,1.120776,-0.1773874,0.09206683,-0.1168173,0.4929104,0.8342313,15.21274,32.79
22,-0.3383484,0.05290222,0.9395142,1.0,-0.3879242,0.02656555,0.9212952,-29.51567,5.8582,-26.39273,5.297424,0.4868549,0.3672924,1.0,-0.2678833,0.08903503,0.9593201,26.09283,7.145615,-31.43275,5.283005,0.7948453,0.3375112,-0.1180867,1.120776,-0.1773874,0.09206683,-0.1168173,0.4929104,0.8342313,15.21274,32.79
22,-0.3430634,0.03677368,0.9385834,1.0,-0.3846741,0.01478577,0.9229279,-29.57257,5.804779,-26.39777,5.208481,0.4882135,0.3710245,1.0,-0.2793274,0.06947327,0.9576721,26.06091,7.137161,-31.42728,5.174866,0.7979932,0.3414322,-0.1176594,1.121638,-0.1772434,0.0914944,-0.1158807,0.4903973,0.8342313,15.21274,32.79
22,-0.3430634,0.03677368,0.9385834,1.0,-0.3846741,0.01478577,0.9229279,-29.57257,5.804779,-26.39777,5.208481,0.4882135,0.3710245,1.0,-0.2793274,0.06947327,0.9576721,26.06091,7.137161,-31.42728,5.174866,0.7979932,0.3414322,-0.1176594,1.121638,-0.1772434,0.0914944,-0.1158807,0.4903973,0.8342313,15.21274,32.79
22,-0.3537292,0.07731628,0.9321289,1.0,-0.3939056,0.04003906,0.9182739,-29.59581,5.788712,-26.43639,5.324234,0.4905695,0.3678392,1.0,-0.2902985,0.1336823,0.9475403,26.0201,7.132568,-31.49559,5.513611,0.8041525,0.3291622,-0.1170894,1.122975,-0.1769975,0.09108058,-0.114034,0.4856402,0.8342313,15.21274,32.79
22,-0.3537292,0.07731628,0.9321289,1.0,-0.3939056,0.04003906,0.9182739,-29.59581,5.788712,-26.43639,5.324234,0.4905695,0.3678392,1.0,-0.2902985,0.1336823,0.9475403,26.0201,7.132568,-31.49559,5.513611,0.8041525,0.3291622,-0.1170894,1.122975,-0.1769975,0.09108058,-0.114034,0.4856402,0.8342313,15.21274,32.79
22,-0.3614502,0.04641724,0.9312286,1.0,-0.3966522,0.02294922,0.9176788,-29.62411,5.752686,-26.4426,5.227219,0.4919687,0.371969,1.0,-0.3004608,0.08576965,0.9499207,26.05525,7.135193,-31.45929,5.353394,0.8033957,0.3382862,-0.1164463,1.124745,-0.176599,0.09056243,-0.1110963,0.4787246,0.8342313,15.21274,32.79
22,-0.3614502,0.04641724,0.9312286,1.0,-0.3966522,0.02294922,0.9176788,-29.62411,5.752686,-26.4426,5.227219,0.4919687,0.371969,1.0,-0.3004608,0.08576965,0.9499207,26.05525,7.135193,-31.45929,5.353394,0.8033957,0.3382862,-0.1164463,1.124745,-0.176599,0.09056243,-0.1110963,0.4787246,0.8342313,15.21274,32.79
22,-0.3614502,0.04641724,0.9312286,1.0,-0.3966522,0.02294922,0.9176788,-29.62411,5.752686,-26.4426,5.227219,0.4919687,0.371969,1.0,-0.3004608,0.08576965,0.9499207,26.05525,7.135193,-31.45929,5.353394,0.8033957,0.3382862,-0.1154617,1.126869,-0.1760944,0.08987956,-0.1072739,0.4703326,0.8342313,15.21274,32.79
22,-0.3614502,0.04641724,0.9312286,1.0,-0.3966522,0.02294922,0.9176788,-29.62411,5.752686,-26.4426,5.227219,0.4919687,0.371969,1.0,-0.3004608,0.08576965,0.9499207,26.05525,7.135193,-31.45929,5.353394,0.8033957,0.3382862,-0.1154617,1.126869,-0.1760944,0.08987956,-0.1072739,0.4703326,0.8342313,15.21274,32.79
22,-0.3582916,0.05958557,0.9317017,1.0,-0.3942871,0.04826355,0.9177094,-29.66841,5.742172,-26.46469,5.376175,0.49304,0.3683015,1.0,-0.3079529,0.07496643,0.9484406,26.06767,7.156219,-31.44351,5.216415,0.8039711,0.3395828,-0.1141056,1.129295,-0.175642,0.08928048,-0.1021695,0.4620082,0.8342313,15.21274,32.79
22,-0.3582916,0.05958557,0.9317017,1.0,-0.3942871,0.04826355,0.9177094,-29.66841,5.742172,-26.46469,5.376175,0.49304,0.3683015,1.0,-0.3079529,0.07496643,0.9484406,26.06767,7.156219,-31.44351,5.216415,0.8039711,0.3395828,-0.1141056,1.129295,-0.175642,0.08928048,-0.1021695,0.4620082,0.8342313,15.21274,32.79
22,-0.3319092,0.06575012,0.9410095,1.0,-0.3904877,0.04911804,0.919281,-29.70145,5.688782,-26.47238,5.302353,0.4935609,0.3699303,1.0,-0.2539825,0.08688354,0.9632874,25.83882,7.196365,-31.43646,5.268829,0.8027924,0.3350078,-0.1122669,1.131873,-0.1751269,0.08841,-0.09562548,0.4542692,0.8342313,15.21274,32.79
22,-0.3319092,0.06575012,0.9410095,1.0,-0.3904877,0.04911804,0.919281,-29.70145,5.688782,-26.47238,5.302353,0.4935609,0.3699303,1.0,-0.2539825,0.08688354,0.9632874,25.83882,7.196365,-31.43646,5.268829,0.8027924,0.3350078,-0.1122669,1.131873,-0.1751269,0.08841,-0.09562548,0.4542692,0.8342313,15.21274,32.79
22,-0.3344879,0.06019592,0.9404602,1.0,-0.3838348,0.0403595,0.9225159,-29.68774,5.686066,-26.46388,5.266495,0.491964,0.3712889,1.0,-0.2732697,0.08398438,0.958252,25.9994,7.173096,-31.44217,5.158936,0.7997385,0.3371342,-0.1101621,1.134607,-0.1745635,0.08733702,-0.08825017,0.4467225,0.8342313,-11.95331,32.79
22,-0.3344879,0.06019592,0.9404602,1.0,-0.3838348,0.0403595,0.9225159,-29.68774,5.686066,-26.46388,5.266495,0.491964,0.3712889,1.0,-0.2732697,0.08398438,0.958252,25.9994,7.173096,-31.44217,5.158936,0.7997385,0.3371342,-0.1101621,1.134607,-0.1745635,0.08733702,-0.08825017,0.4467225,0.8342313,-11.95331,32.79
22,-0.3344879,0.06019592,0.9404602,1.0,-0.3838348,0.0403595,0.9225159,-29.68774,5.686066,-26.46388,5.266495,0.491964,0.3712889,1.0,-0.2732697,0.08398438,0.958252,25.9994,7.173096,-31.44217,5.158936,0.7997385,0.3371342,-0.1089799,1.136065,-0.1743577,0.08666734,-0.08431498,0.4426301,0.8342313,-11.95331,32.79
22,-0.3344879,0.06019592,0.9404602,1.0,-0.3838348,0.0403595,0.9225159,-29.68774,5.686066,-26.46388,5.266495,0.491964,0.3712889,1.0,-0.2732697,0.08398438,0.958252,25.9994,7.173096,-31.44217,5.158936,0.7997385,0.3371342,-0.1077094,1.137478,-0.1741737,0.08595622,-0.08014323,0.4382524,0.8342313,-11.95331,32.79
22,-0.3344879,0.06019592,0.9404602,1.0,-0.3838348,0.0403595,0.9225159,-29.68774,5.686066,-26.46388,5.266495,0.491964,0.3712889,1.0,-0.2732697,0.08398438,0.958252,25.9994,7.173096,-31.44217,5.158936,0.7997385,0.3371342,-0.1077094,1.137478,-0.1741737,0.08595622,-0.08014323,0.4382524,0.8342313,-11.95331,32.79
22,-0.3344879,0.06019592,0.9404602,1.0,-0.3838348,0.0403595,0.9225159,-29.68774,5.686066,-26.46388,5.266495,0.491964,0.3712889,1.0,-0.2732697,0.08398438,0.958252,25.9994,7.173096,-31.44217,5.158936,0.7997385,0.3371342,-0.1050688,1.140449,-0.1737562,0.08471513,-0.07110646,0.4290955,0.8342313,-11.95331,32.79
23,-0.2586823,0.02729797,0.9655609,1.0,-0.2986298,-0.01101685,0.9542999,-29.37469,5.568848,-26.31242,5.10878,0.4672219,0.3812264,1.0,-0.2236938,0.06016541,0.9727936,26.1907,7.124817,-31.34926,5.577957,0.7814666,0.343542,-0.1036123,1.141841,-0.1735416,0.0840967,-0.06668269,0.4246228,0.8342313,-11.95331,32.79
23,-0.2586823,0.02729797,0.9655609,1.0,-0.2986298,-0.01101685,0.9542999,-29.37469,5.568848,-26.31242,5.10878,0.4672219,0.3812264,1.0,-0.2236938,0.06016541,0.9727936,26.1907,7.124817,-31.34926,5.577957,0.7814666,0.343542,-0.1036123,1.141841,-0.1735416,0.0840967,-0.06668269,0.4246228,0.8342313,-11.95331,32.79
23,-0.2389069,0.04032898,0.9701996,1.0,-0.296051,0.002319336,0.9551544,-29.2961,5.576126,-26.30705,5.231293,0.4641404,0.3787136,1.0,-0.1929474,0.07020569,0.9786835,26.27399,7.105469,-31.27382,5.379471,0.7714285,0.3424864,-0.1003873,1.144787,-0.173111,0.08349904,-0.05812278,0.4154324,0.8342313,-11.95331,32.79
23,-0.2525787,0.02493286,0.9672394,1.0,-0.2847748,-0.01538086,0.9584656,-29.17383,5.65625,-26.26627,5.060806,0.4583094,0.3784274,1.0,-0.2131958,0.07302856,0.9742584,26.49637,7.15448,-31.18283,5.322189,0.7663252,0.3399316,-0.09860408,1.146291,-0.1729107,0.08331154,-0.05387935,0.4103372,0.8342313,-11.95331,32.79
23,-0.2525787,0.02493286,0.9672394,1.0,-0.2847748,-0.01538086,0.9584656,-29.17383,5.65625,-26.26627,5.060806,0.4583094,0.3784274,1.0,-0.2131958,0.07302856,0.9742584,26.49637,7.15448,-31.18283,5.322189,0.7663252,0.3399316,-0.09860408,1.146291,-0.1729107,0.08331154,-0.05387935,0.4103372,0.8342313,-11.95331,32.79
23,-0.2525635,0.009262085,0.9675293,1.0,-0.2714691,-0.00352478,0.9624329,-29.15324,5.676285,-26.25868,4.865372,0.4556239,0.3755109,1.0,-0.2027588,0.04251099,0.978302,26.55676,7.153244,-30.97514,5.302277,0.7608901,0.344233,-0.09699821,1.147809,-0.1727825,0.08308318,-0.04941632,0.4050677,0.840636,-11.95331,32.79
23,-0.2168121,-0.03459167,0.9755859,1.0,-0.2168427,-0.034729,0.9755859,-29.08389,5.785324,-26.19048,4.669403,0.4443881,0.3758925,1.0,-0.1906128,0.05337524,0.9802094,26.64139,7.058472,-30.26559,5.302444,0.753381,0.3402639,-0.09335506,1.15084,-0.1722924,0.08227566,-0.04049405,0.3946921,0.840636,-11.95331,32.79
23,-0.2168121,-0.03459167,0.9755859,1.0,-0.2168427,-0.034729,0.9755859,-29.08389,5.785324,-26.19048,4.669403,0.4443881,0.3758925,1.0,-0.1906128,0.05337524,0.9802094,26.64139,7.058472,-30.26559,5.302444,0.753381,0.3402639,-0.0896219,1.153714,-0.1719248,0.08222078,-0.03259049,0.3844498,0.840636,-39.19478,32.79
23,-0.2168121,-0.03459167,0.9755859,1.0,-0.2168427,-0.034729,0.9755859,-29.08389,5.785324,-26.19048,4.669403,0.4443881,0.3758925,1.0,-0.1906128,0.05337524,0.9802094,26.64139,7.058472,-30.26559,5.302444,0.753381,0.3402639,-0.0896219,1.153714,-0.1719248,0.08222078,-0.03259049,0.3844498,0.840636,-39.19478,32.79
23,-0.2168121,-0.03459167,0.9755859,1.0,-0.2168427,-0.034729,0.9755859,-29.08389,5.785324,-26.19048,4.669403,0.4443881,0.3758925,1.0,-0.1906128,0.05337524,0.9802094,26.64139,7.058472,-30.26559,5.302444,0.753381,0.3402639,-0.0876714,1.154925,-0.1718887,0.08248197,-0.02888608,0.3787738,0.840636,-39.19478,32.79
23,-0.2168121,-0.03459167,0.9755859,1.0,-0.2168427,-0.034729,0.9755859,-29.08389,5.785324,-26.19048,4.669403,0.4443881,0.3758925,1.0,-0.1906128,0.05337524,0.9802094,26.64139,7.058472,-30.26559,5.302444,0.753381,0.3402639,-0.0876714,1.154925,-0.1718887,0.08248197,-0.02888608,0.3787738,0.840636,-39.19478,32.79
23,-0.2168121,-0.03459167,0.9755859,1.0,-0.2168427,-0.034729,0.9755859,-29.08389,5.785324,-26.19048,4.669403,0.4443881,0.3758925,1.0,-0.1906128,0.05337524,0.9802094,26.64139,7.058472,-30.26559,5.302444,0.753381,0.3402639,-0.08395112,1.157356,-0.1717582,0.08336759,-0.02157263,0.3668774,0.840636,-39.19478,32.79
23,-0.2168121,-0.03459167,0.9755859,1.0,-0.2168427,-0.034729,0.9755859,-29.08389,5.785324,-26.19048,4.669403,0.4443881,0.3758925,1.0,-0.1906128,0.05337524,0.9802094,26.64139,7.058472,-30.26559,5.302444,0.753381,0.3402639,-0.08208978,1.158469,-0.1717042,0.08373845,-0.018073,0.3608662,0.840636,-39.19478,32.79
23,-0.1969604,-0.1378326,0.9706573,1.0,-0.1969604,-0.1378326,0.9706573,-28.49245,5.151001,-26.28151,4.844543,0.4210861,0.4146456,1.0,-0.1418915,-0.08761597,0.9859924,27.03227,6.258911,-28.95505,5.16745,0.7233727,0.385995,-0.08012497,1.159555,-0.1716381,0.08418852,-0.01460157,0.3548499,0.840636,-39.19478,32.79
23,-0.1969604,-0.1378326,0.9706573,1.0,-0.1969604,-0.1378326,0.9706573,-28.49245,5.151001,-26.28151,4.844543,0.4210861,0.4146456,1.0,-0.1418915,-0.08761597,0.9859924,27.03227,6.258911,-28.95505,5.16745,0.7233727,0.385995,-0.08012497,1.159555,-0.1716381,0.08418852,-0.01460157,0.3548499,0.840636,-39.19478,32.79
23,-0.1933594,-0.1998444,0.960556,1.0,-0.1933594,-0.1998444,0.960556,-28.39081,4.958527,-26.28859,4.765381,0.4170022,0.4315638,1.0,-0.1414948,-0.135498,0.9806061,27.08084,6.095322,-28.85994,5.125107,0.7208916,0.3996669,-0.07614458,1.161777,-0.1715606,0.08532147,-0.007907293,0.342751,0.840636,-39.19478,32.79
23,-0.1752014,-0.2349548,0.9560699,1.0,-0.1752014,-0.2349548,0.9560699,-28.34921,4.842804,-26.32333,4.562195,0.4126709,0.4415574,1.0,-0.1459808,-0.1653748,0.9753571,27.18224,6.289474,-30.05922,5.190689,0.720594,0.4084767,-0.07410073,1.162903,-0.171463,0.08592293,-0.004481826,0.3367444,0.840636,-39.19478,32.79
23,-0.1752014,-0.2349548,0.9560699,1.0,-0.1752014,-0.2349548,0.9560699,-28.34921,4.842804,-26.32333,4.562195,0.4126709,0.4415574,1.0,-0.1459808,-0.1653748,0.9753571,27.18224,6.289474,-30.05922,5.190689,0.720594,0.4084767,-0.07410073,1.162903,-0.171463,0.08592293,-0.004481826,0.3367444,0.840636,-39.19478,32.79
23,-0.1617889,-0.2218018,0.9615631,1.0,-0.1617889,-0.2218018,0.9615631,-28.44034,5.016907,-26.30412,4.780136,0.4134566,0.4332602,1.0,-0.1497955,-0.1875763,0.9707489,27.40805,6.432419,-30.24223,5.15889,0.7134705,0.4091499,-0.07200277,1.163823,-0.1714289,0.08639155,-0.001151609,0.330627,0.840636,-39.19478,32.79
23,-0.1255951,-0.2524414,0.9594116,1.0,-0.1255951,-0.2524414,0.9594116,-28.41335,5.082657,-26.2847,4.394653,0.4068279,0.4359733,1.0,-0.1659698,-0.1671906,0.9718475,27.45206,6.416351,-30.08549,5.134811,0.7145453,0.4046663,-0.06767905,1.165785,-0.1713976,0.08756535,0.004940456,0.318618,0.840636,-39.19478,32.79
23,-0.133606,-0.2342834,0.9629364,1.0,-0.133606,-0.2342834,0.9629364,-28.35844,5.188248,-26.26085,4.665909,0.4062395,0.4291391,1.0,-0.1313782,-0.1857147,0.9737701,27.52837,6.393265,-29.77394,5.078568,0.7048387,0.4062326,-0.06573594,1.16662,-0.1713899,0.08815125,0.00745429,0.3132599,0.840636,-39.19478,32.79
23,-0.133606,-0.2342834,0.9629364,1.0,-0.133606,-0.2342834,0.9629364,-28.35844,5.188248,-26.26085,4.665909,0.4062395,0.4291391,1.0,-0.1313782,-0.1857147,0.9737701,27.52837,6.393265,-29.77394,5.078568,0.7048387,0.4062326,-0.06573594,1.16662,-0.1713899,0.08815125,0.00745429,0.3132599,0.840636,-39.19478,32.79
23,-0.1614838,-0.2111359,0.9640198,1.0,-0.1614838,-0.2111359,0.9640198,-28.3147,5.313492,-26.2735,4.963654,0.409199,0.4212998,1.0,-0.1525269,-0.1781464,0.9721069,27.67329,6.48674,-29.76462,5.185287,0.7030343,0.4020138,-0.06155479,1.168409,-0.1713163,0.08916223,0.01289504,0.3011993,0.840636,-39.19478,32.79
23,-0.07289124,-0.2461548,0.9664764,1.0,-0.07289124,-0.2461548,0.9664764,-28.40184,5.377899,-26.22765,4.417145,0.3979506,0.4243129,1.0,-0.1309052,-0.1690521,0.9768677,27.80661,6.64978,-30.08336,5.066437,0.6961705,0.3961594,-0.05940449,1.1693,-0.1712666,0.08957133,0.01536729,0.2950982,0.840636,18.23442,32.79
23,-0.1083374,-0.2176056,0.9700012,1.0,-0.1083374,-0.2176056,0.9700012,-28.25439,5.538147,-26.35025,4.778748,0.3986458,0.4151962,1.0,-0.1287689,-0.1717529,0.9766846,27.86392,6.630951,-29.63954,5.050247,0.6919605,0.3946337,-0.05729353,1.17011,-0.1711917,0.08994222,0.01751018,0.2888608,0.840636,18.23442,32.79
23,-0.1083374,-0.2176056,0.9700012,1.0,-0.1083374,-0.2176056,0.9700012,-28.25439,5.538147,-26.35025,4.778748,0.3986458,0.4151962,1.0,-0.1287689,-0.1717529,0.9766846,27.86392,6.630951,-29.63954,5.050247,0.6919605,0.3946337,-0.05729353,1.17011,-0.1711917,0.08994222,0.01751018,0.2888608,0.840636,18.23442,32.79
23,-0.1038513,-0.2201843,0.9699097,1.0,-0.1038513,-0.2201843,0.9699097,-28.21161,5.597977,-26.36938,4.585464,0.3965733,0.4137865,1.0,-0.1242371,-0.1662598,0.9782104,27.94424,6.724289,-29.88582,5.022446,0.6889113,0.392331,-0.05303419,1.171808,-0.1710713,0.09094582,0.02144098,0.2753265,0.840636,18.23442,32.79
23,-0.09968567,-0.2248077,0.9692841,1.0,-0.09968567,-0.2248077,0.9692841,-28.13736,5.693741,-26.37698,4.563675,0.3934238,0.4114121,1.0,-0.1164703,-0.1766357,0.977356,28.0463,6.853577,-30.10381,5.000793,0.6843407,0.3914911,-0.05095303,1.172742,-0.1709675,0.09154622,0.02336746,0.2682337,0.840636,18.23442,32.79
23,-0.1046143,-0.2008514,0.9740143,1.0,-0.1046143,-0.2008514,0.9740143,-27.99855,5.875305,-26.66568,4.396622,0.3895483,0.4036025,1.0,-0.1053009,-0.1658783,0.9804993,28.07747,6.857635,-29.71646,5.032379,0.6806719,0.3860678,-0.04884672,1.173623,-0.1708394,0.09147278,0.02555151,0.2612645,0.840636,18.23442,32.79
23,-0.1049805,-0.1555786,0.9822235,1.0,-0.1019592,-0.1846008,0.9774933,-28.02867,6.204208,-27.52562,4.412613,0.3895943,0.396875,1.0,-0.1052246,-0.1531677,0.9825745,28.11897,6.919785,-29.68654,4.955566,0.6791763,0.3813712,-0.04884672,1.173623,-0.1708394,0.09147278,0.02555151,0.2612645,0.840636,18.23442,32.79
23,-0.1049805,-0.1555786,0.9822235,1.0,-0.1019592,-0.1846008,0.9774933,-28.02867,6.204208,-27.52562,4.412613,0.3895943,0.396875,1.0,-0.1052246,-0.1531677,0.9825745,28.11897,6.919785,-29.68654,4.955566,0.6791763,0.3813712,-0.04884672,1.173623,-0.1708394,0.09147278,0.02555151,0.2612645,0.840636,18.23442,32.79
23,-0.09843445,-0.139801,0.98526,1.0,-0.100708,-0.2126923,0.9719086,-27.96675,6.108673,-26.94504,4.501892,0.3875648,0.400076,1.0,-0.09829712,-0.135849,0.9858246,28.13597,6.918976,-29.56197,4.963715,0.6772131,0.3772224,-0.04449499,1.175457,-0.1706091,0.09124223,0.02974235,0.2472239,0.840636,18.23442,32.79
23,-0.1179199,-0.1332855,0.984024,1.0,-0.110611,-0.1639709,0.9802399,-27.97627,6.598648,-28.81044,4.475479,0.3883479,0.3904715,1.0,-0.1179199,-0.1332855,0.984024,28.17447,6.982574,-29.55974,5.019775,0.6793125,0.3745479,-0.04006243,1.177269,-0.1705412,0.09104375,0.03400201,0.232528,0.840636,18.23442,32.79
23,-0.09580994,-0.1737823,0.9801025,1.0,-0.1040344,-0.2058563,0.9730225,-27.97662,6.210678,-27.12506,4.340744,0.3884039,0.3969868,1.0,-0.09580994,-0.1737823,0.9801025,28.04898,7.051636,-29.58636,4.81752,0.6798408,0.3795846,-0.03555584,1.178973,-0.170367,0.09068428,0.03858986,0.2176153,0.840636,18.23442,32.79
23,-0.09580994,-0.1737823,0.9801025,1.0,-0.1040344,-0.2058563,0.9730225,-27.97662,6.210678,-27.12506,4.340744,0.3884039,0.3969868,1.0,-0.09580994,-0.1737823,0.9801025,28.04898,7.051636,-29.58636,4.81752,0.6798408,0.3795846,-0.03555584,1.178973,-0.170367,0.09068428,0.03858986,0.2176153,0.840636,18.23442,32.79
23,-0.1791534,-0.1018219,0.9785309,0.9861478,-0.1288605,-0.1872864,0.9738007,-28.06627,6.238388,-27.05209,4.518173,0.3955041,0.3924653,0.8622217,-0.1791534,-0.1018219,0.9785309,27.7988,7.170074,-29.58638,5.369049,0.7044612,0.3617122,-0.03087127,1.180581,-0.1702476,0.09005679,0.04334579,0.2015886,0.840636,18.23442,32.79
23,-0.1791534,-0.1018219,0.9785309,0.9861478,-0.1288605,-0.1872864,0.9738007,-28.06627,6.238388,-27.05209,4.518173,0.3955041,0.3924653,0.8622217,-0.1791534,-0.1018219,0.9785309,27.7988,7.170074,-29.58638,5.369049,0.7044612,0.3617122,-0.03087127,1.180581,-0.1702476,0.09005679,0.04334579,0.2015886,0.840636,18.23442,32.79
23,-0.1637268,-0.1439819,0.9759369,1.0,-0.1422119,-0.1869812,0.9720001,-28.05148,6.303696,-26.89618,4.428635,0.3973598,0.3890732,1.0,-0.1637268,-0.1439667,0.9759369,27.92299,7.581192,-30.80075,4.39357,0.6991116,0.3653333,-0.0259968,1.182244,-0.1701643,0.08938473,0.04863442,0.1840329,0.840636,18.23442,32.79
23,-0.1637268,-0.1439819,0.9759369,1.0,-0.1422119,-0.1869812,0.9720001,-28.05148,6.303696,-26.89618,4.428635,0.3973598,0.3890732,1.0,-0.1637268,-0.1439667,0.9759369,27.92299,7.581192,-30.80075,4.39357,0.6991116,0.3653333,-0.0259968,1.182244,-0.1701643,0.08938473,0.04863442,0.1840329,0.840636,18.23442,32.79
23,-0.1675873,-0.1531677,0.973877,1.0,-0.1675873,-0.1531677,0.973877,-28.03528,6.450027,-27.19846,4.748306,0.4006635,0.3809279,1.0,-0.1738434,-0.1130219,0.9782562,28.07712,7.863388,-31.85458,4.806671,0.6982048,0.3576074,-0.02101314,1.183945,-0.1702188,0.08806787,0.05389497,0.1657907,0.840636,24.84517,32.79
23,-0.1675873,-0.1531677,0.973877,1.0,-0.1675873,-0.1531677,0.973877,-28.03528,6.450027,-27.19846,4.748306,0.4006635,0.3809279,1.0,-0.1738434,-0.1130219,0.9782562,28.07712,7.863388,-31.85458,4.806671,0.6982048,0.3576074,-0.02101314,1.183945,-0.1702188,0.08806787,0.05389497,0.1657907,0.840636,24.84517,32.79
23,-0.134079,-0.1487732,0.9797363,1.0,-0.134079,-0.1487732,0.9797363,-27.99539,6.837936,-28.3331,4.526932,0.3932152,0.375922,1.0,-0.1428528,-0.1421661,0.9794769,27.92506,7.276138,-28.75851,4.811279,0.691601,0.3587313,-0.01588142,1.185544,-0.1703932,0.08624326,0.05929791,0.1456695,0.840636,24.84517,32.79
23,-0.134079,-0.1487732,0.9797363,1.0,-0.134079,-0.1487732,0.9797363,-27.99539,6.837936,-28.3331,4.526932,0.3932152,0.375922,1.0,-0.1428528,-0.1421661,0.9794769,27.92506,7.276138,-28.75851,4.811279,0.691601,0.3587313,-0.01588142,1.185544,-0.1703932,0.08624326,0.05929791,0.1456695,0.840636,24.84517,32.79
23,-0.1644592,-0.1213074,0.9788818,1.0,-0.1230621,-0.1301575,0.9838257,-27.94969,7.293594,-29.76347,4.642654,0.3887279,0.3684084,1.0,-0.1695099,-0.1202087,0.9781647,28.2386,7.877716,-31.08705,4.819153,0.6893324,0.35317,-0.01053202,1.187263,-0.1704876,0.08413691,0.06495116,0.1233475,0.840636,24.84517,32.79
23,-0.1644592,-0.1213074,0.9788818,1.0,-0.1230621,-0.1301575,0.9838257,-27.94969,7.293594,-29.76347,4.642654,0.3887279,0.3684084,1.0,-0.1695099,-0.1202087,0.9781647,28.2386,7.877716,-31.08705,4.819153,0.6893324,0.35317,-0.01053202,1.187263,-0.1704876,0.08413691,0.06495116,0.1233475,0.840636,24.84517,32.79
23,-0.1474762,-0.120575,0.9816742,1.0,-0.1243591,-0.1351471,0.9829865,-27.84776,7.438187,-29.99492,4.536346,0.3853561,0.3661984,1.0,-0.1490173,-0.1196136,0.9815674,28.27631,7.771637,-30.30753,4.929703,0.6835794,0.3493843,-0.004932284,1.188971,-0.1706389,0.08072532,0.07135551,0.09776636,0.840636,24.84517,32.79
23,-0.1474762,-0.120575,0.9816742,1.0,-0.1243591,-0.1351471,0.9829865,-27.84776,7.438187,-29.99492,4.536346,0.3853561,0.3661984,1.0,-0.1490173,-0.1196136,0.9815674,28.27631,7.771637,-30.30753,4.929703,0.6835794,0.3493843,-0.004932284,1.188971,-0.1706389,0.08072532,0.07135551,0.09776636,0.840636,24.84517,32.79
23,-0.1555634,-0.08326721,0.9842987,1.0,-0.1555786,-0.08322144,0.9842987,-27.62175,7.410675,-29.49355,5.054703,0.3829685,0.3541371,1.0,-0.1463165,-0.1066895,0.9834595,28.44766,8.006393,-30.80011,4.701111,0.6779543,0.3426718,0.0008208752,1.190728,-0.170761,0.07755434,0.07852851,0.07136448,0.840636,24.84517,32.79
23,-0.1555634,-0.08326721,0.9842987,1.0,-0.1555786,-0.08322144,0.9842987,-27.62175,7.410675,-29.49355,5.054703,0.3829685,0.3541371,1.0,-0.1463165,-0.1066895,0.9834595,28.44766,8.006393,-30.80011,4.701111,0.6779543,0.3426718,0.0008208752,1.190728,-0.170761,0.07755434,0.07852851,0.07136448,0.840636,24.84517,32.79
23,-0.1446838,-0.1403046,0.9794769,1.0,-0.1446838,-0.1403198,0.9794617,-27.49556,7.377182,-28.96178,4.520279,0.3774293,0.360676,1.0,-0.1368408,-0.1158447,0.9837799,28.3441,7.810226,-29.26617,4.835098,0.6774319,0.338607,0.006684422,1.192286,-0.1708878,0.07385718,0.08512416,0.0461521,0.840636,24.84517,32.79
23,-0.1446838,-0.1403046,0.9794769,1.0,-0.1446838,-0.1403198,0.9794617,-27.49556,7.377182,-28.96178,4.520279,0.3774293,0.360676,1.0,-0.1368408,-0.1158447,0.9837799,28.3441,7.810226,-29.26617,4.835098,0.6774319,0.338607,0.006684422,1.192286,-0.1708878,0.07385718,0.08512416,0.0461521,0.840636,24.84517,32.79
23,-0.1085052,-0.1288605,0.9857025,1.0,-0.1085052,-0.1288605,0.9857025,-27.13449,7.421921,-28.17607,4.493866,0.359551,0.3499875,1.0,-0.1244507,-0.1045685,0.9866943,28.49706,7.835739,-28.74242,4.947327,0.6685096,0.3324384,0.01247275,1.193557,-0.1712408,0.07060404,0.09138779,0.02164434,0.840636,24.84517,32.79
23,-0.1085052,-0.1288605,0.9857025,1.0,-0.1085052,-0.1288605,0.9857025,-27.13449,7.421921,-28.17607,4.493866,0.359551,0.3499875,1.0,-0.1244507,-0.1045685,0.9866943,28.49706,7.835739,-28.74242,4.947327,0.6685096,0.3324384,0.01247275,1.193557,-0.1712408,0.07060404,0.09138779,0.02164434,0.840636,24.84517,32.79
23,-0.067276,-0.06047058,0.9958954,1.0,-0.067276,-0.06047058,0.9958954,-26.92038,7.696533,-28.7899,4.720245,0.3441694,0.3323405,1.0,-0.1212921,-0.08071899,0.9893188,28.90475,8.289886,-30.52065,4.770996,0.6562689,0.3267603,0.01831162,1.194507,-0.1716056,0.06752497,0.09762229,-0.001125433,0.840636,7.782089,32.79
23,-0.067276,-0.06047058,0.9958954,1.0,-0.067276,-0.06047058,0.9958954,-26.92038,7.696533,-28.7899,4.720245,0.3441694,0.3323405,1.0,-0.1212921,-0.08071899,0.9893188,28.90475,8.289886,-30.52065,4.770996,0.6562689,0.3267603,0.01831162,1.194507,-0.1716056,0.06752497,0.09762229,-0.001125433,0.840636,7.782089,32.79
23,-0.09591675,-0.08984375,0.9913177,1.0,-0.09590149,-0.08984375,0.9913177,-26.61542,7.222733,-26.26349,4.828598,0.3414571,0.3344415,1.0,-0.1252899,-0.05001831,0.9908447,29.12175,8.556732,-31.66989,4.501358,0.6516439,0.319813,0.02395558,1.195447,-0.1718745,0.06415605,0.1031502,-0.02078496,0.840636,7.782089,32.79
23,-0.09591675,-0.08984375,0.9913177,1.0,-0.09590149,-0.08984375,0.9913177,-26.61542,7.222733,-26.26349,4.828598,0.3414571,0.3344415,1.0,-0.1252899,-0.05001831,0.9908447,29.12175,8.556732,-31.66989,4.501358,0.6516439,0.319813,0.02395558,1.195447,-0.1718745,0.06415605,0.1031502,-0.02078496,0.840636,7.782089,32.79
23,-0.1142731,-0.1002045,0.9883728,1.0,-0.1142578,-0.100296,0.9883728,-26.34901,7.468842,-26.91426,4.62294,0.33463,0.3323734,1.0,-0.1379547,0.005752563,0.9904175,29.1976,8.118179,-29.58597,5.110184,0.6481933,0.3091615,0.02918744,1.196241,-0.1723229,0.06027642,0.1076049,-0.03843083,0.840636,7.782089,32.79
23,-0.1142731,-0.1002045,0.9883728,1.0,-0.1142578,-0.100296,0.9883728,-26.34901,7.468842,-26.91426,4.62294,0.33463,0.3323734,1.0,-0.1379547,0.005752563,0.9904175,29.1976,8.118179,-29.58597,5.110184,0.6481933,0.3091615,0.02918744,1.196241,-0.1723229,0.06027642,0.1076049,-0.03843083,0.840636,7.782089,32.79
23,-0.123291,-0.04420471,0.9913788,1.0,-0.1171265,-0.07124329,0.9905548,-26.02435,7.540878,-26.52971,4.908188,0.3242472,0.3216648,1.0,-0.1310425,-0.009506226,0.9913177,29.58087,8.36145,-30.70181,5.088287,0.6349698,0.3117861,0.03444421,1.197118,-0.1726257,0.05667206,0.1114975,-0.05461538,0.840636,7.782089,32.79
23,-0.123291,-0.04420471,0.9913788,1.0,-0.1171265,-0.07124329,0.9905548,-26.02435,7.540878,-26.52971,4.908188,0.3242472,0.3216648,1.0,-0.1310425,-0.009506226,0.9913177,29.58087,8.36145,-30.70181,5.088287,0.6349698,0.3117861,0.03444421,1.197118,-0.1726257,0.05667206,0.1114975,-0.05461538,0.840636,7.782089,32.79
23,-0.1186829,-0.09075928,0.9887695,1.0,-0.1186829,-0.09077454,0.9887695,-25.85262,7.462997,-26.06134,4.825287,0.319493,0.3243097,1.0,-0.1146088,-0.07940674,0.9902191,29.81131,8.508591,-31.67105,4.683258,0.624423,0.3278329,0.0394752,1.197866,-0.1729504,0.05304626,0.1154033,-0.06940576,0.840636,7.782089,32.79
23,-0.1186829,-0.09075928,0.9887695,1.0,-0.1186829,-0.09077454,0.9887695,-25.85262,7.462997,-26.06134,4.825287,0.319493,0.3243097,1.0,-0.1146088,-0.07940674,0.9902191,29.81131,8.508591,-31.67105,4.683258,0.624423,0.3278329,0.0394752,1.197866,-0.1729504,0.05304626,0.1154033,-0.06940576,0.840636,7.782089,32.79
23,-0.1083374,-0.05976868,0.9923096,1.0,-0.1087036,-0.06433105,0.9919739,-25.68459,7.552322,-26.11057,4.989456,0.3117564,0.3166355,1.0,-0.1072235,-0.04548645,0.9931793,30.03719,8.300613,-30.96378,4.945816,0.6141938,0.3235767,0.04425466,1.198731,-0.1732072,0.04978733,0.1192389,-0.08107472,0.840636,7.782089,32.77
23,-0.1083374,-0.05976868,0.9923096,1.0,-0.1087036,-0.06433105,0.9919739,-25.68459,7.552322,-26.11057,4.989456,0.3117564,0.3166355,1.0,-0.1072235,-0.04548645,0.9931793,30.03719,8.300613,-30.96378,4.945816,0.6141938,0.3235767,0.04425466,1.198731,-0.1732072,0.04978733,0.1192389,-0.08107472,0.840636,7.782089,32.77
23,-0.1199799,-0.07580566,0.9898682,1.0,-0.1196747,-0.07550049,0.9899292,-25.54109,7.638626,-26.43091,4.873306,0.3083215,0.3179535,1.0,-0.123703,-0.0796051,0.9891052,30.24889,8.453491,-31.89757,4.701401,0.610299,0.3324756,0.04872453,1.199391,-0.1735678,0.04769764,0.1224107,-0.08979091,0.840636,7.782089,32.77
23,-0.1199799,-0.07580566,0.9898682,1.0,-0.1196747,-0.07550049,0.9899292,-25.54109,7.638626,-26.43091,4.873306,0.3083215,0.3179535,1.0,-0.123703,-0.0796051,0.9891052,30.24889,8.453491,-31.89757,4.701401,0.610299,0.3324756,0.04872453,1.199391,-0.1735678,0.04769764,0.1224107,-0.08979091,0.840636,7.782089,32.77
23,-0.1339264,-0.07546997,0.9880981,1.0,-0.1339264,-0.07582092,0.9880829,-25.39029,7.60759,-26.36621,4.851166,0.3055146,0.318307,1.0,-0.1335602,-0.01846313,0.99086,30.34651,8.108536,-30.61725,5.160675,0.6074727,0.3227915,0.05241311,1.199564,-0.1743082,0.0465485,0.1250629,-0.09612702,0.840636,7.782089,32.77
23,-0.1339264,-0.07546997,0.9880981,1.0,-0.1339264,-0.07582092,0.9880829,-25.39029,7.60759,-26.36621,4.851166,0.3055146,0.318307,1.0,-0.1335602,-0.01846313,0.99086,30.34651,8.108536,-30.61725,5.160675,0.6074727,0.3227915,0.05241311,1.199564,-0.1743082,0.0465485,0.1250629,-0.09612702,0.840636,7.782089,32.77
23,-0.1075745,-0.05026245,0.9929199,1.0,-0.1138611,-0.09408569,0.9890289,-25.09462,7.352921,-25.3936,4.847977,0.2937425,0.3226899,1.0,-0.1074066,-0.04911804,0.9929962,30.60411,8.014755,-30.89786,4.899109,0.5936679,0.3345298,0.05586791,1.200095,-0.1748694,0.04488172,0.1273192,-0.1016374,0.840636,-23.73796,32.77
23,-0.1075745,-0.05026245,0.9929199,1.0,-0.1138611,-0.09408569,0.9890289,-25.09462,7.352921,-25.3936,4.847977,0.2937425,0.3226899,1.0,-0.1074066,-0.04911804,0.9929962,30.60411,8.014755,-30.89786,4.899109,0.5936679,0.3345298,0.05586791,1.200095,-0.1748694,0.04488172,0.1273192,-0.1016374,0.840636,-23.73796,32.77
23,-0.07409668,-0.07197571,0.9946442,1.0,-0.08328247,-0.1076202,0.9906921,-24.89468,7.395859,-25.27133,4.813965,0.2818037,0.3218933,1.0,-0.07408142,-0.07196045,0.9946442,30.75569,8.046387,-30.88426,4.788651,0.5823869,0.3375236,0.05904472,1.200919,-0.1753034,0.0419913,0.1289269,-0.1049872,0.840636,-23.73796,32.77
23,-0.07409668,-0.07197571,0.9946442,1.0,-0.08328247,-0.1076202,0.9906921,-24.89468,7.395859,-25.27133,4.813965,0.2818037,0.3218933,1.0,-0.07408142,-0.07196045,0.9946442,30.75569,8.046387,-30.88426,4.788651,0.5823869,0.3375236,0.05904472,1.200919,-0.1753034,0.0419913,0.1289269,-0.1049872,0.840636,-23.73796,32.77
23,-0.09564209,-0.03285217,0.9948578,1.0,-0.1134033,-0.07078552,0.9910126,-24.70148,7.258545,-24.27452,5.147614,0.28161,0.3129347,1.0,-0.09564209,-0.03285217,0.9948578,30.90477,8.08403,-30.97992,5.149109,0.5811141,0.3297662,0.06184685,1.201752,-0.1756122,0.03880819,0.1293926,-0.1063636,0.840636,-23.73796,32.77
23,-0.09564209,-0.03285217,0.9948578,1.0,-0.1134033,-0.07078552,0.9910126,-24.70148,7.258545,-24.27452,5.147614,0.28161,0.3129347,1.0,-0.09564209,-0.03285217,0.9948578,30.90477,8.08403,-30.97992,5.149109,0.5811141,0.3297662,0.06184685,1.201752,-0.1756122,0.03880819,0.1293926,-0.1063636,0.840636,-23.73796,32.77
23,-0.08343506,-0.0148468,0.9963989,1.0,-0.0990448,-0.08436584,0.9914856,-24.55875,7.20517,-23.89738,5.115723,0.2751435,0.3141214,1.0,-0.08343506,-0.0148468,0.9963989,31.00349,8.013977,-30.84052,5.180237,0.575418,0.3278667,0.06314313,1.202134,-0.1757672,0.03712343,0.1293193,-0.1071256,0.840636,-23.73796,32.77
23,-0.07691956,-0.03862,0.9962769,1.0,-0.1132813,-0.1141052,0.9869843,-24.48782,7.12323,-23.68068,4.811737,0.2760772,0.3208489,1.0,-0.07691956,-0.03862,0.9962769,31.08765,8.002228,-30.83891,5.043549,0.5711777,0.3327492,0.06538522,1.202925,-0.1761199,0.03384321,0.1287913,-0.1098104,0.840636,-23.73796,32.77
23,-0.07691956,-0.03862,0.9962769,1.0,-0.1132813,-0.1141052,0.9869843,-24.48782,7.12323,-23.68068,4.811737,0.2760772,0.3208489,1.0,-0.07691956,-0.03862,0.9962769,31.08765,8.002228,-30.83891,5.043549,0.5711777,0.3327492,0.06538522,1.202925,-0.1761199,0.03384321,0.1287913,-0.1098104,0.840636,-23.73796,32.77
23,-0.06576538,-0.03651428,0.9971619,1.0,-0.1134033,-0.06787109,0.9912262,-24.4489,7.039902,-23.53476,5.313751,0.2744122,0.3144324,1.0,-0.06576538,-0.03651428,0.9971619,31.12013,8.038116,-31.02496,5.088013,0.5682633,0.3325539,0.06643653,1.203187,-0.1764013,0.03202758,0.1287227,-0.1118457,0.840636,-23.73796,32.77
23,-0.06576538,-0.03651428,0.9971619,1.0,-0.1134033,-0.06787109,0.9912262,-24.4489,7.039902,-23.53476,5.313751,0.2744122,0.3144324,1.0,-0.06576538,-0.03651428,0.9971619,31.12013,8.038116,-31.02496,5.088013,0.5682633,0.3325539,0.06643653,1.203187,-0.1764013,0.03202758,0.1287227,-0.1118457,0.840636,-23.73796,32.77
23,-0.06356812,-0.04611206,0.9969025,1.0,-0.1001434,-0.06549072,0.9928131,-24.46576,7.017273,-23.67348,5.485336,0.2724417,0.3157266,1.0,-0.06289673,-0.04576111,0.9969635,31.11322,8.005615,-30.95737,5.133026,0.5679274,0.3348346,0.06880331,1.203856,-0.1768426,0.028484,0.1291479,-0.1162653,0.840636,-23.73796,32.77
23,-0.06990051,-0.04640198,0.99646,1.0,-0.108078,-0.07455444,0.991333,-24.48541,7.036865,-23.80063,5.402664,0.274318,0.3176676,1.0,-0.06451416,-0.04241943,0.9970093,31.10913,8.004242,-30.94525,5.135437,0.5683514,0.3341804,0.07006872,1.204204,-0.1770222,0.02669435,0.129383,-0.1186476,0.840636,-23.73796,32.77
23,-0.06990051,-0.04640198,0.99646,1.0,-0.108078,-0.07455444,0.991333,-24.48541,7.036865,-23.80063,5.402664,0.274318,0.3176676,1.0,-0.06451416,-0.04241943,0.9970093,31.10913,8.004242,-30.94525,5.135437,0.5683514,0.3341804,0.07006872,1.204204,-0.1770222,0.02669435,0.129383,-0.1186476,0.840636,-23.73796,32.77
23,-0.06367493,-0.05932617,0.9962006,1.0,-0.09655762,-0.08564758,0.9916229,-24.54797,7.064392,-24.15614,5.295898,0.2739825,0.3211203,1.0,-0.06311035,-0.05888367,0.9962616,31.12056,7.993423,-30.98767,5.035538,0.5676661,0.3379656,0.07252789,1.204789,-0.1774725,0.02305578,0.1295552,-0.1231264,0.840636,-23.73796,32.77
23,-0.06938171,-0.03871155,0.9968262,1.0,-0.1032562,-0.0643158,0.992569,-24.45027,6.939194,-23.63348,5.499298,0.2722426,0.3174838,1.0,-0.06858826,-0.0381012,0.9969025,31.19345,8.074417,-31.343,5.199982,0.5663911,0.334151,0.07472718,1.205324,-0.1778896,0.01940304,0.1291544,-0.1287543,0.840636,-23.73796,32.77
23,-0.06938171,-0.03871155,0.9968262,1.0,-0.1032562,-0.0643158,0.992569,-24.45027,6.939194,-23.63348,5.499298,0.2722426,0.3174838,1.0,-0.06858826,-0.0381012,0.9969025,31.19345,8.074417,-31.343,5.199982,0.5663911,0.334151,0.07472718,1.205324,-0.1778896,0.01940304,0.1291544,-0.1287543,0.840636,-23.73796,32.77
23,-0.01931763,-0.02606201,0.9994659,1.0,-0.08888245,-0.05839539,0.9943237,-24.13966,7.511276,-25.00298,5.242859,0.2573373,0.3074299,1.0,-0.019104,-0.0259552,0.9994659,31.5305,8.134567,-30.28203,5.090881,0.5453748,0.3209105,0.07583272,1.205526,-0.1781357,0.01763779,0.1289918,-0.1322739,0.840636,-1.183838,32.77
23,-0.01931763,-0.02606201,0.9994659,1.0,-0.08888245,-0.05839539,0.9943237,-24.13966,7.511276,-25.00298,5.242859,0.2573373,0.3074299,1.0,-0.019104,-0.0259552,0.9994659,31.5305,8.134567,-30.28203,5.090881,0.5453748,0.3209105,0.07583272,1.205526,-0.1781357,0.01763779,0.1289918,-0.1322739,0.840636,-1.183838,32.77
23,0.02908325,-0.02342224,0.9992981,1.0,-0.05949402,-0.04179382,0.997345,-23.77171,7.668945,-24.93608,5.440384,0.2373672,0.2953326,1.0,0.02920532,-0.02340698,0.9992981,31.72841,8.374207,-30.62505,4.946747,0.5302864,0.3148302,0.07802808,1.205927,-0.1786923,0.01536147,0.1291605,-0.1386692,0.840636,-1.183838,32.77
23,0.02908325,-0.02342224,0.9992981,1.0,-0.05949402,-0.04179382,0.997345,-23.77171,7.668945,-24.93608,5.440384,0.2373672,0.2953326,1.0,0.02920532,-0.02340698,0.9992981,31.72841,8.374207,-30.62505,4.946747,0.5302864,0.3148302,0.07903171,1.206008,-0.1788988,0.01449196,0.1292963,-0.1409216,0.840636,-1.183838,32.77
24,0.02908325,-0.02342224,0.9992981,1.0,-0.05949402,-0.04179382,0.997345,-23.77171,7.668945,-24.93608,5.440384,0.2373672,0.2953326,1.0,0.02920532,-0.02340698,0.9992981,31.72841,8.374207,-30.62505,4.946747,0.5302864,0.3148302,0.0800451,1.206133,-0.1791201,0.01375229,0.1293288,-0.142869,0.840636,-1.183838,32.77
24,0.02908325,-0.02342224,0.9992981,1.0,-0.05949402,-0.04179382,0.997345,-23.77171,7.668945,-24.93608,5.440384,0.2373672,0.2953326,1.0,0.02920532,-0.02340698,0.9992981,31.72841,8.374207,-30.62505,4.946747,0.5302864,0.3148302,0.0800451,1.206133,-0.1791201,0.01375229,0.1293288,-0.142869,0.840636,-1.183838,32.77
24,0.04222107,-0.007583618,0.9990692,1.0,-0.04455566,-0.06082153,0.9971466,-23.41832,7.722275,-24.94397,5.028366,0.2226775,0.2961333,1.0,0.04223633,-0.007568359,0.9990692,31.92102,8.590149,-31.35767,5.00592,0.5215887,0.3099296,0.08183932,1.206433,-0.179507,0.01232003,0.1287563,-0.1460589,0.840636,-1.183838,32.77
24,0.04222107,-0.007583618,0.9990692,1.0,-0.04455566,-0.06082153,0.9971466,-23.41832,7.722275,-24.94397,5.028366,0.2226775,0.2961333,1.0,0.04223633,-0.007568359,0.9990692,31.92102,8.590149,-31.35767,5.00592,0.5215887,0.3099296,0.08183932,1.206433,-0.179507,0.01232003,0.1287563,-0.1460589,0.840636,-1.183838,32.77
24,0.09141541,0.04483032,0.9947968,1.0,-0.02716064,-0.04785156,0.9984741,-22.85118,7.411758,-23.00511,5.345764,0.2041718,0.289884,1.0,0.09141541,0.04483032,0.9947968,32.18335,8.462738,-31.31599,5.11319,0.5037204,0.3042293,0.08328843,1.206636,-0.179896,0.01141406,0.1279158,-0.1492816,0.840636,-1.183838,32.77
24,0.08676147,0.04705811,0.9951019,1.0,-0.02189636,-0.04101563,0.9989166,-22.77911,7.255829,-22.27441,5.397308,0.2032627,0.2895738,1.0,0.08676147,0.04705811,0.9951019,32.21217,8.33522,-31.06911,5.138016,0.5034357,0.3061894,0.08455181,1.206776,-0.1803616,0.01169202,0.127632,-0.1507777,0.840636,-1.183838,32.77
24,0.08676147,0.04705811,0.9951019,1.0,-0.02189636,-0.04101563,0.9989166,-22.77911,7.255829,-22.27441,5.397308,0.2032627,0.2895738,1.0,0.08676147,0.04705811,0.9951019,32.21217,8.33522,-31.06911,5.138016,0.5034357,0.3061894,0.08455181,1.206776,-0.1803616,0.01169202,0.127632,-0.1507777,0.840636,-1.183838,32.77
24,0.06793213,0.01387024,0.9975891,1.0,-0.02655029,-0.04437256,0.9986572,-22.81104,7.286194,-22.43604,5.358963,0.205081,0.2906334,1.0,0.06793213,0.01387024,0.9975891,32.23325,8.221405,-30.80923,5.106415,0.5058697,0.3148661,0.08516848,1.206946,-0.1805229,0.01196476,0.1277291,-0.1508604,0.840636,-1.183838,32.77
24,0.048172,0.004562378,0.9988251,1.0,-0.02566528,-0.04496765,0.9986572,-22.83014,7.296112,-22.48193,5.347992,0.2053996,0.2906334,1.0,0.04824829,0.004608154,0.9988098,32.28018,8.32457,-31.20393,4.97023,0.5076975,0.3159886,0.08584464,1.206997,-0.1806433,0.01220825,0.1279003,-0.1503911,0.840636,-1.183838,32.77
24,0.048172,0.004562378,0.9988251,1.0,-0.02566528,-0.04496765,0.9986572,-22.83014,7.296112,-22.48193,5.347992,0.2053996,0.2906334,1.0,0.04824829,0.004608154,0.9988098,32.28018,8.32457,-31.20393,4.97023,0.5076975,0.3159886,0.08584464,1.206997,-0.1806433,0.01220825,0.1279003,-0.1503911,0.840636,-1.183838,32.77
24,-0.005340576,-0.02896118,0.9995575,1.0,-0.02714539,-0.04328918,0.9986877,-22.83406,7.321304,-22.5648,5.346069,0.2055697,0.2901036,1.0,0.04804993,0.006210327,0.9988098,32.27855,8.316223,-31.17093,4.978958,0.5077804,0.3157357,0.08703423,1.207109,-0.1809384,0.01275094,0.1284132,-0.1488801,0.840636,7.635254,32.77
24,-0.02304077,-0.03700256,0.9990387,1.0,-0.02734375,-0.03968811,0.9988251,-22.86465,7.411758,-23.00511,5.32106,0.2055697,0.2895369,1.0,0.04728699,0.006790161,0.9988556,32.28101,8.303604,-31.12601,4.992203,0.5078169,0.3157357,0.08754015,1.207266,-0.1811301,0.01281913,0.1287779,-0.1481845,0.840636,7.635254,32.77
24,0.04438782,0.006744385,0.9989777,1.0,-0.006072998,-0.03369141,0.9994049,-23.11331,7.804001,-25.00453,5.206116,0.20576,0.2895369,1.0,0.04438782,0.006744385,0.9989777,32.28101,8.294632,-31.08357,4.994507,0.5083057,0.3157357,0.08805525,1.207341,-0.1812479,0.01289562,0.1293432,-0.1475298,0.840636,7.635254,32.77
24,0.03775024,0.01034546,0.9992218,1.0,0.009109497,-0.03747559,0.9992523,-23.33528,8.130981,-26.64653,5.06633,0.2057802,0.2895,1.0,0.03775024,0.01034546,0.9992218,32.27164,8.295471,-30.99472,4.995087,0.5097693,0.3143116,0.08885527,1.207321,-0.1815333,0.01277196,0.1308654,-0.1456062,0.840636,7.635254,32.77
24,0.03775024,0.01034546,0.9992218,1.0,0.009109497,-0.03747559,0.9992523,-23.33528,8.130981,-26.64653,5.06633,0.2057802,0.2895,1.0,0.03775024,0.01034546,0.9992218,32.27164,8.295471,-30.99472,4.995087,0.5097693,0.3143116,0.08885527,1.207321,-0.1815333,0.01277196,0.1308654,-0.1456062,0.840636,7.635254,32.77
24,0.0433197,0.001556396,0.999054,1.0,-0.004196167,-0.04747009,0.9988556,-23.33839,8.136536,-26.70981,4.982697,0.2062266,0.2892219,1.0,0.0433197,0.001556396,0.999054,32.26625,8.294357,-30.96823,4.884842,0.5089639,0.3158113,0.08906853,1.207311,-0.1817146,0.01267417,0.1320318,-0.1442526,0.840636,7.635254,32.77
24,0.0433197,0.001556396,0.999054,1.0,-0.004196167,-0.04747009,0.9988556,-23.33839,8.136536,-26.70981,4.982697,0.2062266,0.2892219,1.0,0.0433197,0.001556396,0.999054,32.26625,8.294357,-30.96823,4.884842,0.5089639,0.3158113,0.08906853,1.207311,-0.1817146,0.01267417,0.1320318,-0.1442526,0.840636,7.635254,32.77
24,0.04457092,-0.002334595,0.9989929,1.0,-0.008209229,-0.04136658,0.9990997,-23.33839,8.136536,-26.70981,4.947998,0.2069798,0.2881891,1.0,0.04457092,-0.002334595,0.9989929,32.26041,8.304642,-31.00011,4.884048,0.5089639,0.3164154,0.08972669,1.207474,-0.1818479,0.01220093,0.1338916,-0.1413552,0.840636,7.635254,32.77
24,0.04620361,-0.001785278,0.9989166,1.0,-0.0176239,-0.03816223,0.999115,-23.34428,8.145294,-26.72557,4.954285,0.2088811,0.2875633,1.0,0.04620361,-0.001785278,0.9989166,32.28444,8.268463,-30.86028,4.899597,0.5077932,0.3164565,0.0900377,1.207603,-0.1818339,0.01176,0.1344481,-0.1398008,0.840636,7.635254,32.77
24,0.04620361,-0.001785278,0.9989166,1.0,-0.0176239,-0.03816223,0.999115,-23.34428,8.145294,-26.72557,4.954285,0.2088811,0.2875633,1.0,0.04620361,-0.001785278,0.9989166,32.28444,8.268463,-30.86028,4.899597,0.5077932,0.3164565,0.0900377,1.207603,-0.1818339,0.01176,0.1344481,-0.1398008,0.840636,7.635254,32.77
24,-0.01100159,-0.03488159,0.9993286,1.0,-0.01408386,-0.0372467,0.9992065,-23.35899,8.145294,-26.72557,4.952209,0.2087453,0.2873677,1.0,0.05903625,0.0188446,0.9980621,32.28615,8.150024,-30.28789,5.118423,0.5054153,0.3122827,0.09026468,1.207781,-0.1818074,0.01038889,0.1347482,-0.1372268,0.840636,7.635254,32.77
24,-0.01100159,-0.03488159,0.9993286,1.0,-0.01408386,-0.0372467,0.9992065,-23.35899,8.145294,-26.72557,4.952209,0.2087453,0.2873677,1.0,0.05903625,0.0188446,0.9980621,32.28615,8.150024,-30.28789,5.118423,0.5054153,0.3122827,0.09035599,1.207986,-0.181725,0.0087933,0.1342802,-0.1360929,0.840636,7.635254,32.77
24,-0.01100159,-0.03488159,0.9993286,1.0,-0.01408386,-0.0372467,0.9992065,-23.35899,8.145294,-26.72557,4.952209,0.2087453,0.2873677,1.0,0.05903625,0.0188446,0.9980621,32.28615,8.150024,-30.28789,5.118423,0.5054153,0.3122827,0.09035599,1.207986,-0.181725,0.0087933,0.1342802,-0.1360929,0.840636,7.635254,32.77
24,-0.01100159,-0.03488159,0.9993286,1.0,-0.01408386,-0.0372467,0.9992065,-23.35899,8.145294,-26.72557,4.952209,0.2087453,0.2873677,1.0,0.05903625,0.0188446,0.9980621,32.28615,8.150024,-30.28789,5.118423,0.5054153,0.3122827,0.09035599,1.207986,-0.181725,0.0087933,0.1342802,-0.1360929,0.840636,7.635254,32.77
24,-0.01100159,-0.03488159,0.9993286,1.0,-0.01408386,-0.0372467,0.9992065,-23.35899,8.145294,-26.72557,4.952209,0.2087453,0.2873677,1.0,0.05903625,0.0188446,0.9980621,32.28615,8.150024,-30.28789,5.118423,0.5054153,0.3122827,0.09029448,1.208218,-0.1816016,0.007230026,0.1337213,-0.1359839,0.840636,7.635254,32.77
24,-0.01100159,-0.03488159,0.9993286,1.0,-0.01408386,-0.0372467,0.9992065,-23.35899,8.145294,-26.72557,4.952209,0.2087453,0.2873677,1.0,0.05903625,0.0188446,0.9980621,32.28615,8.150024,-30.28789,5.118423,0.5054153,0.3122827,0.09029448,1.208218,-0.1816016,0.007230026,0.1337213,-0.1359839,0.840636,7.635254,32.77
24,0.05514526,0.02740479,0.9980927,1.0,-0.02540588,-0.03161621,0.999176,-23.01591,7.313339,-23.44226,4.948059,0.2054767,0.289618,1.0,0.05516052,0.02740479,0.9980927,32.27142,8.007797,-29.84047,5.137848,0.5064808,0.3121386,0.0899874,1.208552,-0.1814084,0.005132763,0.1322607,-0.1353758,0.840636,11.41406,32.77
24,0.05514526,0.02740479,0.9980927,1.0,-0.02540588,-0.03161621,0.999176,-23.01591,7.313339,-23.44226,4.948059,0.2054767,0.289618,1.0,0.05516052,0.02740479,0.9980927,32.27142,8.007797,-29.84047,5.137848,0.5064808,0.3121386,0.0899874,1.208552,-0.1814084,0.005132763,0.1322607,-0.1353758,0.840636,11.41406,32.77
24,0.04986572,0.006698608,0.9987183,1.0,-0.02241516,-0.02961731,0.9992981,-23.3672,8.027328,-26.44084,4.90419,0.211266,0.2880854,1.0,0.04988098,0.006698608,0.9987183,32.36076,8.336533,-31.32947,4.904694,0.5045751,0.3162249,0.08946109,1.208942,-0.1810986,0.002937307,0.129574,-0.1339586,0.840636,11.41406,32.77
24,0.04981995,-0.002609253,0.9987488,1.0,-0.03543091,-0.004959106,0.9993591,-23.01634,7.294876,-23.48901,5.103226,0.209027,0.288617,1.0,0.04981995,-0.002609253,0.9987488,32.36076,8.335312,-31.32947,4.868286,0.5045751,0.3179596,0.08880615,1.209247,-0.1807929,0.001244878,0.1265509,-0.1332323,0.840636,11.41406,32.77
24,0.04981995,-0.002609253,0.9987488,1.0,-0.03543091,-0.004959106,0.9993591,-23.01634,7.294876,-23.48901,5.103226,0.209027,0.288617,1.0,0.04981995,-0.002609253,0.9987488,32.36076,8.335312,-31.32947,4.868286,0.5045751,0.3179596,0.08880615,1.209247,-0.1807929,0.001244878,0.1265509,-0.1332323,0.840636,11.41406,32.77
24,0.06843567,0.03610229,0.996994,1.0,-0.05172729,-0.01545715,0.9985352,-22.71671,7.334747,-22.52025,4.888199,0.2058163,0.2842874,1.0,0.06843567,0.03610229,0.996994,32.29642,8.150772,-30.04805,5.205017,0.503409,0.3068305,0.08808291,1.209412,-0.1805106,0.0003662109,0.1239371,-0.1330807,0.840636,11.41406,32.77
24,0.06843567,0.03610229,0.996994,1.0,-0.05172729,-0.01545715,0.9985352,-22.71671,7.334747,-22.52025,4.888199,0.2058163,0.2842874,1.0,0.06843567,0.03610229,0.996994,32.29642,8.150772,-30.04805,5.205017,0.503409,0.3068305,0.08808291,1.209412,-0.1805106,0.0003662109,0.1239371,-0.1330807,0.840636,11.41406,32.77
24,0.0823822,0.04249573,0.9956818,1.0,0.009231567,0.03149414,0.9994507,-22.77156,7.881104,-24.3569,4.967911,0.1910222,0.2689078,1.0,0.0823822,0.04249573,0.9956818,32.36009,8.430344,-30.80089,4.962936,0.498898,0.3022759,0.08729804,1.209628,-0.18018,-0.0008368719,0.1215375,-0.1328026,0.840636,11.41406,32.77
24,0.0823822,0.04249573,0.9956818,1.0,0.009231567,0.03149414,0.9994507,-22.77156,7.881104,-24.3569,4.967911,0.1910222,0.2689078,1.0,0.0823822,0.04249573,0.9956818,32.36009,8.430344,-30.80089,4.962936,0.498898,0.3022759,0.08729804,1.209628,-0.18018,-0.0008368719,0.1215375,-0.1328026,0.840636,11.41406,32.77
24,0.08459473,0.05804443,0.9947205,1.0,-0.02124023,0.009429932,0.9997253,-22.85197,7.813477,-24.18137,4.851135,0.1991915,0.2732218,1.0,0.08509827,0.05827332,0.9946594,32.32532,8.264832,-30.10316,4.933868,0.4994922,0.2995426,0.08650589,1.21012,-0.1797021,-0.002770216,0.1189966,-0.1323326,0.840636,11.41406,32.77
24,0.08459473,0.05804443,0.9947205,1.0,-0.02124023,0.009429932,0.9997253,-22.85197,7.813477,-24.18137,4.851135,0.1991915,0.2732218,1.0,0.08509827,0.05827332,0.9946594,32.32532,8.264832,-30.10316,4.933868,0.4994922,0.2995426,0.08650589,1.21012,-0.1797021,-0.002770216,0.1189966,-0.1323326,0.840636,11.41406,32.77
24,0.08251953,0.05430603,0.9951019,1.0,-0.03112793,-0.001327515,0.9995117,-22.8551,7.807785,-24.05154,4.874542,0.2017044,0.2748348,1.0,0.08337402,0.05473328,0.9950104,32.3139,8.277176,-30.10316,4.996323,0.500212,0.2999055,0.08566201,1.210636,-0.1792569,-0.005030126,0.1162557,-0.131673,0.840636,11.41406,32.77
24,0.08251953,0.05430603,0.9951019,1.0,-0.03112793,-0.001327515,0.9995117,-22.8551,7.807785,-24.05154,4.874542,0.2017044,0.2748348,1.0,0.08337402,0.05473328,0.9950104,32.3139,8.277176,-30.10316,4.996323,0.500212,0.2999055,0.08566201,1.210636,-0.1792569,-0.005030126,0.1162557,-0.131673,0.840636,11.41406,32.77
24,0.08078003,0.05378723,0.9952698,1.0,-0.0406189,-0.002807617,0.9991608,-22.78276,7.643051,-23.11386,4.951981,0.2034171,0.2745634,1.0,0.08126831,0.05401611,0.995224,32.30229,8.269547,-30.0735,4.998184,0.5009785,0.300081,0.08487928,1.211011,-0.178869,-0.006945146,0.1131569,-0.130936,0.840636,11.41406,32.77
24,0.08078003,0.05378723,0.9952698,1.0,-0.0406189,-0.002807617,0.9991608,-22.78276,7.643051,-23.11386,4.951981,0.2034171,0.2745634,1.0,0.08126831,0.05401611,0.995224,32.30229,8.269547,-30.0735,4.998184,0.5009785,0.300081,0.08487928,1.211011,-0.178869,-0.006945146,0.1131569,-0.130936,0.840636,11.41406,32.77
24,0.07876587,0.05036926,0.9956055,1.0,-0.02626038,-0.01850891,0.9994812,-22.74896,7.401001,-21.90768,5.10376,0.203799,0.2782489,1.0,0.07876587,0.05036926,0.9956055,32.29498,8.264832,-30.09177,4.99823,0.501671,0.3010769,0.08386874,1.211482,-0.178503,-0.009545712,0.1100046,-0.1299958,0.840636,-11.73447,32.77
24,0.07876587,0.05036926,0.9956055,1.0,-0.02626038,-0.01850891,0.9994812,-22.74896,7.401001,-21.90768,5.10376,0.203799,0.2782489,1.0,0.07876587,0.05036926,0.9956055,32.29498,8.264832,-30.09177,4.99823,0.501671,0.3010769,0.08386874,1.211482,-0.178503,-0.009545712,0.1100046,-0.1299958,0.840636,-11.73447,32.77
24,0.07542419,0.05136108,0.9958191,1.0,-0.0406189,0.006790161,0.9991455,-22.65761,7.109848,-20.81049,5.12558,0.2068831,0.2775722,1.0,0.07542419,0.05136108,0.9958191,32.29375,8.260468,-30.09492,4.99762,0.5022904,0.3010769,0.08281946,1.212261,-0.1780634,-0.01253169,0.105805,-0.1288499,0.840636,-11.73447,32.77
24,0.07542419,0.05136108,0.9958191,1.0,-0.0406189,0.006790161,0.9991455,-22.65761,7.109848,-20.81049,5.12558,0.2068831,0.2775722,1.0,0.07542419,0.05136108,0.9958191,32.29375,8.260468,-30.09492,4.99762,0.5022904,0.3010769,0.08281946,1.212261,-0.1780634,-0.01253169,0.105805,-0.1288499,0.840636,-11.73447,32.77
24,0.07275391,0.05195618,0.9959869,1.0,-0.04315186,0.02415466,0.998764,-22.67975,7.136307,-21.02695,5.218201,0.2077088,0.2756946,1.0,0.07275391,0.05195618,0.9959869,32.28387,8.241348,-30.10316,4.998459,0.5030979,0.3017389,0.08170426,1.21277,-0.1776954,-0.01483343,0.1011117,-0.1274318,0.840636,-11.73447,32.77
24,0.07275391,0.05195618,0.9959869,1.0,-0.04315186,0.02415466,0.998764,-22.67975,7.136307,-21.02695,5.218201,0.2077088,0.2756946,1.0,0.07275391,0.05195618,0.9959869,32.28387,8.241348,-30.10316,4.998459,0.5030979,0.3017389,0.08170426,1.21277,-0.1776954,-0.01483343,0.1011117,-0.1274318,0.840636,-11.73447,32.77
24,0.04649353,0.02706909,0.9985504,1.0,-0.04367065,0.01002502,0.9989929,-22.70927,7.200409,-21.13722,5.264862,0.2081834,0.2763313,1.0,0.04649353,0.02706909,0.9985504,32.21014,8.13475,-30.17883,4.967606,0.5101928,0.3107931,0.08040261,1.213242,-0.1774749,-0.01603634,0.09648205,-0.1256652,0.840636,-11.73447,32.77
24,0.04649353,0.02706909,0.9985504,1.0,-0.04367065,0.01002502,0.9989929,-22.70927,7.200409,-21.13722,5.264862,0.2081834,0.2763313,1.0,0.04649353,0.02706909,0.9985504,32.21014,8.13475,-30.17883,4.967606,0.5101928,0.3107931,0.08040261,1.213242,-0.1774749,-0.01603634,0.09648205,-0.1256652,0.840636,-11.73447,32.77
24,0.0499115,0.04212952,0.9978638,1.0,-0.01879883,0.008804321,0.9997711,-23.11035,7.393951,-22.28064,5.308182,0.2158893,0.279324,1.0,0.05014038,0.04223633,0.9978333,32.16298,8.145554,-30.39406,4.955963,0.5112873,0.3093907,0.07929599,1.213562,-0.1774226,-0.01673699,0.09244995,-0.124531,0.8585693,-11.73447,32.77
24,0.0499115,0.04212952,0.9978638,1.0,-0.01879883,0.008804321,0.9997711,-23.11035,7.393951,-22.28064,5.308182,0.2158893,0.279324,1.0,0.05014038,0.04223633,0.9978333,32.16298,8.145554,-30.39406,4.955963,0.5112873,0.3093907,0.07929599,1.213562,-0.1774226,-0.01673699,0.09244995,-0.124531,0.8585693,-11.73447,32.77
24,0.05032349,0.02911377,0.9983063,1.0,-0.04943848,0.02017212,0.9985657,-23.23645,7.303574,-22.95998,5.083633,0.2221492,0.2831318,1.0,0.05032349,0.02911377,0.9983063,32.08115,8.110306,-30.33238,4.959595,0.5141031,0.3124968,0.07827282,1.21366,-0.1775423,-0.01661816,0.08909018,-0.1236324,0.8585693,-11.73447,32.77
24,0.05032349,0.02911377,0.9983063,1.0,-0.04943848,0.02017212,0.9985657,-23.23645,7.303574,-22.95998,5.083633,0.2221492,0.2831318,1.0,0.05032349,0.02911377,0.9983063,32.08115,8.110306,-30.33238,4.959595,0.5141031,0.3124968,0.07827282,1.21366,-0.1775423,-0.01661816,0.08909018,-0.1236324,0.8585693,-11.73447,32.77
24,0.02957153,0.008972168,0.9995117,1.0,-0.04521179,0.003204346,0.9989624,-23.41191,7.435516,-23.6655,4.966278,0.2266467,0.2873986,1.0,0.02957153,0.008972168,0.9995117,32.02878,8.243134,-30.82518,4.854324,0.5196844,0.3152158,0.07736969,1.21375,-0.1776266,-0.01637108,0.08730888,-0.1229531,0.8585693,-11.73447,32.77
24,0.02957153,0.008972168,0.9995117,1.0,-0.04521179,0.003204346,0.9989624,-23.41191,7.435516,-23.6655,4.966278,0.2266467,0.2873986,1.0,0.02957153,0.008972168,0.9995117,32.02878,8.243134,-30.82518,4.854324,0.5196844,0.3152158,0.07736969,1.21375,-0.1776266,-0.01637108,0.08730888,-0.1229531,0.8585693,-11.73447,32.77
24,0.01872253,0.009353638,0.9997711,1.0,-0.0236969,-0.02526855,0.9993896,-23.43428,7.157303,-21.66827,5.107727,0.2283947,0.2878244,1.0,0.01872253,0.009353638,0.9997711,31.92717,8.230011,-30.72372,4.807693,0.5250981,0.3148855,0.07680357,1.213801,-0.1776921,-0.01578205,0.08634307,-0.1224972,0.8585693,-11.73447,32.77
24,0.01872253,0.009353638,0.9997711,1.0,-0.0236969,-0.02526855,0.9993896,-23.43428,7.157303,-21.66827,5.107727,0.2283947,0.2878244,1.0,0.01872253,0.009353638,0.9997711,31.92717,8.230011,-30.72372,4.807693,0.5250981,0.3148855,0.07680357,1.213801,-0.1776921,-0.01578205,0.08634307,-0.1224972,0.8585693,-11.73447,32.77
24,0.01153564,0.001663208,0.9999237,1.0,-0.008666992,0.001525879,0.9999542,-23.82466,7.786819,-25.51886,4.8815,0.2299459,0.2882722,1.0,0.01153564,0.001663208,0.9999237,31.89194,8.225296,-30.69588,4.705811,0.5275465,0.3162289,0.07638443,1.213764,-0.1777916,-0.01464386,0.08616772,-0.1224813,0.8585693,-11.73447,32.77
24,0.01153564,0.001663208,0.9999237,1.0,-0.008666992,0.001525879,0.9999542,-23.82466,7.786819,-25.51886,4.8815,0.2299459,0.2882722,1.0,0.01153564,0.001663208,0.9999237,31.89194,8.225296,-30.69588,4.705811,0.5275465,0.3162289,0.07638443,1.213764,-0.1777916,-0.01464386,0.08616772,-0.1224813,0.8585693,-11.73447,32.77
24,0.01168823,0.003128052,0.9999237,1.0,-0.0008239746,0.01524353,0.9998779,-23.87979,7.670502,-25.29675,4.900665,0.2302341,0.287373,1.0,0.01168823,0.003128052,0.9999237,31.88409,8.217422,-30.65735,4.713806,0.5277821,0.3159507,0.07616401,1.213653,-0.1779162,-0.01387849,0.08672613,-0.1222535,0.8585693,-36.01532,32.77
24,0.01168823,0.003128052,0.9999237,1.0,-0.0008239746,0.01524353,0.9998779,-23.87979,7.670502,-25.29675,4.900665,0.2302341,0.287373,1.0,0.01168823,0.003128052,0.9999237,31.88409,8.217422,-30.65735,4.713806,0.5277821,0.3159507,0.07616401,1.213653,-0.1779162,-0.01387849,0.08672613,-0.1222535,0.8585693,-36.01532,32.77
24,0.01020813,0.002258301,0.999939,1.0,-0.00163269,0.01759338,0.9998322,-23.87248,7.632828,-25.09859,4.890457,0.230701,0.2870224,1.0,0.01020813,0.002258301,0.999939,31.88048,8.214935,-30.64644,4.685165,0.5281565,0.316127,0.0760411,1.213803,-0.1780874,-0.01400142,0.08715273,-0.1212322,0.8585693,-36.01532,32.77
24,0.01020813,0.002258301,0.999939,1.0,-0.00163269,0.01759338,0.9998322,-23.87248,7.632828,-25.09859,4.890457,0.230701,0.2870224,1.0,0.01020813,0.002258301,0.999939,31.88048,8.214935,-30.64644,4.685165,0.5281565,0.316127,0.0760411,1.213803,-0.1780874,-0.01400142,0.08715273,-0.1212322,0.8585693,-36.01532,32.77
24,0.01150513,-0.005065918,0.9999084,1.0,-0.003723145,0.01499939,0.9998779,-23.86777,7.662537,-25.02922,4.909073,0.2311316,0.2861004,1.0,0.01158142,-0.005187988,0.9999084,31.8844,8.287521,-30.63943,4.647736,0.5277838,0.314788,0.07565534,1.213964,-0.1783999,-0.01435611,0.08731237,-0.1199138,0.8585693,-36.01532,32.77
24,0.01150513,-0.005065918,0.9999084,1.0,-0.003723145,0.01499939,0.9998779,-23.86777,7.662537,-25.02922,4.909073,0.2311316,0.2861004,1.0,0.01158142,-0.005187988,0.9999084,31.8844,8.287521,-30.63943,4.647736,0.5277838,0.314788,0.07565534,1.213964,-0.1783999,-0.01435611,0.08731237,-0.1199138,0.8585693,-36.01532,32.77
24,0.008636475,-0.008499146,0.9999237,1.0,-0.007278442,0.01487732,0.9998474,-23.86925,7.677704,-25.09065,4.917221,0.2315453,0.2859202,1.0,0.01112366,-0.01216125,0.9998627,31.89766,8.312317,-30.70654,4.626465,0.5274189,0.3156711,0.07540441,1.214235,-0.1786647,-0.0147589,0.08708072,-0.1186241,0.8585693,-36.01532,32.77
24,0.008636475,-0.008499146,0.9999237,1.0,-0.007278442,0.01487732,0.9998474,-23.86925,7.677704,-25.09065,4.917221,0.2315453,0.2859202,1.0,0.01112366,-0.01216125,0.9998627,31.89766,8.312317,-30.70654,4.626465,0.5274189,0.3156711,0.07540441,1.214235,-0.1786647,-0.0147589,0.08708072,-0.1186241,0.8585693,-36.01532,32.77
24,0.00151062,0.0005493164,0.9999847,1.0,-0.01029968,0.01724243,0.9997864,-23.86575,7.655319,-25.01617,4.903046,0.232247,0.2859202,1.0,0.008865356,-0.009811401,0.9999084,31.90736,8.314545,-30.73155,4.625229,0.5274804,0.3153628,0.07492673,1.21441,-0.1789745,-0.01522604,0.08669691,-0.1176118,0.8585693,-36.01532,32.77
24,0.00151062,0.0005493164,0.9999847,1.0,-0.01029968,0.01724243,0.9997864,-23.86575,7.655319,-25.01617,4.903046,0.232247,0.2859202,1.0,0.008865356,-0.009811401,0.9999084,31.90736,8.314545,-30.73155,4.625229,0.5274804,0.3153628,0.07492673,1.21441,-0.1789745,-0.01522604,0.08669691,-0.1176118,0.8585693,-36.01532,32.77
24,-0.002059937,0.01968384,0.9998016,1.0,-0.01434326,0.04653931,0.9988098,-23.86047,7.610886,-24.95537,4.920013,0.2327322,0.2819189,1.0,0.008804321,-0.004104614,0.999939,31.92044,8.310318,-30.77069,4.641098,0.5270538,0.314788,0.07472515,1.214526,-0.1791499,-0.01514902,0.08637327,-0.117078,0.8585693,-36.01532,32.77
24,-0.002059937,0.01968384,0.9998016,1.0,-0.01434326,0.04653931,0.9988098,-23.86047,7.610886,-24.95537,4.920013,0.2327322,0.2819189,1.0,0.008804321,-0.004104614,0.999939,31.92044,8.310318,-30.77069,4.641098,0.5270538,0.314788,0.07430971,1.2146,-0.1795469,-0.01506073,0.08512547,-0.1151784,0.8585693,-36.01532,32.77
24,-0.002059937,0.01968384,0.9998016,1.0,-0.01434326,0.04653931,0.9988098,-23.86047,7.610886,-24.95537,4.920013,0.2327322,0.2819189,1.0,0.008804321,-0.004104614,0.999939,31.92044,8.310318,-30.77069,4.641098,0.5270538,0.314788,0.07430971,1.2146,-0.1795469,-0.01506073,0.08512547,-0.1151784,0.8585693,-36.01532,32.77
24,-0.002059937,0.01968384,0.9998016,1.0,-0.01434326,0.04653931,0.9988098,-23.86047,7.610886,-24.95537,4.920013,0.2327322,0.2819189,1.0,0.008804321,-0.004104614,0.999939,31.92044,8.310318,-30.77069,4.641098,0.5270538,0.314788,0.07406056,1.214717,-0.179727,-0.01504885,0.08420286,-0.1142196,0.8585693,-36.01532,32.77
24,-0.002059937,0.01968384,0.9998016,1.0,-0.01434326,0.04653931,0.9988098,-23.86047,7.610886,-24.95537,4.920013,0.2327322,0.2819189,1.0,0.008804321,-0.004104614,0.999939,31.92044,8.310318,-30.77069,4.641098,0.5270538,0.314788,0.07406056,1.214717,-0.179727,-0.01504885,0.08420286,-0.1142196,0.8585693,-36.01532,32.77
24,-0.002059937,0.01968384,0.9998016,1.0,-0.01434326,0.04653931,0.9988098,-23.86047,7.610886,-24.95537,4.920013,0.2327322,0.2819189,1.0,0.008804321,-0.004104614,0.999939,31.92044,8.310318,-30.77069,4.641098,0.5270538,0.314788,0.07326889,1.214823,-0.180097,-0.01541425,0.0823184,-0.1133084,0.8585693,17.19212,32.77
24,0.008148193,-0.006820679,0.999939,1.0,-0.05717468,0.00428772,0.9983521,-23.51648,7.381348,-22.97966,4.989441,0.2317617,0.2819189,1.0,0.008148193,-0.006820679,0.999939,31.9277,8.309677,-30.74644,4.641846,0.5268993,0.3151087,0.07302177,1.214969,-0.1802312,-0.01568117,0.08161658,-0.1132593,0.8585693,17.19212,32.77
24,0.008148193,-0.006820679,0.999939,1.0,-0.05717468,0.00428772,0.9983521,-23.51648,7.381348,-22.97966,4.989441,0.2317617,0.2819189,1.0,0.008148193,-0.006820679,0.999939,31.9277,8.309677,-30.74644,4.641846,0.5268993,0.3151087,0.07302177,1.214969,-0.1802312,-0.01568117,0.08161658,-0.1132593,0.8585693,17.19212,32.77
24,0.01483154,-0.001449585,0.9998779,1.0,-0.05970764,-0.02627563,0.9978638,-23.38219,7.317383,-22.01138,4.990448,0.2320084,0.2853118,1.0,0.01483154,-0.001449585,0.9998779,31.99693,8.29953,-30.46159,4.685883,0.5232108,0.3121991,0.07249737,1.215072,-0.1805622,-0.01594035,0.0806919,-0.1128686,0.8585693,17.19212,32.77
24,0.01725769,-0.008346558,0.9998016,1.0,-0.05540466,-0.01420593,0.9983521,-23.37,7.215515,-21.5834,5.120163,0.2319031,0.2839817,1.0,0.01725769,-0.008346558,0.9998016,31.94861,8.248779,-30.3331,4.654266,0.5244154,0.3143337,0.07228506,1.215123,-0.180736,-0.01568497,0.08029796,-0.1124491,0.8585693,17.19212,32.77
24,0.01725769,-0.008346558,0.9998016,1.0,-0.05540466,-0.01420593,0.9983521,-23.37,7.215515,-21.5834,5.120163,0.2319031,0.2839817,1.0,0.01725769,-0.008346558,0.9998016,31.94861,8.248779,-30.3331,4.654266,0.5244154,0.3143337,0.07228506,1.215123,-0.180736,-0.01568497,0.08029796,-0.1124491,0.8585693,17.19212,32.77
24,0.01364136,-0.006759644,0.9998779,1.0,-0.05458069,-0.02149963,0.9982758,-23.36234,7.188171,-21.41464,5.061508,0.2321138,0.2851373,1.0,0.01364136,-0.006759644,0.9998779,31.94336,8.246338,-30.38744,4.6521,0.5252452,0.3145647,0.07186508,1.215194,-0.1810391,-0.01511258,0.07933528,-0.1112204,0.8585693,17.19212,32.77
24,0.009002686,-0.00289917,0.9999542,1.0,-0.05137634,-0.01756287,0.9985199,-23.36234,7.188171,-21.41464,5.085678,0.2321138,0.2851373,1.0,0.009017944,-0.002883911,0.9999542,31.93961,8.244003,-30.39186,4.651062,0.5261807,0.3139667,0.07153678,1.215255,-0.1811799,-0.01494053,0.07903673,-0.1108799,0.8585693,17.19212,32.77
24,-0.01019287,0.004241943,0.999939,1.0,-0.05036926,0.007095337,0.998703,-23.8009,7.637665,-23.7094,5.285141,0.2420378,0.2828847,1.0,-0.01019287,0.004241943,0.999939,31.85298,8.254898,-30.47768,4.686722,0.5326009,0.3129912,0.07140768,1.215312,-0.1813273,-0.01496345,0.07873356,-0.1106758,0.8585693,17.19212,32.77
24,-0.01019287,0.004241943,0.999939,1.0,-0.05036926,0.007095337,0.998703,-23.8009,7.637665,-23.7094,5.285141,0.2420378,0.2828847,1.0,-0.01019287,0.004241943,0.999939,31.85298,8.254898,-30.47768,4.686722,0.5326009,0.3129912,0.07140768,1.215312,-0.1813273,-0.01496345,0.07873356,-0.1106758,0.8585693,17.19212,32.77
24,-0.05206299,0.02377319,0.9983521,1.0,-0.1187592,-0.01412964,0.9928131,-24.38228,7.93132,-25.4709,4.993103,0.2694956,0.2889581,1.0,-0.05206299,0.02377319,0.9983521,31.37231,8.291168,-30.68254,4.806107,0.5570196,0.3096028,0.07102728,1.215419,-0.1815739,-0.0155159,0.07844801,-0.1104373,0.8585693,17.19212,32.77
24,-0.1212158,0.01132202,0.9925537,0.9679497,-0.1511078,-0.01930237,0.988327,-24.73615,7.496597,-23.43155,4.784302,0.2902606,0.2900656,0.9544176,-0.1212158,0.01132202,0.9925537,30.92986,8.409042,-31.01935,4.72345,0.5850608,0.3103584,0.07085788,1.215555,-0.181703,-0.01567404,0.07842018,-0.110233,0.8585693,17.19212,32.77
24,-0.1174927,0.02609253,0.9927216,0.9651338,-0.1548309,-0.009597778,0.9878845,-24.75415,7.507797,-23.43958,4.807404,0.2919956,0.289096,0.944078,-0.1174927,0.02609253,0.9927216,30.92497,8.54097,-31.67863,4.848038,0.5853066,0.3079931,0.07074487,1.215609,-0.1818528,-0.01587993,0.07828134,-0.1098259,0.8585693,17.19212,32.77
24,-0.1174927,0.02609253,0.9927216,0.9651338,-0.1548309,-0.009597778,0.9878845,-24.75415,7.507797,-23.43958,4.807404,0.2919956,0.289096,0.944078,-0.1174927,0.02609253,0.9927216,30.92497,8.54097,-31.67863,4.848038,0.5853066,0.3079931,0.07074487,1.215609,-0.1818528,-0.01587993,0.07828134,-0.1098259,0.8585693,17.19212,32.77
24,-0.1188965,0.004653931,0.9928894,0.9647787,-0.1772461,-0.001296997,0.9841614,-24.76062,7.48584,-23.39331,4.973999,0.2958642,0.2884015,0.9499518,-0.1188965,0.004653931,0.9928894,30.93469,8.582916,-31.92441,4.623199,0.5853641,0.312342,0.07050431,1.215672,-0.1821316,-0.01595903,0.07801793,-0.1090048,0.8585693,16.70441,32.77
24,-0.1666565,-0.002868652,0.9860077,0.9662057,-0.1684113,-0.003295898,0.9857025,-24.77313,7.506821,-23.55028,5.049271,0.2944879,0.289027,0.965932,-0.1070709,0.01132202,0.9941711,30.94077,8.64006,-32.21944,4.659348,0.5834226,0.3111199,0.07034278,1.215784,-0.1822656,-0.01587759,0.07802136,-0.1085402,0.8585693,16.70441,32.77
25,-0.158905,-0.01100159,0.9872284,0.9823413,-0.1666565,-0.01521301,0.9858856,-24.77437,7.503891,-23.6019,4.849014,0.294357,0.2914644,0.9721773,-0.1163635,0.01197815,0.9931335,30.94537,8.64006,-32.21944,4.68634,0.5849139,0.3109998,0.07008314,1.215833,-0.1824728,-0.01599727,0.0781965,-0.1080538,0.8585693,16.70441,32.77
25,-0.158905,-0.01100159,0.9872284,0.9823413,-0.1666565,-0.01521301,0.9858856,-24.77437,7.503891,-23.6019,4.849014,0.294357,0.2914644,0.9721773,-0.1163635,0.01197815,0.9931335,30.94537,8.64006,-32.21944,4.68634,0.5849139,0.3109998,0.07008314,1.215833,-0.1824728,-0.01599727,0.0781965,-0.1080538,0.8585693,16.70441,32.77
25,-0.164917,-0.01216125,0.9862213,0.9737196,-0.1649475,-0.01217651,0.9862213,-24.77867,7.517563,-23.66077,4.930313,0.2940195,0.2908529,0.9606666,-0.1208954,0.009796143,0.9926147,30.94537,8.64006,-32.21944,4.686569,0.5857132,0.3114116,0.06989193,1.215986,-0.1827645,-0.0165093,0.07841524,-0.1074052,0.8585693,16.70441,32.77
25,-0.1569977,-0.006195068,0.9875641,0.9738977,-0.1652069,-0.009597778,0.9862061,-24.78189,7.536942,-23.73604,4.926163,0.2940195,0.2902489,0.9609297,-0.1199493,0.009048462,0.9927368,30.94719,8.63295,-32.19717,4.685394,0.5854517,0.311634,0.06976569,1.216097,-0.1828862,-0.01701907,0.07845295,-0.1068848,0.8585693,16.70441,32.77
25,-0.1319885,0.004104614,0.9912415,1.0,-0.1644287,-0.01145935,0.9863129,-24.78322,7.545639,-23.76517,4.929062,0.2938778,0.2904502,1.0,-0.1200867,0.009796143,0.9927063,30.94762,8.629044,-32.18202,4.688934,0.5854481,0.3115211,0.06953454,1.216143,-0.1830109,-0.01745691,0.07821774,-0.1064807,0.8585693,16.70441,32.77
25,-0.1319885,0.004104614,0.9912415,1.0,-0.1644287,-0.01145935,0.9863129,-24.78322,7.545639,-23.76517,4.929062,0.2938778,0.2904502,1.0,-0.1200867,0.009796143,0.9927063,30.94762,8.629044,-32.18202,4.688934,0.5854481,0.3115211,0.06953454,1.216143,-0.1830109,-0.01745691,0.07821774,-0.1064807,0.8585693,16.70441,32.77
25,-0.1567383,-0.01194763,0.9875641,1.0,-0.1609039,-0.01339722,0.9868774,-24.7887,7.573471,-23.86035,4.920517,0.2933086,0.2904502,1.0,-0.1156616,0.002304077,0.9932709,30.95038,8.519623,-31.54514,4.717911,0.5839305,0.3117469,0.06924975,1.216331,-0.1832373,-0.01811501,0.07794819,-0.1055086,0.8585693,16.70441,32.77
25,-0.1599884,-0.01286316,0.98703,0.9887464,-0.1604767,-0.01303101,0.9869385,-24.78911,7.581543,-23.89891,4.942093,0.2931464,0.2903505,0.9647736,-0.1149902,0.0027771,0.9933472,30.95105,8.515533,-31.54005,4.72403,0.5837458,0.3119134,0.06897843,1.216391,-0.1833959,-0.01818233,0.07799653,-0.1051633,0.8585693,16.70441,32.77
25,-0.1622772,-0.0124054,0.9866638,0.9847313,-0.1623383,-0.01242065,0.9866486,-24.78969,7.60257,-23.98808,4.964447,0.2932855,0.2901492,0.9722154,-0.1156921,0.0007629395,0.9932709,30.9576,8.511429,-31.45676,4.72702,0.5835612,0.3117469,0.06880128,1.216417,-0.1835345,-0.01828204,0.07830542,-0.1047294,0.8585693,16.70441,32.77
25,-0.1620941,-0.01361084,0.9866791,0.9723871,-0.1621552,-0.0136261,0.9866638,-24.79268,7.630081,-24.12392,4.962173,0.2931232,0.2903505,0.9760934,-0.1148376,-0.001266479,0.9933777,30.97464,8.469147,-31.25525,4.758713,0.5825922,0.3120799,0.06856787,1.216516,-0.1836421,-0.01830526,0.07837475,-0.1042102,0.8585693,16.70441,32.77
25,-0.161438,-0.01257324,0.9868011,0.9723871,-0.1617126,-0.0125885,0.9867554,-24.7955,7.644653,-24.20915,4.960052,0.2929841,0.2902508,0.9760934,-0.1000671,-0.008041382,0.9949341,31.04369,8.329514,-30.98073,4.862671,0.5772046,0.3162243,0.06837761,1.216583,-0.1837578,-0.01826777,0.07851057,-0.1032808,0.8585693,16.70441,32.77
25,-0.161438,-0.01257324,0.9868011,0.9723871,-0.1617126,-0.0125885,0.9867554,-24.7955,7.644653,-24.20915,4.960052,0.2929841,0.2902508,0.9760934,-0.1000671,-0.008041382,0.9949341,31.04369,8.329514,-30.98073,4.862671,0.5772046,0.3162243,0.06837761,1.216583,-0.1837578,-0.01826777,0.07851057,-0.1032808,0.8585693,16.70441,32.77
25,-0.1525421,-0.007461548,0.988266,0.9648059,-0.1587067,-0.009597778,0.9872742,-24.81398,7.709198,-24.60313,4.961761,0.2924299,0.2902508,0.9942868,-0.09997559,0.0105896,0.9949188,31.06612,8.305435,-30.90147,4.91066,0.5763597,0.3131865,0.06785512,1.21667,-0.1838756,-0.0184867,0.07809743,-0.1004946,0.8585693,16.70441,32.77
25,-0.1060333,0.0025177,0.9943542,0.9754653,-0.1515808,-0.01066589,0.9883728,-24.84126,7.753571,-24.88655,4.958984,0.2916008,0.2907205,0.9715827,-0.09121704,0.006790161,0.9958038,31.08531,8.293381,-30.89076,4.868317,0.5741153,0.3142422,0.06785512,1.21667,-0.1838756,-0.0184867,0.07809743,-0.1004946,0.8585693,16.70441,32.77
25,-0.09078979,0.003097534,0.9958649,0.9616625,-0.1488342,-0.009872437,0.9888,-24.85632,7.787109,-25.09753,4.945465,0.2912997,0.290891,0.9824901,-0.08808899,0.003692627,0.9960938,31.12701,8.230255,-30.80292,4.884109,0.5719755,0.3164113,0.06722081,1.21652,-0.1839645,-0.01797752,0.07713173,-0.09531253,0.8585693,16.70441,32.77
25,-0.09078979,0.003097534,0.9958649,0.9616625,-0.1488342,-0.009872437,0.9888,-24.85632,7.787109,-25.09753,4.945465,0.2912997,0.290891,0.9824901,-0.08808899,0.003692627,0.9960938,31.12701,8.230255,-30.80292,4.884109,0.5719755,0.3164113,0.06722081,1.21652,-0.1839645,-0.01797752,0.07713173,-0.09531253,0.8585693,16.70441,32.77
25,-0.09078979,0.02755737,0.9954834,0.9595398,-0.146698,-0.01229858,0.98909,-24.87984,7.863937,-25.49353,4.958527,0.2909727,0.2913278,0.9882638,-0.09077454,0.02755737,0.9954834,31.15089,8.18895,-30.79886,5.0224,0.5716522,0.3136081,0.06636548,1.216319,-0.1839991,-0.01612391,0.07640129,-0.08833666,0.8585693,11.43274,32.77
25,-0.08604431,0.00378418,0.9962769,0.9638116,-0.1489105,-0.02558899,0.9885101,-24.88979,8.007721,-26.14056,4.923553,0.2906076,0.2932859,0.9887878,-0.08604431,0.00378418,0.9962769,31.17931,8.158478,-30.73708,4.987747,0.5696739,0.3185216,0.06516886,1.215856,-0.1839315,-0.01362329,0.07596511,-0.08239584,0.8585693,11.43274,32.77
25,-0.08604431,0.00378418,0.9962769,0.9638116,-0.1489105,-0.02558899,0.9885101,-24.88979,8.007721,-26.14056,4.923553,0.2906076,0.2932859,0.9887878,-0.08604431,0.00378418,0.9962769,31.17931,8.158478,-30.73708,4.987747,0.5696739,0.3185216,0.06516886,1.215856,-0.1839315,-0.01362329,0.07596511,-0.08239584,0.8585693,11.43274,32.77
25,-0.08828735,0.003112793,0.9960785,1.0,-0.1204681,-0.04438782,0.9917145,-24.84436,7.946411,-26.35133,4.90152,0.2836272,0.2993813,1.0,-0.08828735,0.003112793,0.9960785,31.18954,8.156586,-30.70981,4.956451,0.5696739,0.3185216,0.06384933,1.215528,-0.1836205,-0.01166905,0.07571293,-0.0771832,0.8585693,11.43274,32.77
25,-0.08828735,0.003112793,0.9960785,1.0,-0.1204681,-0.04438782,0.9917145,-24.84436,7.946411,-26.35133,4.90152,0.2836272,0.2993813,1.0,-0.08828735,0.003112793,0.9960785,31.18954,8.156586,-30.70981,4.956451,0.5696739,0.3185216,0.06384933,1.215528,-0.1836205,-0.01166905,0.07571293,-0.0771832,0.8585693,11.43274,32.77
25,-0.07501221,0.006790161,0.9971466,0.9778803,-0.1295319,-0.03823853,0.9908295,-24.84505,7.948318,-26.35387,4.878036,0.2852734,0.2984507,0.9782382,-0.07501221,0.00680542,0.9971466,31.22269,8.201141,-30.69562,5.073807,0.5662254,0.3160895,0.06257236,1.215489,-0.1831957,-0.01044183,0.07506431,-0.07109241,0.8585693,11.43274,32.77
25,-0.07501221,0.006790161,0.9971466,0.9778803,-0.1295319,-0.03823853,0.9908295,-24.84505,7.948318,-26.35387,4.878036,0.2852734,0.2984507,0.9782382,-0.07501221,0.00680542,0.9971466,31.22269,8.201141,-30.69562,5.073807,0.5662254,0.3160895,0.06257236,1.215489,-0.1831957,-0.01044183,0.07506431,-0.07109241,0.8585693,11.43274,32.77
25,-0.08964539,-0.009078979,0.9959259,0.9919829,-0.1326752,-0.04772949,0.9900055,-24.84964,8.026047,-26.22214,4.868805,0.2861751,0.2965302,0.9728411,-0.08561707,-0.005462646,0.9963074,31.22292,8.238266,-30.56253,5.000854,0.5679468,0.3158609,0.06136346,1.215549,-0.1827449,-0.00998368,0.07406107,-0.06526722,0.8585693,11.43274,32.77
25,-0.08964539,-0.009078979,0.9959259,0.9919829,-0.1326752,-0.04772949,0.9900055,-24.84964,8.026047,-26.22214,4.868805,0.2861751,0.2965302,0.9728411,-0.08561707,-0.005462646,0.9963074,31.22292,8.238266,-30.56253,5.000854,0.5679468,0.3158609,0.06136346,1.215549,-0.1827449,-0.00998368,0.07406107,-0.06526722,0.8585693,11.43274,32.77
25,-0.1076508,-0.008895874,0.9941406,0.9745751,-0.1291199,-0.04412842,0.9906311,-24.84964,8.026047,-26.2188,4.906357,0.2854863,0.2957572,0.9711463,-0.0965271,0.009246826,0.995285,31.22073,8.275772,-30.6418,4.96524,0.5700505,0.3124682,0.06009459,1.215573,-0.1822819,-0.009664392,0.07311961,-0.06122578,0.8585693,11.43274,32.77
25,-0.1076508,-0.008895874,0.9941406,0.9745751,-0.1291199,-0.04412842,0.9906311,-24.84964,8.026047,-26.2188,4.906357,0.2854863,0.2957572,0.9711463,-0.0965271,0.009246826,0.995285,31.22073,8.275772,-30.6418,4.96524,0.5700505,0.3124682,0.06009459,1.215573,-0.1822819,-0.009664392,0.07311961,-0.06122578,0.8585693,11.43274,32.77
25,-0.1093903,-0.01095581,0.993927,0.9617971,-0.1285553,-0.05126953,0.9903717,-24.8486,8.014435,-26.12732,4.871231,0.2855933,0.2968055,0.959963,-0.09934998,0.009979248,0.9949951,31.21957,8.277817,-30.61217,4.959335,0.5705615,0.312048,0.05863571,1.215638,-0.1819153,-0.00967826,0.07196498,-0.05881535,0.8585693,6.581055,32.77
25,-0.1093903,-0.01095581,0.993927,0.9617971,-0.1285553,-0.05126953,0.9903717,-24.8486,8.014435,-26.12732,4.871231,0.2855933,0.2968055,0.959963,-0.09934998,0.009979248,0.9949951,31.21957,8.277817,-30.61217,4.959335,0.5705615,0.312048,0.05863571,1.215638,-0.1819153,-0.00967826,0.07196498,-0.05881535,0.8585693,4.524113,32.77
25,-0.1085052,-0.01644897,0.9939575,0.9715329,-0.1269836,-0.04559326,0.9908447,-24.85092,7.997467,-26.14581,4.870743,0.2853804,0.2965302,0.9501649,-0.09303284,0.007797241,0.9956207,31.21997,8.295425,-30.60539,4.956528,0.5694485,0.3117237,0.05707085,1.215567,-0.1815898,-0.009859775,0.07011513,-0.05737772,0.8585693,-6.330444,32.77
25,-0.1085052,-0.01644897,0.9939575,0.9715329,-0.1269836,-0.04559326,0.9908447,-24.85092,7.997467,-26.14581,4.870743,0.2853804,0.2965302,0.9501649,-0.09303284,0.007797241,0.9956207,31.21997,8.295425,-30.60539,4.956528,0.5694485,0.3117237,0.05707085,1.215567,-0.1815898,-0.009859775,0.07011513,-0.05737772,0.8585693,-6.330444,32.77
25,-0.103775,-0.01895142,0.9944153,0.995383,-0.1165924,-0.04769897,0.9920197,-24.85074,7.992981,-26.12596,4.864868,0.2836238,0.2967738,0.9573247,-0.09266663,0.005813599,0.9956665,31.22073,8.302353,-30.59221,4.956665,0.5693433,0.3117237,0.05536652,1.215482,-0.1813309,-0.00954493,0.06816794,-0.05717792,0.8585693,-6.330444,32.77
25,-0.103775,-0.01895142,0.9944153,0.995383,-0.1165924,-0.04769897,0.9920197,-24.85074,7.992981,-26.12596,4.864868,0.2836238,0.2967738,0.9573247,-0.09266663,0.005813599,0.9956665,31.22073,8.302353,-30.59221,4.956665,0.5693433,0.3117237,0.05536652,1.215482,-0.1813309,-0.00954493,0.06816794,-0.05717792,0.8585693,-6.330444,32.77
25,-0.1051178,-0.02203369,0.9942017,0.9753015,-0.1169891,-0.04631042,0.9920502,-24.85136,7.990601,-26.14761,4.858582,0.2836882,0.296783,0.9527467,-0.09259033,0.00340271,0.995697,31.22037,8.305634,-30.59265,4.960983,0.5693352,0.312048,0.05380666,1.215681,-0.1809013,-0.0101127,0.06597141,-0.05565858,0.8585693,-6.330444,32.77
25,-0.1051178,-0.02203369,0.9942017,0.9753015,-0.1169891,-0.04631042,0.9920502,-24.85136,7.990601,-26.14761,4.858582,0.2836882,0.296783,0.9527467,-0.09259033,0.00340271,0.995697,31.22037,8.305634,-30.59265,4.960983,0.5693352,0.312048,0.05380666,1.215681,-0.1809013,-0.0101127,0.06597141,-0.05565858,0.8585693,-6.330444,32.77
25,-0.1031189,-0.02511597,0.994339,1.0,-0.1159058,-0.04740906,0.9921265,-24.85753,7.991119,-26.12398,4.865479,0.2837525,0.2967922,1.0,-0.07312012,0.02676392,0.9969482,31.17918,8.428528,-30.92192,5.003693,0.5677912,0.3059073,0.05237675,1.21595,-0.1805499,-0.0111806,0.06399151,-0.05392068,0.8585693,-6.330444,32.77
25,-0.1031189,-0.02511597,0.994339,1.0,-0.1159058,-0.04740906,0.9921265,-24.85753,7.991119,-26.12398,4.865479,0.2837525,0.2967922,1.0,-0.07312012,0.02676392,0.9969482,31.17918,8.428528,-30.92192,5.003693,0.5677912,0.3059073,0.05237675,1.21595,-0.1805499,-0.0111806,0.06399151,-0.05392068,0.8585693,-6.330444,32.77
25,-0.1166382,-0.04547119,0.9921265,0.9975412,-0.1177063,-0.04638672,0.9919586,-24.86778,7.986221,-26.11862,4.887848,0.2844099,0.2967738,0.9454907,-0.07002258,-0.005310059,0.9975281,31.14415,8.42836,-30.98062,4.878403,0.5684316,0.3121849,0.05101216,1.216236,-0.1802405,-0.01182445,0.06230527,-0.05194791,0.8585693,-6.330444,32.77
25,-0.1166382,-0.04547119,0.9921265,0.9975412,-0.1177063,-0.04638672,0.9919586,-24.86778,7.986221,-26.11862,4.887848,0.2844099,0.2967738,0.9454907,-0.07002258,-0.005310059,0.9975281,31.14415,8.42836,-30.98062,4.878403,0.5684316,0.3121849,0.05101216,1.216236,-0.1802405,-0.01182445,0.06230527,-0.05194791,0.8585693,-6.330444,32.77
25,-0.1201019,-0.04248047,0.9918365,1.0,-0.1208954,-0.04307556,0.9917145,-24.89104,7.983002,-26.1165,4.891663,0.285767,0.2963796,1.0,-0.06756592,-0.003433228,0.9976959,31.13329,8.42836,-31.02682,4.875809,0.5684316,0.3121849,0.04979074,1.21638,-0.1800108,-0.01234842,0.06049948,-0.04990317,0.8585693,-6.330444,32.77
25,-0.1201019,-0.04248047,0.9918365,1.0,-0.1208954,-0.04307556,0.9917145,-24.89104,7.983002,-26.1165,4.891663,0.285767,0.2963796,1.0,-0.06756592,-0.003433228,0.9976959,31.13329,8.42836,-31.02682,4.875809,0.5684316,0.3121849,0.04979074,1.21638,-0.1800108,-0.01234842,0.06049948,-0.04990317,0.8585693,-6.330444,32.77
25,-0.1121521,-0.03489685,0.9930725,1.0,-0.1280212,-0.04534912,0.9907227,-24.91003,7.983002,-26.04289,4.911728,0.2877819,0.2963869,1.0,-0.06391907,-0.003173828,0.9979401,31.0977,8.375763,-30.96123,4.891235,0.5689889,0.3135296,0.04865229,1.216437,-0.1797327,-0.01310139,0.05860837,-0.04732315,0.8585693,-6.330444,32.77
25,-0.1121521,-0.03489685,0.9930725,1.0,-0.1280212,-0.04534912,0.9907227,-24.91003,7.983002,-26.04289,4.911728,0.2877819,0.2963869,1.0,-0.06391907,-0.003173828,0.9979401,31.0977,8.375763,-30.96123,4.891235,0.5689889,0.3135296,0.04865229,1.216437,-0.1797327,-0.01310139,0.05860837,-0.04732315,0.8585693,-6.330444,32.77
25,-0.1077423,-0.0280304,0.9937744,1.0,-0.1294403,-0.04806519,0.9904175,-24.92581,7.997742,-26.04289,4.945648,0.2885301,0.2963869,1.0,-0.08068848,-0.003143311,0.9967194,31.09137,8.35112,-30.87769,4.968628,0.5720643,0.3137571,0.04737914,1.216461,-0.1794673,-0.0136637,0.05647451,-0.04495785,0.8585693,-6.330444,32.77
25,-0.1077423,-0.0280304,0.9937744,1.0,-0.1294403,-0.04806519,0.9904175,-24.92581,7.997742,-26.04289,4.945648,0.2885301,0.2963869,1.0,-0.08068848,-0.003143311,0.9967194,31.09137,8.35112,-30.87769,4.968628,0.5720643,0.3137571,0.04737914,1.216461,-0.1794673,-0.0136637,0.05647451,-0.04495785,0.8585693,-6.330444,32.77
25,-0.1152649,-0.03614807,0.9926605,1.0,-0.1289368,-0.0496521,0.9904022,-24.94611,8.00589,-26.04289,4.974594,0.289112,0.2963869,1.0,-0.08018494,-0.001617432,0.9967651,31.08713,8.326813,-30.80174,4.97348,0.5720643,0.3137571,0.04599202,1.216206,-0.1792581,-0.01435975,0.05486297,-0.04281311,0.8585693,-6.181807,32.77
25,-0.1152649,-0.03614807,0.9926605,1.0,-0.1289368,-0.0496521,0.9904022,-24.94611,8.00589,-26.04289,4.974594,0.289112,0.2963869,1.0,-0.08018494,-0.001617432,0.9967651,31.08713,8.326813,-30.80174,4.97348,0.5720643,0.3137571,0.04599202,1.216206,-0.1792581,-0.01435975,0.05486297,-0.04281311,0.8585693,-6.181807,32.77
25,-0.08657837,-0.002716064,0.9962311,1.0,-0.1227417,-0.04040527,0.9916077,-25.01826,7.990005,-26.37543,4.987976,0.2899669,0.297691,1.0,-0.08302307,0.0009613037,0.9965363,31.08292,8.313873,-30.81488,4.978226,0.5727148,0.3138883,0.04476261,1.215961,-0.1790311,-0.01466318,0.05372106,-0.04113371,0.8585693,-6.181807,32.77
25,-0.08657837,-0.002716064,0.9962311,1.0,-0.1227417,-0.04040527,0.9916077,-25.01826,7.990005,-26.37543,4.987976,0.2899669,0.297691,1.0,-0.08302307,0.0009613037,0.9965363,31.08292,8.313873,-30.81488,4.978226,0.5727148,0.3138883,0.04476261,1.215961,-0.1790311,-0.01466318,0.05372106,-0.04113371,0.8585693,-6.181807,32.77
25,-0.08651733,0.002182007,0.9962463,1.0,-0.1197205,-0.0408783,0.9919586,-25.04048,7.990005,-26.38332,5.012131,0.2901863,0.2978214,1.0,-0.0856781,0.00328064,0.9963074,31.08112,8.306198,-30.83289,5.004883,0.5732592,0.3138883,0.04358208,1.215833,-0.1787534,-0.01459698,0.05349842,-0.03887226,0.8585693,-6.181807,32.77
25,-0.08651733,0.002182007,0.9962463,1.0,-0.1197205,-0.0408783,0.9919586,-25.04048,7.990005,-26.38332,5.012131,0.2901863,0.2978214,1.0,-0.0856781,0.00328064,0.9963074,31.08112,8.306198,-30.83289,5.004883,0.5732592,0.3138883,0.04358208,1.215833,-0.1787534,-0.01459698,0.05349842,-0.03887226,0.8585693,-6.181807,32.77
25,-0.09846497,-0.007537842,0.9951019,1.0,-0.1186676,-0.04518127,0.9918976,-25.06746,8.010117,-26.40549,5.031143,0.2908807,0.2980572,1.0,-0.09606934,-0.003082275,0.9953613,31.00336,8.290375,-30.77856,4.929932,0.5777568,0.3151894,0.04247475,1.215853,-0.178399,-0.01437219,0.05345676,-0.03531189,0.8585693,-6.181807,32.77
25,-0.09846497,-0.007537842,0.9951019,1.0,-0.1186676,-0.04518127,0.9918976,-25.06746,8.010117,-26.40549,5.031143,0.2908807,0.2980572,1.0,-0.09606934,-0.003082275,0.9953613,31.00336,8.290375,-30.77856,4.929932,0.5777568,0.3151894,0.04247475,1.215853,-0.178399,-0.01437219,0.05345676,-0.03531189,0.8585693,-6.181807,32.77
25,-0.1007843,-0.03085327,0.9944153,1.0,-0.1175385,-0.0499115,0.991806,-25.09245,8.010117,-26.42725,5.032028,0.2915465,0.2990879,1.0,-0.07676697,-0.003616333,0.9970398,30.98788,8.290817,-30.74182,5.046951,0.574922,0.3149296,0.04142821,1.215633,-0.1782355,-0.01387902,0.05326757,-0.03120109,0.8585693,-6.181807,32.77
25,-0.1007843,-0.03085327,0.9944153,1.0,-0.1175385,-0.0499115,0.991806,-25.09245,8.010117,-26.42725,5.032028,0.2915465,0.2990879,1.0,-0.07676697,-0.003616333,0.9970398,30.98788,8.290817,-30.74182,5.046951,0.574922,0.3149296,0.04142821,1.215633,-0.1782355,-0.01387902,0.05326757,-0.03120109,0.8585693,-6.181807,32.77
25,-0.1038513,-0.02426147,0.9942932,1.0,-0.1214905,-0.04658508,0.9914856,-25.10995,8.010117,-26.50192,5.03746,0.2927045,0.2991278,1.0,-0.08380127,0.00100708,0.9964752,30.99075,8.293762,-30.81572,5.02655,0.5761167,0.3145919,0.04037452,1.215298,-0.1782435,-0.01300722,0.0526368,-0.02654686,0.8585693,-6.181807,32.77
25,-0.1038513,-0.02426147,0.9942932,1.0,-0.1214905,-0.04658508,0.9914856,-25.10995,8.010117,-26.50192,5.03746,0.2927045,0.2991278,1.0,-0.08380127,0.00100708,0.9964752,30.99075,8.293762,-30.81572,5.02655,0.5761167,0.3145919,0.04037452,1.215298,-0.1782435,-0.01300722,0.0526368,-0.02654686,0.8585693,-6.181807,32.77
25,-0.1047821,-0.02470398,0.9941864,1.0,-0.1207275,-0.04258728,0.9917603,-25.10995,7.970169,-26.42511,5.047562,0.2927045,0.2992489,1.0,-0.08343506,-0.0008239746,0.9965057,30.99335,8.293823,-30.86249,5.046326,0.5759964,0.3152903,0.03952253,1.214936,-0.1783363,-0.01206954,0.05217588,-0.02164331,0.8585693,-6.181807,32.77
25,-0.1047821,-0.02470398,0.9941864,1.0,-0.1207275,-0.04258728,0.9917603,-25.10995,7.970169,-26.42511,5.047562,0.2927045,0.2992489,1.0,-0.08343506,-0.0008239746,0.9965057,30.99335,8.293823,-30.86249,5.046326,0.5759964,0.3152903,0.03952253,1.214936,-0.1783363,-0.01206954,0.05217588,-0.02164331,0.8585693,-6.181807,32.77
25,-0.1040192,-0.02580261,0.9942322,1.0,-0.1204834,-0.04559326,0.9916534,-25.12938,8.000977,-26.53448,5.041473,0.2931522,0.2995121,1.0,-0.08496094,-0.003005981,0.9963684,30.98834,8.296722,-30.87306,5.050522,0.5764444,0.3156511,0.03909683,1.21477,-0.1784479,-0.01151932,0.05179134,-0.01929831,0.8585693,-6.181807,32.77
25,-0.1036987,-0.0239563,0.9943085,1.0,-0.1216278,-0.04638672,0.9914856,-25.13156,8.011368,-26.53448,5.041611,0.2934188,0.2993017,1.0,-0.08674622,-0.002853394,0.9962158,30.98788,8.297058,-30.87738,5.050079,0.5767753,0.3156511,0.03824031,1.21461,-0.1787643,-0.01114389,0.0508317,-0.0145084,0.8585693,-6.181807,32.77
25,-0.1036987,-0.0239563,0.9943085,1.0,-0.1216278,-0.04638672,0.9914856,-25.13156,8.011368,-26.53448,5.041611,0.2934188,0.2993017,1.0,-0.08674622,-0.002853394,0.9962158,30.98788,8.297058,-30.87738,5.050079,0.5767753,0.3156511,0.03824031,1.21461,-0.1787643,-0.01114389,0.0508317,-0.0145084,0.8585693,-6.181807,32.77
25,-0.1210632,-0.042099,0.991745,1.0,-0.1220551,-0.04296875,0.9915771,-25.13156,8.011368,-26.53317,5.043472,0.2934772,0.2986822,1.0,-0.08453369,-0.01060486,0.9963531,30.98434,8.474258,-31.38855,5.151779,0.5770295,0.3145167,0.03736711,1.214818,-0.1790223,-0.01172447,0.04914615,-0.009729701,0.8585693,20.29889,32.75
25,-0.1210632,-0.042099,0.991745,1.0,-0.1220551,-0.04296875,0.9915771,-25.13156,8.011368,-26.53317,5.043472,0.2934772,0.2986822,1.0,-0.08453369,-0.01060486,0.9963531,30.98434,8.474258,-31.38855,5.151779,0.5770295,0.3145167,0.03736711,1.214818,-0.1790223,-0.01172447,0.04914615,-0.009729701,0.8585693,20.29889,32.75
25,-0.1204376,-0.04362488,0.991745,1.0,-0.1205292,-0.04364014,0.991745,-25.13156,8.011368,-26.50081,5.04335,0.293256,0.2985332,1.0,-0.09162903,-0.04019165,0.9949799,30.97868,8.498184,-31.27489,4.93927,0.5782643,0.3182342,0.03691697,1.21505,-0.1792053,-0.0125198,0.04799692,-0.007154403,0.8585693,20.29889,32.75
25,-0.1192322,-0.04408264,0.9918823,0.9950474,-0.1193848,-0.04420471,0.9918518,-25.1387,8.011368,-26.43402,5.054382,0.2934188,0.2981659,0.965933,-0.08799744,-0.02078247,0.9958954,30.97372,8.511734,-31.25604,5.008148,0.5778769,0.3139914,0.03637266,1.215351,-0.1793383,-0.01362001,0.04665434,-0.004723033,0.8585693,20.29889,32.75
25,-0.1166687,-0.04212952,0.9922638,1.0,-0.1189117,-0.04360962,0.9919434,-25.1387,8.011917,-26.43402,5.118393,0.293256,0.2980026,1.0,-0.08790588,-0.02334595,0.9958496,30.97313,8.523804,-31.25302,5.007889,0.5778769,0.3139914,0.0358392,1.215681,-0.1795231,-0.01470631,0.04501102,-0.002107261,0.8585693,20.29889,32.75
25,-0.1166687,-0.04212952,0.9922638,1.0,-0.1189117,-0.04360962,0.9919434,-25.1387,8.011917,-26.43402,5.118393,0.293256,0.2980026,1.0,-0.08790588,-0.02334595,0.9958496,30.97313,8.523804,-31.25302,5.007889,0.5778769,0.3139914,0.0358392,1.215681,-0.1795231,-0.01470631,0.04501102,-0.002107261,0.8585693,20.29889,32.75
25,-0.1056824,-0.03985596,0.9935913,1.0,-0.1192627,-0.0478363,0.9916992,-25.14288,8.042435,-26.43402,5.135498,0.2934188,0.2976624,1.0,-0.08792114,-0.02941895,0.9956818,30.97182,8.520752,-31.22327,5.010025,0.5778769,0.3149774,0.0344727,1.216348,-0.179988,-0.01712817,0.04111396,0.0029901,0.8585693,20.29889,32.75
25,-0.1151886,-0.06448364,0.9912415,1.0,-0.1151886,-0.06448364,0.9912415,-25.19333,8.045731,-26.4787,5.037125,0.2946529,0.301034,1.0,-0.09173584,-0.003112793,0.9957733,30.89589,8.280014,-30.15773,5.184036,0.5803421,0.3104719,0.03382981,1.216678,-0.1802365,-0.01836499,0.03900715,0.004781044,0.8585693,20.29889,32.75
25,-0.1151886,-0.06448364,0.9912415,1.0,-0.1151886,-0.06448364,0.9912415,-25.19333,8.045731,-26.4787,5.037125,0.2946529,0.301034,1.0,-0.09173584,-0.003112793,0.9957733,30.89589,8.280014,-30.15773,5.184036,0.5803421,0.3104719,0.03382981,1.216678,-0.1802365,-0.01836499,0.03900715,0.004781044,0.8585693,20.29889,32.75
25,-0.1004639,-0.05999756,0.9931183,1.0,-0.1004639,-0.05999756,0.9931183,-25.29164,8.122787,-27.0697,5.040588,0.2945089,0.3017433,1.0,-0.09272766,-0.02365112,0.9954071,30.85138,8.244064,-30.15811,5.208771,0.5819722,0.3155502,0.03249753,1.217213,-0.1807972,-0.02046999,0.03492577,0.007227965,0.8585693,20.29889,32.75
25,-0.1250916,-0.05230713,0.9907532,1.0,-0.1251831,-0.05235291,0.9907379,-25.33725,8.12204,-27.25984,5.014877,0.3000318,0.3020817,1.0,-0.09660339,-0.03916931,0.9945374,30.78217,8.507736,-31.39896,5.153183,0.5861934,0.3189239,0.03193104,1.21746,-0.1810112,-0.02166911,0.03292755,0.007895034,0.8585693,20.29889,32.75
25,-0.1345367,-0.05410767,0.9894257,1.0,-0.1346436,-0.0541687,0.9894104,-25.37715,8.016205,-26.96614,5.090027,0.3034335,0.3040118,1.0,-0.09609985,-0.03253174,0.9948273,30.75595,8.472412,-31.33023,5.092117,0.5870922,0.3180504,0.03071117,1.217952,-0.1815001,-0.02377114,0.02914312,0.009143873,0.8585693,20.29889,32.75
25,-0.1345367,-0.05410767,0.9894257,1.0,-0.1346436,-0.0541687,0.9894104,-25.37715,8.016205,-26.96614,5.090027,0.3034335,0.3040118,1.0,-0.09609985,-0.03253174,0.9948273,30.75595,8.472412,-31.33023,5.092117,0.5870922,0.3180504,0.03071117,1.217952,-0.1815001,-0.02377114,0.02914312,0.009143873,0.8585693,20.29889,32.75
25,-0.1330109,-0.02514648,0.9907837,1.0,-0.1330109,-0.02514648,0.9907837,-25.43823,8.023804,-27.16071,5.297409,0.304879,0.3003775,1.0,-0.102478,-0.02514648,0.9944153,30.69438,8.482086,-31.58028,5.158661,0.5906443,0.3184606,0.03018224,1.218111,-0.1817312,-0.0247279,0.0271943,0.009327802,0.8585693,21.75755,32.75
25,-0.1352234,-0.05949402,0.9890137,1.0,-0.1352234,-0.05949402,0.9890137,-25.54221,7.9245,-26.94302,5.211899,0.309434,0.308533,1.0,-0.1268311,-0.03668213,0.9912415,30.63091,8.291504,-30.78737,5.18779,0.5964216,0.3206831,0.02966225,1.218291,-0.1819527,-0.02542464,0.02538945,0.009645873,0.8585693,21.75755,32.75
25,-0.1352234,-0.05949402,0.9890137,1.0,-0.1352234,-0.05949402,0.9890137,-25.54221,7.9245,-26.94302,5.211899,0.309434,0.308533,1.0,-0.1268311,-0.03668213,0.9912415,30.63091,8.291504,-30.78737,5.18779,0.5964216,0.3206831,0.02966225,1.218291,-0.1819527,-0.02542464,0.02538945,0.009645873,0.8585693,21.75755,32.75
25,-0.1311951,-0.04281616,0.9904175,1.0,-0.1311951,-0.04281616,0.9904175,-25.57263,7.839584,-26.64124,5.322983,0.3101844,0.306401,1.0,-0.1208344,-0.0247345,0.9923553,30.59917,8.471146,-31.82617,5.210312,0.5975868,0.3205715,0.02875483,1.218528,-0.1824654,-0.02673424,0.02201196,0.009716675,0.8585693,21.75755,32.75
25,-0.140564,-0.0425415,0.989151,1.0,-0.1407623,-0.0426178,0.9891205,-25.64333,7.835815,-26.74858,5.407959,0.3140262,0.3074845,1.0,-0.1213989,-0.03456116,0.9919891,30.53563,8.537598,-32.18657,5.120819,0.6002961,0.3229559,0.02840924,1.218649,-0.1825809,-0.0271603,0.02045069,0.009326204,0.8585693,21.75755,32.75
25,-0.1166382,-0.03457642,0.992569,1.0,-0.1166534,-0.03457642,0.992569,-25.37177,7.98317,-26.96683,5.330139,0.3000327,0.3017063,1.0,-0.07569885,-0.04714966,0.9960022,30.73634,8.268036,-30.56656,5.003601,0.5834534,0.3218407,0.02788937,1.218765,-0.1828617,-0.02781436,0.01799285,0.007726192,0.8585693,21.75755,32.75
25,-0.1166382,-0.03457642,0.992569,1.0,-0.1166534,-0.03457642,0.992569,-25.37177,7.98317,-26.96683,5.330139,0.3000327,0.3017063,1.0,-0.07569885,-0.04714966,0.9960022,30.73634,8.268036,-30.56656,5.003601,0.5834534,0.3218407,0.02788937,1.218765,-0.1828617,-0.02781436,0.01799285,0.007726192,0.8585693,21.75755,32.75
25,-0.1166382,-0.03457642,0.992569,1.0,-0.1166534,-0.03457642,0.992569,-25.37177,7.98317,-26.96683,5.330139,0.3000327,0.3017063,1.0,-0.07569885,-0.04714966,0.9960022,30.73634,8.268036,-30.56656,5.003601,0.5834534,0.3218407,0.02788937,1.218765,-0.1828617,-0.02781436,0.01799285,0.007726192,0.8585693,21.75755,32.75
25,-0.1166382,-0.03457642,0.992569,1.0,-0.1166534,-0.03457642,0.992569,-25.37177,7.98317,-26.96683,5.330139,0.3000327,0.3017063,1.0,-0.07569885,-0.04714966,0.9960022,30.73634,8.268036,-30.56656,5.003601,0.5834534,0.3218407,0.02748632,1.218873,-0.182975,-0.02789193,0.01604656,0.00531812,0.8585693,21.75755,32.75
25,-0.1166382,-0.03457642,0.992569,1.0,-0.1166534,-0.03457642,0.992569,-25.37177,7.98317,-26.96683,5.330139,0.3000327,0.3017063,1.0,-0.07569885,-0.04714966,0.9960022,30.73634,8.268036,-30.56656,5.003601,0.5834534,0.3218407,0.02748632,1.218873,-0.182975,-0.02789193,0.01604656,0.00531812,0.8585693,21.75755,32.75
25,-0.1166382,-0.03457642,0.992569,1.0,-0.1166534,-0.03457642,0.992569,-25.37177,7.98317,-26.96683,5.330139,0.3000327,0.3017063,1.0,-0.07569885,-0.04714966,0.9960022,30.73634,8.268036,-30.56656,5.003601,0.5834534,0.3218407,0.02735996,1.218928,-0.183105,-0.02794824,0.01490908,0.003318427,0.8585693,21.75755,32.75
25,-0.09312439,-0.03773499,0.9949341,1.0,-0.09313965,-0.03775024,0.9949341,-24.84995,7.619919,-24.80882,5.255005,0.2809434,0.2970662,1.0,-0.0226593,-0.02253723,0.9994812,31.01471,8.221146,-30.02252,5.05426,0.564045,0.3150042,0.02741241,1.218887,-0.1831903,-0.02762082,0.01404711,0.001610218,0.8585693,21.75755,32.75
25,-0.09312439,-0.03773499,0.9949341,1.0,-0.09313965,-0.03775024,0.9949341,-24.84995,7.619919,-24.80882,5.255005,0.2809434,0.2970662,1.0,-0.0226593,-0.02253723,0.9994812,31.01471,8.221146,-30.02252,5.05426,0.564045,0.3150042,0.02741241,1.218887,-0.1831903,-0.02762082,0.01404711,0.001610218,0.8585693,21.75755,32.75
25,-0.08364868,-0.03108215,0.9960022,0.9692618,-0.08366394,-0.03108215,0.9960022,-24.9016,7.88385,-25.97874,5.24588,0.2802741,0.2972395,0.9362566,-0.01144409,-0.0112915,0.9998627,31.02612,8.276535,-30.40628,5.103928,0.5619719,0.3143332,0.0274353,1.2189,-0.1831794,-0.02745307,0.01407678,0.001145121,0.8585693,21.75755,32.75
25,-0.08364868,-0.03108215,0.9960022,0.9692618,-0.08366394,-0.03108215,0.9960022,-24.9016,7.88385,-25.97874,5.24588,0.2802741,0.2972395,0.9362566,-0.01144409,-0.0112915,0.9998627,31.02612,8.276535,-30.40628,5.103928,0.5619719,0.3143332,0.02753842,1.218935,-0.1831573,-0.02723782,0.01397372,0.0008097229,0.8585693,21.75755,32.75
25,-0.08364868,-0.03108215,0.9960022,0.9692618,-0.08366394,-0.03108215,0.9960022,-24.9016,7.88385,-25.97874,5.24588,0.2802741,0.2972395,0.9362566,-0.01144409,-0.0112915,0.9998627,31.02612,8.276535,-30.40628,5.103928,0.5619719,0.3143332,0.02753842,1.218935,-0.1831573,-0.02723782,0.01397372,0.0008097229,0.8585693,21.75755,32.75
26,-0.08364868,-0.03108215,0.9960022,0.9692618,-0.08366394,-0.03108215,0.9960022,-24.9016,7.88385,-25.97874,5.24588,0.2802741,0.2972395,0.9362566,-0.01144409,-0.0112915,0.9998627,31.02612,8.276535,-30.40628,5.103928,0.5619719,0.3143332,0.02772284,1.21884,-0.1831499,-0.02713313,0.01406725,0.0006459354,0.8585693,1.391199,32.75
26,-0.08709717,-0.02114868,0.9959717,0.9765764,-0.08711243,-0.02114868,0.9959717,-24.95663,8.043533,-26.81812,5.219971,0.2808168,0.2954482,0.9440528,-0.03382874,-0.02023315,0.9992218,31.01697,8.281876,-30.46207,5.07988,0.5661924,0.3160692,0.02782953,1.218876,-0.1831511,-0.02700597,0.01427127,0.000422864,0.8585693,1.391199,32.75
26,-0.08709717,-0.02114868,0.9959717,0.9765764,-0.08711243,-0.02114868,0.9959717,-24.95663,8.043533,-26.81812,5.219971,0.2808168,0.2954482,0.9440528,-0.03382874,-0.02023315,0.9992218,31.01697,8.281876,-30.46207,5.07988,0.5661924,0.3160692,0.02782953,1.218876,-0.1831511,-0.02700597,0.01427127,0.000422864,0.8585693,1.391199,32.75
26,-0.01878357,-0.02320862,0.9995422,0.9695727,-0.08721924,-0.02668762,0.9958191,-24.95187,7.919968,-26.32971,5.058838,0.2814367,0.296703,0.9607807,-0.01876831,-0.02320862,0.9995422,31.03288,8.270554,-30.54756,4.895493,0.5630341,0.3177734,0.0280472,1.218885,-0.183142,-0.02686629,0.01476143,0.0001220703,0.9700115,1.391199,32.75
26,-0.02278137,-0.02502441,0.9994202,1.0,-0.08247375,-0.02583313,0.9962463,-24.94894,7.918854,-26.32263,5.055801,0.2805436,0.2965093,1.0,-0.02182007,-0.02500916,0.9994354,31.03848,8.283585,-30.59862,4.887939,0.5634013,0.3180263,0.02829301,1.21885,-0.1831316,-0.02670775,0.01520204,-0.0004727763,0.9700115,1.391199,32.75
26,-0.02278137,-0.02502441,0.9994202,1.0,-0.08247375,-0.02583313,0.9962463,-24.94894,7.918854,-26.32263,5.055801,0.2805436,0.2965093,1.0,-0.02182007,-0.02500916,0.9994354,31.03848,8.283585,-30.59862,4.887939,0.5634013,0.3180263,0.02829301,1.21885,-0.1831316,-0.02670775,0.01520204,-0.0004727763,0.9700115,1.391199,32.75
26,-0.03065491,-0.02406311,0.9992371,1.0,-0.07923889,-0.02593994,0.9965057,-24.94566,7.919769,-26.32884,5.039261,0.2798745,0.2965093,1.0,-0.02377319,-0.02378845,0.9994202,31.0428,8.286972,-30.61214,4.873947,0.5635974,0.3177992,0.02829301,1.21885,-0.1831316,-0.02670775,0.01520204,-0.0004727763,0.9700115,1.391199,32.75
26,-0.03065491,-0.02406311,0.9992371,1.0,-0.07923889,-0.02593994,0.9965057,-24.94566,7.919769,-26.32884,5.039261,0.2798745,0.2965093,1.0,-0.02377319,-0.02378845,0.9994202,31.0428,8.286972,-30.61214,4.873947,0.5635974,0.3177992,0.02829301,1.21885,-0.1831316,-0.02670775,0.01520204,-0.0004727763,0.9700115,1.391199,32.75
26,-0.05583191,-0.02476501,0.9981232,1.0,-0.07971191,-0.0254364,0.9964905,-24.94374,7.921707,-26.34715,5.028351,0.2798745,0.2965093,1.0,-0.02246094,-0.02381897,0.9994507,31.0466,8.292435,-30.63702,4.868347,0.5632555,0.3177992,0.02846408,1.218741,-0.1831331,-0.02661049,0.0155892,-0.0009052976,0.9700115,1.391199,32.75
26,-0.05451965,-0.02442932,0.9981995,0.9934125,-0.0796051,-0.02531433,0.9964905,-24.94273,7.925385,-26.37048,5.020065,0.2797738,0.2965093,0.9602374,-0.02441406,-0.02334595,0.9994202,31.05103,8.295975,-30.6638,4.863022,0.5634558,0.3177992,0.02868617,1.218706,-0.1830494,-0.02655639,0.01589354,-0.001170857,0.9700115,1.391199,32.75
26,-0.05360413,-0.02334595,0.9982758,0.9903873,-0.07925415,-0.02409363,0.9965515,-24.94228,7.927872,-26.38266,5.009659,0.2796787,0.2962838,0.9608929,-0.02412415,-0.02246094,0.9994507,31.05608,8.300446,-30.70306,4.84903,0.5632555,0.3177992,0.02908123,1.218662,-0.1828803,-0.02683355,0.01614054,-0.001386452,0.9700115,1.391199,32.75
26,-0.05360413,-0.02334595,0.9982758,0.9903873,-0.07925415,-0.02409363,0.9965515,-24.94228,7.927872,-26.38266,5.009659,0.2796787,0.2962838,0.9608929,-0.02412415,-0.02246094,0.9994507,31.05608,8.300446,-30.70306,4.84903,0.5632555,0.3177992,0.02908123,1.218662,-0.1828803,-0.02683355,0.01614054,-0.001386452,0.9700115,1.391199,32.75
26,-0.05665588,-0.02262878,0.9981232,1.0,-0.0789032,-0.02416992,0.996582,-24.94073,7.928421,-26.38895,4.992859,0.2795696,0.2963156,1.0,-0.02655029,-0.02053833,0.9994354,31.06419,8.308136,-30.75018,4.833847,0.5634264,0.3175513,0.02927601,1.218849,-0.1825699,-0.02775751,0.01639836,-0.001413066,0.9700115,1.391199,32.75
26,-0.05665588,-0.02262878,0.9981232,1.0,-0.0789032,-0.02416992,0.996582,-24.94073,7.928421,-26.38895,4.992859,0.2795696,0.2963156,1.0,-0.02655029,-0.02053833,0.9994354,31.06419,8.308136,-30.75018,4.833847,0.5634264,0.3175513,0.02927601,1.218849,-0.1825699,-0.02775751,0.01639836,-0.001413066,0.9700115,1.391199,32.75
26,-0.05665588,-0.02262878,0.9981232,1.0,-0.0789032,-0.02416992,0.996582,-24.94073,7.928421,-26.38895,4.992859,0.2795696,0.2963156,1.0,-0.02655029,-0.02053833,0.9994354,31.06419,8.308136,-30.75018,4.833847,0.5634264,0.3175513,0.02927601,1.218849,-0.1825699,-0.02775751,0.01639836,-0.001413066,0.9700115,1.391199,32.75
26,-0.05604553,-0.02154541,0.9981842,1.0,-0.08016968,-0.02153015,0.9965363,-24.93898,7.958862,-26.48225,4.96846,0.2795286,0.2954291,1.0,-0.02832031,-0.02154541,0.9993591,31.08276,8.315933,-30.76279,4.819763,0.5630847,0.3175412,0.02955151,1.218873,-0.1822176,-0.02781436,0.01683154,-0.001359317,0.9700115,-26.07898,32.75
26,-0.05604553,-0.02154541,0.9981842,1.0,-0.08016968,-0.02153015,0.9965363,-24.93898,7.958862,-26.48225,4.96846,0.2795286,0.2954291,1.0,-0.02832031,-0.02154541,0.9993591,31.08276,8.315933,-30.76279,4.819763,0.5630847,0.3175412,0.02955151,1.218873,-0.1822176,-0.02781436,0.01683154,-0.001359317,0.9700115,-26.07898,32.75
26,-0.05604553,-0.02154541,0.9981842,1.0,-0.08016968,-0.02153015,0.9965363,-24.93898,7.958862,-26.48225,4.96846,0.2795286,0.2954291,1.0,-0.02832031,-0.02154541,0.9993591,31.08276,8.315933,-30.76279,4.819763,0.5630847,0.3175412,0.02955151,1.218873,-0.1822176,-0.02781436,0.01683154,-0.001359317,0.9700115,-26.07898,32.75
26,-0.02766418,-0.02154541,0.9993744,0.9981992,-0.08097839,-0.02409363,0.9964142,-24.93877,8.024246,-26.74458,4.887482,0.2792051,0.2954291,0.9609801,-0.02453613,-0.02139282,0.9994659,31.08966,8.315933,-30.76343,4.78331,0.562176,0.3175412,0.0299505,1.218678,-0.1818687,-0.02766987,0.01721841,-0.000345267,0.9700115,-26.07898,32.75
26,-0.02766418,-0.02154541,0.9993744,0.9981992,-0.08097839,-0.02409363,0.9964142,-24.93877,8.024246,-26.74458,4.887482,0.2792051,0.2954291,0.9609801,-0.02453613,-0.02139282,0.9994659,31.08966,8.315933,-30.76343,4.78331,0.562176,0.3175412,0.0299505,1.218678,-0.1818687,-0.02766987,0.01721841,-0.000345267,0.9700115,-26.07898,32.75
26,-0.02766418,-0.02154541,0.9993744,0.9981992,-0.08097839,-0.02409363,0.9964142,-24.93877,8.024246,-26.74458,4.887482,0.2792051,0.2954291,0.9609801,-0.02453613,-0.02139282,0.9994659,31.08966,8.315933,-30.76343,4.78331,0.562176,0.3175412,0.0299505,1.218678,-0.1818687,-0.02766987,0.01721841,-0.000345267,0.9700115,-26.07898,32.75
26,-0.02966309,-0.01931763,0.9993591,0.9973566,-0.08312988,-0.02232361,0.9962769,-24.93898,8.024246,-26.80856,4.836533,0.2795286,0.2956235,0.9545916,-0.02354431,-0.01896667,0.9995422,31.08966,8.311996,-30.76654,4.766678,0.5620062,0.3172692,0.03039193,1.218804,-0.1813304,-0.02748751,0.01708243,0.0001220703,0.9700115,-26.07898,32.75
26,-0.02966309,-0.01931763,0.9993591,0.9973566,-0.08312988,-0.02232361,0.9962769,-24.93898,8.024246,-26.80856,4.836533,0.2795286,0.2956235,0.9545916,-0.02354431,-0.01896667,0.9995422,31.08966,8.311996,-30.76654,4.766678,0.5620062,0.3172692,0.03039193,1.218804,-0.1813304,-0.02748751,0.01708243,0.0001220703,0.9700115,-26.07898,32.75
26,-0.02966309,-0.01931763,0.9993591,0.9973566,-0.08312988,-0.02232361,0.9962769,-24.93898,8.024246,-26.80856,4.836533,0.2795286,0.2956235,0.9545916,-0.02354431,-0.01896667,0.9995422,31.08966,8.311996,-30.76654,4.766678,0.5620062,0.3172692,0.03039193,1.218804,-0.1813304,-0.02748751,0.01708243,0.0001220703,0.9700115,-26.07898,32.75
26,-0.05270386,-0.02424622,0.9983063,1.0,-0.08705139,-0.03404236,0.9956207,-24.93893,8.041824,-26.83369,4.787262,0.2802847,0.2973838,1.0,-0.02516174,-0.01638794,0.9995422,31.08488,8.30043,-30.75348,4.7659,0.5624486,0.3171158,0.0308398,1.218912,-0.1810285,-0.02731376,0.01659977,-0.0009917039,0.9700115,-26.07898,32.75
26,-0.05270386,-0.02424622,0.9983063,1.0,-0.08705139,-0.03404236,0.9956207,-24.93893,8.041824,-26.83369,4.787262,0.2802847,0.2973838,1.0,-0.02516174,-0.01638794,0.9995422,31.08488,8.30043,-30.75348,4.7659,0.5624486,0.3171158,0.0308398,1.218912,-0.1810285,-0.02731376,0.01659977,-0.0009917039,0.9700115,-26.07898,32.75
26,-0.05270386,-0.02424622,0.9983063,1.0,-0.08705139,-0.03404236,0.9956207,-24.93893,8.041824,-26.83369,4.787262,0.2802847,0.2973838,1.0,-0.02516174,-0.01638794,0.9995422,31.08488,8.30043,-30.75348,4.7659,0.5624486,0.3171158,0.0308398,1.218912,-0.1810285,-0.02731376,0.01659977,-0.0009917039,0.9700115,-26.07898,32.75
26,-0.05749512,-0.02386475,0.9980469,0.9856421,-0.09274292,-0.03744507,0.9949799,-24.94049,8.043686,-26.88402,4.760635,0.2812929,0.298381,0.9496185,-0.03013611,-0.01332092,0.9994507,31.08488,8.294785,-30.72894,4.758652,0.5633008,0.3165694,0.0314734,1.218908,-0.1809437,-0.02682105,0.01630541,-0.002042627,0.9700115,-26.07898,32.75
26,-0.05749512,-0.02386475,0.9980469,0.9856421,-0.09274292,-0.03744507,0.9949799,-24.94049,8.043686,-26.88402,4.760635,0.2812929,0.298381,0.9496185,-0.03013611,-0.01332092,0.9994507,31.08488,8.294785,-30.72894,4.758652,0.5633008,0.3165694,0.0314734,1.218908,-0.1809437,-0.02682105,0.01630541,-0.002042627,0.9700115,-26.07898,32.75
26,-0.05749512,-0.02386475,0.9980469,0.9856421,-0.09274292,-0.03744507,0.9949799,-24.94049,8.043686,-26.88402,4.760635,0.2812929,0.298381,0.9496185,-0.03013611,-0.01332092,0.9994507,31.08488,8.294785,-30.72894,4.758652,0.5633008,0.3165694,0.0314734,1.218908,-0.1809437,-0.02682105,0.01630541,-0.002042627,0.9700115,-26.07898,32.75
26,-0.06297302,-0.02848816,0.9976044,0.992483,-0.09069824,-0.0381012,0.9951477,-24.94196,8.036514,-26.90114,4.735489,0.2810016,0.2988711,0.9472756,-0.03166199,-0.01760864,0.9993286,31.08199,8.290176,-30.67528,4.71666,0.5636085,0.3171158,0.03220904,1.218848,-0.1810465,-0.02635108,0.01605816,-0.003349713,0.9700115,4.634182,32.75
26,-0.06297302,-0.02848816,0.9976044,0.992483,-0.09069824,-0.0381012,0.9951477,-24.94196,8.036514,-26.90114,4.735489,0.2810016,0.2988711,0.9472756,-0.03166199,-0.01760864,0.9993286,31.08199,8.290176,-30.67528,4.71666,0.5636085,0.3171158,0.03220904,1.218848,-0.1810465,-0.02635108,0.01605816,-0.003349713,0.9700115,4.634182,32.75
26,-0.06297302,-0.02848816,0.9976044,0.992483,-0.09069824,-0.0381012,0.9951477,-24.94196,8.036514,-26.90114,4.735489,0.2810016,0.2988711,0.9472756,-0.03166199,-0.01760864,0.9993286,31.08199,8.290176,-30.67528,4.71666,0.5636085,0.3171158,0.03220904,1.218848,-0.1810465,-0.02635108,0.01605816,-0.003349713,0.9700115,4.634182,32.75
26,-0.06297302,-0.02848816,0.9976044,0.992483,-0.09069824,-0.0381012,0.9951477,-24.94196,8.036514,-26.90114,4.735489,0.2810016,0.2988711,0.9472756,-0.03166199,-0.01760864,0.9993286,31.08199,8.290176,-30.67528,4.71666,0.5636085,0.3171158,0.03298986,1.218846,-0.1812434,-0.02598292,0.01602147,-0.005290026,0.9700115,4.634182,32.75
26,-0.06297302,-0.02848816,0.9976044,0.992483,-0.09069824,-0.0381012,0.9951477,-24.94196,8.036514,-26.90114,4.735489,0.2810016,0.2988711,0.9472756,-0.03166199,-0.01760864,0.9993286,31.08199,8.290176,-30.67528,4.71666,0.5636085,0.3171158,0.03298986,1.218846,-0.1812434,-0.02598292,0.01602147,-0.005290026,0.9700115,4.634182,32.75
26,-0.06297302,-0.02848816,0.9976044,0.992483,-0.09069824,-0.0381012,0.9951477,-24.94196,8.036514,-26.90114,4.735489,0.2810016,0.2988711,0.9472756,-0.03166199,-0.01760864,0.9993286,31.08199,8.290176,-30.67528,4.71666,0.5636085,0.3171158,0.03298986,1.218846,-0.1812434,-0.02598292,0.01602147,-0.005290026,0.9700115,4.634182,32.75
26,-0.06419373,-0.03146362,0.9974365,0.9772412,-0.08889771,-0.04237366,0.9951324,-24.94345,8.036514,-26.90344,4.696228,0.2808047,0.2996687,0.964534,-0.0333252,-0.01780701,0.9992828,31.08199,8.287445,-30.67009,4.704086,0.5638878,0.3172129,0.03387046,1.218899,-0.1816118,-0.02568964,0.0161387,-0.007898808,0.9700115,4.634182,32.75
26,-0.06419373,-0.03146362,0.9974365,0.9772412,-0.08889771,-0.04237366,0.9951324,-24.94345,8.036514,-26.90344,4.696228,0.2808047,0.2996687,0.964534,-0.0333252,-0.01780701,0.9992828,31.08199,8.287445,-30.67009,4.704086,0.5638878,0.3172129,0.03387046,1.218899,-0.1816118,-0.02568964,0.0161387,-0.007898808,0.9700115,4.634182,32.75
26,-0.06419373,-0.03146362,0.9974365,0.9772412,-0.08889771,-0.04237366,0.9951324,-24.94345,8.036514,-26.90344,4.696228,0.2808047,0.2996687,0.964534,-0.0333252,-0.01780701,0.9992828,31.08199,8.287445,-30.67009,4.704086,0.5638878,0.3172129,0.03387046,1.218899,-0.1816118,-0.02568964,0.0161387,-0.007898808,0.9700115,4.634182,32.75
26,-0.06256104,-0.03193665,0.9975281,0.9764677,-0.08865356,-0.03913879,0.995285,-24.94432,8.018265,-26.90114,4.696533,0.2808047,0.2997277,0.9815381,-0.03433228,-0.0241394,0.999115,31.07491,8.272095,-30.64351,4.633835,0.564257,0.3187468,0.0348686,1.218806,-0.1819836,-0.02536743,0.01628941,-0.01131836,0.9700115,4.634182,32.75
26,-0.06256104,-0.03193665,0.9975281,0.9764677,-0.08865356,-0.03913879,0.995285,-24.94432,8.018265,-26.90114,4.696533,0.2808047,0.2997277,0.9815381,-0.03433228,-0.0241394,0.999115,31.07491,8.272095,-30.64351,4.633835,0.564257,0.3187468,0.0348686,1.218806,-0.1819836,-0.02536743,0.01628941,-0.01131836,0.9700115,4.634182,32.75
26,-0.06256104,-0.03193665,0.9975281,0.9764677,-0.08865356,-0.03913879,0.995285,-24.94432,8.018265,-26.90114,4.696533,0.2808047,0.2997277,0.9815381,-0.03433228,-0.0241394,0.999115,31.07491,8.272095,-30.64351,4.633835,0.564257,0.3187468,0.0348686,1.218806,-0.1819836,-0.02536743,0.01628941,-0.01131836,0.9700115,4.634182,32.75
26,-0.06256104,-0.03193665,0.9975281,0.9764677,-0.08865356,-0.03913879,0.995285,-24.94432,8.018265,-26.90114,4.696533,0.2808047,0.2997277,0.9815381,-0.03433228,-0.0241394,0.999115,31.07491,8.272095,-30.64351,4.633835,0.564257,0.3187468,0.03622782,1.218879,-0.18223,-0.02474176,0.0167459,-0.01582071,0.9700115,4.634182,32.75
26,-0.06256104,-0.03193665,0.9975281,0.9764677,-0.08865356,-0.03913879,0.995285,-24.94432,8.018265,-26.90114,4.696533,0.2808047,0.2997277,0.9815381,-0.03433228,-0.0241394,0.999115,31.07491,8.272095,-30.64351,4.633835,0.564257,0.3187468,0.03622782,1.218879,-0.18223,-0.02474176,0.0167459,-0.01582071,0.9700115,4.634182,32.75
26,-0.06256104,-0.03193665,0.9975281,0.9764677,-0.08865356,-0.03913879,0.995285,-24.94432,8.018265,-26.90114,4.696533,0.2808047,0.2997277,0.9815381,-0.03433228,-0.0241394,0.999115,31.07491,8.272095,-30.64351,4.633835,0.564257,0.3187468,0.03622782,1.218879,-0.18223,-0.02474176,0.0167459,-0.01582071,0.9700115,4.634182,32.75
26,-0.03742981,-0.0255127,0.9989624,0.9730731,-0.08665466,-0.03379822,0.9956512,-24.98445,7.77066,-25.73764,4.844772,0.2839,0.2991151,0.9581032,-0.03742981,-0.0255127,0.9989624,31.06752,8.268555,-30.67009,4.619156,0.5650632,0.319345,0.03815019,1.218923,-0.1825053,-0.02384499,0.01734387,-0.02409119,0.9700115,41.42924,32.75
26,-0.03742981,-0.0255127,0.9989624,0.9730731,-0.08665466,-0.03379822,0.9956512,-24.98445,7.77066,-25.73764,4.844772,0.2839,0.2991151,0.9581032,-0.03742981,-0.0255127,0.9989624,31.06752,8.268555,-30.67009,4.619156,0.5650632,0.319345,0.03815019,1.218923,-0.1825053,-0.02384499,0.01734387,-0.02409119,0.9700115,41.42924,32.75
26,-0.03742981,-0.0255127,0.9989624,0.9730731,-0.08665466,-0.03379822,0.9956512,-24.98445,7.77066,-25.73764,4.844772,0.2839,0.2991151,0.9581032,-0.03742981,-0.0255127,0.9989624,31.06752,8.268555,-30.67009,4.619156,0.5650632,0.319345,0.03815019,1.218923,-0.1825053,-0.02384499,0.01734387,-0.02409119,0.9700115,41.42924,32.75
26,-0.04138184,-0.02975464,0.9986877,0.9725332,-0.08639526,-0.02484131,0.9959412,-24.98265,7.76976,-25.709,4.833496,0.2840763,0.2977819,0.9554546,-0.04138184,-0.02975464,0.9986877,31.05536,8.359283,-30.93806,4.617462,0.5664026,0.318954,0.04035485,1.218515,-0.182781,-0.0214076,0.01804866,-0.03605665,0.9700115,69.99039,32.75
26,-0.04138184,-0.02975464,0.9986877,0.9725332,-0.08639526,-0.02484131,0.9959412,-24.98265,7.76976,-25.709,4.833496,0.2840763,0.2977819,0.9554546,-0.04138184,-0.02975464,0.9986877,31.05536,8.359283,-30.93806,4.617462,0.5664026,0.318954,0.04035485,1.218515,-0.182781,-0.0214076,0.01804866,-0.03605665,0.9700115,69.99039,32.75
26,-0.04138184,-0.02975464,0.9986877,0.9725332,-0.08639526,-0.02484131,0.9959412,-24.98265,7.76976,-25.709,4.833496,0.2840763,0.2977819,0.9554546,-0.04138184,-0.02975464,0.9986877,31.05536,8.359283,-30.93806,4.617462,0.5664026,0.318954,0.04035485,1.218515,-0.182781,-0.0214076,0.01804866,-0.03605665,0.9700115,69.99039,32.75
26,-0.03642273,-0.03378296,0.998764,0.9632887,-0.07292175,-0.06443787,0.9952393,-24.80502,7.593643,-25.36417,4.773453,0.2763521,0.3076611,0.942159,-0.02505493,-0.02424622,0.9993896,31.14046,8.229584,-30.70721,4.758133,0.5603973,0.3206654,0.04328907,1.21772,-0.1828472,-0.01752676,0.01982844,-0.04951889,0.9700115,69.99039,32.75
26,-0.03642273,-0.03378296,0.998764,0.9632887,-0.07292175,-0.06443787,0.9952393,-24.80502,7.593643,-25.36417,4.773453,0.2763521,0.3076611,0.942159,-0.02505493,-0.02424622,0.9993896,31.14046,8.229584,-30.70721,4.758133,0.5603973,0.3206654,0.04328907,1.21772,-0.1828472,-0.01752676,0.01982844,-0.04951889,0.9700115,69.99039,32.75
26,-0.03642273,-0.03378296,0.998764,0.9632887,-0.07292175,-0.06443787,0.9952393,-24.80502,7.593643,-25.36417,4.773453,0.2763521,0.3076611,0.942159,-0.02505493,-0.02424622,0.9993896,31.14046,8.229584,-30.70721,4.758133,0.5603973,0.3206654,0.04328907,1.21772,-0.1828472,-0.01752676,0.01982844,-0.04951889,0.9700115,69.99039,32.75
26,-0.04019165,-0.04005432,0.9983826,0.9632887,-0.08152771,-0.05487061,0.9951477,-24.48973,7.397797,-24.88646,4.937637,0.2676426,0.3087716,0.942159,-0.004806519,-0.02734375,0.9996033,31.23808,8.027222,-29.99982,4.797211,0.552941,0.3228631,0.04690623,1.216369,-0.1828831,-0.01114456,0.02295993,-0.06514473,0.9700115,69.99039,32.75
26,-0.04019165,-0.04005432,0.9983826,0.9632887,-0.08152771,-0.05487061,0.9951477,-24.48973,7.397797,-24.88646,4.937637,0.2676426,0.3087716,0.942159,-0.004806519,-0.02734375,0.9996033,31.23808,8.027222,-29.99982,4.797211,0.552941,0.3228631,0.04690623,1.216369,-0.1828831,-0.01114456,0.02295993,-0.06514473,0.9700115,69.99039,32.75
26,-0.04019165,-0.04005432,0.9983826,0.9632887,-0.08152771,-0.05487061,0.9951477,-24.48973,7.397797,-24.88646,4.937637,0.2676426,0.3087716,0.942159,-0.004806519,-0.02734375,0.9996033,31.23808,8.027222,-29.99982,4.797211,0.552941,0.3228631,0.04690623,1.216369,-0.1828831,-0.01114456,0.02295993,-0.06514473,0.9700115,69.99039,32.75
26,0.0100708,-0.04620361,0.9988708,0.9699443,-0.05799866,-0.05575562,0.9967499,-24.23569,7.128387,-24.18129,4.968521,0.2564749,0.3126431,0.9338937,0.01425171,-0.04560852,0.9988556,31.41626,8.287659,-31.64066,4.645065,0.5442678,0.330291,0.0510056,1.215029,-0.1827531,-0.0040889,0.02599324,-0.08161804,0.9700115,69.99039,32.75
26,0.0100708,-0.04620361,0.9988708,0.9699443,-0.05799866,-0.05575562,0.9967499,-24.23569,7.128387,-24.18129,4.968521,0.2564749,0.3126431,0.9338937,0.01425171,-0.04560852,0.9988556,31.41626,8.287659,-31.64066,4.645065,0.5442678,0.330291,0.0510056,1.215029,-0.1827531,-0.0040889,0.02599324,-0.08161804,0.9700115,69.99039,32.75
26,0.0100708,-0.04620361,0.9988708,0.9699443,-0.05799866,-0.05575562,0.9967499,-24.23569,7.128387,-24.18129,4.968521,0.2564749,0.3126431,0.9338937,0.01425171,-0.04560852,0.9988556,31.41626,8.287659,-31.64066,4.645065,0.5442678,0.330291,0.0510056,1.215029,-0.1827531,-0.0040889,0.02599324,-0.08161804,0.9700115,69.99039,32.75
26,0.007568359,-0.04048157,0.9991455,0.9581656,-0.02694702,-0.04257202,0.9987183,-24.31924,7.587708,-25.87988,4.889465,0.2505626,0.3068925,0.942542,0.01228333,-0.04020691,0.999115,31.53262,8.037933,-30.42728,4.685074,0.5398055,0.3285288,0.05563557,1.21343,-0.1823914,0.003316181,0.02908298,-0.09933734,0.9700115,35.64141,32.75
26,0.007568359,-0.04048157,0.9991455,0.9581656,-0.02694702,-0.04257202,0.9987183,-24.31924,7.587708,-25.87988,4.889465,0.2505626,0.3068925,0.942542,0.01228333,-0.04020691,0.999115,31.53262,8.037933,-30.42728,4.685074,0.5398055,0.3285288,0.05563557,1.21343,-0.1823914,0.003316181,0.02908298,-0.09933734,0.9700115,35.64141,32.75
26,0.007568359,-0.04048157,0.9991455,0.9581656,-0.02694702,-0.04257202,0.9987183,-24.31924,7.587708,-25.87988,4.889465,0.2505626,0.3068925,0.942542,0.01228333,-0.04020691,0.999115,31.53262,8.037933,-30.42728,4.685074,0.5398055,0.3285288,0.05563557,1.21343,-0.1823914,0.003316181,0.02908298,-0.09933734,0.9700115,35.64141,32.75
26,0.02323914,-0.03015137,0.9992676,0.9506616,-0.04478455,-0.05589294,0.9974213,-23.84019,7.147415,-22.9278,5.006332,0.2433224,0.3027452,0.9442089,0.02323914,-0.03015137,0.9992676,31.56119,8.02301,-30.08705,4.725876,0.5367805,0.3244944,0.06086838,1.211929,-0.1818223,0.009342168,0.03276696,-0.1167046,0.9700115,35.64141,32.75
26,0.02323914,-0.03015137,0.9992676,0.9506616,-0.04478455,-0.05589294,0.9974213,-23.84019,7.147415,-22.9278,5.006332,0.2433224,0.3027452,0.9442089,0.02323914,-0.03015137,0.9992676,31.56119,8.02301,-30.08705,4.725876,0.5367805,0.3244944,0.06086838,1.211929,-0.1818223,0.009342168,0.03276696,-0.1167046,0.9700115,35.64141,32.75
26,0.02323914,-0.03015137,0.9992676,0.9506616,-0.04478455,-0.05589294,0.9974213,-23.84019,7.147415,-22.9278,5.006332,0.2433224,0.3027452,0.9442089,0.02323914,-0.03015137,0.9992676,31.56119,8.02301,-30.08705,4.725876,0.5367805,0.3244944,0.06086838,1.211929,-0.1818223,0.009342168,0.03276696,-0.1167046,0.9700115,35.64141,32.75
26,0.02639771,-0.04467773,0.998642,0.9450169,-0.0519104,-0.04627991,0.9975739,-23.80292,7.301987,-23.20662,5.162918,0.2425076,0.297978,0.958225,0.02639771,-0.04467773,0.998642,31.61302,8.02327,-29.97438,4.654236,0.5343376,0.3262231,0.06676149,1.210474,-0.1810778,0.01429735,0.03626947,-0.135257,0.9700115,35.64141,32.75
26,0.02639771,-0.04467773,0.998642,0.9450169,-0.0519104,-0.04627991,0.9975739,-23.80292,7.301987,-23.20662,5.162918,0.2425076,0.297978,0.958225,0.02639771,-0.04467773,0.998642,31.61302,8.02327,-29.97438,4.654236,0.5343376,0.3262231,0.06676149,1.210474,-0.1810778,0.01429735,0.03626947,-0.135257,0.9700115,35.64141,32.75
26,0.02639771,-0.04467773,0.998642,0.9450169,-0.0519104,-0.04627991,0.9975739,-23.80292,7.301987,-23.20662,5.162918,0.2425076,0.297978,0.958225,0.02639771,-0.04467773,0.998642,31.61302,8.02327,-29.97438,4.654236,0.5343376,0.3262231,0.06676149,1.210474,-0.1810778,0.01429735,0.03626947,-0.135257,0.9700115,35.64141,32.75
26,0.04302979,-0.03234863,0.9985352,0.933247,-0.04980469,-0.07453918,0.9959717,-23.58199,7.410828,-24.15314,4.814819,0.2331589,0.3058369,0.9425069,0.04304504,-0.03233337,0.9985352,31.84241,8.201202,-30.78233,4.643951,0.5238096,0.3240559,0.07329059,1.20889,-0.1802213,0.01922598,0.04040546,-0.1523912,0.9700115,35.64141,32.75
26,0.04302979,-0.03234863,0.9985352,0.933247,-0.04980469,-0.07453918,0.9959717,-23.58199,7.410828,-24.15314,4.814819,0.2331589,0.3058369,0.9425069,0.04304504,-0.03233337,0.9985352,31.84241,8.201202,-30.78233,4.643951,0.5238096,0.3240559,0.07329059,1.20889,-0.1802213,0.01922598,0.04040546,-0.1523912,0.9700115,35.64141,32.75
26,0.04302979,-0.03234863,0.9985352,0.933247,-0.04980469,-0.07453918,0.9959717,-23.58199,7.410828,-24.15314,4.814819,0.2331589,0.3058369,0.9425069,0.04304504,-0.03233337,0.9985352,31.84241,8.201202,-30.78233,4.643951,0.5238096,0.3240559,0.07329059,1.20889,-0.1802213,0.01922598,0.04040546,-0.1523912,0.9700115,35.64141,32.75
26,0.1031036,-0.05210876,0.9933014,0.8958313,0.0353241,-0.1083832,0.9934692,-23.19803,7.274734,-24.47716,4.949738,0.2004232,0.3132215,0.9332031,0.1031036,-0.05210876,0.9933014,32.14799,8.124695,-31.05615,4.704468,0.5026959,0.3327341,0.08039057,1.206897,-0.1793283,0.02454676,0.04566605,-0.1660159,0.9700115,35.64141,32.75
26,0.1031036,-0.05210876,0.9933014,0.8958313,0.0353241,-0.1083832,0.9934692,-23.19803,7.274734,-24.47716,4.949738,0.2004232,0.3132215,0.9332031,0.1031036,-0.05210876,0.9933014,32.14799,8.124695,-31.05615,4.704468,0.5026959,0.3327341,0.08039057,1.206897,-0.1793283,0.02454676,0.04566605,-0.1660159,0.9700115,35.64141,32.75
26,0.1031036,-0.05210876,0.9933014,0.8958313,0.0353241,-0.1083832,0.9934692,-23.19803,7.274734,-24.47716,4.949738,0.2004232,0.3132215,0.9332031,0.1031036,-0.05210876,0.9933014,32.14799,8.124695,-31.05615,4.704468,0.5026959,0.3327341,0.08039057,1.206897,-0.1793283,0.02454676,0.04566605,-0.1660159,0.9700115,35.64141,32.75
26,0.1288605,-0.03170776,0.9911499,0.9019356,-0.001083374,-0.06204224,0.9980621,-22.50882,6.590515,-20.9017,5.28949,0.1947923,0.3056614,0.9563531,0.1288605,-0.03170776,0.9911499,32.30382,8.153458,-31.43437,4.812607,0.4928059,0.3310689,0.08810461,1.205203,-0.1781791,0.02764913,0.05024628,-0.1791376,0.9700115,35.64141,32.75
26,0.1288605,-0.03170776,0.9911499,0.9019356,-0.001083374,-0.06204224,0.9980621,-22.50882,6.590515,-20.9017,5.28949,0.1947923,0.3056614,0.9563531,0.1288605,-0.03170776,0.9911499,32.30382,8.153458,-31.43437,4.812607,0.4928059,0.3310689,0.08810461,1.205203,-0.1781791,0.02764913,0.05024628,-0.1791376,0.9700115,35.64141,32.75
26,0.1288605,-0.03170776,0.9911499,0.9019356,-0.001083374,-0.06204224,0.9980621,-22.50882,6.590515,-20.9017,5.28949,0.1947923,0.3056614,0.9563531,0.1288605,-0.03170776,0.9911499,32.30382,8.153458,-31.43437,4.812607,0.4928059,0.3310689,0.08810461,1.205203,-0.1781791,0.02764913,0.05024628,-0.1791376,0.9700115,35.64141,32.75
26,0.1277161,-0.03237915,0.991272,0.899745,0.01263428,-0.07836914,0.9968414,-22.58237,6.93602,-22.00139,5.246994,0.192526,0.3050062,0.9526911,0.1277161,-0.03237915,0.991272,32.41782,8.179245,-31.37685,4.831512,0.4889664,0.3295963,0.09598207,1.203232,-0.1770617,0.0324863,0.05486107,-0.193537,0.9700115,-91.82126,32.75
26,0.1277161,-0.03237915,0.991272,0.899745,0.01263428,-0.07836914,0.9968414,-22.58237,6.93602,-22.00139,5.246994,0.192526,0.3050062,0.9526911,0.1277161,-0.03237915,0.991272,32.41782,8.179245,-31.37685,4.831512,0.4889664,0.3295963,0.09598207,1.203232,-0.1770617,0.0324863,0.05486107,-0.193537,0.9700115,-91.82126,32.75
26,0.1277161,-0.03237915,0.991272,0.899745,0.01263428,-0.07836914,0.9968414,-22.58237,6.93602,-22.00139,5.246994,0.192526,0.3050062,0.9526911,0.1277161,-0.03237915,0.991272,32.41782,8.179245,-31.37685,4.831512,0.4889664,0.3295963,0.09598207,1.203232,-0.1770617,0.0324863,0.05486107,-0.193537,0.9700115,-91.82126,32.75
26,0.1248322,-0.03115845,0.991684,0.8965056,0.04273987,-0.06648254,0.9968567,-22.61307,7.280838,-23.8813,5.134628,0.1821423,0.3032983,0.9627979,0.1248322,-0.03115845,0.991684,32.5441,8.315674,-32.13782,4.82251,0.485053,0.3306574,0.1013309,1.201855,-0.1763936,0.03545865,0.0573885,-0.2025178,0.9700115,-91.82126,32.75
26,0.1248322,-0.03115845,0.991684,0.8965056,0.04273987,-0.06648254,0.9968567,-22.61307,7.280838,-23.8813,5.134628,0.1821423,0.3032983,0.9627979,0.1248322,-0.03115845,0.991684,32.5441,8.315674,-32.13782,4.82251,0.485053,0.3306574,0.1013309,1.201855,-0.1763936,0.03545865,0.0573885,-0.2025178,0.9700115,-91.82126,32.75
26,0.1318359,-0.01872253,0.9910889,0.9066581,0.04101563,-0.01416016,0.999054,-22.56802,7.540222,-25.3213,5.164597,0.1724491,0.2913885,0.9867541,0.1318359,-0.01872253,0.9910889,32.64905,8.333466,-32.22458,4.786575,0.4800646,0.3284276,0.1064677,1.20065,-0.175645,0.03747121,0.05915324,-0.2109673,0.9700115,-91.82126,32.75
26,0.1318359,-0.01872253,0.9910889,0.9066581,0.04101563,-0.01416016,0.999054,-22.56802,7.540222,-25.3213,5.164597,0.1724491,0.2913885,0.9867541,0.1318359,-0.01872253,0.9910889,32.64905,8.333466,-32.22458,4.786575,0.4800646,0.3284276,0.1064677,1.20065,-0.175645,0.03747121,0.05915324,-0.2109673,0.9700115,-91.82126,32.75
26,0.1388855,-0.04693604,0.9891815,0.9066581,-0.0005645752,-0.09628296,0.9953461,-22.27847,7.190353,-23.48506,4.959549,0.1761731,0.305346,0.9867541,0.1388855,-0.04693604,0.9891815,32.65219,8.169968,-31.36485,4.796494,0.4786964,0.3322917,0.111595,1.199724,-0.1749895,0.03839398,0.0601772,-0.2193495,0.9700115,-91.82126,32.75
26,0.1388855,-0.04693604,0.9891815,0.9066581,-0.0005645752,-0.09628296,0.9953461,-22.27847,7.190353,-23.48506,4.959549,0.1761731,0.305346,0.9867541,0.1388855,-0.04693604,0.9891815,32.65219,8.169968,-31.36485,4.796494,0.4786964,0.3322917,0.111595,1.199724,-0.1749895,0.03839398,0.0601772,-0.2193495,0.9700115,-91.82126,32.75
26,0.1388855,-0.04693604,0.9891815,0.9066581,-0.0005645752,-0.09628296,0.9953461,-22.27847,7.190353,-23.48506,4.959549,0.1761731,0.305346,0.9867541,0.1388855,-0.04693604,0.9891815,32.65219,8.169968,-31.36485,4.796494,0.4786964,0.3322917,0.1167756,1.198866,-0.1743677,0.03846939,0.06116052,-0.227983,0.9700115,-91.82126,32.75
26,0.1388855,-0.04693604,0.9891815,0.9066581,-0.0005645752,-0.09628296,0.9953461,-22.27847,7.190353,-23.48506,4.959549,0.1761731,0.305346,0.9867541,0.1388855,-0.04693604,0.9891815,32.65219,8.169968,-31.36485,4.796494,0.4786964,0.3322917,0.1167756,1.198866,-0.1743677,0.03846939,0.06116052,-0.227983,0.9700115,-91.82126,32.75
27,0.1388855,-0.04693604,0.9891815,0.9066581,-0.0005645752,-0.09628296,0.9953461,-22.27847,7.190353,-23.48506,4.959549,0.1761731,0.305346,0.9867541,0.1388855,-0.04693604,0.9891815,32.65219,8.169968,-31.36485,4.796494,0.4786964,0.3322917,0.1220107,1.197978,-0.1738403,0.03773671,0.06165252,-0.2364184,0.9700115,-91.82126,32.75
27,0.1388855,-0.04693604,0.9891815,0.9066581,-0.0005645752,-0.09628296,0.9953461,-22.27847,7.190353,-23.48506,4.959549,0.1761731,0.305346,0.9867541,0.1388855,-0.04693604,0.9891815,32.65219,8.169968,-31.36485,4.796494,0.4786964,0.3322917,0.1220107,1.197978,-0.1738403,0.03773671,0.06165252,-0.2364184,0.9700115,-91.82126,32.75
27,0.1329498,-0.0304718,0.9906464,0.8883374,-0.01623535,-0.07653809,0.996933,-22.16441,7.128433,-22.80948,5.056183,0.1787064,0.3013532,0.9629588,0.1329498,-0.0304718,0.9906464,32.69479,8.17746,-31.39746,4.753922,0.4782259,0.3294997,0.1273361,1.196981,-0.1733874,0.03677762,0.06163487,-0.2449577,0.9700115,-31.22463,32.75
27,0.1329498,-0.0304718,0.9906464,0.8883374,-0.01623535,-0.07653809,0.996933,-22.16441,7.128433,-22.80948,5.056183,0.1787064,0.3013532,0.9629588,0.1329498,-0.0304718,0.9906464,32.69479,8.17746,-31.39746,4.753922,0.4782259,0.3294997,0.1273361,1.196981,-0.1733874,0.03677762,0.06163487,-0.2449577,0.9700115,-31.22463,32.75
27,0.1329498,-0.0304718,0.9906464,0.8883374,-0.01623535,-0.07653809,0.996933,-22.16441,7.128433,-22.80948,5.056183,0.1787064,0.3013532,0.9629588,0.1329498,-0.0304718,0.9906464,32.69479,8.17746,-31.39746,4.753922,0.4782259,0.3294997,0.1325817,1.195963,-0.1729205,0.03582779,0.06191757,-0.2543748,0.9700115,-31.22463,32.75
27,0.1329498,-0.0304718,0.9906464,0.8883374,-0.01623535,-0.07653809,0.996933,-22.16441,7.128433,-22.80948,5.056183,0.1787064,0.3013532,0.9629588,0.1329498,-0.0304718,0.9906464,32.69479,8.17746,-31.39746,4.753922,0.4782259,0.3294997,0.1325817,1.195963,-0.1729205,0.03582779,0.06191757,-0.2543748,0.9700115,-31.22463,32.75
27,0.1272888,-0.02078247,0.9916382,0.8890283,0.002685547,-0.05392456,0.9985352,-22.04524,7.055634,-22.44104,5.423279,0.1720351,0.297284,0.9632071,0.1272888,-0.02078247,0.9916382,32.75867,8.245895,-31.8683,4.774551,0.4769619,0.3291322,0.1379129,1.194828,-0.1724375,0.03531378,0.06230335,-0.2640229,0.9700115,-31.22463,32.75
27,0.1272888,-0.02078247,0.9916382,0.8890283,0.002685547,-0.05392456,0.9985352,-22.04524,7.055634,-22.44104,5.423279,0.1720351,0.297284,0.9632071,0.1272888,-0.02078247,0.9916382,32.75867,8.245895,-31.8683,4.774551,0.4769619,0.3291322,0.1379129,1.194828,-0.1724375,0.03531378,0.06230335,-0.2640229,0.9700115,-31.22463,32.75
27,0.1554718,-0.04920959,0.9866028,0.8397995,0.08909607,-0.04205322,0.9951324,-21.90955,6.798935,-23.9711,5.576904,0.1463537,0.3132878,0.9864529,0.1554718,-0.04920959,0.9866028,32.9444,7.844376,-31.49329,4.867599,0.4654838,0.3457948,0.1432137,1.193314,-0.1720593,0.03556732,0.06262731,-0.2732794,0.9700115,-31.22463,32.75
27,0.1554718,-0.04920959,0.9866028,0.8397995,0.08909607,-0.04205322,0.9951324,-21.90955,6.798935,-23.9711,5.576904,0.1463537,0.3132878,0.9864529,0.1554718,-0.04920959,0.9866028,32.9444,7.844376,-31.49329,4.867599,0.4654838,0.3457948,0.1432137,1.193314,-0.1720593,0.03556732,0.06262731,-0.2732794,0.9700115,-31.22463,32.75
27,0.1703339,-0.06993103,0.9828949,1.0,0.02372742,-0.07551575,0.9968567,-21.52377,6.581909,-23.8551,5.642593,0.1445165,0.3252544,1.0,0.1703491,-0.06993103,0.9828949,33.02792,7.734894,-31.48946,4.822617,0.459932,0.3535304,0.1485794,1.191888,-0.1715615,0.03656511,0.06312216,-0.2817414,0.9700115,-31.22463,32.75
27,0.1703339,-0.06993103,0.9828949,1.0,0.02372742,-0.07551575,0.9968567,-21.52377,6.581909,-23.8551,5.642593,0.1445165,0.3252544,1.0,0.1703491,-0.06993103,0.9828949,33.02792,7.734894,-31.48946,4.822617,0.459932,0.3535304,0.1485794,1.191888,-0.1715615,0.03656511,0.06312216,-0.2817414,0.9700115,-31.22463,32.75
27,0.1692657,-0.07316589,0.9828491,1.0,0.03030396,-0.0884552,0.9956055,-21.52477,6.522354,-23.8273,5.542389,0.1438728,0.3294832,1.0,0.1696014,-0.07312012,0.9827881,33.07422,7.676422,-31.51251,4.903305,0.4584464,0.3563747,0.1539545,1.190549,-0.1711837,0.03722284,0.06404935,-0.2896405,0.9700115,-31.22463,32.75
27,0.1692657,-0.07316589,0.9828491,1.0,0.03030396,-0.0884552,0.9956055,-21.52477,6.522354,-23.8273,5.542389,0.1438728,0.3294832,1.0,0.1696014,-0.07312012,0.9827881,33.07422,7.676422,-31.51251,4.903305,0.4584464,0.3563747,0.1539545,1.190549,-0.1711837,0.03722284,0.06404935,-0.2896405,0.9700115,-31.22463,32.75
27,0.1368408,-0.06498718,0.9884491,1.0,0.06239319,-0.1034851,0.9926605,-21.78169,6.600296,-23.68095,5.432709,0.1480762,0.3286201,1.0,0.1449738,-0.06072998,0.9875641,33.19379,7.634735,-31.49466,4.877884,0.4584901,0.355344,0.1592606,1.18915,-0.1708503,0.03729083,0.06589649,-0.2970058,0.9700115,-31.22463,32.75
27,0.1368408,-0.06498718,0.9884491,1.0,0.06239319,-0.1034851,0.9926605,-21.78169,6.600296,-23.68095,5.432709,0.1480762,0.3286201,1.0,0.1449738,-0.06072998,0.9875641,33.19379,7.634735,-31.49466,4.877884,0.4584901,0.355344,0.1592606,1.18915,-0.1708503,0.03729083,0.06589649,-0.2970058,0.9700115,-31.22463,32.75
27,0.1495209,-0.08357239,0.9852142,1.0,0.03413391,-0.1044159,0.9939423,-21.67171,6.513519,-23.28464,5.391785,0.1511548,0.3293838,1.0,0.1504059,-0.08340454,0.9850922,33.2081,7.612869,-31.49352,4.795425,0.4570348,0.3602675,0.1646224,1.187889,-0.1704807,0.03809767,0.06791192,-0.3033333,0.9700115,-31.22463,32.75
27,0.1495209,-0.08357239,0.9852142,1.0,0.03413391,-0.1044159,0.9939423,-21.67171,6.513519,-23.28464,5.391785,0.1511548,0.3293838,1.0,0.1504059,-0.08340454,0.9850922,33.2081,7.612869,-31.49352,4.795425,0.4570348,0.3602675,0.1646224,1.187889,-0.1704807,0.03809767,0.06791192,-0.3033333,0.9700115,-31.22463,32.75
27,0.1378021,-0.07095337,0.9878998,1.0,0.009216309,-0.1146393,0.9933624,-21.37704,6.127014,-21.42654,5.425217,0.1534966,0.3325478,1.0,0.1378021,-0.07095337,0.9878998,33.25444,7.578308,-31.51366,4.871048,0.4575928,0.3593472,0.1696833,1.186592,-0.1703532,0.03816138,0.06986667,-0.3092122,0.9700115,-7.591568,32.75
27,0.1378021,-0.07095337,0.9878998,1.0,0.009216309,-0.1146393,0.9933624,-21.37704,6.127014,-21.42654,5.425217,0.1534966,0.3325478,1.0,0.1378021,-0.07095337,0.9878998,33.25444,7.578308,-31.51366,4.871048,0.4575928,0.3593472,0.1696833,1.186592,-0.1703532,0.03816138,0.06986667,-0.3092122,0.9700115,-7.591568,32.75
27,0.1477051,-0.07293701,0.9863281,1.0,-0.002197266,-0.04556274,0.9989471,-21.28398,5.930313,-20.5585,5.144745,0.1544854,0.3209244,1.0,0.1477051,-0.07293701,0.9863281,33.35425,7.493164,-31.53574,4.817276,0.4523198,0.3629528,0.1746466,1.185294,-0.1701419,0.03880224,0.07096329,-0.3150365,0.9700115,-7.591568,32.75
27,0.1477051,-0.07293701,0.9863281,1.0,-0.002197266,-0.04556274,0.9989471,-21.28398,5.930313,-20.5585,5.144745,0.1544854,0.3209244,1.0,0.1477051,-0.07293701,0.9863281,33.35425,7.493164,-31.53574,4.817276,0.4523198,0.3629528,0.1746466,1.185294,-0.1701419,0.03880224,0.07096329,-0.3150365,0.9700115,-7.591568,32.75
27,0.1398926,-0.07473755,0.9873352,1.0,0.0816803,-0.07997131,0.9934387,-21.32321,6.288818,-22.37857,5.822662,0.1365779,0.3285899,1.0,0.1398926,-0.07473755,0.9873352,33.40752,7.452469,-31.55322,4.738739,0.4517753,0.3648477,0.1794822,1.183916,-0.1700889,0.03911492,0.07243297,-0.321278,0.9700115,-7.591568,32.75
27,0.1398926,-0.07473755,0.9873352,1.0,0.0816803,-0.07997131,0.9934387,-21.32321,6.288818,-22.37857,5.822662,0.1365779,0.3285899,1.0,0.1398926,-0.07473755,0.9873352,33.40752,7.452469,-31.55322,4.738739,0.4517753,0.3648477,0.1794822,1.183916,-0.1700889,0.03911492,0.07243297,-0.321278,0.9700115,-7.591568,32.75
27,0.140625,-0.06645203,0.9878235,1.0,0.08345032,-0.1122437,0.9901581,-21.40945,6.285248,-22.66235,5.599976,0.1361057,0.334319,1.0,0.140625,-0.06645203,0.9878235,33.4678,7.400711,-31.56865,4.94371,0.4495435,0.3652835,0.1842476,1.182432,-0.1700983,0.03912368,0.0739205,-0.3269937,0.9700115,-7.591568,32.75
27,0.140625,-0.06645203,0.9878235,1.0,0.08345032,-0.1122437,0.9901581,-21.40945,6.285248,-22.66235,5.599976,0.1361057,0.334319,1.0,0.140625,-0.06645203,0.9878235,33.4678,7.400711,-31.56865,4.94371,0.4495435,0.3652835,0.1842476,1.182432,-0.1700983,0.03912368,0.0739205,-0.3269937,0.9700115,-7.591568,32.75
27,0.1501617,-0.05195618,0.9872894,1.0,-0.001907349,-0.1309814,0.9913788,-21.37766,6.108292,-21.97652,4.936554,0.152685,0.3387032,1.0,0.1501617,-0.05195618,0.9872894,33.51128,7.366623,-31.59325,4.880569,0.4463078,0.3641179,0.1888429,1.180969,-0.1699117,0.03854021,0.07555512,-0.3330874,0.9700115,-7.591568,32.75
27,0.1501617,-0.05195618,0.9872894,1.0,-0.001907349,-0.1309814,0.9913788,-21.37766,6.108292,-21.97652,4.936554,0.152685,0.3387032,1.0,0.1501617,-0.05195618,0.9872894,33.51128,7.366623,-31.59325,4.880569,0.4463078,0.3641179,0.1888429,1.180969,-0.1699117,0.03854021,0.07555512,-0.3330874,0.9700115,-7.591568,32.75
27,0.1408997,-0.05749512,0.9883423,1.0,0.08439636,-0.09799194,0.9915924,-21.37518,6.28334,-22.85414,5.626099,0.1333513,0.3328041,1.0,0.1408997,-0.05749512,0.9883423,33.55022,7.346191,-31.60248,4.917099,0.4465517,0.3658793,0.1934041,1.179582,-0.1698432,0.03763846,0.0769196,-0.3393641,0.9700115,-7.591568,32.75
27,0.1408997,-0.05749512,0.9883423,1.0,0.08439636,-0.09799194,0.9915924,-21.37518,6.28334,-22.85414,5.626099,0.1333513,0.3328041,1.0,0.1408997,-0.05749512,0.9883423,33.55022,7.346191,-31.60248,4.917099,0.4465517,0.3658793,0.1934041,1.179582,-0.1698432,0.03763846,0.0769196,-0.3393641,0.9700115,-7.591568,32.75
27,0.1488342,-0.06286621,0.9868469,1.0,0.0693512,-0.08816528,0.9936829,-21.36525,6.335541,-23.30559,5.539734,0.1335027,0.3321213,1.0,0.1488495,-0.06286621,0.9868469,33.63692,7.332626,-31.62151,4.815231,0.4420714,0.3674806,0.1980927,1.178267,-0.1697112,0.03648106,0.07865527,-0.3457643,0.9700115,-7.591568,32.75
27,0.1488342,-0.06286621,0.9868469,1.0,0.0693512,-0.08816528,0.9936829,-21.36525,6.335541,-23.30559,5.539734,0.1335027,0.3321213,1.0,0.1488495,-0.06286621,0.9868469,33.63692,7.332626,-31.62151,4.815231,0.4420714,0.3674806,0.1980927,1.178267,-0.1697112,0.03648106,0.07865527,-0.3457643,0.9700115,-7.591568,32.75
27,0.1474762,-0.05963135,0.9872589,1.0,0.0897522,-0.09483337,0.9914246,-21.44606,6.383591,-23.62648,5.289246,0.1320387,0.3340822,1.0,0.1474762,-0.05963135,0.9872589,33.67274,7.308701,-31.62981,4.820419,0.4410361,0.3678109,0.2026653,1.176619,-0.16968,0.03583403,0.08081525,-0.3521369,0.9700115,-7.591568,32.75
27,0.1474762,-0.05963135,0.9872589,1.0,0.0897522,-0.09483337,0.9914246,-21.44606,6.383591,-23.62648,5.289246,0.1320387,0.3340822,1.0,0.1474762,-0.05963135,0.9872589,33.67274,7.308701,-31.62981,4.820419,0.4410361,0.3678109,0.2026653,1.176619,-0.16968,0.03583403,0.08081525,-0.3521369,0.9700115,-7.591568,32.75
27,0.1027832,-0.05307007,0.9932861,1.0,-0.01776123,-0.09384155,0.9954224,-21.28781,5.851471,-20.97751,5.255112,0.1540376,0.3329453,1.0,0.1027832,-0.05307007,0.9932709,33.48999,7.413681,-31.78853,4.613739,0.4552466,0.3642303,0.2070249,1.174895,-0.1696813,0.03460021,0.08386479,-0.3590859,0.9700115,-7.591568,32.75
27,0.1027832,-0.05307007,0.9932861,1.0,-0.01776123,-0.09384155,0.9954224,-21.28781,5.851471,-20.97751,5.255112,0.1540376,0.3329453,1.0,0.1027832,-0.05307007,0.9932709,33.48999,7.413681,-31.78853,4.613739,0.4552466,0.3642303,0.2070249,1.174895,-0.1696813,0.03460021,0.08386479,-0.3590859,0.9700115,-7.591568,32.75
27,0.04800415,-0.006652832,0.9988098,0.8335108,-0.0861969,-0.1140747,0.9897156,-21.1274,5.214142,-17.12602,5.347305,0.1739579,0.3326831,0.9870644,0.04800415,-0.006652832,0.9988098,33.28049,7.575409,-31.91441,4.843231,0.472212,0.3511186,0.2114133,1.173323,-0.1696315,0.03562948,0.08599021,-0.3646489,0.9700115,2.822205,32.75
27,0.04800415,-0.006652832,0.9988098,0.8335108,-0.0861969,-0.1140747,0.9897156,-21.1274,5.214142,-17.12602,5.347305,0.1739579,0.3326831,0.9870644,0.04800415,-0.006652832,0.9988098,33.28049,7.575409,-31.91441,4.843231,0.472212,0.3511186,0.2114133,1.173323,-0.1696315,0.03562948,0.08599021,-0.3646489,0.9700115,2.822205,32.75
27,0.05412292,0.002258301,0.9985199,0.8550753,-0.04667664,-0.04092407,0.9980621,-21.10779,5.308304,-17.39595,6.100571,0.165625,0.3198218,0.9749875,0.05412292,0.002258301,0.9985199,33.33199,7.459961,-31.6122,4.831665,0.4693446,0.3512243,0.2155213,1.171514,-0.1695784,0.03653024,0.08906634,-0.3695495,0.9700115,2.822205,32.75
27,0.05412292,0.002258301,0.9985199,0.8550753,-0.04667664,-0.04092407,0.9980621,-21.10779,5.308304,-17.39595,6.100571,0.165625,0.3198218,0.9749875,0.05412292,0.002258301,0.9985199,33.33199,7.459961,-31.6122,4.831665,0.4693446,0.3512243,0.2155213,1.171514,-0.1695784,0.03653024,0.08906634,-0.3695495,0.9700115,2.822205,32.75
27,0.01889038,0.02287292,0.9995575,0.8579098,-0.06755066,-0.1054382,0.9921265,-21.15775,5.492569,-18.27086,5.275299,0.1699099,0.3310603,0.9818393,0.01889038,0.02287292,0.9995575,33.41328,7.517441,-32.0397,4.817062,0.4725632,0.3489276,0.2197555,1.169793,-0.1694914,0.03717056,0.09254307,-0.3734002,0.9700115,2.822205,32.75
27,0.01889038,0.02287292,0.9995575,0.8579098,-0.06755066,-0.1054382,0.9921265,-21.15775,5.492569,-18.27086,5.275299,0.1699099,0.3310603,0.9818393,0.01889038,0.02287292,0.9995575,33.41328,7.517441,-32.0397,4.817062,0.4725632,0.3489276,0.2197555,1.169793,-0.1694914,0.03717056,0.09254307,-0.3734002,0.9700115,2.822205,32.75
27,0.04180908,0.01164246,0.999054,0.8706043,-0.07073975,-0.04849243,0.9963074,-21.16878,5.595764,-18.76669,5.092453,0.1698138,0.3222273,0.9811258,0.04180908,0.01164246,0.999054,33.43866,7.490585,-32.022,4.7854,0.467655,0.3517076,0.2238336,1.168178,-0.1692828,0.03706859,0.09589639,-0.3764186,0.9700115,2.822205,32.75
27,0.04180908,0.01164246,0.999054,0.8706043,-0.07073975,-0.04849243,0.9963074,-21.16878,5.595764,-18.76669,5.092453,0.1698138,0.3222273,0.9811258,0.04180908,0.01164246,0.999054,33.43866,7.490585,-32.022,4.7854,0.467655,0.3517076,0.2238336,1.168178,-0.1692828,0.03706859,0.09589639,-0.3764186,0.9700115,2.822205,32.75
27,0.06828308,-0.00730896,0.9976349,0.8699405,-0.04180908,-0.07873535,0.9960175,-21.20152,5.71376,-19.54182,4.981888,0.1636176,0.3281531,0.9949127,0.06828308,-0.00730896,0.9976349,33.56161,7.482895,-32.3544,4.674683,0.4586233,0.3581965,0.2277107,1.166512,-0.1690651,0.03689998,0.09927342,-0.3799405,0.9700115,2.822205,32.75
27,0.06828308,-0.00730896,0.9976349,0.8699405,-0.04180908,-0.07873535,0.9960175,-21.20152,5.71376,-19.54182,4.981888,0.1636176,0.3281531,0.9949127,0.06828308,-0.00730896,0.9976349,33.56161,7.482895,-32.3544,4.674683,0.4586233,0.3581965,0.2277107,1.166512,-0.1690651,0.03689998,0.09927342,-0.3799405,0.9700115,2.822205,32.75
27,0.07987976,-0.007904053,0.9967651,0.8699279,-0.03945923,-0.09461975,0.9947205,-21.2795,5.877625,-20.75948,4.862442,0.1625505,0.3341379,0.9899476,0.07987976,-0.007904053,0.9967651,33.61819,7.441849,-32.31874,4.593796,0.4545581,0.359378,0.2313701,1.164876,-0.1689455,0.03671111,0.1023072,-0.3843703,0.9700115,2.822205,32.75
27,0.07987976,-0.007904053,0.9967651,0.8699279,-0.03945923,-0.09461975,0.9947205,-21.2795,5.877625,-20.75948,4.862442,0.1625505,0.3341379,0.9899476,0.07987976,-0.007904053,0.9967651,33.61819,7.441849,-32.31874,4.593796,0.4545581,0.359378,0.2313701,1.164876,-0.1689455,0.03671111,0.1023072,-0.3843703,0.9700115,2.822205,32.75
27,0.07963562,-0.01647949,0.9966736,0.86975,-0.006607056,-0.02667236,0.9996185,-21.30531,6.007431,-22.01729,5.165298,0.1515149,0.3255673,0.992101,0.07963562,-0.01647949,0.9966736,33.72433,7.385529,-32.37285,4.600983,0.45083,0.3634572,0.2348595,1.163482,-0.1687626,0.03661113,0.1055047,-0.388908,0.9700115,2.822205,32.75
27,0.07963562,-0.01647949,0.9966736,0.86975,-0.006607056,-0.02667236,0.9996185,-21.30531,6.007431,-22.01729,5.165298,0.1515149,0.3255673,0.992101,0.07963562,-0.01647949,0.9966736,33.72433,7.385529,-32.37285,4.600983,0.45083,0.3634572,0.2348595,1.163482,-0.1687626,0.03661113,0.1055047,-0.388908,0.9700115,2.822205,32.75
27,0.08888245,-0.01333618,0.9959412,1.0,-0.04826355,-0.04898071,0.9976196,-20.73752,5.074554,-18.22121,5.319977,0.1463136,0.3291837,1.0,0.08888245,-0.01333618,0.9959412,33.81477,7.294037,-32.24864,4.586456,0.4459978,0.3650498,0.2379546,1.162151,-0.1686341,0.03656571,0.1083195,-0.3929211,0.9917876,-37.92222,32.75
27,0.08888245,-0.01333618,0.9959412,1.0,-0.04826355,-0.04898071,0.9976196,-20.73752,5.074554,-18.22121,5.319977,0.1463136,0.3291837,1.0,0.08888245,-0.01333618,0.9959412,33.81477,7.294037,-32.24864,4.586456,0.4459978,0.3650498,0.2379546,1.162151,-0.1686341,0.03656571,0.1083195,-0.3929211,0.9917876,-37.92222,32.75
27,0.08917236,0.001800537,0.9960022,0.86799,-0.02293396,-0.1006775,0.9946442,-20.45035,5.240143,-18.34241,5.270966,0.1383833,0.3375566,0.9897485,0.08917236,0.001800537,0.9960022,33.8743,7.403931,-32.81247,4.74881,0.4436716,0.3631341,0.2408792,1.160861,-0.1686803,0.0369022,0.1108843,-0.3968803,0.9917876,-37.92222,32.75
27,0.08917236,0.001800537,0.9960022,0.86799,-0.02293396,-0.1006775,0.9946442,-20.45035,5.240143,-18.34241,5.270966,0.1383833,0.3375566,0.9897485,0.08917236,0.001800537,0.9960022,33.8743,7.403931,-32.81247,4.74881,0.4436716,0.3631341,0.2408792,1.160861,-0.1686803,0.0369022,0.1108843,-0.3968803,0.9917876,-37.92222,32.75
27,0.1027222,0.003601074,0.9946899,0.865293,-0.0486908,-0.0606842,0.9969635,-20.45314,5.229126,-18.63071,5.32991,0.1419667,0.3337722,0.9911724,0.1027222,0.003601074,0.9946899,33.97353,7.241821,-32.63252,4.647034,0.4377744,0.3670794,0.2436489,1.159613,-0.1686535,0.03682762,0.1137694,-0.4003975,0.9917876,-37.92222,32.75
27,0.1027222,0.003601074,0.9946899,0.865293,-0.0486908,-0.0606842,0.9969635,-20.45314,5.229126,-18.63071,5.32991,0.1419667,0.3337722,0.9911724,0.1027222,0.003601074,0.9946899,33.97353,7.241821,-32.63252,4.647034,0.4377744,0.3670794,0.2436489,1.159613,-0.1686535,0.03682762,0.1137694,-0.4003975,0.9917876,-37.92222,32.75
27,0.1133118,-0.01535034,0.9934387,0.8401293,0.01541138,-0.1039886,0.9944458,-20.35764,5.213867,-18.64973,5.185547,0.1280812,0.3408174,0.9991393,0.1133118,-0.01535034,0.9934387,34.0634,7.22641,-32.82169,4.460968,0.4326334,0.3726578,0.2446951,1.159083,-0.1687282,0.03676708,0.1155031,-0.4010018,0.9917876,-37.92222,32.75
27,0.1133118,-0.01535034,0.9934387,0.8401293,0.01541138,-0.1039886,0.9944458,-20.35764,5.213867,-18.64973,5.185547,0.1280812,0.3408174,0.9991393,0.1133118,-0.01535034,0.9934387,34.0634,7.22641,-32.82169,4.460968,0.4326334,0.3726578,0.2446951,1.159083,-0.1687282,0.03676708,0.1155031,-0.4010018,0.9917876,-37.92222,32.75
27,0.1203308,-0.007171631,0.9927063,1.0,0.01768494,-0.1001129,0.994812,-20.60841,5.513763,-20.65211,5.173996,0.1284538,0.3440566,1.0,0.1203308,-0.007171631,0.9927063,34.10141,7.166519,-32.7612,4.483475,0.4300422,0.3728025,0.2471882,1.15815,-0.1687229,0.03650106,0.1187157,-0.4032264,0.9917876,-37.92222,32.75
27,0.1203308,-0.007171631,0.9927063,1.0,0.01768494,-0.1001129,0.994812,-20.60841,5.513763,-20.65211,5.173996,0.1284538,0.3440566,1.0,0.1203308,-0.007171631,0.9927063,34.10141,7.166519,-32.7612,4.483475,0.4300422,0.3728025,0.2471882,1.15815,-0.1687229,0.03650106,0.1187157,-0.4032264,0.9917876,-37.92222,32.75
27,0.1108856,-0.02349854,0.9935455,1.0,0.004562378,-0.08480835,0.9963837,-20.4921,5.447311,-20.28529,5.457062,0.1254565,0.3395182,1.0,0.1108856,-0.02349854,0.9935455,34.18033,7.123047,-32.83865,4.465256,0.4288821,0.3779548,0.2494226,1.15745,-0.1686606,0.03595587,0.1215359,-0.405741,0.9917876,-37.92222,32.75
27,0.1108856,-0.02349854,0.9935455,1.0,0.004562378,-0.08480835,0.9963837,-20.4921,5.447311,-20.28529,5.457062,0.1254565,0.3395182,1.0,0.1108856,-0.02349854,0.9935455,34.18033,7.123047,-32.83865,4.465256,0.4288821,0.3779548,0.2494226,1.15745,-0.1686606,0.03595587,0.1215359,-0.405741,0.9917876,-37.92222,32.75
27,0.1095123,-0.02044678,0.9937744,1.0,0.042099,-0.06993103,0.9966583,-20.49341,5.588287,-20.89949,5.506607,0.1186681,0.337943,1.0,0.1095123,-0.02044678,0.9937744,34.20769,7.136414,-32.92522,4.498215,0.428114,0.3776639,0.2511538,1.156668,-0.168776,0.03574472,0.1243234,-0.407508,0.9917876,-37.92222,32.75
27,0.1095123,-0.02044678,0.9937744,1.0,0.042099,-0.06993103,0.9966583,-20.49341,5.588287,-20.89949,5.506607,0.1186681,0.337943,1.0,0.1095123,-0.02044678,0.9937744,34.20769,7.136414,-32.92522,4.498215,0.428114,0.3776639,0.2511538,1.156668,-0.168776,0.03574472,0.1243234,-0.407508,0.9917876,-37.92222,32.75
27,0.1095123,-0.02044678,0.9937744,1.0,0.042099,-0.06993103,0.9966583,-20.49341,5.588287,-20.89949,5.506607,0.1186681,0.337943,1.0,0.1095123,-0.02044678,0.9937744,34.20769,7.136414,-32.92522,4.498215,0.428114,0.3776639,0.2529047,1.156005,-0.1688452,0.03581927,0.126891,-0.408516,0.9917876,-37.92222,32.75
27,0.1095123,-0.02044678,0.9937744,1.0,0.042099,-0.06993103,0.9966583,-20.49341,5.588287,-20.89949,5.506607,0.1186681,0.337943,1.0,0.1095123,-0.02044678,0.9937744,34.20769,7.136414,-32.92522,4.498215,0.428114,0.3776639,0.2529047,1.156005,-0.1688452,0.03581927,0.126891,-0.408516,0.9917876,-37.92222,32.75
27,0.1095123,-0.02044678,0.9937744,1.0,0.042099,-0.06993103,0.9966583,-20.49341,5.588287,-20.89949,5.506607,0.1186681,0.337943,1.0,0.1095123,-0.02044678,0.9937744,34.20769,7.136414,-32.92522,4.498215,0.428114,0.3776639,0.2543916,1.155529,-0.1688423,0.03557549,0.1290157,-0.4089637,0.9917876,10.873,32.75
27,0.1095123,-0.02044678,0.9937744,1.0,0.042099,-0.06993103,0.9966583,-20.49341,5.588287,-20.89949,5.506607,0.1186681,0.337943,1.0,0.1095123,-0.02044678,0.9937744,34.20769,7.136414,-32.92522,4.498215,0.428114,0.3776639,0.2543916,1.155529,-0.1688423,0.03557549,0.1290157,-0.4089637,0.9917876,10.873,32.75
27,0.1405334,-0.01263428,0.9899902,1.0,-0.007171631,-0.1344299,0.9908905,-19.97124,5.156189,-19.96799,5.144012,0.1130107,0.356058,1.0,0.1405334,-0.01263428,0.9899902,34.41772,6.828323,-32.53612,4.835373,0.4152837,0.3839267,0.2553552,1.155021,-0.1689553,0.03529774,0.130441,-0.4096552,0.9917876,10.873,32.75
27,0.1405334,-0.01263428,0.9899902,1.0,-0.007171631,-0.1344299,0.9908905,-19.97124,5.156189,-19.96799,5.144012,0.1130107,0.356058,1.0,0.1405334,-0.01263428,0.9899902,34.41772,6.828323,-32.53612,4.835373,0.4152837,0.3839267,0.2553552,1.155021,-0.1689553,0.03529774,0.130441,-0.4096552,0.9917876,10.873,32.75
27,0.142334,-0.008666992,0.9897766,0.8621082,0.01660156,-0.1485596,0.9887543,-19.96817,5.151978,-20.09726,5.046463,0.108382,0.3592855,0.9953394,0.142334,-0.008666992,0.9897766,34.4375,6.807755,-32.5401,4.775833,0.4142441,0.3839737,0.2561433,1.154602,-0.1690179,0.0352039,0.1315549,-0.4108249,0.9917876,10.873,32.75
27,0.142334,-0.008666992,0.9897766,0.8621082,0.01660156,-0.1485596,0.9887543,-19.96817,5.151978,-20.09726,5.046463,0.108382,0.3592855,0.9953394,0.142334,-0.008666992,0.9897766,34.4375,6.807755,-32.5401,4.775833,0.4142441,0.3839737,0.2561433,1.154602,-0.1690179,0.0352039,0.1315549,-0.4108249,0.9917876,10.873,32.75
27,0.142334,-0.008666992,0.9897766,0.8621082,0.01660156,-0.1485596,0.9887543,-19.96817,5.151978,-20.09726,5.046463,0.108382,0.3592855,0.9953394,0.142334,-0.008666992,0.9897766,34.4375,6.807755,-32.5401,4.775833,0.4142441,0.3839737,0.2567741,1.154346,-0.1689932,0.03511639,0.1324141,-0.4117495,0.9917876,10.873,32.75
27,0.142334,-0.008666992,0.9897766,0.8621082,0.01660156,-0.1485596,0.9887543,-19.96817,5.151978,-20.09726,5.046463,0.108382,0.3592855,0.9953394,0.142334,-0.008666992,0.9897766,34.4375,6.807755,-32.5401,4.775833,0.4142441,0.3839737,0.2567741,1.154346,-0.1689932,0.03511639,0.1324141,-0.4117495,0.9917876,10.873,32.75
27,0.142334,-0.008666992,0.9897766,0.8621082,0.01660156,-0.1485596,0.9887543,-19.96817,5.151978,-20.09726,5.046463,0.108382,0.3592855,0.9953394,0.142334,-0.008666992,0.9897766,34.4375,6.807755,-32.5401,4.775833,0.4142441,0.3839737,0.2572262,1.154179,-0.1689808,0.03507818,0.1329406,-0.4122925,0.9917876,10.873,32.75
27,0.142334,-0.008666992,0.9897766,0.8621082,0.01660156,-0.1485596,0.9887543,-19.96817,5.151978,-20.09726,5.046463,0.108382,0.3592855,0.9953394,0.142334,-0.008666992,0.9897766,34.4375,6.807755,-32.5401,4.775833,0.4142441,0.3839737,0.2572262,1.154179,-0.1689808,0.03507818,0.1329406,-0.4122925,0.9917876,10.873,32.75
27,0.1452484,0.003143311,0.9893799,0.8382574,0.0138092,-0.1146545,0.9933014,-19.96872,5.074234,-20.21936,5.222137,0.1079095,0.35682,0.998338,0.1452484,0.003158569,0.9893799,34.53003,6.735336,-32.66205,4.878387,0.4103318,0.3854735,0.2573496,1.154072,-0.1689869,0.03512127,0.1332194,-0.412655,0.9917876,10.873,32.75
27,0.1452484,0.003143311,0.9893799,0.8382574,0.0138092,-0.1146545,0.9933014,-19.96872,5.074234,-20.21936,5.222137,0.1079095,0.35682,0.998338,0.1452484,0.003158569,0.9893799,34.53003,6.735336,-32.66205,4.878387,0.4103318,0.3854735,0.2573496,1.154072,-0.1689869,0.03512127,0.1332194,-0.412655,0.9917876,10.873,32.75
27,0.08575439,-0.06336975,0.9942932,0.8393605,0.01268005,-0.1279602,0.991684,-19.95938,5.068832,-20.21936,5.115616,0.1078883,0.359201,0.9843027,0.1451416,-0.009887695,0.9893494,34.52887,6.731415,-32.67863,4.851837,0.4104052,0.388106,0.2572773,1.153921,-0.1690161,0.03549308,0.1336371,-0.4128369,0.9917876,10.873,32.75
27,0.08575439,-0.06336975,0.9942932,0.8393605,0.01268005,-0.1279602,0.991684,-19.95938,5.068832,-20.21936,5.115616,0.1078883,0.359201,0.9843027,0.1451416,-0.009887695,0.9893494,34.52887,6.731415,-32.67863,4.851837,0.4104052,0.388106,0.2572773,1.153921,-0.1690161,0.03549308,0.1336371,-0.4128369,0.9917876,10.873,32.75
27,0.07693481,-0.07159424,0.9944611,0.8393605,0.0128479,-0.1290131,0.9915466,-19.9597,5.068069,-20.22035,5.098114,0.1078989,0.3594244,0.9843027,0.1442719,-0.01013184,0.9894714,34.52817,6.731033,-32.68761,4.830261,0.4105792,0.3882363,0.2571456,1.153865,-0.1689485,0.03580699,0.1340246,-0.4128443,0.9917876,13.49033,32.75
27,0.07693481,-0.07159424,0.9944611,0.8393605,0.0128479,-0.1290131,0.9915466,-19.9597,5.068069,-20.22035,5.098114,0.1078989,0.3594244,0.9843027,0.1442719,-0.01013184,0.9894714,34.52817,6.731033,-32.68761,4.830261,0.4105792,0.3882363,0.2571456,1.153865,-0.1689485,0.03580699,0.1340246,-0.4128443,0.9917876,13.49033,32.75
27,0.07693481,-0.07159424,0.9944611,0.8393605,0.0128479,-0.1290131,0.9915466,-19.9597,5.068069,-20.22035,5.098114,0.1078989,0.3594244,0.9843027,0.1442719,-0.01013184,0.9894714,34.52817,6.731033,-32.68761,4.830261,0.4105792,0.3882363,0.2567687,1.153849,-0.1688399,0.03586562,0.1343342,-0.4129565,0.9917876,13.49033,32.75
27,0.07693481,-0.07159424,0.9944611,0.8393605,0.0128479,-0.1290131,0.9915466,-19.9597,5.068069,-20.22035,5.098114,0.1078989,0.3594244,0.9843027,0.1442719,-0.01013184,0.9894714,34.52817,6.731033,-32.68761,4.830261,0.4105792,0.3882363,0.2567687,1.153849,-0.1688399,0.03586562,0.1343342,-0.4129565,0.9917876,13.49033,32.75
27,0.07693481,-0.07159424,0.9944611,0.8393605,0.0128479,-0.1290131,0.9915466,-19.9597,5.068069,-20.22035,5.098114,0.1078989,0.3594244,0.9843027,0.1442719,-0.01013184,0.9894714,34.52817,6.731033,-32.68761,4.830261,0.4105792,0.3882363,0.2560956,1.153772,-0.1687773,0.03626804,0.1344215,-0.4128834,0.9917876,13.49033,32.75
27,0.07693481,-0.07159424,0.9944611,0.8393605,0.0128479,-0.1290131,0.9915466,-19.9597,5.068069,-20.22035,5.098114,0.1078989,0.3594244,0.9843027,0.1442719,-0.01013184,0.9894714,34.52817,6.731033,-32.68761,4.830261,0.4105792,0.3882363,0.2560956,1.153772,-0.1687773,0.03626804,0.1344215,-0.4128834,0.9917876,13.49033,32.75
27,0.0110321,-0.09191895,0.995697,0.830447,0.0009155273,-0.1006775,0.9949036,-19.9892,5.121735,-20.16879,4.811966,0.1114978,0.3526821,0.9970785,0.1277161,0.01046753,0.991745,34.50058,6.87381,-33.12759,4.779968,0.4142492,0.3832101,0.2552963,1.15386,-0.1686866,0.03687938,0.1345892,-0.4128188,0.9917876,13.49033,32.75
27,0.0110321,-0.09191895,0.995697,0.830447,0.0009155273,-0.1006775,0.9949036,-19.9892,5.121735,-20.16879,4.811966,0.1114978,0.3526821,0.9970785,0.1277161,0.01046753,0.991745,34.50058,6.87381,-33.12759,4.779968,0.4142492,0.3832101,0.2552963,1.15386,-0.1686866,0.03687938,0.1345892,-0.4128188,0.9917876,13.49033,32.75
27,0.03535461,-0.05854797,0.9976501,1.0,0.02932739,-0.06311035,0.9975739,-19.99501,5.279572,-20.52907,5.205765,0.1044756,0.3433983,1.0,0.1263428,0.01097107,0.9919128,34.49657,6.866318,-33.0712,4.698013,0.4146622,0.3828801,0.2544378,1.154074,-0.1685081,0.03738382,0.1344466,-0.4124383,0.9917876,13.49033,32.75
27,0.03535461,-0.05854797,0.9976501,1.0,0.02932739,-0.06311035,0.9975739,-19.99501,5.279572,-20.52907,5.205765,0.1044756,0.3433983,1.0,0.1263428,0.01097107,0.9919128,34.49657,6.866318,-33.0712,4.698013,0.4146622,0.3828801,0.2544378,1.154074,-0.1685081,0.03738382,0.1344466,-0.4124383,0.9917876,13.49033,32.75
28,0.07662964,-0.0213623,0.9968262,1.0,0.0003967285,-0.07325745,0.9972992,-20.01123,5.298233,-20.50974,4.999649,0.1101312,0.34431,1.0,0.1250763,0.01190186,0.9920654,34.49657,6.869568,-33.02853,4.66803,0.4149056,0.3822085,0.2534031,1.154278,-0.1683422,0.03812035,0.1342163,-0.4119623,0.9917876,13.49033,32.75
28,0.07662964,-0.0213623,0.9968262,1.0,0.0003967285,-0.07325745,0.9972992,-20.01123,5.298233,-20.50974,4.999649,0.1101312,0.34431,1.0,0.1250763,0.01190186,0.9920654,34.49657,6.869568,-33.02853,4.66803,0.4149056,0.3822085,0.2534031,1.154278,-0.1683422,0.03812035,0.1342163,-0.4119623,0.9917876,13.49033,32.75
28,0.09375,-0.006118774,0.995575,1.0,0.004470825,-0.0684967,0.9976349,-19.99875,5.287155,-20.35922,5.014771,0.1096661,0.3428943,1.0,0.1233521,0.01472473,0.9922485,34.49646,6.870117,-32.98901,4.664047,0.4152294,0.3813253,0.2522212,1.154498,-0.1682307,0.03923891,0.1339487,-0.4110367,0.9917876,13.49033,32.75
28,0.09375,-0.006118774,0.995575,1.0,0.004470825,-0.0684967,0.9976349,-19.99875,5.287155,-20.35922,5.014771,0.1096661,0.3428943,1.0,0.1233521,0.01472473,0.9922485,34.49646,6.870117,-32.98901,4.664047,0.4152294,0.3813253,0.2522212,1.154498,-0.1682307,0.03923891,0.1339487,-0.4110367,0.9917876,13.49033,32.75
28,0.09587097,-0.004745483,0.9953766,1.0,0.006759644,-0.06694031,0.9977264,-19.99147,5.281525,-20.27631,5.020798,0.109381,0.34226,1.0,0.1233826,0.01460266,0.9922485,34.49628,6.870377,-32.98698,4.636719,0.4152314,0.3813253,0.2509495,1.154766,-0.1681068,0.04017912,0.1335396,-0.4098391,0.9917876,13.49033,32.75
28,0.09587097,-0.004745483,0.9953766,1.0,0.006759644,-0.06694031,0.9977264,-19.99147,5.281525,-20.27631,5.020798,0.109381,0.34226,1.0,0.1233826,0.01460266,0.9922485,34.49628,6.870377,-32.98698,4.636719,0.4152314,0.3813253,0.2509495,1.154766,-0.1681068,0.04017912,0.1335396,-0.4098391,0.9917876,13.49033,32.75
28,0.1063232,0.004669189,0.9943085,1.0,0.00843811,-0.06668091,0.9977264,-19.99049,5.284622,-20.23927,5.025665,0.1092009,0.3418551,1.0,0.1216583,0.01596069,0.9924316,34.49521,6.869766,-32.98,4.607666,0.4155757,0.3810346,0.249598,1.155008,-0.1679115,0.04080071,0.1330871,-0.408741,0.9917876,7.902023,32.75
28,0.1063232,0.004669189,0.9943085,1.0,0.00843811,-0.06668091,0.9977264,-19.99049,5.284622,-20.23927,5.025665,0.1092009,0.3418551,1.0,0.1216583,0.01596069,0.9924316,34.49521,6.869766,-32.98,4.607666,0.4155757,0.3810346,0.249598,1.155008,-0.1679115,0.04080071,0.1330871,-0.408741,0.9917876,7.902023,32.75
28,0.1216278,0.02388,0.9922791,1.0,0.02598572,-0.08409119,0.996109,-19.87433,5.349106,-19.326,4.999451,0.1058585,0.3362968,1.0,0.1216736,0.02392578,0.9922791,34.48715,6.945953,-32.98109,4.507355,0.4158417,0.376813,0.248166,1.155348,-0.1676649,0.04142449,0.1327655,-0.407365,0.9917876,7.902023,32.75
28,0.1216278,0.02388,0.9922791,1.0,0.02598572,-0.08409119,0.996109,-19.87433,5.349106,-19.326,4.999451,0.1058585,0.3362968,1.0,0.1216736,0.02392578,0.9922791,34.48715,6.945953,-32.98109,4.507355,0.4158417,0.376813,0.248166,1.155348,-0.1676649,0.04142449,0.1327655,-0.407365,0.9917876,7.902023,32.75
28,0.1112823,0.02128601,0.9935455,1.0,0.02931213,-0.06472778,0.997467,-19.86783,5.404053,-19.28098,5.312592,0.105184,0.3312379,1.0,0.1112823,0.02128601,0.9935455,34.47516,6.975113,-33.00539,4.483505,0.4181145,0.3764496,0.2468454,1.155618,-0.1673309,0.04177944,0.1322401,-0.4062438,0.9917876,7.902023,32.75
28,0.1112823,0.02128601,0.9935455,1.0,0.02931213,-0.06472778,0.997467,-19.86783,5.404053,-19.28098,5.312592,0.105184,0.3312379,1.0,0.1112823,0.02128601,0.9935455,34.47516,6.975113,-33.00539,4.483505,0.4181145,0.3764496,0.2468454,1.155618,-0.1673309,0.04177944,0.1322401,-0.4062438,0.9917876,7.902023,32.75
28,0.1086578,0.01974487,0.9938812,1.0,0.02687073,-0.06904602,0.9972382,-19.87991,5.41626,-19.27449,5.186172,0.1060806,0.3314446,1.0,0.1086578,0.01974487,0.9938812,34.47066,6.980362,-32.98047,4.463211,0.4187576,0.3763199,0.2454885,1.155922,-0.1669826,0.04193591,0.1312363,-0.4054139,0.9917876,7.902023,32.75
28,0.1086578,0.01974487,0.9938812,1.0,0.02687073,-0.06904602,0.9972382,-19.87991,5.41626,-19.27449,5.186172,0.1060806,0.3314446,1.0,0.1086578,0.01974487,0.9938812,34.47066,6.980362,-32.98047,4.463211,0.4187576,0.3763199,0.2454885,1.155922,-0.1669826,0.04193591,0.1312363,-0.4054139,0.9917876,7.902023,32.75
28,0.08113098,-0.007553101,0.9966736,1.0,0.015625,-0.07337952,0.9971771,-19.88307,5.445892,-19.32568,5.088394,0.1080953,0.3316514,1.0,0.1097107,0.02137756,0.9937286,34.47176,6.984909,-32.99081,4.473206,0.418524,0.3759468,0.2442743,1.156089,-0.1665814,0.04240955,0.130216,-0.4049803,0.9917876,7.902023,32.75
28,0.08113098,-0.007553101,0.9966736,1.0,0.015625,-0.07337952,0.9971771,-19.88307,5.445892,-19.32568,5.088394,0.1080953,0.3316514,1.0,0.1097107,0.02137756,0.9937286,34.47176,6.984909,-32.99081,4.473206,0.418524,0.3759468,0.2442743,1.156089,-0.1665814,0.04240955,0.130216,-0.4049803,0.9917876,7.902023,32.75
28,0.06787109,-0.01899719,0.9974976,1.0,0.008529663,-0.07368469,0.9972382,-19.88756,5.43425,-19.27449,5.032959,0.109784,0.3318197,1.0,0.1087799,0.01899719,0.9938812,34.46939,7.0047,-32.99574,4.46785,0.4187743,0.3757026,0.2437956,1.156085,-0.1664467,0.04279744,0.12987,-0.4048673,0.9917876,7.902023,32.75
28,0.06787109,-0.01899719,0.9974976,1.0,0.008529663,-0.07368469,0.9972382,-19.88756,5.43425,-19.27449,5.032959,0.109784,0.3318197,1.0,0.1087799,0.01899719,0.9938812,34.46939,7.0047,-32.99574,4.46785,0.4187743,0.3757026,0.2437956,1.156085,-0.1664467,0.04279744,0.12987,-0.4048673,0.9917876,7.902023,32.75
28,0.05632019,-0.02005005,0.9981995,1.0,0.005432129,-0.07035828,0.9974976,-19.88185,5.420807,-19.26439,5.036102,0.1101773,0.3316642,1.0,0.1028595,0.02626038,0.994339,34.41141,7.070557,-33.07045,4.513046,0.4218649,0.3726938,0.2420541,1.155938,-0.1660182,0.04403914,0.1290753,-0.4045427,0.9917876,7.902023,32.75
28,0.05632019,-0.02005005,0.9981995,1.0,0.005432129,-0.07035828,0.9974976,-19.88185,5.420807,-19.26439,5.036102,0.1101773,0.3316642,1.0,0.1028595,0.02626038,0.994339,34.41141,7.070557,-33.07045,4.513046,0.4218649,0.3726938,0.2420541,1.155938,-0.1660182,0.04403914,0.1290753,-0.4045427,0.9917876,7.902023,32.75
28,0.05033875,-0.02650452,0.9983673,1.0,0.003555298,-0.06994629,0.9975433,-19.88307,5.419022,-19.26076,5.054535,0.1105429,0.3316514,1.0,0.1005554,0.02044678,0.9947205,34.39787,7.070679,-33.01923,4.430191,0.4227923,0.3732964,0.2416209,1.155916,-0.1658158,0.04430093,0.1288586,-0.4046361,0.9917876,7.902023,32.75
28,0.09747314,0.02682495,0.994873,1.0,-0.009780884,-0.09890747,0.9950409,-19.89682,5.469727,-18.62514,4.798172,0.1154324,0.3302443,1.0,0.1091766,0.04067993,0.9931793,34.41139,7.165009,-33.14644,4.48555,0.4206733,0.3672893,0.2408979,1.155922,-0.1653613,0.04463753,0.1284197,-0.4046235,0.9917876,7.902023,32.75
28,0.09747314,0.02682495,0.994873,1.0,-0.009780884,-0.09890747,0.9950409,-19.89682,5.469727,-18.62514,4.798172,0.1154324,0.3302443,1.0,0.1091766,0.04067993,0.9931793,34.41139,7.165009,-33.14644,4.48555,0.4206733,0.3672893,0.2408979,1.155922,-0.1653613,0.04463753,0.1284197,-0.4046235,0.9917876,7.902023,32.75
28,0.09747314,0.02682495,0.994873,1.0,-0.009780884,-0.09890747,0.9950409,-19.89682,5.469727,-18.62514,4.798172,0.1154324,0.3302443,1.0,0.1091766,0.04067993,0.9931793,34.41139,7.165009,-33.14644,4.48555,0.4206733,0.3672893,0.2404834,1.155938,-0.1651682,0.04474539,0.1282739,-0.4044066,0.9917876,-23.05315,32.75
28,0.09747314,0.02682495,0.994873,1.0,-0.009780884,-0.09890747,0.9950409,-19.89682,5.469727,-18.62514,4.798172,0.1154324,0.3302443,1.0,0.1091766,0.04067993,0.9931793,34.41139,7.165009,-33.14644,4.48555,0.4206733,0.3672893,0.2401743,1.155953,-0.1650546,0.04484934,0.1283079,-0.404332,0.9917876,-23.05315,32.75
28,0.09747314,0.02682495,0.994873,1.0,-0.009780884,-0.09890747,0.9950409,-19.89682,5.469727,-18.62514,4.798172,0.1154324,0.3302443,1.0,0.1091766,0.04067993,0.9931793,34.41139,7.165009,-33.14644,4.48555,0.4206733,0.3672893,0.2401743,1.155953,-0.1650546,0.04484934,0.1283079,-0.404332,0.9917876,-23.05315,32.75
28,0.09747314,0.02682495,0.994873,1.0,-0.009780884,-0.09890747,0.9950409,-19.89682,5.469727,-18.62514,4.798172,0.1154324,0.3302443,1.0,0.1091766,0.04067993,0.9931793,34.41139,7.165009,-33.14644,4.48555,0.4206733,0.3672893,0.2394964,1.155842,-0.1647531,0.0452392,0.128152,-0.4041246,0.9917876,-23.05315,32.75
28,0.1581726,0.09152222,0.9831543,1.0,0.05535889,-0.06559753,0.9963074,-19.99571,6.356064,-21.34277,4.247971,0.09906927,0.3149865,1.0,0.1585541,0.09211731,0.9830322,34.55806,7.079086,-31.87582,4.632248,0.4070179,0.3499985,0.2392169,1.155796,-0.164583,0.04543854,0.1280084,-0.4041522,0.9917876,-23.05315,32.75
28,0.1581726,0.09152222,0.9831543,1.0,0.05535889,-0.06559753,0.9963074,-19.99571,6.356064,-21.34277,4.247971,0.09906927,0.3149865,1.0,0.1585541,0.09211731,0.9830322,34.55806,7.079086,-31.87582,4.632248,0.4070179,0.3499985,0.2392169,1.155796,-0.164583,0.04543854,0.1280084,-0.4041522,0.9917876,-23.05315,32.75
28,0.1657867,0.09803772,0.9812622,1.0,0.06694031,-0.06182861,0.9958344,-20.17661,6.439758,-22.26872,4.121048,0.09558239,0.3148837,1.0,0.1657867,0.09803772,0.9812622,34.56107,7.054749,-31.78867,4.601563,0.4057324,0.3492908,0.2389255,1.155758,-0.1642478,0.04553567,0.1276889,-0.4042172,0.9917876,-23.05315,32.75
28,0.1688385,0.09803772,0.9807434,0.9132302,0.03060913,-0.07978821,0.9963379,-19.81123,6.068146,-20.36909,4.108765,0.09461152,0.3155482,0.9994086,0.1688385,0.09803772,0.9807434,34.56714,7.069626,-31.8532,4.629471,0.4049302,0.3492908,0.2387941,1.155736,-0.1640798,0.0458172,0.1277708,-0.404163,0.9917876,-23.05315,32.75
28,0.1657104,0.1003418,0.9810486,1.0,0.04316711,-0.0428772,0.9981384,-20.39023,6.707687,-23.96135,3.8591,0.1001039,0.3137012,1.0,0.1657104,0.1003418,0.9810486,34.57315,7.096878,-31.96904,4.64238,0.4051906,0.3488412,0.2387234,1.155691,-0.1638529,0.0458934,0.1279904,-0.4040809,0.9917876,-23.05315,32.75
28,0.1657104,0.1003418,0.9810486,1.0,0.04316711,-0.0428772,0.9981384,-20.39023,6.707687,-23.96135,3.8591,0.1001039,0.3137012,1.0,0.1657104,0.1003418,0.9810486,34.57315,7.096878,-31.96904,4.64238,0.4051906,0.3488412,0.2387234,1.155691,-0.1638529,0.0458934,0.1279904,-0.4040809,0.9917876,-23.05315,32.75
28,0.1641998,0.1002655,0.981308,1.0,0.04988098,-0.05172729,0.997406,-20.40605,6.707687,-23.96135,4.039337,0.0972773,0.3137012,1.0,0.1641998,0.1002655,0.981308,34.57474,7.096878,-31.96994,4.635269,0.4054004,0.3488412,0.2386607,1.155624,-0.163536,0.04603135,0.1284945,-0.4041422,0.9917876,-23.05315,32.75
28,0.1652374,0.1020966,0.9809418,1.0,0.07481384,-0.03366089,0.9966278,-20.32318,6.564102,-22.87784,4.213791,0.0920875,0.3064898,1.0,0.1652374,0.1020966,0.9809418,34.57506,7.096939,-31.97964,4.641663,0.4051906,0.3485956,0.2386082,1.155604,-0.1633928,0.04595652,0.1286542,-0.4041568,0.9917876,-23.05315,32.75
28,0.1652374,0.1020966,0.9809418,1.0,0.07481384,-0.03366089,0.9966278,-20.32318,6.564102,-22.87784,4.213791,0.0920875,0.3064898,1.0,0.1652374,0.1020966,0.9809418,34.57506,7.096939,-31.97964,4.641663,0.4051906,0.3485956,0.2386082,1.155604,-0.1633928,0.04595652,0.1286542,-0.4041568,0.9917876,-23.05315,32.75
28,0.1663971,0.102066,0.9807587,1.0,0.01741028,-0.04003906,0.9990387,-19.35254,5.77803,-18.55334,4.449799,0.09214901,0.3091666,1.0,0.1663971,0.102066,0.9807587,34.57518,7.09758,-31.98213,4.641525,0.4049748,0.3485956,0.2387801,1.155566,-0.1630697,0.04572051,0.1290933,-0.4044607,0.9917876,-23.05315,32.75
28,0.1680145,0.1028748,0.9803925,1.0,0.0201416,-0.04953003,0.9985657,-19.35573,5.77623,-18.62386,4.324097,0.09179521,0.3113179,1.0,0.1680145,0.1028748,0.9803925,34.57553,7.096939,-31.9852,4.644104,0.4046699,0.3484954,0.2389064,1.155556,-0.1629318,0.04567698,0.129231,-0.4044831,0.9917876,18.38181,32.75
28,0.1725311,0.1043243,0.9794464,1.0,0.02157593,-0.03788757,0.9990387,-19.38048,5.825195,-18.84578,4.371323,0.09162395,0.3094255,1.0,0.1725311,0.1043243,0.9794464,34.63622,7.170883,-32.44824,4.657593,0.4013641,0.3493609,0.2393184,1.155497,-0.1626679,0.0453862,0.1296013,-0.4045803,0.9917876,18.38181,32.75
28,0.1725311,0.1043243,0.9794464,1.0,0.02157593,-0.03788757,0.9990387,-19.38048,5.825195,-18.84578,4.371323,0.09162395,0.3094255,1.0,0.1725311,0.1043243,0.9794464,34.63622,7.170883,-32.44824,4.657593,0.4013641,0.3493609,0.2393184,1.155497,-0.1626679,0.0453862,0.1296013,-0.4045803,0.9917876,18.38181,32.75
28,0.1726227,0.105011,0.9793701,1.0,0.03555298,-0.02438354,0.9990692,-19.43088,5.823227,-19.03076,4.256607,0.08945415,0.3078674,1.0,0.1726227,0.105011,0.9793701,34.63622,7.158081,-32.40944,4.658951,0.4013641,0.3493609,0.2395097,1.155383,-0.1626025,0.04514968,0.1298535,-0.4046791,0.9917876,18.38181,32.75
28,0.1726227,0.105011,0.9793701,1.0,0.03555298,-0.02438354,0.9990692,-19.43088,5.823227,-19.03076,4.256607,0.08945415,0.3078674,1.0,0.1726227,0.105011,0.9793701,34.63622,7.158081,-32.40944,4.658951,0.4013641,0.3493609,0.2395097,1.155383,-0.1626025,0.04514968,0.1298535,-0.4046791,0.9917876,18.38181,32.75
28,0.1742554,0.1103668,0.9784851,1.0,0.0242157,-0.04136658,0.9988403,-19.47321,5.899338,-19.40544,4.334305,0.09219281,0.3113521,1.0,0.1742554,0.1103668,0.9784851,34.63658,7.149124,-32.40271,4.671112,0.4010469,0.3486698,0.2400466,1.155177,-0.1624221,0.04485349,0.1302446,-0.4051027,0.9917876,18.38181,32.75
28,0.1742554,0.1103668,0.9784851,1.0,0.0242157,-0.04136658,0.9988403,-19.47321,5.899338,-19.40544,4.334305,0.09219281,0.3113521,1.0,0.1742554,0.1103668,0.9784851,34.63658,7.149124,-32.40271,4.671112,0.4010469,0.3486698,0.240297,1.155105,-0.1623803,0.04485781,0.1305947,-0.4053452,0.9917876,18.38181,32.75
28,0.1742554,0.1103668,0.9784851,1.0,0.0242157,-0.04136658,0.9988403,-19.47321,5.899338,-19.40544,4.334305,0.09219281,0.3113521,1.0,0.1742554,0.1103668,0.9784851,34.63658,7.149124,-32.40271,4.671112,0.4010469,0.3486698,0.2409371,1.154883,-0.1622725,0.04464453,0.130819,-0.4058993,0.9917876,18.38181,32.75
28,0.1742554,0.1103668,0.9784851,1.0,0.0242157,-0.04136658,0.9988403,-19.47321,5.899338,-19.40544,4.334305,0.09219281,0.3113521,1.0,0.1742554,0.1103668,0.9784851,34.63658,7.149124,-32.40271,4.671112,0.4010469,0.3486698,0.2409371,1.154883,-0.1622725,0.04464453,0.130819,-0.4058993,0.9917876,18.38181,32.75
28,0.1742554,0.1103668,0.9784851,1.0,0.0242157,-0.04136658,0.9988403,-19.47321,5.899338,-19.40544,4.334305,0.09219281,0.3113521,1.0,0.1742554,0.1103668,0.9784851,34.63658,7.149124,-32.40271,4.671112,0.4010469,0.3486698,0.2412297,1.154781,-0.1622361,0.04445824,0.1310438,-0.4060496,0.9917876,18.38181,32.75
28,0.1748505,0.1069794,0.9787598,1.0,0.03044128,-0.02442932,0.9992371,-19.47571,5.843414,-19.28137,4.435135,0.09044243,0.3087476,1.0,0.1760254,0.1080627,0.9784241,34.63693,7.140167,-32.39598,4.661499,0.4007297,0.3493609,0.2420065,1.154744,-0.1621218,0.04324064,0.1312582,-0.4066852,0.9917876,18.38181,32.75
28,0.1748505,0.1069794,0.9787598,1.0,0.03044128,-0.02442932,0.9992371,-19.47571,5.843414,-19.28137,4.435135,0.09044243,0.3087476,1.0,0.1760254,0.1080627,0.9784241,34.63693,7.140167,-32.39598,4.661499,0.4007297,0.3493609,0.2420065,1.154744,-0.1621218,0.04324064,0.1312582,-0.4066852,0.9917876,18.38181,32.75
28,0.1748505,0.1069794,0.9787598,1.0,0.03044128,-0.02442932,0.9992371,-19.47571,5.843414,-19.28137,4.435135,0.09044243,0.3087476,1.0,0.1760254,0.1080627,0.9784241,34.63693,7.140167,-32.39598,4.661499,0.4007297,0.3493609,0.2420065,1.154744,-0.1621218,0.04324064,0.1312582,-0.4066852,0.9917876,18.38181,32.75
28,0.1780243,0.1045074,0.9784546,1.0,0.03797913,-0.02398682,0.9989777,-19.50911,5.879318,-20.11295,4.223328,0.08724128,0.3130278,1.0,0.1782532,0.1047058,0.9783936,34.80522,7.070633,-32.49321,4.677155,0.394197,0.3531322,0.2428445,1.154827,-0.1619911,0.04150049,0.1313934,-0.407507,0.9917876,18.38181,32.75
28,0.1696777,0.09135437,0.9812469,1.0,0.03065491,-0.02877808,0.999115,-19.47644,5.806992,-19.84894,4.242462,0.0872954,0.3136045,1.0,0.1697083,0.09136963,0.9812469,34.82106,7.05188,-32.43907,4.668152,0.3952839,0.3558008,0.2433277,1.155007,-0.1619623,0.04009318,0.1314344,-0.4079939,0.9917876,18.38181,32.75
28,0.1745453,0.09359741,0.9801788,1.0,0.0280304,-0.04544067,0.9985657,-19.4519,5.777618,-19.76199,4.123077,0.08829733,0.317388,1.0,0.1748047,0.09384155,0.9801178,34.85573,7.020996,-32.41951,4.72406,0.393126,0.3563099,0.2443993,1.155708,-0.161853,0.0357268,0.1313163,-0.4092687,0.9917876,18.38181,32.75
28,0.1745453,0.09359741,0.9801788,1.0,0.0280304,-0.04544067,0.9985657,-19.4519,5.777618,-19.76199,4.123077,0.08829733,0.317388,1.0,0.1748047,0.09384155,0.9801178,34.85573,7.020996,-32.41951,4.72406,0.393126,0.3563099,0.2443993,1.155708,-0.161853,0.0357268,0.1313163,-0.4092687,0.9917876,18.38181,32.75
28,0.1680908,0.09539795,0.9811401,1.0,0.06764221,-0.01719666,0.9975586,-19.48059,5.972565,-20.55928,4.437256,0.07813007,0.3112029,1.0,0.1690369,0.09646606,0.9808655,34.89771,7.004547,-32.40996,4.772324,0.3926498,0.3563196,0.2449732,1.156271,-0.1617889,0.03269229,0.1310299,-0.4096865,0.9917876,18.38181,32.75
28,0.1680908,0.09539795,0.9811401,1.0,0.06764221,-0.01719666,0.9975586,-19.48059,5.972565,-20.55928,4.437256,0.07813007,0.3112029,1.0,0.1690369,0.09646606,0.9808655,34.89771,7.004547,-32.40996,4.772324,0.3926498,0.3563196,0.2449732,1.156271,-0.1617889,0.03269229,0.1310299,-0.4096865,0.9917876,18.38181,32.75
28,0.1704712,0.08987427,0.9812469,1.0,0.05088806,-0.03942871,0.9979095,-19.49666,5.939758,-20.42805,4.261169,0.08126429,0.3143315,1.0,0.1706238,0.09004211,0.9812012,34.9209,6.956619,-32.4079,4.737762,0.3915685,0.3591854,0.2461424,1.157239,-0.1618961,0.0267387,0.13021,-0.4101077,0.9917876,22.37212,32.75
28,0.1595306,0.09037781,0.9830322,1.0,0.05421448,-0.04621887,0.9974518,-19.50006,5.8685,-20.34544,4.357117,0.08188688,0.3178401,1.0,0.1596069,0.09046936,0.983017,34.9184,6.824448,-32.25443,4.838379,0.39378,0.3626554,0.2461424,1.157239,-0.1618961,0.0267387,0.13021,-0.4101077,0.9917876,22.37212,32.75
28,0.1668243,0.08506775,0.9822998,1.0,0.0473938,-0.02459717,0.9985657,-19.4715,5.700333,-20.02327,4.250427,0.084448,0.3182055,1.0,0.1672668,0.08547974,0.982193,34.89035,6.673203,-32.09573,4.837936,0.3935876,0.3677486,0.2471597,1.158249,-0.1621511,0.02131587,0.1292108,-0.4104633,0.9917876,22.37212,32.75
28,0.1668243,0.08506775,0.9822998,1.0,0.0473938,-0.02459717,0.9985657,-19.4715,5.700333,-20.02327,4.250427,0.084448,0.3182055,1.0,0.1672668,0.08547974,0.982193,34.89035,6.673203,-32.09573,4.837936,0.3935876,0.3677486,0.2471597,1.158249,-0.1621511,0.02131587,0.1292108,-0.4104633,0.9917876,22.37212,32.75
28,0.1708832,0.06724548,0.9829865,1.0,0.05706787,0.03656006,0.9976959,-19.51785,5.732361,-20.41003,4.347305,0.08221494,0.3093678,1.0,0.1735077,0.06794739,0.9824829,34.86479,6.60025,-31.98457,4.677353,0.3935375,0.3726057,0.2479993,1.159259,-0.1625211,0.01586632,0.1286194,-0.4108028,0.9917876,22.37212,32.75
28,0.1708832,0.06724548,0.9829865,1.0,0.05706787,0.03656006,0.9976959,-19.51785,5.732361,-20.41003,4.347305,0.08221494,0.3093678,1.0,0.1735077,0.06794739,0.9824829,34.86479,6.60025,-31.98457,4.677353,0.3935375,0.3726057,0.2479993,1.159259,-0.1625211,0.01586632,0.1286194,-0.4108028,0.9917876,22.37212,32.75
28,0.1708832,0.06724548,0.9829865,1.0,0.05706787,0.03656006,0.9976959,-19.51785,5.732361,-20.41003,4.347305,0.08221494,0.3093678,1.0,0.1735077,0.06794739,0.9824829,34.86479,6.60025,-31.98457,4.677353,0.3935375,0.3726057,0.2489992,1.160594,-0.1629223,0.009400207,0.128931,-0.4106825,0.9917876,22.37212,32.75
28,0.1708832,0.06724548,0.9829865,1.0,0.05706787,0.03656006,0.9976959,-19.51785,5.732361,-20.41003,4.347305,0.08221494,0.3093678,1.0,0.1735077,0.06794739,0.9824829,34.86479,6.60025,-31.98457,4.677353,0.3935375,0.3726057,0.2499868,1.162328,-0.1634896,0.002367031,0.1292175,-0.4091623,0.9917876,22.37212,32.75
28,0.1708832,0.06724548,0.9829865,1.0,0.05706787,0.03656006,0.9976959,-19.51785,5.732361,-20.41003,4.347305,0.08221494,0.3093678,1.0,0.1735077,0.06794739,0.9824829,34.86479,6.60025,-31.98457,4.677353,0.3935375,0.3726057,0.2499868,1.162328,-0.1634896,0.002367031,0.1292175,-0.4091623,0.9917876,22.37212,32.75
28,0.04953003,0.0193634,0.9985809,1.0,0.01725769,0.01107788,0.9997864,-19.38974,5.385376,-19.13904,4.572189,0.08865789,0.3157181,1.0,0.1681824,0.04977417,0.9844818,34.78987,6.386398,-31.55798,4.658844,0.3975789,0.3800343,0.2508287,1.164334,-0.1643131,-0.005475503,0.1295034,-0.4057352,0.9917876,22.37212,32.75
28,0.04953003,0.0193634,0.9985809,1.0,0.01725769,0.01107788,0.9997864,-19.38974,5.385376,-19.13904,4.572189,0.08865789,0.3157181,1.0,0.1681824,0.04977417,0.9844818,34.78987,6.386398,-31.55798,4.658844,0.3975789,0.3800343,0.2508287,1.164334,-0.1643131,-0.005475503,0.1295034,-0.4057352,0.9917876,22.37212,32.75
28,0.1047821,0.01835632,0.9943237,1.0,0.02932739,-0.0309906,0.9990845,-19.40802,5.547623,-19.85558,4.804871,0.08586653,0.3233972,1.0,0.1528015,0.04998779,0.9869843,34.80556,6.424164,-32.09093,4.681885,0.3993827,0.3831412,0.2515012,1.166841,-0.1651154,-0.01372952,0.1293399,-0.4006646,0.9917876,15.77354,32.75
28,0.1047821,0.01835632,0.9943237,1.0,0.02932739,-0.0309906,0.9990845,-19.40802,5.547623,-19.85558,4.804871,0.08586653,0.3233972,1.0,0.1528015,0.04998779,0.9869843,34.80556,6.424164,-32.09093,4.681885,0.3993827,0.3831412,0.2515012,1.166841,-0.1651154,-0.01372952,0.1293399,-0.4006646,0.9917876,15.77354,32.75
28,0.1009827,-0.02354431,0.9945984,1.0,0.03085327,-0.07762146,0.9964905,-19.38396,5.439667,-19.68579,4.58432,0.08552548,0.3333091,1.0,0.1546478,0.01838684,0.987793,34.84572,6.185654,-31.74915,4.668045,0.3979295,0.3943445,0.2516949,1.169745,-0.1661047,-0.02266435,0.1286362,-0.3947937,0.9917876,15.77354,32.75
28,0.1009827,-0.02354431,0.9945984,1.0,0.03085327,-0.07762146,0.9964905,-19.38396,5.439667,-19.68579,4.58432,0.08552548,0.3333091,1.0,0.1546478,0.01838684,0.987793,34.84572,6.185654,-31.74915,4.668045,0.3979295,0.3943445,0.2516949,1.169745,-0.1661047,-0.02266435,0.1286362,-0.3947937,0.9917876,15.77354,32.75
28,0.1405029,-0.005157471,0.9900513,1.0,0.002578735,-0.09643555,0.9953308,-19.25307,5.035706,-17.98926,4.867493,0.09103381,0.337072,1.0,0.141449,-0.004516602,0.9899292,34.73337,6.024963,-31.56543,4.503113,0.4043642,0.4024793,0.2518309,1.172596,-0.1673527,-0.03118699,0.1275757,-0.3897857,0.9917876,15.77354,32.75
28,0.1405029,-0.005157471,0.9900513,1.0,0.002578735,-0.09643555,0.9953308,-19.25307,5.035706,-17.98926,4.867493,0.09103381,0.337072,1.0,0.141449,-0.004516602,0.9899292,34.73337,6.024963,-31.56543,4.503113,0.4043642,0.4024793,0.2518309,1.172596,-0.1673527,-0.03118699,0.1275757,-0.3897857,0.9917876,15.77354,32.75
28,0.04724121,-0.02929688,0.9984436,1.0,0.008041382,-0.002975464,0.9999542,-19.97421,4.961105,-18.46519,5.359512,0.1132526,0.3286859,1.0,0.04724121,-0.02931213,0.9984436,34.24954,6.001907,-32.02383,4.483673,0.4378466,0.4119473,0.2516606,1.175341,-0.1687618,-0.0392947,0.1264087,-0.3848202,0.9917876,15.77354,32.75
28,0.04724121,-0.02929688,0.9984436,1.0,0.008041382,-0.002975464,0.9999542,-19.97421,4.961105,-18.46519,5.359512,0.1132526,0.3286859,1.0,0.04724121,-0.02931213,0.9984436,34.24954,6.001907,-32.02383,4.483673,0.4378466,0.4119473,0.2516606,1.175341,-0.1687618,-0.0392947,0.1264087,-0.3848202,0.9917876,15.77354,32.75
28,-0.03684998,-0.08218384,0.9959259,1.0,-0.03831482,-0.01655579,0.999115,-21.06635,5.163956,-21.33871,5.175873,0.150937,0.3468124,1.0,-0.03684998,-0.08218384,0.9959259,33.63701,6.351669,-33.7039,4.298187,0.4741243,0.4243647,0.2511009,1.178201,-0.1702069,-0.0469977,0.124594,-0.3794776,0.9917876,15.77354,32.75
28,-0.03684998,-0.08218384,0.9959259,1.0,-0.03831482,-0.01655579,0.999115,-21.06635,5.163956,-21.33871,5.175873,0.150937,0.3468124,1.0,-0.03684998,-0.08218384,0.9959259,33.63701,6.351669,-33.7039,4.298187,0.4741243,0.4243647,0.2511009,1.178201,-0.1702069,-0.0469977,0.124594,-0.3794776,0.9917876,15.77354,32.75
28,-0.04812622,-0.09207153,0.9945831,1.0,-0.07872009,-0.00994873,0.9968414,-21.03065,4.626755,-19.64044,5.551697,0.1621875,0.3520637,1.0,-0.04812622,-0.09207153,0.9945831,33.60481,6.208023,-33.60532,4.213196,0.4772375,0.4304256,0.2501996,1.181091,-0.171818,-0.05423453,0.1222732,-0.3730026,0.9917876,15.77354,32.75
28,-0.04812622,-0.09207153,0.9945831,1.0,-0.07872009,-0.00994873,0.9968414,-21.03065,4.626755,-19.64044,5.551697,0.1621875,0.3520637,1.0,-0.04812622,-0.09207153,0.9945831,33.60481,6.208023,-33.60532,4.213196,0.4772375,0.4304256,0.2501996,1.181091,-0.171818,-0.05423453,0.1222732,-0.3730026,0.9917876,15.77354,32.75
28,-0.05578613,-0.1041107,0.9929962,1.0,-0.0665741,-0.0798645,0.9945679,-21.22935,4.78035,-20.23981,5.108414,0.1669726,0.3637531,1.0,-0.05578613,-0.1041107,0.9929962,33.56659,6.240662,-33.85706,4.269669,0.4799329,0.4337851,0.2486151,1.18385,-0.1736935,-0.06139469,0.1199895,-0.3659258,0.9917876,15.77354,32.75
28,-0.05578613,-0.1041107,0.9929962,1.0,-0.0665741,-0.0798645,0.9945679,-21.22935,4.78035,-20.23981,5.108414,0.1669726,0.3637531,1.0,-0.05578613,-0.1041107,0.9929962,33.56659,6.240662,-33.85706,4.269669,0.4799329,0.4337851,0.2486151,1.18385,-0.1736935,-0.06139469,0.1199895,-0.3659258,0.9917876,15.77354,32.75
28,-0.06408691,-0.1184387,0.9908752,1.0,-0.08177185,-0.1053619,0.9910583,-21.33296,4.789017,-20.24586,5.170273,0.1729308,0.3679321,1.0,-0.06408691,-0.1184387,0.9908752,33.5125,6.279816,-34.26445,4.087509,0.4833761,0.4387353,0.2470931,1.18688,-0.1755564,-0.06887514,0.1179441,-0.3578858,0.9917876,15.77354,32.75
28,-0.06408691,-0.1184387,0.9908752,1.0,-0.08177185,-0.1053619,0.9910583,-21.33296,4.789017,-20.24586,5.170273,0.1729308,0.3679321,1.0,-0.06408691,-0.1184387,0.9908752,33.5125,6.279816,-34.26445,4.087509,0.4833761,0.4387353,0.2470931,1.18688,-0.1755564,-0.06887514,0.1179441,-0.3578858,0.9917876,15.77354,32.75
28,-0.1003265,-0.09680176,0.9902191,1.0,-0.1010132,-0.09521484,0.9903107,-21.38414,4.746323,-20.29436,5.121918,0.1778247,0.3682447,1.0,-0.07844543,-0.1470337,0.9860077,33.43643,6.054749,-33.41745,4.122345,0.4884903,0.4443475,0.2453835,1.190279,-0.1774678,-0.07725923,0.1151819,-0.3490371,0.9917876,-25.7104,32.75
28,-0.1003265,-0.09680176,0.9902191,1.0,-0.1010132,-0.09521484,0.9903107,-21.38414,4.746323,-20.29436,5.121918,0.1778247,0.3682447,1.0,-0.07844543,-0.1470337,0.9860077,33.43643,6.054749,-33.41745,4.122345,0.4884903,0.4443475,0.2453835,1.190279,-0.1774678,-0.07725923,0.1151819,-0.3490371,0.9917876,-25.7104,32.75
28,-0.111908,-0.1164856,0.9868622,1.0,-0.111908,-0.1164703,0.9868622,-21.53375,4.809845,-20.31374,5.141144,0.1846596,0.3701295,1.0,-0.07752991,-0.1540222,0.9850159,33.40172,6.012955,-33.24329,4.141418,0.4895274,0.4455304,0.2433354,1.193666,-0.1794654,-0.0857787,0.1121277,-0.3403639,0.9917876,-25.7104,32.75
28,-0.111908,-0.1164856,0.9868622,1.0,-0.111908,-0.1164703,0.9868622,-21.53375,4.809845,-20.31374,5.141144,0.1846596,0.3701295,1.0,-0.07752991,-0.1540222,0.9850159,33.40172,6.012955,-33.24329,4.141418,0.4895274,0.4455304,0.2433354,1.193666,-0.1794654,-0.0857787,0.1121277,-0.3403639,0.9917876,-25.7104,32.75
28,-0.1130676,-0.1674652,0.9793701,1.0,-0.1130676,-0.1674652,0.9793701,-21.6964,4.703049,-20.35022,4.911041,0.1906408,0.3825128,1.0,-0.08708191,-0.177063,0.9803314,33.30646,5.940414,-33.09515,4.065018,0.4945486,0.4510433,0.2409575,1.197101,-0.1816572,-0.09367184,0.109121,-0.3311319,0.9917876,-25.7104,32.75
28,-0.1130676,-0.1674652,0.9793701,1.0,-0.1130676,-0.1674652,0.9793701,-21.6964,4.703049,-20.35022,4.911041,0.1906408,0.3825128,1.0,-0.08708191,-0.177063,0.9803314,33.30646,5.940414,-33.09515,4.065018,0.4945486,0.4510433,0.2409575,1.197101,-0.1816572,-0.09367184,0.109121,-0.3311319,0.9917876,-25.7104,32.75
28,-0.1098938,-0.1883087,0.9759369,1.0,-0.11026,-0.1882172,0.9759064,-21.86798,4.638489,-20.37628,4.719772,0.1961504,0.3884204,1.0,-0.1017761,-0.1901093,0.9764709,33.21231,5.863464,-33.07574,4.03743,0.5004447,0.4560895,0.2383029,1.200396,-0.1838042,-0.1014579,0.1059827,-0.320942,0.9917876,-25.7104,32.75
28,-0.1098938,-0.1883087,0.9759369,1.0,-0.11026,-0.1882172,0.9759064,-21.86798,4.638489,-20.37628,4.719772,0.1961504,0.3884204,1.0,-0.1017761,-0.1901093,0.9764709,33.21231,5.863464,-33.07574,4.03743,0.5004447,0.4560895,0.2383029,1.200396,-0.1838042,-0.1014579,0.1059827,-0.320942,0.9917876,-25.7104,32.75
29,-0.1460876,-0.2200623,0.9644775,1.0,-0.1664581,-0.2263184,0.9597168,-21.92793,4.608871,-20.43205,4.550995,0.2073878,0.3968301,1.0,-0.1026917,-0.2064667,0.9730377,33.12595,5.850082,-33.07106,4.128799,0.5036222,0.4595831,0.2354987,1.203801,-0.1860453,-0.1093547,0.1023377,-0.3096862,0.9917876,-25.7104,32.75
29,-0.1460876,-0.2200623,0.9644775,1.0,-0.1664581,-0.2263184,0.9597168,-21.92793,4.608871,-20.43205,4.550995,0.2073878,0.3968301,1.0,-0.1026917,-0.2064667,0.9730377,33.12595,5.850082,-33.07106,4.128799,0.5036222,0.4595831,0.2354987,1.203801,-0.1860453,-0.1093547,0.1023377,-0.3096862,0.9917876,-25.7104,32.75
29,-0.1394653,-0.2459106,0.959198,1.0,-0.171402,-0.2961273,0.9396362,-22.07219,4.581573,-20.44299,4.056183,0.2133716,0.4099744,1.0,-0.1261139,-0.2248993,0.9661713,33.03633,5.824829,-33.08459,4.011368,0.5109255,0.4641962,0.2324041,1.207176,-0.1882913,-0.1177779,0.09822088,-0.2987817,0.9917876,-25.7104,32.75
29,-0.1394653,-0.2459106,0.959198,1.0,-0.171402,-0.2961273,0.9396362,-22.07219,4.581573,-20.44299,4.056183,0.2133716,0.4099744,1.0,-0.1261139,-0.2248993,0.9661713,33.03633,5.824829,-33.08459,4.011368,0.5109255,0.4641962,0.2324041,1.207176,-0.1882913,-0.1177779,0.09822088,-0.2987817,0.9917876,-25.7104,32.75
29,-0.1429138,-0.2615051,0.9545593,1.0,-0.1662292,-0.2947845,0.940979,-22.25142,4.518265,-20.49448,4.230392,0.2181727,0.4121662,1.0,-0.1323853,-0.2464447,0.9600677,32.94997,5.821213,-33.10413,3.905426,0.5151035,0.4686109,0.2290984,1.2105,-0.1906004,-0.1252221,0.09461331,-0.2873224,0.9597639,-25.7104,32.75
29,-0.1429138,-0.2615051,0.9545593,1.0,-0.1662292,-0.2947845,0.940979,-22.25142,4.518265,-20.49448,4.230392,0.2181727,0.4121662,1.0,-0.1323853,-0.2464447,0.9600677,32.94997,5.821213,-33.10413,3.905426,0.5151035,0.4686109,0.2290984,1.2105,-0.1906004,-0.1252221,0.09461331,-0.2873224,0.9597639,-25.7104,32.75
29,-0.1424713,-0.2689514,0.9525452,1.0,-0.1571808,-0.2918396,0.9434509,-22.35458,4.475693,-20.54085,4.242004,0.2200225,0.4133531,1.0,-0.13237,-0.2532043,0.9582977,32.80475,5.799454,-33.10805,3.821014,0.520282,0.470718,0.2254673,1.213643,-0.1929655,-0.1321577,0.089789,-0.2747122,0.9597639,-25.7104,32.75
29,-0.1424713,-0.2689514,0.9525452,1.0,-0.1571808,-0.2918396,0.9434509,-22.35458,4.475693,-20.54085,4.242004,0.2200225,0.4133531,1.0,-0.13237,-0.2532043,0.9582977,32.80475,5.799454,-33.10805,3.821014,0.520282,0.470718,0.2254673,1.213643,-0.1929655,-0.1321577,0.089789,-0.2747122,0.9597639,-25.7104,32.75
29,-0.1641693,-0.2753754,0.9472046,0.7800328,-0.1791992,-0.2941895,0.9387817,-22.4202,4.388474,-20.5266,4.312927,0.2256988,0.4166832,0.9985587,-0.1516113,-0.2595978,0.9537354,32.74802,5.74118,-33.158,3.87233,0.525673,0.4746161,0.2215161,1.21674,-0.1950961,-0.1392191,0.08401223,-0.2628743,0.9597639,-25.7104,32.75
29,-0.1641693,-0.2753754,0.9472046,0.7800328,-0.1791992,-0.2941895,0.9387817,-22.4202,4.388474,-20.5266,4.312927,0.2256988,0.4166832,0.9985587,-0.1516113,-0.2595978,0.9537354,32.74802,5.74118,-33.158,3.87233,0.525673,0.4746161,0.2215161,1.21674,-0.1950961,-0.1392191,0.08401223,-0.2628743,0.9597639,-25.7104,32.75
29,-0.1701355,-0.3238373,0.9306793,0.7280815,-0.1744232,-0.3700562,0.9124756,-22.66121,4.497086,-20.63698,3.99585,0.2326924,0.4274648,0.9982052,-0.166153,-0.2839661,0.9443207,32.65324,5.781998,-33.16539,3.802383,0.5316207,0.4780142,0.2195933,1.218214,-0.1960865,-0.1424368,0.08138868,-0.2570505,0.9597639,8.789978,32.75
29,-0.1460419,-0.2797089,0.9488983,0.7175027,-0.1702423,-0.3041382,0.9372864,-22.48354,4.646912,-20.51184,4.259125,0.2263132,0.4099313,0.9533155,-0.1304474,-0.2638702,0.9556885,32.71259,5.856705,-33.12296,3.669922,0.5232729,0.470878,0.2175781,1.219681,-0.1971379,-0.1456303,0.07900949,-0.2509243,0.9597639,8.789978,32.75
29,-0.08288574,-0.2570801,0.9628143,0.7171913,-0.1334229,-0.3247223,0.9363403,-21.91405,4.860001,-20.34578,3.897964,0.2021751,0.4047893,0.8413877,-0.06716919,-0.2358093,0.9694672,33.07071,5.979523,-33.0403,3.837341,0.4993943,0.4600307,0.2132236,1.222462,-0.1990466,-0.1508511,0.0736007,-0.2380535,0.9597639,8.789978,32.75
29,-0.08288574,-0.2570801,0.9628143,0.7171913,-0.1334229,-0.3247223,0.9363403,-21.91405,4.860001,-20.34578,3.897964,0.2021751,0.4047893,0.8413877,-0.06716919,-0.2358093,0.9694672,33.07071,5.979523,-33.0403,3.837341,0.4993943,0.4600307,0.2132236,1.222462,-0.1990466,-0.1508511,0.0736007,-0.2380535,0.9597639,8.789978,32.75
29,-0.05451965,-0.2431335,0.9684448,0.6853922,-0.09989929,-0.273407,0.9566803,-21.74782,4.846756,-20.30113,4.507385,0.1906069,0.3952936,0.8157762,-0.04359436,-0.2357483,0.9708252,33.12251,5.979309,-33.03178,3.728607,0.4934227,0.4598573,0.211066,1.223845,-0.1999586,-0.1534682,0.07057681,-0.2317324,0.9597639,8.789978,32.75
29,-0.05451965,-0.2431335,0.9684448,0.6853922,-0.09989929,-0.273407,0.9566803,-21.74782,4.846756,-20.30113,4.507385,0.1906069,0.3952936,0.8157762,-0.04359436,-0.2357483,0.9708252,33.12251,5.979309,-33.03178,3.728607,0.4934227,0.4598573,0.206751,1.226417,-0.2017487,-0.1579289,0.06490169,-0.2200011,0.9597639,8.789978,32.75
29,-0.05451965,-0.2431335,0.9684448,0.6853922,-0.09989929,-0.273407,0.9566803,-21.74782,4.846756,-20.30113,4.507385,0.1906069,0.3952936,0.8157762,-0.04359436,-0.2357483,0.9708252,33.12251,5.979309,-33.03178,3.728607,0.4934227,0.4598573,0.206751,1.226417,-0.2017487,-0.1579289,0.06490169,-0.2200011,0.9597639,8.789978,32.75
29,-0.05451965,-0.2431335,0.9684448,0.6853922,-0.09989929,-0.273407,0.9566803,-21.74782,4.846756,-20.30113,4.507385,0.1906069,0.3952936,0.8157762,-0.04359436,-0.2357483,0.9708252,33.12251,5.979309,-33.03178,3.728607,0.4934227,0.4598573,0.2025847,1.228302,-0.2034442,-0.1610264,0.06082838,-0.2089506,0.9597639,8.789978,32.75
29,-0.05451965,-0.2431335,0.9684448,0.6853922,-0.09989929,-0.273407,0.9566803,-21.74782,4.846756,-20.30113,4.507385,0.1906069,0.3952936,0.8157762,-0.04359436,-0.2357483,0.9708252,33.12251,5.979309,-33.03178,3.728607,0.4934227,0.4598573,0.2025847,1.228302,-0.2034442,-0.1610264,0.06082838,-0.2089506,0.9597639,8.789978,32.75
29,-0.05451965,-0.2431335,0.9684448,0.6853922,-0.09989929,-0.273407,0.9566803,-21.74782,4.846756,-20.30113,4.507385,0.1906069,0.3952936,0.8157762,-0.04359436,-0.2357483,0.9708252,33.12251,5.979309,-33.03178,3.728607,0.4934227,0.4598573,0.2005213,1.229099,-0.2042602,-0.161851,0.05945551,-0.2034605,0.9597639,8.789978,32.75
29,-0.08140564,-0.2667694,0.9603119,0.6725545,-0.1238556,-0.317627,0.9400787,-22.50481,4.748169,-20.44406,3.951935,0.2200075,0.4082319,0.8193499,-0.07110596,-0.2543335,0.9644928,32.72821,6.032623,-33.04607,3.763382,0.5122614,0.4617726,0.1965234,1.230484,-0.2057784,-0.1637551,0.05642396,-0.1932657,0.9597639,8.789978,32.75
29,-0.08140564,-0.2667694,0.9603119,0.6725545,-0.1238556,-0.317627,0.9400787,-22.50481,4.748169,-20.44406,3.951935,0.2200075,0.4082319,0.8193499,-0.07110596,-0.2543335,0.9644928,32.72821,6.032623,-33.04607,3.763382,0.5122614,0.4617726,0.1965234,1.230484,-0.2057784,-0.1637551,0.05642396,-0.1932657,0.9597639,8.789978,32.75
29,-0.1088715,-0.2521362,0.9615326,0.6710926,-0.1689148,-0.2837219,0.9438934,-22.57207,4.715393,-20.46741,4.28392,0.2292163,0.4039975,0.8192291,-0.09039307,-0.2422333,0.9659882,32.67395,6.056442,-33.05775,3.868973,0.5175904,0.4588732,0.1947806,1.231202,-0.2064071,-0.1645693,0.05513877,-0.1890211,0.9597639,8.789978,32.75
29,-0.1051788,-0.2563171,0.9608459,0.6941375,-0.1611633,-0.2980957,0.9408264,-22.64305,4.726059,-20.46692,4.234543,0.2303105,0.4060841,0.8268387,-0.08731079,-0.2427826,0.9661255,32.49901,6.181702,-33.0356,3.718353,0.5233193,0.4543755,0.1931762,1.231866,-0.2070915,-0.1655503,0.05392165,-0.1847137,0.9597639,8.789978,32.75
29,-0.1028442,-0.2615967,0.959671,0.7009385,-0.1512299,-0.3013306,0.9414368,-22.87666,4.783432,-20.48625,4.194519,0.2363832,0.4050226,0.8252309,-0.08262634,-0.2447815,0.9660339,32.43126,6.205734,-33.03271,3.726181,0.5249034,0.4538583,0.1899977,1.232979,-0.2082278,-0.166768,0.05345244,-0.1752519,0.9597639,21.50717,32.75
29,-0.1028442,-0.2615967,0.959671,0.7009385,-0.1512299,-0.3013306,0.9414368,-22.87666,4.783432,-20.48625,4.194519,0.2363832,0.4050226,0.8252309,-0.08262634,-0.2447815,0.9660339,32.43126,6.205734,-33.03271,3.726181,0.5249034,0.4538583,0.1899977,1.232979,-0.2082278,-0.166768,0.05345244,-0.1752519,0.9597639,21.50717,32.75
29,-0.1080933,-0.2662201,0.9578247,0.7031431,-0.1410675,-0.2998657,0.9434814,-23.05022,4.801605,-20.50111,4.050446,0.2405419,0.4043692,0.8315406,-0.0844574,-0.2418671,0.9666138,32.34148,6.20903,-33.0428,3.793289,0.5284148,0.4533051,0.1885082,1.233335,-0.2088184,-0.1667692,0.05315079,-0.1701513,0.9597639,21.50717,32.75
29,-0.1033173,-0.2758026,0.9556274,0.7140188,-0.1280365,-0.301239,0.9449005,-23.14932,4.811752,-20.49313,4.014587,0.2417359,0.4041656,0.8297663,-0.08938599,-0.2613525,0.9610901,32.31703,6.188736,-33.04437,3.691727,0.5301397,0.4577434,0.186934,1.233806,-0.2093304,-0.1670262,0.05255563,-0.1649765,0.9597639,21.50717,32.75
29,-0.103775,-0.2805176,0.9542084,0.7140188,-0.1222076,-0.3114929,0.942337,-23.18462,4.828552,-20.48795,4.070236,0.2418903,0.4053078,0.8297663,-0.09179688,-0.2603149,0.9611359,32.32437,6.194992,-33.04318,3.741241,0.5302982,0.4573235,0.1854264,1.234179,-0.2097862,-0.1671917,0.05148546,-0.1605001,0.9597639,21.50717,32.75
29,-0.103775,-0.2805176,0.9542084,0.7140188,-0.1222076,-0.3114929,0.942337,-23.18462,4.828552,-20.48795,4.070236,0.2418903,0.4053078,0.8297663,-0.09179688,-0.2603149,0.9611359,32.32437,6.194992,-33.04318,3.741241,0.5302982,0.4573235,0.1854264,1.234179,-0.2097862,-0.1671917,0.05148546,-0.1605001,0.9597639,21.50717,32.75
29,-0.1083527,-0.2804871,0.9537048,0.6903712,-0.1251068,-0.3092499,0.9427032,-23.17685,4.828964,-20.48885,4.090683,0.2420873,0.404929,0.8262946,-0.0969696,-0.2608948,0.9604797,32.33527,6.258682,-33.03369,3.706146,0.5308375,0.4551302,0.1823157,1.235138,-0.2106401,-0.168372,0.04932743,-0.1521668,0.9597639,21.50717,32.75
29,-0.1083527,-0.2804871,0.9537048,0.6903712,-0.1251068,-0.3092499,0.9427032,-23.17685,4.828964,-20.48885,4.090683,0.2420873,0.404929,0.8262946,-0.0969696,-0.2608948,0.9604797,32.33527,6.258682,-33.03369,3.706146,0.5308375,0.4551302,0.1823157,1.235138,-0.2106401,-0.168372,0.04932743,-0.1521668,0.9597639,21.50717,32.75
29,-0.09986877,-0.2827759,0.9539642,0.6755971,-0.1244354,-0.3095703,0.942688,-23.18462,4.834442,-20.48639,4.087097,0.2422388,0.4047891,0.8175864,-0.08120728,-0.2622681,0.9615631,32.25067,6.340393,-33.00728,3.677414,0.5310798,0.4521888,0.1794375,1.235903,-0.2114707,-0.1696448,0.04718835,-0.1432086,0.9597639,21.50717,32.75
29,-0.09780884,-0.2912445,0.9516296,0.67294,-0.1200562,-0.312912,0.9421539,-23.19897,4.840958,-20.48473,4.076431,0.2420105,0.4051144,0.8160301,-0.0796814,-0.2734528,0.9585724,32.21312,6.343933,-33.00752,3.63472,0.5321418,0.4541948,0.1779515,1.236303,-0.2118418,-0.1700358,0.04577897,-0.1387062,0.9597639,21.50717,32.75
29,-0.1048737,-0.2840424,0.9530487,0.6658314,-0.1197662,-0.315155,0.9414368,-23.207,4.840958,-20.48245,4.060791,0.2422388,0.4054931,0.8083372,-0.09341431,-0.2600403,0.9610596,32.1859,6.366699,-33.00763,3.63382,0.5355511,0.4509277,0.175261,1.237017,-0.2124442,-0.1704535,0.04236332,-0.1310568,0.9597639,21.50717,32.75
29,-0.1048737,-0.2840424,0.9530487,0.6658314,-0.1197662,-0.315155,0.9414368,-23.207,4.840958,-20.48245,4.060791,0.2422388,0.4054931,0.8083372,-0.09341431,-0.2600403,0.9610596,32.1859,6.366699,-33.00763,3.63382,0.5355511,0.4509277,0.175261,1.237017,-0.2124442,-0.1704535,0.04236332,-0.1310568,0.9597639,21.50717,32.75
29,-0.07865906,-0.2832489,0.9558105,0.6658314,-0.1185608,-0.299881,0.9465637,-23.15443,4.868927,-20.48117,4.214188,0.240229,0.4018714,0.8083372,-0.05662537,-0.2738647,0.960083,32.37489,6.387741,-32.98518,3.729111,0.5223206,0.4523759,0.1739055,1.237292,-0.2127345,-0.1704086,0.0405211,-0.1275502,0.9597639,21.50717,32.75
29,-0.06184387,-0.283905,0.9568481,0.6549929,-0.1766968,-0.2902985,0.9404602,-22.35814,4.50827,-20.50826,3.776093,0.2239036,0.412196,0.780847,-0.01156616,-0.2799072,0.9599457,32.57164,6.388977,-32.97064,3.677658,0.5074137,0.4531886,0.1727045,1.237466,-0.2129654,-0.1703514,0.03839727,-0.1243022,0.9597639,21.50717,32.75
29,-0.06184387,-0.283905,0.9568481,0.6549929,-0.1766968,-0.2902985,0.9404602,-22.35814,4.50827,-20.50826,3.776093,0.2239036,0.412196,0.780847,-0.01156616,-0.2799072,0.9599457,32.57164,6.388977,-32.97064,3.677658,0.5074137,0.4531886,0.1713997,1.237647,-0.2132058,-0.170251,0.0363497,-0.1210103,0.9597639,21.50717,32.75
29,-0.06184387,-0.283905,0.9568481,0.6549929,-0.1766968,-0.2902985,0.9404602,-22.35814,4.50827,-20.50826,3.776093,0.2239036,0.412196,0.780847,-0.01156616,-0.2799072,0.9599457,32.57164,6.388977,-32.97064,3.677658,0.5074137,0.4531886,0.1690962,1.237991,-0.2133936,-0.1700897,0.03124714,-0.1150537,0.9597639,20.43008,32.75
29,-0.06184387,-0.283905,0.9568481,0.6549929,-0.1766968,-0.2902985,0.9404602,-22.35814,4.50827,-20.50826,3.776093,0.2239036,0.412196,0.780847,-0.01156616,-0.2799072,0.9599457,32.57164,6.388977,-32.97064,3.677658,0.5074137,0.4531886,0.1690962,1.237991,-0.2133936,-0.1700897,0.03124714,-0.1150537,0.9597639,20.43008,32.75
29,-0.06184387,-0.283905,0.9568481,0.6549929,-0.1766968,-0.2902985,0.9404602,-22.35814,4.50827,-20.50826,3.776093,0.2239036,0.412196,0.780847,-0.01156616,-0.2799072,0.9599457,32.57164,6.388977,-32.97064,3.677658,0.5074137,0.4531886,0.1679903,1.238128,-0.213546,-0.1699878,0.02863115,-0.1127018,0.9597639,20.43008,32.75
29,-0.01727295,-0.2863312,0.957962,0.6020933,-0.06333923,-0.3071594,0.9495392,-22.38339,4.936569,-20.35841,4.450195,0.205742,0.3988515,0.7284932,0.01815796,-0.2698212,0.9627228,32.78214,6.367935,-32.96756,3.71994,0.494722,0.4519145,0.1670753,1.238217,-0.2135992,-0.1699695,0.0258956,-0.1111241,0.9597639,20.43008,32.75
29,0.08503723,-0.3343048,0.9386139,0.5426292,0.04804993,-0.3459625,0.9370117,-21.8288,5.031754,-20.27809,4.470001,0.1688044,0.400873,0.6804464,0.09329224,-0.3316193,0.9387817,33.08051,6.408676,-32.95306,3.541214,0.4708492,0.4622316,0.1653379,1.238519,-0.2137614,-0.1704638,0.02095525,-0.1078927,0.9597639,20.43008,32.75
29,0.08503723,-0.3343048,0.9386139,0.5426292,0.04804993,-0.3459625,0.9370117,-21.8288,5.031754,-20.27809,4.470001,0.1688044,0.400873,0.6804464,0.09329224,-0.3316193,0.9387817,33.08051,6.408676,-32.95306,3.541214,0.4708492,0.4622316,0.1653379,1.238519,-0.2137614,-0.1704638,0.02095525,-0.1078927,0.9597639,20.43008,32.75
29,0.09199524,-0.3197784,0.9430084,0.537059,0.04743958,-0.3535004,0.9342194,-21.98196,5.073532,-20.2231,4.453308,0.1743447,0.4006159,0.7089388,0.09968567,-0.3138428,0.9442139,32.97266,6.47818,-32.92198,3.541748,0.4735883,0.4561193,0.1645769,1.238681,-0.2137932,-0.170681,0.01859921,-0.1067741,0.9597639,20.43008,32.75
29,0.07897949,-0.3006744,0.9504395,0.5766653,0.03645325,-0.3227539,0.9457703,-22.08926,5.096436,-20.22298,4.758667,0.1795757,0.3944921,0.717187,0.08824158,-0.2957458,0.9511719,32.94321,6.502594,-32.90862,3.663818,0.4766941,0.4516099,0.1638319,1.238808,-0.213815,-0.170815,0.01632916,-0.1057523,0.9597639,20.43008,32.75
29,0.07897949,-0.3006744,0.9504395,0.5766653,0.03645325,-0.3227539,0.9457703,-22.08926,5.096436,-20.22298,4.758667,0.1795757,0.3944921,0.717187,0.08824158,-0.2957458,0.9511719,32.94321,6.502594,-32.90862,3.663818,0.4766941,0.4516099,0.1638319,1.238808,-0.213815,-0.170815,0.01632916,-0.1057523,0.9597639,20.43008,32.75
29,0.05769348,-0.3138428,0.9477081,0.5509149,0.02780151,-0.3318787,0.9429016,-22.14326,5.065491,-20.24457,4.413956,0.183095,0.3975213,0.7233198,0.07861328,-0.3009491,0.9503784,32.87827,6.522247,-32.91046,3.628342,0.4806903,0.4519269,0.1624037,1.239095,-0.2137249,-0.1709014,0.0113486,-0.1034329,0.9597639,20.43008,32.75
29,0.04737854,-0.3212128,0.945816,0.5839769,0.01681519,-0.3518219,0.9358978,-22.10834,5.089508,-20.28616,4.400909,0.1835921,0.4005338,0.7363312,0.06877136,-0.2993317,0.9516602,32.84694,6.51738,-32.91394,3.575958,0.4835233,0.4518141,0.1624037,1.239095,-0.2137249,-0.1709014,0.0113486,-0.1034329,0.9597639,20.43008,32.75
29,0.04238892,-0.313385,0.9486694,0.6186465,0.01048279,-0.3372955,0.94133,-22.23312,4.954742,-20.29311,4.203278,0.1890676,0.402644,0.7555977,0.06015015,-0.2998505,0.9520721,32.82349,6.521072,-32.91154,3.584213,0.4858754,0.4517596,0.160956,1.239292,-0.2137043,-0.1709148,0.005772261,-0.1008933,0.9597639,20.43008,32.75
29,0.0287323,-0.330307,0.9434204,0.6031455,0.01489258,-0.3723145,0.9279785,-22.42915,5.114899,-20.28606,4.073105,0.1948992,0.4037566,0.766207,0.03749084,-0.3032379,0.9521637,32.73975,6.531921,-32.91356,3.449615,0.4928146,0.4520679,0.159565,1.239449,-0.2136372,-0.170743,0.0,-0.09803652,0.9597639,20.43008,32.75
29,0.0287323,-0.330307,0.9434204,0.6031455,0.01489258,-0.3723145,0.9279785,-22.42915,5.114899,-20.28606,4.073105,0.1948992,0.4037566,0.766207,0.03749084,-0.3032379,0.9521637,32.73975,6.531921,-32.91356,3.449615,0.4928146,0.4520679,0.159565,1.239449,-0.2136372,-0.170743,0.0,-0.09803652,0.9597639,20.43008,32.75
29,0.02433777,-0.3102875,0.9503174,0.6031455,0.005752563,-0.3241425,0.9459839,-22.46078,5.117828,-20.27237,4.179733,0.1975291,0.3951909,0.766207,0.03695679,-0.300766,0.9529724,32.70747,6.53212,-32.90804,3.50882,0.494063,0.4515276,0.1580085,1.239592,-0.2135384,-0.1706145,-0.006160622,-0.09285829,0.9597639,20.43008,32.75
29,0.02433777,-0.3102875,0.9503174,0.6031455,0.005752563,-0.3241425,0.9459839,-22.46078,5.117828,-20.27237,4.179733,0.1975291,0.3951909,0.766207,0.03695679,-0.300766,0.9529724,32.70747,6.53212,-32.90804,3.50882,0.494063,0.4515276,0.1580085,1.239592,-0.2135384,-0.1706145,-0.006160622,-0.09285829,0.9597639,20.43008,32.75
29,0.005661011,-0.3028107,0.9530182,0.6075455,-0.02799988,-0.3186951,0.9474335,-22.57117,5.148849,-20.3035,4.473022,0.2064222,0.3935869,0.7570434,0.02618408,-0.292923,0.9557648,32.66182,6.52475,-32.90726,3.680435,0.4975979,0.4502357,0.1562142,1.239758,-0.2134043,-0.1712316,-0.01391762,-0.08691552,0.9597639,-17.70969,32.75
29,0.005661011,-0.3028107,0.9530182,0.6075455,-0.02799988,-0.3186951,0.9474335,-22.57117,5.148849,-20.3035,4.473022,0.2064222,0.3935869,0.7570434,0.02618408,-0.292923,0.9557648,32.66182,6.52475,-32.90726,3.680435,0.4975979,0.4502357,0.1562142,1.239758,-0.2134043,-0.1712316,-0.01391762,-0.08691552,0.9597639,-17.70969,32.75
29,0.009246826,-0.3059082,0.9520111,0.6017857,-0.01727295,-0.3315277,0.9432678,-22.58984,5.237106,-20.27231,4.551697,0.2052528,0.3926367,0.7689671,0.02276611,-0.2926788,0.9559326,32.66797,6.521423,-32.90677,3.710678,0.4979792,0.4502909,0.1541822,1.240118,-0.2132872,-0.1721034,-0.02263178,-0.08057445,0.9597639,-17.70969,32.75
29,0.009246826,-0.3059082,0.9520111,0.6017857,-0.01727295,-0.3315277,0.9432678,-22.58984,5.237106,-20.27231,4.551697,0.2052528,0.3926367,0.7689671,0.02276611,-0.2926788,0.9559326,32.66797,6.521423,-32.90677,3.710678,0.4979792,0.4502909,0.1541822,1.240118,-0.2132872,-0.1721034,-0.02263178,-0.08057445,0.9597639,-17.70969,32.75
29,0.05107117,-0.335083,0.9407959,0.5539942,0.03547668,-0.3514557,0.9355164,-22.26361,5.149948,-20.31236,4.611847,0.1854858,0.3986591,0.7426524,0.05940247,-0.3262787,0.9433899,32.83017,6.44722,-32.93938,3.601364,0.4857393,0.4596624,0.1518958,1.2403,-0.2131937,-0.1729692,-0.03250465,-0.07323162,0.9597639,-17.70969,32.75
29,0.05107117,-0.335083,0.9407959,0.5539942,0.03547668,-0.3514557,0.9355164,-22.26361,5.149948,-20.31236,4.611847,0.1854858,0.3986591,0.7426524,0.05940247,-0.3262787,0.9433899,32.83017,6.44722,-32.93938,3.601364,0.4857393,0.4596624,0.1518958,1.2403,-0.2131937,-0.1729692,-0.03250465,-0.07323162,0.9597639,-17.70969,32.75
29,0.02824402,-0.3160095,0.9483185,0.5937335,0.01602173,-0.3403931,0.9401398,-22.30795,5.160675,-20.30217,4.473099,0.1903512,0.3965101,0.7388524,0.03417969,-0.3040619,0.9520264,32.78917,6.452896,-32.93599,3.544434,0.4916367,0.4551781,0.149295,1.240612,-0.2131108,-0.1738041,-0.04401155,-0.06562468,0.9597639,-17.70969,32.75
29,0.02824402,-0.3160095,0.9483185,0.5937335,0.01602173,-0.3403931,0.9401398,-22.30795,5.160675,-20.30217,4.473099,0.1903512,0.3965101,0.7388524,0.03417969,-0.3040619,0.9520264,32.78917,6.452896,-32.93599,3.544434,0.4916367,0.4551781,0.149295,1.240612,-0.2131108,-0.1738041,-0.04401155,-0.06562468,0.9597639,-17.70969,32.75
29,0.01641846,-0.3170471,0.9482574,0.6046746,0.00869751,-0.3471527,0.9377594,-22.43489,5.161255,-20.29419,4.358749,0.1958988,0.3977893,0.7418464,0.02218628,-0.2942505,0.9554596,32.73709,6.486465,-32.93089,3.693848,0.4956197,0.452038,0.1466031,1.240953,-0.2129261,-0.1745452,-0.05574592,-0.05941201,0.9597639,-17.70969,32.75
29,0.01641846,-0.3170471,0.9482574,0.6046746,0.00869751,-0.3471527,0.9377594,-22.43489,5.161255,-20.29419,4.358749,0.1958988,0.3977893,0.7418464,0.02218628,-0.2942505,0.9554596,32.73709,6.486465,-32.93089,3.693848,0.4956197,0.452038,0.1466031,1.240953,-0.2129261,-0.1745452,-0.05574592,-0.05941201,0.9597639,-17.70969,32.75
29,-0.02027893,-0.280777,0.959549,0.5953598,-0.1071625,-0.2380219,0.9653168,-22.32364,4.811554,-20.5089,4.547531,0.2108051,0.3926952,0.7337539,0.01826477,-0.2988892,0.9541016,32.55959,6.530334,-32.91296,3.724167,0.5026207,0.4512414,0.1440955,1.241214,-0.2127643,-0.1752287,-0.06614522,-0.05347822,0.9597639,-17.70969,32.75
29,-0.02027893,-0.280777,0.959549,0.5953598,-0.1071625,-0.2380219,0.9653168,-22.32364,4.811554,-20.5089,4.547531,0.2108051,0.3926952,0.7337539,0.01826477,-0.2988892,0.9541016,32.55959,6.530334,-32.91296,3.724167,0.5026207,0.4512414,0.1440955,1.241214,-0.2127643,-0.1752287,-0.06614522,-0.05347822,0.9597639,-17.70969,32.75
29,-0.01112366,-0.306366,0.9518433,0.6140651,-0.05567932,-0.3272095,0.9432983,-23.07956,5.241714,-20.34386,4.591415,0.2273441,0.3927505,0.7342138,-0.008102417,-0.3049316,0.9523315,32.28735,6.561096,-32.89517,3.734528,0.5169092,0.4512096,0.1417786,1.241319,-0.2124937,-0.1758174,-0.0750664,-0.04751281,0.9597639,-17.70969,32.75
29,-0.01112366,-0.306366,0.9518433,0.6140651,-0.05567932,-0.3272095,0.9432983,-23.07956,5.241714,-20.34386,4.591415,0.2273441,0.3927505,0.7342138,-0.008102417,-0.3049316,0.9523315,32.28735,6.561096,-32.89517,3.734528,0.5169092,0.4512096,0.1417786,1.241319,-0.2124937,-0.1758174,-0.0750664,-0.04751281,0.9597639,-17.70969,32.75
29,-0.02827454,-0.3055573,0.9517517,0.5913248,-0.1372375,-0.3727112,0.9177399,-22.89313,4.797562,-20.6969,3.211472,0.2348812,0.419001,0.7263128,-0.0259552,-0.3040771,0.9522858,32.14684,6.555893,-32.90306,3.837234,0.5250309,0.4513214,0.1395719,1.241429,-0.2122665,-0.1760036,-0.08335803,-0.04283016,0.9597639,-17.70969,32.75
29,-0.02827454,-0.3055573,0.9517517,0.5913248,-0.1372375,-0.3727112,0.9177399,-22.89313,4.797562,-20.6969,3.211472,0.2348812,0.419001,0.7263128,-0.0259552,-0.3040771,0.9522858,32.14684,6.555893,-32.90306,3.837234,0.5250309,0.4513214,0.1395719,1.241429,-0.2122665,-0.1760036,-0.08335803,-0.04283016,0.9597639,-17.70969,32.75
29,-0.04708862,-0.2943268,0.9545288,0.6011519,-0.08944702,-0.3565826,0.9299622,-23.38844,5.216553,-20.38005,4.158508,0.2432879,0.3996898,0.7095364,-0.04554749,-0.2920532,0.955307,31.94458,6.600632,-32.909,3.856033,0.5356719,0.447593,0.1377383,1.241478,-0.2118772,-0.1753918,-0.08995001,-0.04010266,0.9597639,1.240753,32.75
29,-0.04708862,-0.2943268,0.9545288,0.6011519,-0.08944702,-0.3565826,0.9299622,-23.38844,5.216553,-20.38005,4.158508,0.2432879,0.3996898,0.7095364,-0.04554749,-0.2920532,0.955307,31.94458,6.600632,-32.909,3.856033,0.5356719,0.447593,0.1377383,1.241478,-0.2118772,-0.1753918,-0.08995001,-0.04010266,0.9597639,1.240753,32.75
29,-0.04330444,-0.3061981,0.9509735,0.5806829,-0.1022339,-0.410614,0.9060516,-23.75175,5.0867,-20.4388,3.781311,0.2571537,0.414271,0.7181331,-0.0398407,-0.2999573,0.9531097,31.67369,6.639801,-32.90732,3.702515,0.5443146,0.4477649,0.1362025,1.241078,-0.2114385,-0.17349,-0.094183,-0.03868512,0.9597639,1.240753,32.75
29,-0.04330444,-0.3061981,0.9509735,0.5806829,-0.1022339,-0.410614,0.9060516,-23.75175,5.0867,-20.4388,3.781311,0.2571537,0.414271,0.7181331,-0.0398407,-0.2999573,0.9531097,31.67369,6.639801,-32.90732,3.702515,0.5443146,0.4477649,0.1362025,1.241078,-0.2114385,-0.17349,-0.094183,-0.03868512,0.9597639,1.240753,32.75
29,-0.09022522,-0.3263245,0.9409332,0.5885473,-0.1403961,-0.4537811,0.8799744,-23.77332,5.386703,-20.46713,3.701721,0.263751,0.413055,0.7213206,-0.0799408,-0.2999725,0.9505768,31.52861,6.649429,-32.93504,3.872055,0.5565276,0.4477821,0.1348249,1.240724,-0.21079,-0.1709928,-0.09687515,-0.03891593,0.9597639,1.240753,32.75
29,-0.09022522,-0.3263245,0.9409332,0.5885473,-0.1403961,-0.4537811,0.8799744,-23.77332,5.386703,-20.46713,3.701721,0.263751,0.413055,0.7213206,-0.0799408,-0.2999725,0.9505768,31.52861,6.649429,-32.93504,3.872055,0.5565276,0.4477821,0.1348249,1.240724,-0.21079,-0.1709928,-0.09687515,-0.03891593,0.9597639,1.240753,32.75
29,-0.09767151,-0.3140259,0.9443665,0.5558075,-0.1118011,-0.3912964,0.9134369,-24.26608,5.162033,-20.63739,3.852402,0.2749959,0.4102728,0.7315016,-0.09532166,-0.3013153,0.9487305,31.35045,6.731873,-32.91711,3.980042,0.5655742,0.445005,0.1338978,1.240663,-0.2099221,-0.1690622,-0.09746319,-0.04136077,0.9597639,1.240753,32.75
29,-0.09767151,-0.3140259,0.9443665,0.5558075,-0.1118011,-0.3912964,0.9134369,-24.26608,5.162033,-20.63739,3.852402,0.2749959,0.4102728,0.7315016,-0.09532166,-0.3013153,0.9487305,31.35045,6.731873,-32.91711,3.980042,0.5655742,0.445005,0.1338978,1.240663,-0.2099221,-0.1690622,-0.09746319,-0.04136077,0.9597639,1.240753,32.75
29,-0.1064606,-0.2792053,0.9542999,0.5630867,-0.1899414,-0.2381287,0.9524689,-24.07932,4.67865,-20.90976,4.16922,0.2811759,0.401978,0.7404387,-0.1053467,-0.2797394,0.9542694,31.2058,6.827866,-32.89168,4.179199,0.5725003,0.4372633,0.1331894,1.2406,-0.2088743,-0.1671107,-0.0957485,-0.04368702,0.9597639,1.240753,32.75
29,-0.1064606,-0.2792053,0.9542999,0.5630867,-0.1899414,-0.2381287,0.9524689,-24.07932,4.67865,-20.90976,4.16922,0.2811759,0.401978,0.7404387,-0.1053467,-0.2797394,0.9542694,31.2058,6.827866,-32.89168,4.179199,0.5725003,0.4372633,0.1331894,1.2406,-0.2088743,-0.1671107,-0.0957485,-0.04368702,0.9597639,1.240753,32.75
29,-0.1096344,-0.3000031,0.9476013,0.5858837,-0.1638031,-0.3242493,0.9316711,-24.54959,5.272751,-20.64087,4.742157,0.2919213,0.3953146,0.7241223,-0.1078033,-0.2991638,0.9480743,31.06693,6.851105,-32.90125,4.041763,0.5779015,0.4402677,0.1324474,1.240196,-0.2078873,-0.1644599,-0.09261937,-0.04407347,0.9597639,1.240753,32.75
29,-0.1096344,-0.3000031,0.9476013,0.5858837,-0.1638031,-0.3242493,0.9316711,-24.54959,5.272751,-20.64087,4.742157,0.2919213,0.3953146,0.7241223,-0.1078033,-0.2991638,0.9480743,31.06693,6.851105,-32.90125,4.041763,0.5779015,0.4402677,0.1324474,1.240196,-0.2078873,-0.1644599,-0.09261937,-0.04407347,0.9597639,1.240753,32.75
29,-0.1022797,-0.2966919,0.9494629,0.5923747,-0.135498,-0.3316956,0.9335938,-24.53819,5.27095,-20.61877,4.474655,0.2873267,0.396327,0.7218259,-0.1007843,-0.2951202,0.950119,31.09041,6.826675,-32.90097,4.013351,0.5758288,0.4403471,0.1317089,1.239725,-0.2068477,-0.1616378,-0.08996731,-0.04315785,0.9597639,1.240753,32.75
29,-0.1022797,-0.2966919,0.9494629,0.5923747,-0.135498,-0.3316956,0.9335938,-24.53819,5.27095,-20.61877,4.474655,0.2873267,0.396327,0.7218259,-0.1007843,-0.2951202,0.950119,31.09041,6.826675,-32.90097,4.013351,0.5758288,0.4403471,0.1317089,1.239725,-0.2068477,-0.1616378,-0.08996731,-0.04315785,0.9597639,1.240753,32.75
29,-0.1020813,-0.2887421,0.9519348,0.5902261,-0.1330719,-0.3477173,0.9281006,-24.44516,5.322662,-20.58772,4.468445,0.2839399,0.3971201,0.7390366,-0.09985352,-0.2844696,0.9534607,31.18443,6.832458,-32.88504,4.055161,0.5723013,0.4379487,0.1305658,1.239182,-0.2059339,-0.1587035,-0.08744249,-0.04090595,0.9597639,22.68381,32.75
29,-0.1020813,-0.2887421,0.9519348,0.5902261,-0.1330719,-0.3477173,0.9281006,-24.44516,5.322662,-20.58772,4.468445,0.2839399,0.3971201,0.7390366,-0.09985352,-0.2844696,0.9534607,31.18443,6.832458,-32.88504,4.055161,0.5723013,0.4379487,0.1305658,1.239182,-0.2059339,-0.1587035,-0.08744249,-0.04090595,0.9597639,22.68381,32.75
29,-0.1120148,-0.2975769,0.9480896,0.5998715,-0.1244659,-0.3316193,0.9351501,-24.40964,5.342636,-20.56415,4.537918,0.281469,0.3934271,0.7463496,-0.1060791,-0.2813721,0.9537048,31.2563,6.843948,-32.88315,4.080688,0.5708333,0.4369591,0.1291915,1.238582,-0.2050663,-0.1557742,-0.08508178,-0.03780339,0.9597639,22.68381,32.75
29,-0.1120148,-0.2975769,0.9480896,0.5998715,-0.1244659,-0.3316193,0.9351501,-24.40964,5.342636,-20.56415,4.537918,0.281469,0.3934271,0.7463496,-0.1060791,-0.2813721,0.9537048,31.2563,6.843948,-32.88315,4.080688,0.5708333,0.4369591,0.1291915,1.238582,-0.2050663,-0.1557742,-0.08508178,-0.03780339,0.9597639,22.68381,32.75
30,-0.1040497,-0.3302307,0.9381409,0.6261214,-0.09968567,-0.3841248,0.9178772,-24.28899,5.322693,-20.56764,3.765259,0.2740167,0.4033297,0.7405054,-0.1080933,-0.275177,0.9552917,31.33252,6.889374,-32.87083,4.128036,0.5684736,0.4340591,0.1275693,1.238209,-0.2041972,-0.1529418,-0.08318382,-0.03442837,0.9597639,22.68381,32.75
30,-0.1040497,-0.3302307,0.9381409,0.6261214,-0.09968567,-0.3841248,0.9178772,-24.28899,5.322693,-20.56764,3.765259,0.2740167,0.4033297,0.7405054,-0.1080933,-0.275177,0.9552917,31.33252,6.889374,-32.87083,4.128036,0.5684736,0.4340591,0.1275693,1.238209,-0.2041972,-0.1529418,-0.08318382,-0.03442837,0.9597639,22.68381,32.75
30,-0.0803833,-0.3457794,0.9348602,0.6006305,-0.08139038,-0.4075623,0.9095306,-24.29839,5.468475,-20.51019,3.558243,0.2715468,0.4023919,0.748437,-0.07897949,-0.2801208,0.9566956,31.38098,6.956619,-32.82944,3.943756,0.5616351,0.4321561,0.1255649,1.237897,-0.2033502,-0.1500704,-0.08174528,-0.03109488,0.9597639,22.68381,32.75
30,-0.0803833,-0.3457794,0.9348602,0.6006305,-0.08139038,-0.4075623,0.9095306,-24.29839,5.468475,-20.51019,3.558243,0.2715468,0.4023919,0.748437,-0.07897949,-0.2801208,0.9566956,31.38098,6.956619,-32.82944,3.943756,0.5616351,0.4321561,0.1255649,1.237897,-0.2033502,-0.1500704,-0.08174528,-0.03109488,0.9597639,22.68381,32.75
30,-0.09487915,-0.3437805,0.9342346,0.596113,-0.09983826,-0.3938141,0.9137421,-24.20638,5.437683,-20.52501,3.558105,0.2715468,0.4011335,0.7400373,-0.08882141,-0.2849579,0.9544067,31.38884,6.986969,-32.82329,4.029816,0.563077,0.4319524,0.1244788,1.237679,-0.2028642,-0.1485056,-0.08112341,-0.02901373,0.9597639,22.68381,32.75
30,-0.09390259,-0.3316956,0.9386902,0.5941765,-0.1004639,-0.3922882,0.9143219,-24.2032,5.454361,-20.52501,3.557739,0.2715468,0.4003478,0.7532206,-0.08773804,-0.2767181,0.9569244,31.39615,6.986969,-32.81891,4.066742,0.5626293,0.4303328,0.1221334,1.237208,-0.2019542,-0.1451018,-0.08044897,-0.02498985,0.9597639,22.68381,32.75
30,-0.09390259,-0.3316956,0.9386902,0.5941765,-0.1004639,-0.3922882,0.9143219,-24.2032,5.454361,-20.52501,3.557739,0.2715468,0.4003478,0.7532206,-0.08773804,-0.2767181,0.9569244,31.39615,6.986969,-32.81891,4.066742,0.5626293,0.4303328,0.1221334,1.237208,-0.2019542,-0.1451018,-0.08044897,-0.02498985,0.9597639,22.68381,32.75
30,-0.09867859,-0.315567,0.9437408,0.6292891,-0.1054382,-0.3804016,0.9187775,-24.19191,5.4664,-20.51311,3.575485,0.2720243,0.3977937,0.768154,-0.0933075,-0.2661591,0.9593964,31.44421,7.018814,-32.7988,4.072464,0.5619003,0.4270548,0.1209084,1.237007,-0.2014711,-0.1431736,-0.08040312,-0.02324085,0.9597639,22.68381,32.75
30,-0.09867859,-0.315567,0.9437408,0.6292891,-0.1054382,-0.3804016,0.9187775,-24.19191,5.4664,-20.51311,3.575485,0.2720243,0.3977937,0.768154,-0.0933075,-0.2661591,0.9593964,31.44421,7.018814,-32.7988,4.072464,0.5619003,0.4270548,0.1209084,1.237007,-0.2014711,-0.1431736,-0.08040312,-0.02324085,0.9597639,22.68381,32.75
30,-0.09197998,-0.3136749,0.9450531,0.6157784,-0.1052399,-0.37323,0.9217377,-24.19191,5.471436,-20.50989,3.57402,0.2720243,0.3963495,0.7732544,-0.08201599,-0.2691498,0.9595947,31.43877,7.06189,-32.78502,4.000107,0.5601166,0.425935,0.1182655,1.236614,-0.2004263,-0.1394824,-0.08011803,-0.02014974,0.9597639,22.68381,32.75
30,-0.1137848,-0.2935028,0.9491577,0.6413671,-0.1356049,-0.3073425,0.9418793,-24.30611,5.596863,-20.49596,4.117691,0.2803649,0.3808904,0.7780948,-0.09854126,-0.2837524,0.9538116,31.33646,7.102448,-32.79121,3.87114,0.5666783,0.4274419,0.1169858,1.236408,-0.1999152,-0.1373439,-0.07963093,-0.01868633,0.9597639,22.68381,32.75
30,-0.1137848,-0.2935028,0.9491577,0.6413671,-0.1356049,-0.3073425,0.9418793,-24.30611,5.596863,-20.49596,4.117691,0.2803649,0.3808904,0.7780948,-0.09854126,-0.2837524,0.9538116,31.33646,7.102448,-32.79121,3.87114,0.5666783,0.4274419,0.1143442,1.235856,-0.1987206,-0.1332845,-0.07842008,-0.01603541,0.9597639,26.30624,32.75
30,-0.1137848,-0.2935028,0.9491577,0.6413671,-0.1356049,-0.3073425,0.9418793,-24.30611,5.596863,-20.49596,4.117691,0.2803649,0.3808904,0.7780948,-0.09854126,-0.2837524,0.9538116,31.33646,7.102448,-32.79121,3.87114,0.5666783,0.4274419,0.1143442,1.235856,-0.1987206,-0.1332845,-0.07842008,-0.01603541,0.9597639,26.30624,32.75
30,-0.1434937,-0.2658997,0.9532471,0.6419049,-0.1768951,-0.2774506,0.9443054,-24.3989,5.602737,-20.5419,4.664841,0.2894559,0.376214,0.7840085,-0.1228333,-0.258606,0.9581299,31.22147,7.109985,-32.79596,3.93512,0.5750876,0.4225596,0.1130136,1.235527,-0.1980866,-0.1310287,-0.07762559,-0.01451251,0.9597639,26.30624,32.75
30,-0.1434937,-0.2658997,0.9532471,0.6419049,-0.1768951,-0.2774506,0.9443054,-24.3989,5.602737,-20.5419,4.664841,0.2894559,0.376214,0.7840085,-0.1228333,-0.258606,0.9581299,31.22147,7.109985,-32.79596,3.93512,0.5750876,0.4225596,0.1101431,1.234863,-0.1969074,-0.1270387,-0.07661407,-0.01011343,0.9597639,26.30624,32.75
30,-0.1434937,-0.2658997,0.9532471,0.6419049,-0.1768951,-0.2774506,0.9443054,-24.3989,5.602737,-20.5419,4.664841,0.2894559,0.376214,0.7840085,-0.1228333,-0.258606,0.9581299,31.22147,7.109985,-32.79596,3.93512,0.5750876,0.4225596,0.1101431,1.234863,-0.1969074,-0.1270387,-0.07661407,-0.01011343,0.9597639,26.30624,32.75
30,-0.1434937,-0.2658997,0.9532471,0.6419049,-0.1768951,-0.2774506,0.9443054,-24.3989,5.602737,-20.5419,4.664841,0.2894559,0.376214,0.7840085,-0.1228333,-0.258606,0.9581299,31.22147,7.109985,-32.79596,3.93512,0.5750876,0.4225596,0.1086594,1.234589,-0.1963321,-0.125186,-0.07643376,-0.007984183,0.9597639,26.30624,32.75
30,-0.1434937,-0.2658997,0.9532471,0.6419049,-0.1768951,-0.2774506,0.9443054,-24.3989,5.602737,-20.5419,4.664841,0.2894559,0.376214,0.7840085,-0.1228333,-0.258606,0.9581299,31.22147,7.109985,-32.79596,3.93512,0.5750876,0.4225596,0.1086594,1.234589,-0.1963321,-0.125186,-0.07643376,-0.007984183,0.9597639,26.30624,32.75
30,-0.151886,-0.2522888,0.9556427,0.6846219,-0.2092133,-0.29422,0.9325409,-24.47267,5.772812,-20.54846,4.190048,0.2972965,0.3742635,0.8076481,-0.1198273,-0.2285004,0.9661255,31.12996,7.250763,-32.75636,4.040695,0.5778718,0.4114635,0.1056882,1.234049,-0.1951928,-0.1221782,-0.07575247,-0.003989291,0.9597639,26.30624,32.75
30,-0.1507111,-0.2474976,0.9570923,0.686633,-0.2085724,-0.3105469,0.9273834,-24.48149,5.824112,-20.54112,3.907516,0.297679,0.3754678,0.8231987,-0.1255493,-0.2198639,0.9674072,31.14078,7.325241,-32.74678,4.028412,0.5785301,0.4071394,0.104154,1.233784,-0.1946664,-0.1208812,-0.07544893,-0.002156192,0.9597639,26.30624,32.75
30,-0.152359,-0.1731262,0.9730377,0.7073,-0.2572784,-0.03990173,0.9654999,-24.17014,4.803177,-20.86024,4.340881,0.2954443,0.3658082,0.8295889,-0.1359711,-0.1930084,0.9717255,31.15974,7.346909,-32.74237,4.109467,0.5797373,0.4013255,0.1010078,1.233289,-0.193554,-0.1185271,-0.07484822,0.00176475,0.9597639,26.30624,32.75
30,-0.152359,-0.1731262,0.9730377,0.7073,-0.2572784,-0.03990173,0.9654999,-24.17014,4.803177,-20.86024,4.340881,0.2954443,0.3658082,0.8295889,-0.1359711,-0.1930084,0.9717255,31.15974,7.346909,-32.74237,4.109467,0.5797373,0.4013255,0.1010078,1.233289,-0.193554,-0.1185271,-0.07484822,0.00176475,0.9597639,26.30624,32.75
30,-0.1461639,-0.2055664,0.9676514,0.7190069,-0.2150726,-0.3093414,0.9263,-24.49756,5.882187,-20.53888,3.891602,0.2991679,0.3734146,0.8595529,-0.1370697,-0.191864,0.9717865,31.16019,7.352936,-32.74139,4.084442,0.5799229,0.4009078,0.09934533,1.233078,-0.192996,-0.1174982,-0.07490374,0.003862132,0.9597639,26.30624,32.75
30,-0.1335297,-0.2006226,0.97052,0.7523178,-0.2700348,-0.04629517,0.961731,-24.15182,4.860062,-20.86205,4.137711,0.2970081,0.3650611,0.8535082,-0.1298981,-0.2045135,0.9701996,31.16132,7.419861,-32.72466,4.119095,0.5786015,0.4006792,0.09572423,1.232717,-0.191893,-0.1155766,-0.075436,0.007988847,0.9597639,26.30624,32.75
30,-0.1335297,-0.2006226,0.97052,0.7523178,-0.2700348,-0.04629517,0.961731,-24.15182,4.860062,-20.86205,4.137711,0.2970081,0.3650611,0.8535082,-0.1298981,-0.2045135,0.9701996,31.16132,7.419861,-32.72466,4.119095,0.5786015,0.4006792,0.09572423,1.232717,-0.191893,-0.1155766,-0.075436,0.007988847,0.9597639,26.30624,32.75
30,-0.1335297,-0.2006226,0.97052,0.7523178,-0.2700348,-0.04629517,0.961731,-24.15182,4.860062,-20.86205,4.137711,0.2970081,0.3650611,0.8535082,-0.1298981,-0.2045135,0.9701996,31.16132,7.419861,-32.72466,4.119095,0.5786015,0.4006792,0.09572423,1.232717,-0.191893,-0.1155766,-0.075436,0.007988847,0.9597639,26.30624,32.75
30,-0.1326294,-0.2000275,0.9707642,0.7667993,-0.2436523,-0.05480957,0.9683075,-24.16942,4.894516,-20.83414,3.989868,0.2935314,0.3648431,0.8729728,-0.1279144,-0.2059326,0.9701538,31.14299,7.470123,-32.71396,4.127686,0.5789123,0.3990315,0.09203982,1.232435,-0.1907573,-0.1138129,-0.07598247,0.01146811,0.9597639,26.30624,32.75
30,-0.1269989,-0.2008514,0.971344,0.773514,-0.1764374,-0.2112579,0.9613647,-24.50391,5.960892,-20.48466,4.470566,0.2930279,0.3532757,0.8775064,-0.1246185,-0.2003479,0.971756,31.09808,7.486176,-32.70706,4.129166,0.5799463,0.3973244,0.08824456,1.232106,-0.1895868,-0.1120516,-0.07642099,0.01514213,0.9597639,26.30624,32.75
30,-0.1269989,-0.2008514,0.971344,0.773514,-0.1764374,-0.2112579,0.9613647,-24.50391,5.960892,-20.48466,4.470566,0.2930279,0.3532757,0.8775064,-0.1246185,-0.2003479,0.971756,31.09808,7.486176,-32.70706,4.129166,0.5799463,0.3973244,0.08824456,1.232106,-0.1895868,-0.1120516,-0.07642099,0.01514213,0.9597639,26.30624,32.75
30,-0.1242371,-0.1917572,0.9735413,0.7571611,-0.1732788,-0.2109985,0.9619904,-24.51596,5.961731,-20.48257,4.475357,0.2930279,0.3532757,0.8792651,-0.122757,-0.1911774,0.9738464,31.08913,7.489899,-32.70715,4.109283,0.5799567,0.3954732,0.08631003,1.231926,-0.189052,-0.1109275,-0.07677941,0.01709943,0.9597639,-12.25769,32.75
30,-0.1257782,-0.1863251,0.9743958,0.7571611,-0.1757202,-0.2133026,0.9610443,-24.51997,5.961304,-20.48357,4.526428,0.293493,0.3536926,0.8792651,-0.1245422,-0.1856537,0.9746857,31.08768,7.490891,-32.70642,4.100128,0.5803346,0.3944087,0.08436573,1.23165,-0.1885201,-0.1097128,-0.07713366,0.01910664,0.9597639,-12.25769,32.75
30,-0.1249084,-0.1860352,0.9745636,0.7948571,-0.1831207,-0.2207947,0.957962,-24.52991,5.961304,-20.48462,4.40535,0.2950749,0.3550677,0.8786185,-0.1230469,-0.1849213,0.9750061,31.08035,7.495712,-32.70787,4.117203,0.5803346,0.3940961,0.0804292,1.230932,-0.1874385,-0.107028,-0.0779478,0.02315349,0.9597639,-12.25769,32.75
30,-0.1249084,-0.1860352,0.9745636,0.7948571,-0.1831207,-0.2207947,0.957962,-24.52991,5.961304,-20.48462,4.40535,0.2950749,0.3550677,0.8786185,-0.1230469,-0.1849213,0.9750061,31.08035,7.495712,-32.70787,4.117203,0.5803346,0.3940961,0.0804292,1.230932,-0.1874385,-0.107028,-0.0779478,0.02315349,0.9597639,-12.25769,32.75
30,-0.1228943,-0.1912079,0.9738159,0.7577611,-0.1894073,-0.2258453,0.9555664,-24.54082,5.961914,-20.48564,4.313965,0.2964916,0.3559888,0.8818401,-0.1158905,-0.1875153,0.9753876,31.04498,7.500031,-32.70906,4.099075,0.5803346,0.3944087,0.07835841,1.230569,-0.186895,-0.105475,-0.07829372,0.02517876,0.9597639,-12.25769,32.75
30,-0.1464081,-0.1994934,0.9688873,0.7941813,-0.1899872,-0.2169189,0.9575043,-24.5504,5.962646,-20.49187,4.441849,0.2967913,0.3545051,0.8698342,-0.1079102,-0.1838379,0.977005,30.95262,7.551666,-32.68858,4.116501,0.5822332,0.3916264,0.0741142,1.229831,-0.1857303,-0.1022937,-0.07911296,0.02970024,0.9597639,-12.25769,32.75
30,-0.1464081,-0.1994934,0.9688873,0.7941813,-0.1899872,-0.2169189,0.9575043,-24.5504,5.962646,-20.49187,4.441849,0.2967913,0.3545051,0.8698342,-0.1079102,-0.1838379,0.977005,30.95262,7.551666,-32.68858,4.116501,0.5822332,0.3916264,0.0741142,1.229831,-0.1857303,-0.1022937,-0.07911296,0.02970024,0.9597639,-12.25769,32.75
30,-0.1518555,-0.1977692,0.968399,0.8148292,-0.1902618,-0.2215424,0.9564056,-24.55476,5.964371,-20.49075,4.387939,0.2970145,0.3552283,0.8854901,-0.1159821,-0.1753845,0.9776306,30.94235,7.565079,-32.68718,4.143875,0.5840468,0.3895794,0.07187712,1.229474,-0.1851079,-0.1003001,-0.07971314,0.03185965,0.9597639,-12.25769,32.75
30,-0.1549988,-0.1974182,0.9679718,0.8247532,-0.1904449,-0.2271118,0.9550629,-24.56468,5.970078,-20.48891,4.314651,0.2974168,0.3559888,0.8648036,-0.1165314,-0.1650238,0.9793701,30.93657,7.573212,-32.68629,4.142624,0.5843732,0.3873485,0.06748867,1.228512,-0.1839285,-0.0961357,-0.08049193,0.03645736,0.9597639,-12.25769,32.75
30,-0.1549988,-0.1974182,0.9679718,0.8247532,-0.1904449,-0.2271118,0.9550629,-24.56468,5.970078,-20.48891,4.314651,0.2974168,0.3559888,0.8648036,-0.1165314,-0.1650238,0.9793701,30.93657,7.573212,-32.68629,4.142624,0.5843732,0.3873485,0.06748867,1.228512,-0.1839285,-0.0961357,-0.08049193,0.03645736,0.9597639,-12.25769,32.75
30,-0.1521606,-0.1947937,0.9689636,0.8219059,-0.1854248,-0.2223511,0.9571533,-24.66179,6.038345,-20.49768,4.404144,0.2996642,0.353066,0.8712237,-0.1166077,-0.1651917,0.9793396,30.93657,7.57428,-32.68718,4.14241,0.5843877,0.3873485,0.06522918,1.227979,-0.183315,-0.09371638,-0.0809363,0.03887111,0.9597639,-12.25769,32.75
30,-0.1543274,-0.2246246,0.9621429,0.8430756,-0.1896057,-0.2881317,0.9386139,-24.67911,6.056061,-20.50262,3.784485,0.3012395,0.3638915,0.8832992,-0.1210632,-0.1650391,0.9788208,30.93181,7.575745,-32.68674,4.164154,0.5853482,0.3872818,0.06291962,1.227497,-0.1827469,-0.09145217,-0.0813145,0.0412632,0.9597639,-12.25769,32.75
30,-0.1543274,-0.2246246,0.9621429,0.8430756,-0.1896057,-0.2881317,0.9386139,-24.67911,6.056061,-20.50262,3.784485,0.3012395,0.3638915,0.8832992,-0.1210632,-0.1650391,0.9788208,30.93181,7.575745,-32.68674,4.164154,0.5853482,0.3872818,0.06051469,1.226962,-0.1821327,-0.08887666,-0.08185877,0.04381236,0.9597639,-12.25769,32.75
30,-0.1543274,-0.2246246,0.9621429,0.8430756,-0.1896057,-0.2881317,0.9386139,-24.67911,6.056061,-20.50262,3.784485,0.3012395,0.3638915,0.8832992,-0.1210632,-0.1650391,0.9788208,30.93181,7.575745,-32.68674,4.164154,0.5853482,0.3872818,0.06051469,1.226962,-0.1821327,-0.08887666,-0.08185877,0.04381236,0.9597639,-12.25769,32.75
30,-0.1543274,-0.2246246,0.9621429,0.8430756,-0.1896057,-0.2881317,0.9386139,-24.67911,6.056061,-20.50262,3.784485,0.3012395,0.3638915,0.8832992,-0.1210632,-0.1650391,0.9788208,30.93181,7.575745,-32.68674,4.164154,0.5853482,0.3872818,0.055704,1.225812,-0.1808208,-0.0837033,-0.08276557,0.04873144,0.9597639,-36.48395,32.75
30,-0.1543274,-0.2246246,0.9621429,0.8430756,-0.1896057,-0.2881317,0.9386139,-24.67911,6.056061,-20.50262,3.784485,0.3012395,0.3638915,0.8832992,-0.1210632,-0.1650391,0.9788208,30.93181,7.575745,-32.68674,4.164154,0.5853482,0.3872818,0.05073607,1.224482,-0.1796091,-0.07824802,-0.08397134,0.05383411,0.9597639,-36.48395,32.75
30,-0.1543274,-0.2246246,0.9621429,0.8430756,-0.1896057,-0.2881317,0.9386139,-24.67911,6.056061,-20.50262,3.784485,0.3012395,0.3638915,0.8832992,-0.1210632,-0.1650391,0.9788208,30.93181,7.575745,-32.68674,4.164154,0.5853482,0.3872818,0.05073607,1.224482,-0.1796091,-0.07824802,-0.08397134,0.05383411,0.9597639,-36.48395,32.75
30,-0.1796265,-0.1949005,0.9642181,0.8530017,-0.2095184,-0.2415619,0.9474945,-24.69263,6.178207,-20.50113,4.104919,0.3046725,0.3522027,0.8855946,-0.1437225,-0.1391907,0.9797668,30.83948,7.734848,-32.68484,4.267044,0.592803,0.3767469,0.05073607,1.224482,-0.1796091,-0.07824802,-0.08397134,0.05383411,0.9597639,-36.48395,32.75
30,-0.1726685,-0.1434937,0.9744568,0.8454121,-0.2030334,-0.2290344,0.9519958,-24.71812,6.239807,-20.48622,4.102554,0.3044288,0.3478757,0.8813645,-0.1566315,-0.09950256,0.9826202,30.79903,7.800018,-32.694,4.454163,0.5967064,0.3670672,0.04554248,1.223106,-0.1784371,-0.07318684,-0.0852439,0.05989761,0.9597639,-36.48395,32.75
30,-0.1726685,-0.1434937,0.9744568,0.8454121,-0.2030334,-0.2290344,0.9519958,-24.71812,6.239807,-20.48622,4.102554,0.3044288,0.3478757,0.8813645,-0.1566315,-0.09950256,0.9826202,30.79903,7.800018,-32.694,4.454163,0.5967064,0.3670672,0.04554248,1.223106,-0.1784371,-0.07318684,-0.0852439,0.05989761,0.9597639,-36.48395,32.75
30,-0.1570435,-0.1400757,0.9776001,0.8583502,-0.1943817,-0.202652,0.9597473,-24.83342,6.365372,-20.49226,4.313461,0.3066985,0.3394978,0.8925311,-0.1391296,-0.110321,0.9841003,30.73225,7.864471,-32.63306,4.323151,0.5959417,0.3661455,0.04029286,1.221732,-0.1773096,-0.06858385,-0.08680762,0.06658384,0.9597639,-36.48395,32.75
30,-0.1455841,-0.1340332,0.9802094,0.8850209,-0.1704559,-0.1820221,0.968399,-24.87622,6.441193,-20.45979,4.668289,0.3040403,0.3331009,0.8935246,-0.1330566,-0.1100616,0.9849701,30.70116,7.919861,-32.6154,4.32135,0.5959991,0.363882,0.03494132,1.220307,-0.1762445,-0.06405947,-0.08857183,0.07409185,0.9405497,-36.48395,32.75
30,-0.1455841,-0.1340332,0.9802094,0.8850209,-0.1704559,-0.1820221,0.968399,-24.87622,6.441193,-20.45979,4.668289,0.3040403,0.3331009,0.8935246,-0.1330566,-0.1100616,0.9849701,30.70116,7.919861,-32.6154,4.32135,0.5959991,0.363882,0.03494132,1.220307,-0.1762445,-0.06405947,-0.08857183,0.07409185,0.9405497,-36.48395,32.75
30,-0.1697083,-0.1019745,0.9801941,0.8818556,-0.2080688,-0.1314392,0.9692383,-24.89949,6.514404,-20.517,4.896591,0.310534,0.3232204,0.8968537,-0.1517181,-0.08818054,0.9844666,30.63181,8.001266,-32.65065,4.474731,0.6019779,0.3571277,0.02941608,1.21884,-0.175243,-0.05992932,-0.09056506,0.08186714,0.9405497,-36.48395,32.75
30,-0.1697083,-0.1019745,0.9801941,0.8818556,-0.2080688,-0.1314392,0.9692383,-24.89949,6.514404,-20.517,4.896591,0.310534,0.3232204,0.8968537,-0.1517181,-0.08818054,0.9844666,30.63181,8.001266,-32.65065,4.474731,0.6019779,0.3571277,0.02941608,1.21884,-0.175243,-0.05992932,-0.09056506,0.08186714,0.9405497,-36.48395,32.75
30,-0.1847687,-0.0451355,0.9817352,0.9125556,-0.2647705,0.07304382,0.9615326,-24.42964,5.211868,-20.76335,4.185913,0.3055644,0.3339706,0.8771297,-0.1488953,-0.09608459,0.9841614,30.60942,8.02034,-32.65697,4.465836,0.6022735,0.3579305,0.0236876,1.217367,-0.174237,-0.05582218,-0.09309164,0.0902907,0.9405497,-36.48395,32.75
30,-0.1847687,-0.0451355,0.9817352,0.9125556,-0.2647705,0.07304382,0.9615326,-24.42964,5.211868,-20.76335,4.185913,0.3055644,0.3339706,0.8771297,-0.1488953,-0.09608459,0.9841614,30.60942,8.02034,-32.65697,4.465836,0.6022735,0.3579305,0.0236876,1.217367,-0.174237,-0.05582218,-0.09309164,0.0902907,0.9405497,-36.48395,32.75
30,-0.141983,-0.1303558,0.9812317,0.9427229,-0.1342163,-0.1945801,0.9716492,-24.83546,6.571686,-20.37531,4.135193,0.2973748,0.3300307,0.8823604,-0.1457825,-0.09677124,0.9845581,30.64711,8.053253,-32.68816,4.397491,0.6004072,0.3571474,0.01789844,1.215744,-0.1733839,-0.05103751,-0.09649649,0.09873874,0.9405497,-36.48395,32.75
30,-0.141983,-0.1303558,0.9812317,0.9427229,-0.1342163,-0.1945801,0.9716492,-24.83546,6.571686,-20.37531,4.135193,0.2973748,0.3300307,0.8823604,-0.1457825,-0.09677124,0.9845581,30.64711,8.053253,-32.68816,4.397491,0.6004072,0.3571474,0.01789844,1.215744,-0.1733839,-0.05103751,-0.09649649,0.09873874,0.9405497,-36.48395,32.75
30,-0.141983,-0.1303558,0.9812317,0.9427229,-0.1342163,-0.1945801,0.9716492,-24.83546,6.571686,-20.37531,4.135193,0.2973748,0.3300307,0.8823604,-0.1457825,-0.09677124,0.9845581,30.64711,8.053253,-32.68816,4.397491,0.6004072,0.3571474,0.01199496,1.214292,-0.1725752,-0.04615372,-0.099843,0.1066828,0.9405497,19.69336,32.75
30,-0.141983,-0.1303558,0.9812317,0.9427229,-0.1342163,-0.1945801,0.9716492,-24.83546,6.571686,-20.37531,4.135193,0.2973748,0.3300307,0.8823604,-0.1457825,-0.09677124,0.9845581,30.64711,8.053253,-32.68816,4.397491,0.6004072,0.3571474,0.01199496,1.214292,-0.1725752,-0.04615372,-0.099843,0.1066828,0.9405497,19.69336,32.75
30,-0.141983,-0.1303558,0.9812317,0.9427229,-0.1342163,-0.1945801,0.9716492,-24.83546,6.571686,-20.37531,4.135193,0.2973748,0.3300307,0.8823604,-0.1457825,-0.09677124,0.9845581,30.64711,8.053253,-32.68816,4.397491,0.6004072,0.3571474,0.006226897,1.213069,-0.1717151,-0.04190178,-0.1032063,0.1130874,0.9405497,19.69336,32.75
30,-0.141983,-0.1303558,0.9812317,0.9427229,-0.1342163,-0.1945801,0.9716492,-24.83546,6.571686,-20.37531,4.135193,0.2973748,0.3300307,0.8823604,-0.1457825,-0.09677124,0.9845581,30.64711,8.053253,-32.68816,4.397491,0.6004072,0.3571474,0.006226897,1.213069,-0.1717151,-0.04190178,-0.1032063,0.1130874,0.9405497,19.69336,32.75
30,-0.1536255,-0.0632019,0.9860992,0.9779087,-0.2555847,0.1045532,0.9611053,-24.62619,5.56926,-20.78261,4.353424,0.3102165,0.3176547,0.904259,-0.145401,-0.07620239,0.9864197,30.45067,8.250687,-32.60606,4.335724,0.6075778,0.3452223,0.0005831718,1.211507,-0.1710835,-0.03744118,-0.1070532,0.1198215,0.9405497,19.69336,32.75
30,-0.1536255,-0.0632019,0.9860992,0.9779087,-0.2555847,0.1045532,0.9611053,-24.62619,5.56926,-20.78261,4.353424,0.3102165,0.3176547,0.904259,-0.145401,-0.07620239,0.9864197,30.45067,8.250687,-32.60606,4.335724,0.6075778,0.3452223,0.0005831718,1.211507,-0.1710835,-0.03744118,-0.1070532,0.1198215,0.9405497,19.69336,32.75
30,-0.1673889,-0.0650177,0.9837341,0.9775186,-0.2574005,0.07824707,0.9631195,-24.84393,5.622787,-20.79688,4.164505,0.3175383,0.3202235,0.914143,-0.1646423,-0.06922913,0.9839172,30.26958,8.327576,-32.6227,4.354446,0.6177143,0.3411312,-0.004784346,1.209656,-0.1706195,-0.03239144,-0.1107378,0.1268514,0.9405497,19.69336,32.75
30,-0.1673889,-0.0650177,0.9837341,0.9775186,-0.2574005,0.07824707,0.9631195,-24.84393,5.622787,-20.79688,4.164505,0.3175383,0.3202235,0.914143,-0.1646423,-0.06922913,0.9839172,30.26958,8.327576,-32.6227,4.354446,0.6177143,0.3411312,-0.004784346,1.209656,-0.1706195,-0.03239144,-0.1107378,0.1268514,0.9405497,19.69336,32.75
30,-0.188446,-0.02885437,0.9816437,0.972743,-0.3159637,0.1388397,0.9385529,-24.86263,5.464478,-20.91179,4.405899,0.3275274,0.3172592,0.9332946,-0.1570587,-0.06826782,0.9852142,30.14563,8.35437,-32.63153,4.354111,0.6208865,0.3399096,-0.009745598,1.207227,-0.170424,-0.02592464,-0.1144869,0.1338685,0.9405497,19.69336,32.75
30,-0.188446,-0.02885437,0.9816437,0.972743,-0.3159637,0.1388397,0.9385529,-24.86263,5.464478,-20.91179,4.405899,0.3275274,0.3172592,0.9332946,-0.1570587,-0.06826782,0.9852142,30.14563,8.35437,-32.63153,4.354111,0.6208865,0.3399096,-0.009745598,1.207227,-0.170424,-0.02592464,-0.1144869,0.1338685,0.9405497,19.69336,32.75
30,-0.1678925,-0.02444458,0.9854889,0.9728606,-0.2414703,0.104126,0.964798,-24.85835,5.374771,-20.83116,4.652222,0.3149838,0.3243264,0.9151085,-0.1322021,-0.08436584,0.9876099,30.27254,8.074524,-32.62186,4.40126,0.6114995,0.3532343,-0.01433301,1.204752,-0.1701865,-0.01872775,-0.1177046,0.1411057,0.9405497,19.69336,32.75
30,-0.1678925,-0.02444458,0.9854889,0.9728606,-0.2414703,0.104126,0.964798,-24.85835,5.374771,-20.83116,4.652222,0.3149838,0.3243264,0.9151085,-0.1322021,-0.08436584,0.9876099,30.27254,8.074524,-32.62186,4.40126,0.6114995,0.3532343,-0.01433301,1.204752,-0.1701865,-0.01872775,-0.1177046,0.1411057,0.9405497,19.69336,32.75
30,-0.08096313,-0.1571808,0.9842377,0.9625576,-0.09082031,-0.1723938,0.9808197,-25.17725,7.058929,-24.07175,4.536255,0.2951133,0.3362598,0.9080417,-0.08096313,-0.1571808,0.9842377,30.46495,7.803665,-32.60478,4.2621,0.5950283,0.3765921,-0.01894677,1.202579,-0.1699778,-0.01232366,-0.1206045,0.1485617,0.9405497,19.69336,32.75
30,-0.08096313,-0.1571808,0.9842377,0.9625576,-0.09082031,-0.1723938,0.9808197,-25.17725,7.058929,-24.07175,4.536255,0.2951133,0.3362598,0.9080417,-0.08096313,-0.1571808,0.9842377,30.46495,7.803665,-32.60478,4.2621,0.5950283,0.3765921,-0.01894677,1.202579,-0.1699778,-0.01232366,-0.1206045,0.1485617,0.9405497,19.69336,32.75
30,-0.05477905,-0.2008514,0.9780731,0.9431782,-0.08604431,-0.2402039,0.9668884,-24.92407,7.02681,-24.92984,4.521713,0.2845574,0.3555046,0.9141096,-0.05477905,-0.2008514,0.9780731,30.76976,7.581238,-32.66287,4.319351,0.5793825,0.3932689,-0.02342904,1.200259,-0.1698909,-0.005745091,-0.1238341,0.1557019,0.9405497,19.69336,32.75
30,-0.05477905,-0.2008514,0.9780731,0.9431782,-0.08604431,-0.2402039,0.9668884,-24.92407,7.02681,-24.92984,4.521713,0.2845574,0.3555046,0.9141096,-0.05477905,-0.2008514,0.9780731,30.76976,7.581238,-32.66287,4.319351,0.5793825,0.3932689,-0.02342904,1.200259,-0.1698909,-0.005745091,-0.1238341,0.1557019,0.9405497,19.69336,32.75
30,-0.01991272,-0.2375641,0.9711609,0.8564677,-0.07014465,-0.3087158,0.9485626,-24.60989,6.642975,-24.58556,4.359039,0.2723436,0.3777486,0.8716095,-0.01991272,-0.2375641,0.9711609,30.93146,7.345734,-32.72119,4.394363,0.5674314,0.4090303,-0.02782845,1.197975,-0.1698457,0.0007720405,-0.1271941,0.1628856,0.9405497,17.90759,32.75
30,-0.01991272,-0.2375641,0.9711609,0.8564677,-0.07014465,-0.3087158,0.9485626,-24.60989,6.642975,-24.58556,4.359039,0.2723436,0.3777486,0.8716095,-0.01991272,-0.2375641,0.9711609,30.93146,7.345734,-32.72119,4.394363,0.5674314,0.4090303,-0.02782845,1.197975,-0.1698457,0.0007720405,-0.1271941,0.1628856,0.9405497,17.90759,32.75
30,-0.007797241,-0.2571564,0.9663239,0.821265,-0.02848816,-0.3190308,0.9473114,-24.72939,6.773285,-25.86729,4.256912,0.2668922,0.3848207,0.8532826,-0.007797241,-0.2571564,0.9663239,31.01627,7.232864,-32.75967,4.319183,0.5622594,0.417091,-0.03203046,1.19576,-0.1698005,0.007529868,-0.1305652,0.1695996,0.9405497,30.76074,32.75
30,-0.007797241,-0.2571564,0.9663239,0.821265,-0.02848816,-0.3190308,0.9473114,-24.72939,6.773285,-25.86729,4.256912,0.2668922,0.3848207,0.8532826,-0.007797241,-0.2571564,0.9663239,31.01627,7.232864,-32.75967,4.319183,0.5622594,0.417091,-0.03203046,1.19576,-0.1698005,0.007529868,-0.1305652,0.1695996,0.9405497,30.76074,32.75
30,-0.0009765625,-0.277359,0.9607544,0.7947592,-0.06182861,-0.3349609,0.9401855,-24.54965,6.248657,-23.48994,4.425385,0.2709073,0.386799,0.8107206,-0.0009765625,-0.277359,0.9607544,30.98392,7.27594,-32.74124,4.216736,0.562196,0.4192397,-0.03604889,1.193501,-0.1696539,0.01454994,-0.133547,0.1763467,0.9405497,30.76074,32.75
30,-0.0009765625,-0.277359,0.9607544,0.7947592,-0.06182861,-0.3349609,0.9401855,-24.54965,6.248657,-23.48994,4.425385,0.2709073,0.386799,0.8107206,-0.0009765625,-0.277359,0.9607544,30.98392,7.27594,-32.74124,4.216736,0.562196,0.4192397,-0.03604889,1.193501,-0.1696539,0.01454994,-0.133547,0.1763467,0.9405497,30.76074,32.75
30,-0.00920105,-0.2666473,0.9637451,0.8040622,-0.0369873,-0.2958374,0.9545135,-24.83646,6.643616,-25.16911,4.594513,0.2734089,0.3798716,0.7990722,-0.00920105,-0.2666473,0.9637451,30.93666,7.303711,-32.72911,4.263657,0.5653279,0.4160948,-0.03993428,1.191284,-0.1694707,0.02117454,-0.1366635,0.1826243,0.9405497,30.76074,32.75
30,-0.00920105,-0.2666473,0.9637451,0.8040622,-0.0369873,-0.2958374,0.9545135,-24.83646,6.643616,-25.16911,4.594513,0.2734089,0.3798716,0.7990722,-0.00920105,-0.2666473,0.9637451,30.93666,7.303711,-32.72911,4.263657,0.5653279,0.4160948,-0.03993428,1.191284,-0.1694707,0.02117454,-0.1366635,0.1826243,0.9405497,30.76074,32.75
30,-0.01339722,-0.2566528,0.9664001,0.8110027,-0.008285522,-0.3339233,0.9425507,-24.92581,6.719147,-25.41241,4.135529,0.2712699,0.3860067,0.8122506,-0.01339722,-0.2566528,0.9664001,30.88603,7.355728,-32.70869,4.42601,0.5679026,0.4121132,-0.04359591,1.189069,-0.16922,0.02839047,-0.1398828,0.1877037,0.9405497,30.76074,32.75
30,-0.01339722,-0.2566528,0.9664001,0.8110027,-0.008285522,-0.3339233,0.9425507,-24.92581,6.719147,-25.41241,4.135529,0.2712699,0.3860067,0.8122506,-0.01339722,-0.2566528,0.9664001,30.88603,7.355728,-32.70869,4.42601,0.5679026,0.4121132,-0.04359591,1.189069,-0.16922,0.02839047,-0.1398828,0.1877037,0.9405497,30.76074,32.75
30,-0.01643372,-0.2427368,0.9699402,0.8462219,-0.02139282,-0.3050842,0.9520721,-25.09561,6.803162,-26.1158,3.920593,0.2782409,0.3839388,0.8448659,-0.01643372,-0.2427368,0.9699402,30.79613,7.371552,-32.70128,4.356476,0.5716386,0.4088977,-0.04697835,1.18659,-0.1690497,0.03543089,-0.1430386,0.1932342,0.9405497,30.76074,32.75
30,-0.01643372,-0.2427368,0.9699402,0.8462219,-0.02139282,-0.3050842,0.9520721,-25.09561,6.803162,-26.1158,3.920593,0.2782409,0.3839388,0.8448659,-0.01643372,-0.2427368,0.9699402,30.79613,7.371552,-32.70128,4.356476,0.5716386,0.4088977,-0.04697835,1.18659,-0.1690497,0.03543089,-0.1430386,0.1932342,0.9405497,30.76074,32.75
30,-0.02189636,-0.2482147,0.9684448,0.8681751,-0.07949829,-0.2706604,0.9593811,-25.19418,6.841354,-26.25723,4.394775,0.2908751,0.3779101,0.8557007,-0.02189636,-0.2482147,0.9684448,30.71706,7.394989,-32.69359,4.165161,0.5753757,0.4090952,-0.05039632,1.183976,-0.1689507,0.04249608,-0.1464253,0.1986396,0.9405497,30.76074,32.75
30,-0.02189636,-0.2482147,0.9684448,0.8681751,-0.07949829,-0.2706604,0.9593811,-25.19418,6.841354,-26.25723,4.394775,0.2908751,0.3779101,0.8557007,-0.02189636,-0.2482147,0.9684448,30.71706,7.394989,-32.69359,4.165161,0.5753757,0.4090952,-0.05039632,1.183976,-0.1689507,0.04249608,-0.1464253,0.1986396,0.9405497,30.76074,32.75
30,-0.03234863,-0.2409515,0.969986,0.886756,-0.07327271,-0.2608185,0.9625854,-25.20821,6.882156,-26.31119,4.52565,0.2900549,0.3750243,0.8748102,-0.03207397,-0.2408295,0.9700317,30.65898,7.467819,-32.67155,4.035065,0.5792217,0.4049656,-0.05373299,1.181434,-0.1687642,0.04933378,-0.1506661,0.2032716,0.9405497,30.76074,32.75
30,-0.03234863,-0.2409515,0.969986,0.886756,-0.07327271,-0.2608185,0.9625854,-25.20821,6.882156,-26.31119,4.52565,0.2900549,0.3750243,0.8748102,-0.03207397,-0.2408295,0.9700317,30.65898,7.467819,-32.67155,4.035065,0.5792217,0.4049656,-0.05373299,1.181434,-0.1687642,0.04933378,-0.1506661,0.2032716,0.9405497,30.76074,32.75
30,-0.03993225,-0.2418518,0.9694824,0.8879569,-0.07177734,-0.2535553,0.9646454,-25.23586,6.888611,-26.31119,4.523819,0.2907453,0.3735181,0.8845379,-0.02757263,-0.2372437,0.9710541,30.62698,7.534317,-32.65837,4.073868,0.5795997,0.4017676,-0.05544186,1.180244,-0.1685311,0.05296122,-0.1528994,0.2055497,0.9405497,30.76074,32.75
31,-0.07775879,-0.1647949,0.9832458,0.887197,-0.06640625,-0.2370453,0.969223,-25.3334,6.781067,-25.29552,4.601227,0.294504,0.3660274,0.9028045,-0.07789612,-0.1639557,0.9833832,30.57344,7.565338,-32.65048,4.482056,0.5905288,0.3868242,-0.0586884,1.177625,-0.1683291,0.06047102,-0.1573393,0.2099536,0.9405497,9.279022,32.75
31,-0.07775879,-0.1647949,0.9832458,0.887197,-0.06640625,-0.2370453,0.969223,-25.3334,6.781067,-25.29552,4.601227,0.294504,0.3660274,0.9028045,-0.07789612,-0.1639557,0.9833832,30.57344,7.565338,-32.65048,4.482056,0.5905288,0.3868242,-0.0586884,1.177625,-0.1683291,0.06047102,-0.1573393,0.2099536,0.9405497,9.279022,32.75
31,-0.06437683,-0.1843719,0.9807434,0.9050485,-0.08543396,-0.1954498,0.9769745,-25.43561,6.892502,-25.70438,4.637772,0.3009016,0.3589133,0.8849919,-0.06436157,-0.1843719,0.9807434,30.53032,7.578339,-32.65147,4.384552,0.5896546,0.3901518,-0.06028187,1.176332,-0.1682469,0.06408575,-0.159535,0.212064,0.9405497,9.279022,32.75
31,-0.07447815,-0.1833954,0.9802094,0.8916823,-0.07681274,-0.2165222,0.9732361,-25.4985,6.874344,-25.54245,4.455414,0.3018423,0.3618461,0.8940692,-0.07447815,-0.1833801,0.9802094,30.47614,7.640778,-32.64975,4.521698,0.5934247,0.3876562,-0.06188858,1.175049,-0.1681539,0.06770447,-0.1616756,0.2141944,0.9405497,9.279022,32.75
31,-0.074646,-0.1832581,0.9802094,0.9144459,-0.07574463,-0.2383728,0.9682007,-25.65524,7.147781,-26.44846,4.147018,0.3058825,0.3638543,0.8887832,-0.074646,-0.1832581,0.9802094,30.42729,7.687454,-32.65401,4.363419,0.5952126,0.3860343,-0.06511009,1.172447,-0.1679493,0.07492284,-0.1663711,0.2186282,0.9405497,9.279022,32.75
31,-0.074646,-0.1832581,0.9802094,0.9144459,-0.07574463,-0.2383728,0.9682007,-25.65524,7.147781,-26.44846,4.147018,0.3058825,0.3638543,0.8887832,-0.074646,-0.1832581,0.9802094,30.42729,7.687454,-32.65401,4.363419,0.5952126,0.3860343,-0.06511009,1.172447,-0.1679493,0.07492284,-0.1663711,0.2186282,0.9405497,9.279022,32.75
31,-0.07328796,-0.180542,0.9808197,0.9199146,-0.0826416,-0.2119446,0.9737701,-25.69528,7.197479,-26.62463,4.284943,0.3080187,0.3588251,0.8797605,-0.07328796,-0.180542,0.9808197,30.35814,7.69017,-32.64194,4.407104,0.5974551,0.3852811,-0.06668079,1.170929,-0.1676222,0.0788182,-0.1689846,0.2210931,0.9405497,9.279022,32.75
31,-0.07376099,-0.1803284,0.980835,0.8940807,-0.06950378,-0.2368774,0.9690399,-25.71283,7.123077,-26.32686,4.291306,0.3067521,0.3632565,0.8588818,-0.07376099,-0.1803284,0.980835,30.33652,7.675003,-32.64282,4.36821,0.5983029,0.3858109,-0.06827915,1.169537,-0.1675473,0.08293257,-0.1716865,0.2235924,0.9405497,9.279022,32.75
31,-0.07376099,-0.1803284,0.980835,0.8940807,-0.06950378,-0.2368774,0.9690399,-25.71283,7.123077,-26.32686,4.291306,0.3067521,0.3632565,0.8588818,-0.07376099,-0.1803284,0.980835,30.33652,7.675003,-32.64282,4.36821,0.5983029,0.3858109,-0.06827915,1.169537,-0.1675473,0.08293257,-0.1716865,0.2235924,0.9405497,9.279022,32.75
31,-0.05307007,-0.1985779,0.9786377,0.8495172,-0.04969788,-0.2002106,0.9784851,-25.50807,6.968445,-26.45663,4.348557,0.2961634,0.3625102,0.8457223,-0.05307007,-0.1985779,0.9786377,30.43127,7.540039,-32.66052,4.455887,0.5911964,0.3942009,-0.07144773,1.166455,-0.1673093,0.09189033,-0.1771157,0.2279074,0.9405497,9.279022,32.75
31,-0.02796936,-0.2294312,0.9729156,0.7971728,-0.07818604,-0.2521057,0.9645233,-25.1906,6.62088,-26.07434,4.538315,0.2907758,0.3805165,0.8115684,-0.02793884,-0.2294159,0.9729156,30.68823,7.313477,-32.71762,4.232376,0.5774769,0.4086673,-0.07312334,1.164783,-0.1672654,0.09684701,-0.1798642,0.2299586,0.9405497,9.279022,32.75
31,-0.02796936,-0.2294312,0.9729156,0.7971728,-0.07818604,-0.2521057,0.9645233,-25.1906,6.62088,-26.07434,4.538315,0.2907758,0.3805165,0.8115684,-0.02793884,-0.2294159,0.9729156,30.68823,7.313477,-32.71762,4.232376,0.5774769,0.4086673,-0.07312334,1.164783,-0.1672654,0.09684701,-0.1798642,0.2299586,0.9405497,9.279022,32.75
31,-0.00402832,-0.251709,0.9677887,0.7268162,-0.04031372,-0.29953,0.9532166,-24.86757,6.064148,-24.6479,4.681305,0.2755405,0.395309,0.7355239,-0.00402832,-0.251709,0.9677887,30.83972,7.051132,-32.78806,4.191162,0.5678394,0.4228461,-0.0760349,1.161313,-0.1672418,0.1074773,-0.1856751,0.234618,0.9405497,9.279022,32.75
31,0.01933289,-0.2792969,0.9599915,0.7072958,0.03463745,-0.3353882,0.9414368,-24.67799,5.835663,-24.45818,4.515686,0.2577493,0.4078338,0.7425225,0.01933289,-0.2792969,0.9599915,30.94469,6.880661,-32.85712,4.175812,0.5600025,0.434716,-0.07763517,1.159499,-0.1672986,0.1132186,-0.1887826,0.237329,0.9405497,9.279022,32.75
31,0.02458191,-0.2770538,0.9605255,0.6964772,0.04933167,-0.3122101,0.9487305,-24.62503,6.129501,-26.81619,4.370178,0.2486216,0.4127363,0.7573145,0.02458191,-0.2770538,0.9605255,31.08051,6.707062,-32.90625,4.369339,0.5542771,0.4408448,-0.08078253,1.155327,-0.167459,0.1248052,-0.1957456,0.2428917,0.9405497,-31.11447,32.75
31,0.02458191,-0.2770538,0.9605255,0.6964772,0.04933167,-0.3122101,0.9487305,-24.62503,6.129501,-26.81619,4.370178,0.2486216,0.4127363,0.7573145,0.02458191,-0.2770538,0.9605255,31.08051,6.707062,-32.90625,4.369339,0.5542771,0.4408448,-0.08078253,1.155327,-0.167459,0.1248052,-0.1957456,0.2428917,0.9405497,-31.11447,32.75
31,0.02458191,-0.2770538,0.9605255,0.6964772,0.04933167,-0.3122101,0.9487305,-24.62503,6.129501,-26.81619,4.370178,0.2486216,0.4127363,0.7573145,0.02458191,-0.2770538,0.9605255,31.08051,6.707062,-32.90625,4.369339,0.5542771,0.4408448,-0.08237588,1.153335,-0.1676029,0.1304573,-0.1995863,0.2451991,0.9405497,-31.11447,32.75
31,0.02458191,-0.2770538,0.9605255,0.6964772,0.04933167,-0.3122101,0.9487305,-24.62503,6.129501,-26.81619,4.370178,0.2486216,0.4127363,0.7573145,0.02458191,-0.2770538,0.9605255,31.08051,6.707062,-32.90625,4.369339,0.5542771,0.4408448,-0.0839119,1.151522,-0.1677095,0.1354163,-0.2036957,0.24719,0.9405497,-31.11447,32.75
31,0.02458191,-0.2770538,0.9605255,0.6964772,0.04933167,-0.3122101,0.9487305,-24.62503,6.129501,-26.81619,4.370178,0.2486216,0.4127363,0.7573145,0.02458191,-0.2770538,0.9605255,31.08051,6.707062,-32.90625,4.369339,0.5542771,0.4408448,-0.08736944,1.148119,-0.1676865,0.1438755,-0.2113045,0.2511338,0.9405497,-31.11447,32.75
31,0.02458191,-0.2770538,0.9605255,0.6964772,0.04933167,-0.3122101,0.9487305,-24.62503,6.129501,-26.81619,4.370178,0.2486216,0.4127363,0.7573145,0.02458191,-0.2770538,0.9605255,31.08051,6.707062,-32.90625,4.369339,0.5542771,0.4408448,-0.08736944,1.148119,-0.1676865,0.1438755,-0.2113045,0.2511338,0.9405497,-31.11447,32.75
31,0.02458191,-0.2770538,0.9605255,0.6964772,0.04933167,-0.3122101,0.9487305,-24.62503,6.129501,-26.81619,4.370178,0.2486216,0.4127363,0.7573145,0.02458191,-0.2770538,0.9605255,31.08051,6.707062,-32.90625,4.369339,0.5542771,0.4408448,-0.08909929,1.146541,-0.1676277,0.1472595,-0.2150244,0.2533995,0.9405497,-31.11447,32.75
31,0.04307556,-0.3608551,0.9316101,0.7034825,0.04055786,-0.3703156,0.928009,-24.6114,5.923447,-25.47571,4.338989,0.2513942,0.4185623,0.7455077,0.04307556,-0.3608551,0.9316101,31.11098,6.860657,-32.89874,3.679642,0.5498374,0.4516277,-0.09085381,1.144949,-0.1674979,0.150372,-0.218647,0.2557639,0.9405497,-31.11447,32.75
31,0.008895874,-0.2860718,0.9581604,0.708065,0.01496887,-0.2493439,0.9682922,-24.82994,6.202103,-26.12865,5.146439,0.2622145,0.3932585,0.7560695,0.008895874,-0.2860718,0.9581604,30.9897,6.952621,-32.83437,4.19397,0.5602273,0.4332193,-0.09256661,1.143414,-0.1673453,0.153667,-0.222241,0.2579079,0.9405497,-31.11447,32.75
31,-0.004211426,-0.2602081,0.9655304,0.7023538,-0.02485657,-0.2919464,0.9561005,-24.9196,6.148438,-25.91998,4.841766,0.272541,0.4013158,0.7689995,-0.004211426,-0.2602081,0.9655304,30.91881,6.957596,-32.82016,4.275955,0.5650572,0.4280223,-0.09591377,1.140403,-0.167307,0.159236,-0.2292524,0.2617106,0.9405497,-31.11447,32.75
31,-0.004211426,-0.2602081,0.9655304,0.7023538,-0.02485657,-0.2919464,0.9561005,-24.9196,6.148438,-25.91998,4.841766,0.272541,0.4013158,0.7689995,-0.004211426,-0.2602081,0.9655304,30.91881,6.957596,-32.82016,4.275955,0.5650572,0.4280223,-0.09591377,1.140403,-0.167307,0.159236,-0.2292524,0.2617106,0.9405497,-31.11447,32.75
31,-0.0177002,-0.2328339,0.9723511,0.7109978,-0.03341675,-0.2631836,0.9641571,-25.05736,6.185883,-25.97026,4.913727,0.2788093,0.3957495,0.7872598,-0.0177002,-0.2328339,0.9723511,30.84875,6.962448,-32.8116,4.231903,0.5699108,0.422664,-0.09753335,1.138952,-0.1672837,0.1617936,-0.2327406,0.2637704,0.9405497,-31.11447,32.75
31,-0.015625,-0.2398682,0.9706726,0.7190211,-0.06523132,-0.2750702,0.959198,-25.2075,6.25412,-26.31776,4.594086,0.2888674,0.3988183,0.7967516,-0.01559448,-0.2398376,0.9706726,30.7749,6.997192,-32.80589,4.212708,0.5721765,0.4226927,-0.09915173,1.137535,-0.1672446,0.1640341,-0.2360316,0.2661316,0.9405497,-31.11447,32.75
31,-0.02146912,-0.2533569,0.9671326,0.7190211,-0.05355835,-0.3039703,0.9511719,-25.24849,6.259064,-26.3131,4.418472,0.2884149,0.4037845,0.7967516,-0.02137756,-0.2532196,0.9671631,30.73141,7.001114,-32.8114,4.260483,0.5747442,0.425097,-0.1023782,1.134728,-0.1672266,0.168452,-0.2423006,0.2709214,0.9405497,-31.11447,32.75
31,-0.02146912,-0.2533569,0.9671326,0.7190211,-0.05355835,-0.3039703,0.9511719,-25.24849,6.259064,-26.3131,4.418472,0.2884149,0.4037845,0.7967516,-0.02137756,-0.2532196,0.9671631,30.73141,7.001114,-32.8114,4.260483,0.5747442,0.425097,-0.1023782,1.134728,-0.1672266,0.168452,-0.2423006,0.2709214,0.9405497,-31.11447,32.75
31,-0.04032898,-0.2299957,0.9723511,0.7216271,-0.04389954,-0.2928009,0.9551544,-25.29193,6.334152,-26.95166,4.380493,0.2874147,0.4045643,0.7887663,-0.04031372,-0.2298889,0.9723663,30.6716,6.96312,-32.8203,4.471405,0.5802324,0.4221316,-0.1039003,1.133216,-0.1672632,0.1707219,-0.245556,0.273297,0.9405497,29.37494,32.75
31,-0.02085876,-0.2585144,0.9657745,0.7482322,-0.06460571,-0.2720947,0.960083,-25.29503,6.020859,-26.26559,4.84111,0.2917042,0.4056811,0.784707,-0.02075195,-0.2584839,0.9657745,30.6563,6.825439,-32.86681,4.474686,0.5773423,0.4327691,-0.1052662,1.131747,-0.1673066,0.1734104,-0.2486281,0.2758328,0.9405497,29.37494,32.75
31,-0.005325317,-0.274353,0.9616089,0.7670029,-0.02897644,-0.3199463,0.9469757,-25.16805,5.76915,-26.23737,4.359222,0.2818324,0.422345,0.7802297,-0.004440308,-0.2726593,0.9620819,30.69165,6.615494,-32.93048,4.323563,0.5731932,0.4435065,-0.1052662,1.131747,-0.1673066,0.1734104,-0.2486281,0.2758328,0.9405497,29.37494,32.75
31,-0.003570557,-0.2641144,0.9644775,0.7580508,-0.01153564,-0.2837677,0.9588165,-25.15002,5.627747,-26.12083,4.572891,0.2783611,0.4194118,0.8113455,-0.003051758,-0.2628174,0.9648285,30.69606,6.524719,-32.95024,4.470947,0.5728146,0.4450297,-0.1079284,1.128645,-0.1676787,0.179693,-0.2545066,0.280301,0.9405497,29.37494,32.75
31,-0.003570557,-0.2641144,0.9644775,0.7580508,-0.01153564,-0.2837677,0.9588165,-25.15002,5.627747,-26.12083,4.572891,0.2783611,0.4194118,0.8113455,-0.003051758,-0.2628174,0.9648285,30.69606,6.524719,-32.95024,4.470947,0.5728146,0.4450297,-0.1079284,1.128645,-0.1676787,0.179693,-0.2545066,0.280301,0.9405497,29.37494,32.75
31,-0.001052856,-0.296936,0.954895,0.7696456,0.04815674,-0.381958,0.9229126,-25.09032,5.467026,-25.97339,3.876587,0.2667946,0.4414537,0.8163693,-0.002944946,-0.2936096,0.9559174,30.71979,6.428574,-32.98753,4.418884,0.5719384,0.4545895,-0.1105353,1.125565,-0.1679466,0.1862237,-0.2599352,0.2846267,0.9405497,29.37494,32.75
31,-0.001403809,-0.3118439,0.950119,0.7732574,0.02131653,-0.3919678,0.9197235,-25.10144,5.382248,-25.80025,4.20285,0.2717712,0.4444749,0.8179013,-0.001907349,-0.3100586,0.9506989,30.73183,6.360153,-33.01967,4.4319,0.5713385,0.4604186,-0.1129795,1.122589,-0.1681746,0.1923933,-0.2643653,0.2882823,0.9405497,29.37494,32.75
31,0.001617432,-0.314682,0.9491882,0.7729434,0.0219574,-0.3750916,0.926712,-25.22276,5.454758,-26.521,4.269913,0.2747407,0.4452109,0.8343483,-0.0004730225,-0.3083191,0.9512634,30.68936,6.355667,-33.01151,4.416718,0.5725972,0.4601798,-0.1152779,1.119585,-0.1683437,0.1981956,-0.2681646,0.2924975,0.9405497,29.37494,32.75
31,0.001617432,-0.314682,0.9491882,0.7729434,0.0219574,-0.3750916,0.926712,-25.22276,5.454758,-26.521,4.269913,0.2747407,0.4452109,0.8343483,-0.0004730225,-0.3083191,0.9512634,30.68936,6.355667,-33.01151,4.416718,0.5725972,0.4601798,-0.1152779,1.119585,-0.1683437,0.1981956,-0.2681646,0.2924975,0.9405497,29.37494,32.75
31,0.001617432,-0.314682,0.9491882,0.7729434,0.0219574,-0.3750916,0.926712,-25.22276,5.454758,-26.521,4.269913,0.2747407,0.4452109,0.8343483,-0.0004730225,-0.3083191,0.9512634,30.68936,6.355667,-33.01151,4.416718,0.5725972,0.4601798,-0.1152779,1.119585,-0.1683437,0.1981956,-0.2681646,0.2924975,0.9405497,29.37494,32.75
31,-0.01737976,-0.3110657,0.9502106,0.7656702,-0.02107239,-0.3000641,0.9536743,-25.33414,5.433029,-26.29831,4.898529,0.2857164,0.4303347,0.8225272,-0.01733398,-0.311203,0.9501801,30.6391,6.394379,-33.00528,4.393784,0.5773304,0.4593055,-0.117426,1.116901,-0.1684697,0.2042494,-0.2712754,0.296151,0.9405497,29.37494,32.75
31,-0.01737976,-0.3110657,0.9502106,0.7656702,-0.02107239,-0.3000641,0.9536743,-25.33414,5.433029,-26.29831,4.898529,0.2857164,0.4303347,0.8225272,-0.01733398,-0.311203,0.9501801,30.6391,6.394379,-33.00528,4.393784,0.5773304,0.4593055,-0.117426,1.116901,-0.1684697,0.2042494,-0.2712754,0.296151,0.9405497,29.37494,32.75
31,-0.0279541,-0.2914886,0.9561615,0.7801235,-0.04658508,-0.3273773,0.9437408,-25.43924,5.489059,-26.29871,4.609009,0.2937612,0.4337348,0.8489279,-0.02781677,-0.2911987,0.9562531,30.53799,6.47731,-32.98218,4.40625,0.582777,0.4523782,-0.1195732,1.114309,-0.1685047,0.2096016,-0.2741398,0.2988733,0.9405497,29.37494,32.75
31,-0.0279541,-0.2914886,0.9561615,0.7801235,-0.04658508,-0.3273773,0.9437408,-25.43924,5.489059,-26.29871,4.609009,0.2937612,0.4337348,0.8489279,-0.02781677,-0.2911987,0.9562531,30.53799,6.47731,-32.98218,4.40625,0.582777,0.4523782,-0.1195732,1.114309,-0.1685047,0.2096016,-0.2741398,0.2988733,0.9405497,29.37494,32.75
31,-0.03489685,-0.2595978,0.9650726,0.8136175,-0.04962158,-0.2939606,0.9545135,-25.53426,5.545639,-26.26088,4.782562,0.2975007,0.4255873,0.8380177,-0.03182983,-0.2523804,0.9671021,30.50745,6.563126,-32.9406,4.478241,0.5845802,0.4416409,-0.1215688,1.111814,-0.1684566,0.2146497,-0.2762925,0.3014657,0.9405497,29.37494,32.75
31,-0.0431366,-0.2795868,0.959137,0.8211068,-0.04576111,-0.2910614,0.9555969,-25.6337,5.603622,-26.24562,4.802231,0.3002642,0.4230475,0.8658127,-0.04174805,-0.2734375,0.960968,30.45753,6.583008,-32.94817,4.527237,0.5881087,0.4449453,-0.1234876,1.109245,-0.1684173,0.2193602,-0.2778127,0.3052412,0.9405497,37.32358,32.75
31,-0.0431366,-0.2795868,0.959137,0.8211068,-0.04576111,-0.2910614,0.9555969,-25.6337,5.603622,-26.24562,4.802231,0.3002642,0.4230475,0.8658127,-0.04174805,-0.2734375,0.960968,30.45753,6.583008,-32.94817,4.527237,0.5881087,0.4449453,-0.1234876,1.109245,-0.1684173,0.2193602,-0.2778127,0.3052412,0.9405497,37.32358,32.75
31,-0.0431366,-0.2795868,0.959137,0.8211068,-0.04576111,-0.2910614,0.9555969,-25.6337,5.603622,-26.24562,4.802231,0.3002642,0.4230475,0.8658127,-0.04174805,-0.2734375,0.960968,30.45753,6.583008,-32.94817,4.527237,0.5881087,0.4449453,-0.1234876,1.109245,-0.1684173,0.2193602,-0.2778127,0.3052412,0.9405497,37.32358,32.75
31,-0.03488159,-0.2704315,0.9620972,0.8356172,-0.0302124,-0.2796936,0.9595947,-25.74272,5.591125,-26.27199,4.777145,0.3014144,0.4216961,0.862972,-0.03985596,-0.2604675,0.9646454,30.38875,6.555786,-32.96327,4.353912,0.5902275,0.4436638,-0.1252261,1.106774,-0.1683533,0.2237491,-0.2791813,0.3087794,0.9405497,37.32358,32.75
31,-0.03488159,-0.2704315,0.9620972,0.8356172,-0.0302124,-0.2796936,0.9595947,-25.74272,5.591125,-26.27199,4.777145,0.3014144,0.4216961,0.862972,-0.03985596,-0.2604675,0.9646454,30.38875,6.555786,-32.96327,4.353912,0.5902275,0.4436638,-0.1252261,1.106774,-0.1683533,0.2237491,-0.2791813,0.3087794,0.9405497,37.32358,32.75
31,-0.06433105,-0.2239532,0.9724579,0.8463511,-0.07337952,-0.2268982,0.9711456,-25.67766,5.535141,-26.27455,4.888,0.3063486,0.414524,0.881456,-0.05545044,-0.2210541,0.9736786,30.38542,6.600876,-32.93517,4.725845,0.5931473,0.4344051,-0.1270028,1.104457,-0.1683494,0.2277833,-0.2810603,0.3115531,0.9405497,37.32358,32.75
31,-0.06433105,-0.2239532,0.9724579,0.8463511,-0.07337952,-0.2268982,0.9711456,-25.67766,5.535141,-26.27455,4.888,0.3063486,0.414524,0.881456,-0.05545044,-0.2210541,0.9736786,30.38542,6.600876,-32.93517,4.725845,0.5931473,0.4344051,-0.1270028,1.104457,-0.1683494,0.2277833,-0.2810603,0.3115531,0.9405497,37.32358,32.75
31,-0.04216003,-0.2476349,0.967926,0.8684999,-0.03382874,-0.282608,0.9586334,-25.72488,5.597672,-26.27641,4.420303,0.3016239,0.4221735,0.8645318,-0.05072021,-0.2110748,0.9761353,30.36591,6.660217,-32.91638,4.654434,0.5930208,0.4302687,-0.1289223,1.10224,-0.1682476,0.2314187,-0.2829787,0.3142537,0.9405497,37.32358,32.75
31,-0.04216003,-0.2476349,0.967926,0.8684999,-0.03382874,-0.282608,0.9586334,-25.72488,5.597672,-26.27641,4.420303,0.3016239,0.4221735,0.8645318,-0.05072021,-0.2110748,0.9761353,30.36591,6.660217,-32.91638,4.654434,0.5930208,0.4302687,-0.1289223,1.10224,-0.1682476,0.2314187,-0.2829787,0.3142537,0.9405497,37.32358,32.75
31,-0.04496765,-0.254776,0.9659424,0.914992,-0.03982544,-0.2897644,0.9562531,-25.77696,5.658127,-26.26929,4.224503,0.3045048,0.421519,0.9020264,-0.05166626,-0.207962,0.9767609,30.35829,6.696014,-32.90823,4.66127,0.5934671,0.4283389,-0.130514,1.100118,-0.1682284,0.2355222,-0.2845062,0.3171602,0.9405497,37.32358,32.75
31,-0.04496765,-0.254776,0.9659424,0.914992,-0.03982544,-0.2897644,0.9562531,-25.77696,5.658127,-26.26929,4.224503,0.3045048,0.421519,0.9020264,-0.05166626,-0.207962,0.9767609,30.35829,6.696014,-32.90823,4.66127,0.5934671,0.4283389,-0.130514,1.100118,-0.1682284,0.2355222,-0.2845062,0.3171602,0.9405497,37.32358,32.75
31,-0.05334473,-0.2638397,0.963089,0.8818517,-0.05900574,-0.2863312,0.9562988,-25.75192,5.471008,-26.31409,4.345825,0.306715,0.4275704,0.8744649,-0.04811096,-0.2430573,0.968811,30.34935,6.498535,-32.97047,4.44841,0.5930948,0.4425068,-0.1320117,1.098084,-0.1682301,0.2396959,-0.2856574,0.3196571,0.9405497,37.32358,32.75
31,-0.05334473,-0.2638397,0.963089,0.8818517,-0.05900574,-0.2863312,0.9562988,-25.75192,5.471008,-26.31409,4.345825,0.306715,0.4275704,0.8744649,-0.04811096,-0.2430573,0.968811,30.34935,6.498535,-32.97047,4.44841,0.5930948,0.4425068,-0.1320117,1.098084,-0.1682301,0.2396959,-0.2856574,0.3196571,0.9405497,37.32358,32.75
31,-0.06715393,-0.236496,0.9692993,0.9051468,-0.07252502,-0.2569885,0.9636841,-25.74994,5.411942,-26.36069,4.585327,0.3087226,0.4247582,0.9151381,-0.06143188,-0.2146454,0.9747467,30.32397,6.48204,-32.98364,4.731934,0.5964084,0.4379035,-0.1336037,1.096402,-0.1681256,0.2426835,-0.2868062,0.3214119,0.9405497,37.32358,32.75
31,-0.06715393,-0.236496,0.9692993,0.9051468,-0.07252502,-0.2569885,0.9636841,-25.74994,5.411942,-26.36069,4.585327,0.3087226,0.4247582,0.9151381,-0.06143188,-0.2146454,0.9747467,30.32397,6.48204,-32.98364,4.731934,0.5964084,0.4379035,-0.1336037,1.096402,-0.1681256,0.2426835,-0.2868062,0.3214119,0.9405497,37.32358,32.75
31,-0.05403137,-0.2349243,0.9705048,0.8994259,-0.05493164,-0.2566681,0.9649353,-25.88171,5.5728,-26.27643,4.600601,0.3103773,0.4185994,0.9090898,-0.0532074,-0.2156982,0.9750061,30.27197,6.563736,-32.96408,4.587936,0.5968212,0.4350131,-0.135121,1.094983,-0.1680641,0.2448158,-0.2877694,0.3235913,0.9405497,15.81818,32.75
31,-0.06434631,-0.2247467,0.9722748,0.9322824,-0.07868958,-0.2329559,0.9692841,-25.88208,5.562729,-26.29007,4.873276,0.3141526,0.4149874,0.9154355,-0.05451965,-0.219101,0.9741669,30.25899,6.581375,-32.9599,4.506149,0.5975024,0.4349968,-0.1363758,1.093864,-0.168045,0.2468701,-0.288429,0.3251745,0.9405497,15.81818,32.75
31,-0.06434631,-0.2247467,0.9722748,0.9322824,-0.07868958,-0.2329559,0.9692841,-25.88208,5.562729,-26.29007,4.873276,0.3141526,0.4149874,0.9154355,-0.05451965,-0.219101,0.9741669,30.25899,6.581375,-32.9599,4.506149,0.5975024,0.4349968,-0.1363758,1.093864,-0.168045,0.2468701,-0.288429,0.3251745,0.9405497,15.81818,32.75
31,-0.06434631,-0.2247467,0.9722748,0.9322824,-0.07868958,-0.2329559,0.9692841,-25.88208,5.562729,-26.29007,4.873276,0.3141526,0.4149874,0.9154355,-0.05451965,-0.219101,0.9741669,30.25899,6.581375,-32.9599,4.506149,0.5975024,0.4349968,-0.1376026,1.092925,-0.167917,0.2482868,-0.2885698,0.3262521,0.9405497,15.81818,32.75
31,-0.06434631,-0.2247467,0.9722748,0.9322824,-0.07868958,-0.2329559,0.9692841,-25.88208,5.562729,-26.29007,4.873276,0.3141526,0.4149874,0.9154355,-0.05451965,-0.219101,0.9741669,30.25899,6.581375,-32.9599,4.506149,0.5975024,0.4349968,-0.1376026,1.092925,-0.167917,0.2482868,-0.2885698,0.3262521,0.9405497,15.81818,32.75
31,-0.06434631,-0.2247467,0.9722748,0.9322824,-0.07868958,-0.2329559,0.9692841,-25.88208,5.562729,-26.29007,4.873276,0.3141526,0.4149874,0.9154355,-0.05451965,-0.219101,0.9741669,30.25899,6.581375,-32.9599,4.506149,0.5975024,0.4349968,-0.1376026,1.092925,-0.167917,0.2482868,-0.2885698,0.3262521,0.9405497,15.81818,32.75
31,-0.06434631,-0.2247467,0.9722748,0.9322824,-0.07868958,-0.2329559,0.9692841,-25.88208,5.562729,-26.29007,4.873276,0.3141526,0.4149874,0.9154355,-0.05451965,-0.219101,0.9741669,30.25899,6.581375,-32.9599,4.506149,0.5975024,0.4349968,-0.1386846,1.09221,-0.1677699,0.2490619,-0.2885038,0.3273035,0.9405497,15.81818,32.75
31,-0.06434631,-0.2247467,0.9722748,0.9322824,-0.07868958,-0.2329559,0.9692841,-25.88208,5.562729,-26.29007,4.873276,0.3141526,0.4149874,0.9154355,-0.05451965,-0.219101,0.9741669,30.25899,6.581375,-32.9599,4.506149,0.5975024,0.4349968,-0.1386846,1.09221,-0.1677699,0.2490619,-0.2885038,0.3273035,0.9405497,15.81818,32.75
31,-0.06735229,-0.2055359,0.9763184,1.0,-0.06237793,-0.2388153,0.9690552,-25.94653,5.55838,-26.32121,4.377731,0.313936,0.4164827,1.0,-0.07171631,-0.1756439,0.9818268,30.16327,6.624176,-32.95091,4.571625,0.6040157,0.4253481,-0.1396348,1.091611,-0.1676872,0.2497611,-0.2883388,0.3283654,0.9405497,15.81818,32.75
31,-0.06735229,-0.2055359,0.9763184,1.0,-0.06237793,-0.2388153,0.9690552,-25.94653,5.55838,-26.32121,4.377731,0.313936,0.4164827,1.0,-0.07171631,-0.1756439,0.9818268,30.16327,6.624176,-32.95091,4.571625,0.6040157,0.4253481,-0.1396348,1.091611,-0.1676872,0.2497611,-0.2883388,0.3283654,0.9405497,15.81818,32.75
31,-0.0703125,-0.1832428,0.980545,1.0,-0.0684967,-0.1963196,0.9781342,-25.95319,5.523422,-26.33112,4.535309,0.315136,0.410342,1.0,-0.07241821,-0.1677856,0.9831543,30.17287,6.591125,-32.96254,4.61145,0.6038086,0.4251916,-0.1404382,1.091108,-0.1678041,0.2507724,-0.288022,0.3293249,0.9405497,15.81818,32.75
31,-0.0703125,-0.1832428,0.980545,1.0,-0.0684967,-0.1963196,0.9781342,-25.95319,5.523422,-26.33112,4.535309,0.315136,0.410342,1.0,-0.07241821,-0.1677856,0.9831543,30.17287,6.591125,-32.96254,4.61145,0.6038086,0.4251916,-0.1404382,1.091108,-0.1678041,0.2507724,-0.288022,0.3293249,0.9405497,15.81818,32.75
31,-0.07559204,-0.1770172,0.9812927,1.0,-0.08865356,-0.1746216,0.9806213,-25.93372,5.45961,-26.36752,4.829041,0.3175888,0.4090982,1.0,-0.06355286,-0.1792145,0.9817505,30.18463,6.548065,-32.96591,4.326691,0.60176,0.4288722,-0.1410306,1.090736,-0.1679155,0.251586,-0.2875079,0.3300509,0.9405497,15.81818,32.75
31,-0.07130432,-0.1659546,0.9835358,1.0,-0.07867432,-0.1691589,0.9824371,-25.93834,5.453659,-26.36755,4.770187,0.3161456,0.4083005,1.0,-0.06500244,-0.163208,0.984436,30.16589,6.537827,-32.97791,4.488037,0.6027358,0.4263883,-0.1416312,1.090403,-0.1680278,0.2522703,-0.2869249,0.3305279,0.9405497,15.81818,32.75
31,-0.07130432,-0.1659546,0.9835358,1.0,-0.07867432,-0.1691589,0.9824371,-25.93834,5.453659,-26.36755,4.770187,0.3161456,0.4083005,1.0,-0.06500244,-0.163208,0.984436,30.16589,6.537827,-32.97791,4.488037,0.6027358,0.4263883,-0.1416312,1.090403,-0.1680278,0.2522703,-0.2869249,0.3305279,0.9405497,15.81818,32.75
31,-0.07130432,-0.1659546,0.9835358,1.0,-0.07867432,-0.1691589,0.9824371,-25.93834,5.453659,-26.36755,4.770187,0.3161456,0.4083005,1.0,-0.06500244,-0.163208,0.984436,30.16589,6.537827,-32.97791,4.488037,0.6027358,0.4263883,-0.1416312,1.090403,-0.1680278,0.2522703,-0.2869249,0.3305279,0.9405497,15.81818,32.75
31,-0.08511353,-0.1846161,0.9791107,1.0,-0.1090546,-0.2062073,0.9723969,-26.17732,5.558624,-26.37077,4.358734,0.3294796,0.4116817,1.0,-0.06364441,-0.1651459,0.9842072,29.87608,6.617249,-32.95535,4.277054,0.6128765,0.4236603,-0.1421951,1.090314,-0.1680642,0.2527327,-0.2863963,0.3305147,0.9405497,-27.84088,32.75
31,-0.08511353,-0.1846161,0.9791107,1.0,-0.1090546,-0.2062073,0.9723969,-26.17732,5.558624,-26.37077,4.358734,0.3294796,0.4116817,1.0,-0.06364441,-0.1651459,0.9842072,29.87608,6.617249,-32.95535,4.277054,0.6128765,0.4236603,-0.1421951,1.090314,-0.1680642,0.2527327,-0.2863963,0.3305147,0.9405497,-27.84088,32.75
31,-0.1966248,-0.1464539,0.9694672,1.0,-0.19664,-0.1692963,0.965744,-26.784,5.727463,-26.47073,4.366714,0.3643059,0.4016652,1.0,-0.1960297,-0.08337402,0.9770355,29.08527,6.811646,-33.06422,4.829941,0.6658909,0.402578,-0.142444,1.090264,-0.1680993,0.2529497,-0.2860094,0.3306021,0.9405497,-27.84088,32.75
31,-0.1950378,-0.1795654,0.9642029,0.9948651,-0.1918488,-0.1947937,0.9618835,-26.93794,5.738235,-26.49263,4.168457,0.3687364,0.4059591,0.9127343,-0.2101288,-0.1034393,0.972168,28.92984,6.843109,-33.09764,4.557419,0.6741402,0.4054419,-0.1428274,1.090373,-0.1681874,0.2529151,-0.2850208,0.3307835,0.9405497,-27.84088,32.75
31,-0.1950378,-0.1795654,0.9642029,0.9948651,-0.1918488,-0.1947937,0.9618835,-26.93794,5.738235,-26.49263,4.168457,0.3687364,0.4059591,0.9127343,-0.2101288,-0.1034393,0.972168,28.92984,6.843109,-33.09764,4.557419,0.6741402,0.4054419,-0.1428274,1.090373,-0.1681874,0.2529151,-0.2850208,0.3307835,0.9405497,-27.84088,32.75
31,-0.2278595,-0.1422577,0.9632416,0.9942586,-0.2282104,-0.1522827,0.9616241,-26.98398,5.749161,-26.52434,4.357773,0.3762217,0.3989139,0.9195345,-0.2255402,-0.08763123,0.9702759,28.9447,6.832718,-33.10789,4.679138,0.6765202,0.4030563,-0.1430471,1.090617,-0.1683348,0.2530179,-0.2842563,0.3305398,0.9405497,-27.84088,32.75
31,-0.2278595,-0.1422577,0.9632416,0.9942586,-0.2282104,-0.1522827,0.9616241,-26.98398,5.749161,-26.52434,4.357773,0.3762217,0.3989139,0.9195345,-0.2255402,-0.08763123,0.9702759,28.9447,6.832718,-33.10789,4.679138,0.6765202,0.4030563,-0.1430471,1.090617,-0.1683348,0.2530179,-0.2842563,0.3305398,0.9405497,-27.84088,32.75
31,-0.2262878,-0.1326599,0.9649811,1.0,-0.2318268,-0.1831665,0.9553528,-27.01379,5.74147,-26.55336,4.203827,0.3778409,0.4048213,1.0,-0.221344,-0.09144592,0.9708862,28.94812,6.821548,-33.10559,4.602448,0.6755821,0.4041505,-0.1431826,1.090811,-0.1684399,0.2527961,-0.2838328,0.3302219,0.9405497,-27.84088,32.75
31,-0.2214966,-0.121582,0.9675446,1.0,-0.2261047,-0.1833038,0.9566956,-27.01611,5.758301,-26.55064,3.981232,0.3771597,0.4042101,1.0,-0.2173767,-0.07391357,0.9732666,28.94841,6.82402,-33.10321,4.631912,0.6749305,0.4007687,-0.1432594,1.091286,-0.1684901,0.2521934,-0.2826699,0.3292001,0.9405497,-27.84088,32.75
31,-0.2214966,-0.121582,0.9675446,1.0,-0.2261047,-0.1833038,0.9566956,-27.01611,5.758301,-26.55064,3.981232,0.3771597,0.4042101,1.0,-0.2173767,-0.07391357,0.9732666,28.94841,6.82402,-33.10321,4.631912,0.6749305,0.4007687,-0.1432594,1.091286,-0.1684901,0.2521934,-0.2826699,0.3292001,0.9405497,-27.84088,32.75
31,-0.2322693,-0.1057434,0.9668732,1.0,-0.2492676,-0.1501312,0.9567108,-27.05917,5.763138,-26.58739,4.126343,0.3823906,0.3988958,1.0,-0.2179565,-0.06922913,0.9734955,28.89877,6.848145,-33.09407,4.66478,0.6769078,0.3988837,-0.1433977,1.091617,-0.1684955,0.2517395,-0.281873,0.3286812,0.9405497,-27.84088,32.75
31,-0.2224579,-0.1245422,0.9669495,1.0,-0.2372284,-0.1636047,0.9575653,-27.08408,5.753479,-26.58925,4.255661,0.3810696,0.4014152,1.0,-0.2085266,-0.0884552,0.973999,28.89409,6.84137,-33.07962,4.610062,0.6752148,0.4025218,-0.1431915,1.092314,-0.1684481,0.250903,-0.2798549,0.3276306,0.9405497,-27.84088,32.75
31,-0.2224579,-0.1245422,0.9669495,1.0,-0.2372284,-0.1636047,0.9575653,-27.08408,5.753479,-26.58925,4.255661,0.3810696,0.4014152,1.0,-0.2085266,-0.0884552,0.973999,28.89409,6.84137,-33.07962,4.610062,0.6752148,0.4025218,-0.1431915,1.092314,-0.1684481,0.250903,-0.2798549,0.3276306,0.9405497,-27.84088,32.75
31,-0.229248,-0.1244049,0.9653778,1.0,-0.2388306,-0.1723175,0.9556427,-27.03171,5.697693,-26.57558,3.94989,0.3798306,0.4046793,1.0,-0.2200623,-0.08068848,0.9721375,28.8988,6.820221,-33.0899,4.753571,0.677223,0.4019813,-0.1430942,1.092619,-0.1684329,0.2505515,-0.2786685,0.3271196,0.9405497,-27.84088,32.75
32,-0.2322845,-0.111084,0.9662781,1.0,-0.2473907,-0.1507874,0.9570923,-27.04552,5.674179,-26.59396,4.158661,0.3815829,0.4019947,1.0,-0.2185211,-0.07569885,0.9728851,28.90042,6.794785,-33.09663,4.666107,0.6768771,0.4020676,-0.1424901,1.093484,-0.1683694,0.2500328,-0.2753745,0.3255581,0.9405497,-27.84088,32.75
32,-0.2322845,-0.111084,0.9662781,1.0,-0.2473907,-0.1507874,0.9570923,-27.04552,5.674179,-26.59396,4.158661,0.3815829,0.4019947,1.0,-0.2185211,-0.07569885,0.9728851,28.90042,6.794785,-33.09663,4.666107,0.6768771,0.4020676,-0.1424901,1.093484,-0.1683694,0.2500328,-0.2753745,0.3255581,0.9405497,-27.84088,32.75
32,-0.2322845,-0.111084,0.9662781,1.0,-0.2473907,-0.1507874,0.9570923,-27.04552,5.674179,-26.59396,4.158661,0.3815829,0.4019947,1.0,-0.2185211,-0.07569885,0.9728851,28.90042,6.794785,-33.09663,4.666107,0.6768771,0.4020676,-0.1421654,1.093919,-0.1683361,0.2500382,-0.273483,0.3245384,0.9405497,-27.84088,32.75
32,-0.2322845,-0.111084,0.9662781,1.0,-0.2473907,-0.1507874,0.9570923,-27.04552,5.674179,-26.59396,4.158661,0.3815829,0.4019947,1.0,-0.2185211,-0.07569885,0.9728851,28.90042,6.794785,-33.09663,4.666107,0.6768771,0.4020676,-0.1414224,1.094789,-0.168112,0.2497049,-0.2696249,0.3223223,0.9405497,-46.24997,32.75
32,-0.2322845,-0.111084,0.9662781,1.0,-0.2473907,-0.1507874,0.9570923,-27.04552,5.674179,-26.59396,4.158661,0.3815829,0.4019947,1.0,-0.2185211,-0.07569885,0.9728851,28.90042,6.794785,-33.09663,4.666107,0.6768771,0.4020676,-0.1414224,1.094789,-0.168112,0.2497049,-0.2696249,0.3223223,0.9405497,-46.24997,32.75
32,-0.2322845,-0.111084,0.9662781,1.0,-0.2473907,-0.1507874,0.9570923,-27.04552,5.674179,-26.59396,4.158661,0.3815829,0.4019947,1.0,-0.2185211,-0.07569885,0.9728851,28.90042,6.794785,-33.09663,4.666107,0.6768771,0.4020676,-0.141016,1.095262,-0.1679665,0.24947,-0.2678941,0.3214966,0.935426,-46.24997,32.75
32,-0.23172,-0.1113434,0.9663849,1.0,-0.2426147,-0.1451874,0.9591827,-27.05522,5.641785,-26.60712,4.226318,0.3810585,0.4021551,1.0,-0.2215881,-0.08056641,0.9718018,28.89963,6.781784,-33.0999,4.666748,0.6774396,0.4034801,-0.1404718,1.095812,-0.1677823,0.2489552,-0.2661251,0.3206782,0.935426,-46.24997,32.75
32,-0.2240448,-0.09387207,0.9700317,1.0,-0.2378235,-0.1190338,0.963974,-26.99654,5.648956,-26.59863,4.25885,0.3783528,0.3972591,1.0,-0.2103729,-0.06913757,0.9751587,28.99507,6.762863,-33.08121,4.637253,0.6718577,0.4019183,-0.1393539,1.096887,-0.1674148,0.2478667,-0.2628449,0.3190821,0.935426,-46.24997,32.75
32,-0.2240448,-0.09387207,0.9700317,1.0,-0.2378235,-0.1190338,0.963974,-26.99654,5.648956,-26.59863,4.25885,0.3783528,0.3972591,1.0,-0.2103729,-0.06913757,0.9751587,28.99507,6.762863,-33.08121,4.637253,0.6718577,0.4019183,-0.1393539,1.096887,-0.1674148,0.2478667,-0.2628449,0.3190821,0.935426,-46.24997,32.75
32,-0.2103577,-0.08102417,0.9742432,1.0,-0.2109222,-0.1208649,0.969986,-26.98216,5.650421,-26.58173,4.356689,0.3733309,0.3970703,1.0,-0.2095032,-0.04238892,0.9768829,29.03259,6.767899,-33.078,4.917007,0.6705028,0.3967808,-0.1381701,1.09806,-0.1669109,0.247035,-0.2588406,0.3168603,0.935426,-46.24997,32.75
32,-0.2103577,-0.08102417,0.9742432,1.0,-0.2109222,-0.1208649,0.969986,-26.98216,5.650421,-26.58173,4.356689,0.3733309,0.3970703,1.0,-0.2095032,-0.04238892,0.9768829,29.03259,6.767899,-33.078,4.917007,0.6705028,0.3967808,-0.1381701,1.09806,-0.1669109,0.247035,-0.2588406,0.3168603,0.935426,-46.24997,32.75
32,-0.2060242,-0.08828735,0.9745483,1.0,-0.2067719,-0.1270752,0.9700928,-26.98216,5.650421,-26.58226,4.354034,0.3726294,0.3980933,1.0,-0.2050018,-0.05073547,0.9774323,29.03423,6.769928,-33.0667,4.843018,0.669542,0.3981227,-0.1374239,1.09862,-0.1666703,0.2464683,-0.2563857,0.3157043,0.935426,-46.24997,32.75
32,-0.2031097,-0.09057617,0.9749451,1.0,-0.2057953,-0.1277313,0.9702148,-26.98633,5.65303,-26.58517,4.32251,0.3726294,0.39813,1.0,-0.2003174,-0.05532837,0.9781647,29.03456,6.770203,-33.06593,4.748077,0.6686303,0.3989417,-0.1360148,1.099951,-0.1660844,0.2455515,-0.2511894,0.3128311,0.935426,-46.24997,32.75
32,-0.2031097,-0.09057617,0.9749451,1.0,-0.2057953,-0.1277313,0.9702148,-26.98633,5.65303,-26.58517,4.32251,0.3726294,0.39813,1.0,-0.2003174,-0.05532837,0.9781647,29.03456,6.770203,-33.06593,4.748077,0.6686303,0.3989417,-0.1360148,1.099951,-0.1660844,0.2455515,-0.2511894,0.3128311,0.935426,-46.24997,32.75
32,-0.1962128,-0.09767151,0.9756775,1.0,-0.2000427,-0.127121,0.9714966,-27.01503,5.65303,-26.60472,4.319916,0.3726265,0.39813,1.0,-0.1921539,-0.06781006,0.9790039,29.0746,6.783508,-33.04201,4.645889,0.6655605,0.4005438,-0.135093,1.100831,-0.1656656,0.2452378,-0.2478767,0.3110135,0.935426,-46.24997,32.75
32,-0.1962128,-0.09767151,0.9756775,1.0,-0.2000427,-0.127121,0.9714966,-27.01503,5.65303,-26.60472,4.319916,0.3726265,0.39813,1.0,-0.1921539,-0.06781006,0.9790039,29.0746,6.783508,-33.04201,4.645889,0.6655605,0.4005438,-0.133062,1.102812,-0.1644464,0.2450914,-0.2388047,0.3063315,0.935426,-46.24997,32.75
32,-0.1962128,-0.09767151,0.9756775,1.0,-0.2000427,-0.127121,0.9714966,-27.01503,5.65303,-26.60472,4.319916,0.3726265,0.39813,1.0,-0.1921539,-0.06781006,0.9790039,29.0746,6.783508,-33.04201,4.645889,0.6655605,0.4005438,-0.133062,1.102812,-0.1644464,0.2450914,-0.2388047,0.3063315,0.935426,-46.24997,32.75
32,-0.1962128,-0.09767151,0.9756775,1.0,-0.2000427,-0.127121,0.9714966,-27.01503,5.65303,-26.60472,4.319916,0.3726265,0.39813,1.0,-0.1921539,-0.06781006,0.9790039,29.0746,6.783508,-33.04201,4.645889,0.6655605,0.4005438,-0.1317199,1.103899,-0.1636769,0.2438038,-0.2340448,0.3041081,0.935426,12.03004,32.75
32,-0.1962128,-0.09767151,0.9756775,1.0,-0.2000427,-0.127121,0.9714966,-27.01503,5.65303,-26.60472,4.319916,0.3726265,0.39813,1.0,-0.1921539,-0.06781006,0.9790039,29.0746,6.783508,-33.04201,4.645889,0.6655605,0.4005438,-0.1287431,1.106084,-0.1618377,0.2421171,-0.2211699,0.2983478,0.935426,12.03004,32.75
32,-0.1962128,-0.09767151,0.9756775,1.0,-0.2000427,-0.127121,0.9714966,-27.01503,5.65303,-26.60472,4.319916,0.3726265,0.39813,1.0,-0.1921539,-0.06781006,0.9790039,29.0746,6.783508,-33.04201,4.645889,0.6655605,0.4005438,-0.1287431,1.106084,-0.1618377,0.2421171,-0.2211699,0.2983478,0.935426,12.03004,32.75
32,-0.2179413,-0.1297913,0.9672852,1.0,-0.2344513,-0.1671448,0.9576416,-27.16913,5.436584,-26.69856,4.086319,0.3834866,0.4134862,1.0,-0.2040405,-0.09883118,0.9739532,28.76073,6.686554,-33.10587,4.667038,0.6791978,0.4101949,-0.1270305,1.107301,-0.1608372,0.2412755,-0.2134613,0.2955973,0.935426,12.03004,32.75
32,-0.2757416,-0.1439362,0.9503784,1.0,-0.3368835,-0.1969452,0.9207001,-27.63849,4.968994,-27.00162,4.576843,0.4154114,0.4384274,1.0,-0.2517395,-0.1233368,0.9598999,28.19856,6.5,-33.27953,4.691483,0.709055,0.4229449,-0.1232761,1.109813,-0.1587443,0.239814,-0.1973778,0.289119,0.935426,12.03004,32.75
32,-0.2757416,-0.1439362,0.9503784,1.0,-0.3368835,-0.1969452,0.9207001,-27.63849,4.968994,-27.00162,4.576843,0.4154114,0.4384274,1.0,-0.2517395,-0.1233368,0.9598999,28.19856,6.5,-33.27953,4.691483,0.709055,0.4229449,-0.1232761,1.109813,-0.1587443,0.239814,-0.1973778,0.289119,0.935426,12.03004,32.75
32,-0.2757416,-0.1439362,0.9503784,1.0,-0.3368835,-0.1969452,0.9207001,-27.63849,4.968994,-27.00162,4.576843,0.4154114,0.4384274,1.0,-0.2517395,-0.1233368,0.9598999,28.19856,6.5,-33.27953,4.691483,0.709055,0.4229449,-0.1212665,1.111059,-0.1576995,0.2389852,-0.1886897,0.2857223,0.935426,12.03004,32.75
32,-0.2757416,-0.1439362,0.9503784,1.0,-0.3368835,-0.1969452,0.9207001,-27.63849,4.968994,-27.00162,4.576843,0.4154114,0.4384274,1.0,-0.2517395,-0.1233368,0.9598999,28.19856,6.5,-33.27953,4.691483,0.709055,0.4229449,-0.1170287,1.113506,-0.1555032,0.2377003,-0.1718799,0.27984,0.935426,12.03004,32.75
32,-0.2757416,-0.1439362,0.9503784,1.0,-0.3368835,-0.1969452,0.9207001,-27.63849,4.968994,-27.00162,4.576843,0.4154114,0.4384274,1.0,-0.2517395,-0.1233368,0.9598999,28.19856,6.5,-33.27953,4.691483,0.709055,0.4229449,-0.1170287,1.113506,-0.1555032,0.2377003,-0.1718799,0.27984,0.935426,12.03004,32.75
32,-0.2757416,-0.1439362,0.9503784,1.0,-0.3368835,-0.1969452,0.9207001,-27.63849,4.968994,-27.00162,4.576843,0.4154114,0.4384274,1.0,-0.2517395,-0.1233368,0.9598999,28.19856,6.5,-33.27953,4.691483,0.709055,0.4229449,-0.114917,1.114556,-0.1545885,0.2371135,-0.1637873,0.2769529,0.935426,12.03004,32.75
32,-0.249115,-0.1184845,0.9611969,1.0,-0.3331604,-0.194397,0.9226074,-27.65154,4.930008,-27.01653,4.465439,0.4153317,0.4393518,1.0,-0.2413483,-0.1115417,0.9640045,28.22034,6.488785,-33.27023,4.906906,0.7063833,0.4209709,-0.1126016,1.115591,-0.1536717,0.2370381,-0.1556014,0.2737478,0.935426,12.03004,32.75
32,-0.249115,-0.1184845,0.9611969,1.0,-0.3331604,-0.194397,0.9226074,-27.65154,4.930008,-27.01653,4.465439,0.4153317,0.4393518,1.0,-0.2413483,-0.1115417,0.9640045,28.22034,6.488785,-33.27023,4.906906,0.7063833,0.4209709,-0.1126016,1.115591,-0.1536717,0.2370381,-0.1556014,0.2737478,0.935426,12.03004,32.75
32,-0.1950836,-0.1489105,0.9694061,1.0,-0.2191925,-0.177124,0.9594574,-27.1207,5.020874,-26.81369,4.50676,0.3788427,0.4298027,1.0,-0.1911469,-0.1443024,0.9708862,28.91557,6.457916,-33.12595,4.427902,0.6707997,0.4271884,-0.1080612,1.117598,-0.1519234,0.2370536,-0.1391939,0.2666035,0.935426,12.03004,32.75
32,-0.1563416,-0.1730347,0.9724121,1.0,-0.1890411,-0.1933136,0.962738,-26.9129,5.120605,-26.75687,4.221252,0.3671387,0.4283904,1.0,-0.1379852,-0.1615906,0.9771576,29.09027,6.491425,-33.05629,4.438126,0.6546607,0.4283773,-0.1080612,1.117598,-0.1519234,0.2370536,-0.1391939,0.2666035,0.935426,12.03004,32.75
32,-0.1537628,-0.1659698,0.9740601,1.0,-0.1669769,-0.1883087,0.967804,-26.83339,5.155685,-26.73117,4.420288,0.3607176,0.4258767,1.0,-0.1448517,-0.1509247,0.9778595,29.21756,6.526031,-33.04214,4.573547,0.6513016,0.425095,-0.1036334,1.119524,-0.1502597,0.2369445,-0.1232475,0.2591892,0.935426,12.03004,32.75
32,-0.1537628,-0.1659698,0.9740601,1.0,-0.1669769,-0.1883087,0.967804,-26.83339,5.155685,-26.73117,4.420288,0.3607176,0.4258767,1.0,-0.1448517,-0.1509247,0.9778595,29.21756,6.526031,-33.04214,4.573547,0.6513016,0.425095,-0.1036334,1.119524,-0.1502597,0.2369445,-0.1232475,0.2591892,0.935426,12.03004,32.75
32,-0.1401978,-0.1539764,0.9780731,1.0,-0.1403656,-0.1718903,0.9750519,-26.7001,5.187775,-26.70273,4.402664,0.3519339,0.4214249,1.0,-0.1399231,-0.1328888,0.9812012,29.39142,6.574158,-33.01892,4.542099,0.6441239,0.4198825,-0.09900272,1.121399,-0.148752,0.2375806,-0.1080641,0.2505298,0.935426,12.03004,32.75
32,-0.1690674,-0.1701202,0.9707947,1.0,-0.1837769,-0.2043152,0.9614868,-26.85545,5.083252,-26.75887,4.434082,0.3641473,0.4314743,1.0,-0.1554108,-0.1386261,0.9780579,29.11601,6.506836,-33.06323,4.619812,0.656962,0.4236932,-0.09433663,1.123248,-0.1472194,0.2386491,-0.09182365,0.2405392,0.935426,25.91774,32.75
32,-0.1690674,-0.1701202,0.9707947,1.0,-0.1837769,-0.2043152,0.9614868,-26.85545,5.083252,-26.75887,4.434082,0.3641473,0.4314743,1.0,-0.1554108,-0.1386261,0.9780579,29.11601,6.506836,-33.06323,4.619812,0.656962,0.4236932,-0.09433663,1.123248,-0.1472194,0.2386491,-0.09182365,0.2405392,0.935426,25.91774,32.75
32,-0.2167816,-0.1900177,0.9575348,1.0,-0.2219849,-0.2460938,0.9434662,-27.10873,4.939316,-26.90642,4.011292,0.379007,0.4454081,1.0,-0.2124176,-0.147522,0.9659729,28.84428,6.483124,-33.1425,4.706512,0.6773729,0.4270668,-0.08955514,1.124732,-0.1458734,0.2403403,-0.07572208,0.2311534,0.935426,25.91774,32.75
32,-0.2167816,-0.1900177,0.9575348,1.0,-0.2219849,-0.2460938,0.9434662,-27.10873,4.939316,-26.90642,4.011292,0.379007,0.4454081,1.0,-0.2124176,-0.147522,0.9659729,28.84428,6.483124,-33.1425,4.706512,0.6773729,0.4270668,-0.08955514,1.124732,-0.1458734,0.2403403,-0.07572208,0.2311534,0.935426,25.91774,32.75
32,-0.2272644,-0.1755981,0.9578552,0.9751558,-0.2754974,-0.20784,0.9385529,-27.03278,4.860352,-26.95715,4.614517,0.3848897,0.4423786,0.9565917,-0.2101593,-0.1641388,0.9637756,28.80862,6.414612,-33.15509,4.677261,0.678196,0.4327247,-0.08468032,1.125793,-0.1449319,0.2428971,-0.06054269,0.2219205,0.935426,25.91774,32.75
32,-0.2113037,-0.1693268,0.9626312,1.0,-0.2432251,-0.2224884,0.9440918,-26.94052,4.8992,-26.9211,4.470825,0.3765686,0.4428664,1.0,-0.1990662,-0.1491241,0.9685669,28.98428,6.395538,-33.12431,4.708115,0.6696948,0.4303696,-0.07980978,1.126589,-0.1441965,0.2471216,-0.04555235,0.2113052,0.935426,25.91774,32.75
32,-0.2113037,-0.1693268,0.9626312,1.0,-0.2432251,-0.2224884,0.9440918,-26.94052,4.8992,-26.9211,4.470825,0.3765686,0.4428664,1.0,-0.1990662,-0.1491241,0.9685669,28.98428,6.395538,-33.12431,4.708115,0.6696948,0.4303696,-0.07980978,1.126589,-0.1441965,0.2471216,-0.04555235,0.2113052,0.935426,25.91774,32.75
32,-0.1809845,-0.1915283,0.9646454,1.0,-0.2027435,-0.1986694,0.9588623,-26.802,4.999374,-26.84927,4.489975,0.3653661,0.4342242,1.0,-0.1617584,-0.1851501,0.9692993,29.20381,6.45874,-33.06729,4.334839,0.6547459,0.4342153,-0.07516468,1.127097,-0.1435826,0.2517248,-0.03148799,0.2012039,0.935426,25.91774,32.75
32,-0.1809845,-0.1915283,0.9646454,1.0,-0.2027435,-0.1986694,0.9588623,-26.802,4.999374,-26.84927,4.489975,0.3653661,0.4342242,1.0,-0.1617584,-0.1851501,0.9692993,29.20381,6.45874,-33.06729,4.334839,0.6547459,0.4342153,-0.07516468,1.127097,-0.1435826,0.2517248,-0.03148799,0.2012039,0.935426,25.91774,32.75
32,-0.1585388,-0.1731415,0.9720459,1.0,-0.1502075,-0.2025757,0.9676666,-26.69133,5.116531,-26.79103,4.338882,0.3531427,0.4299389,1.0,-0.1653595,-0.1484528,0.9749908,29.31456,6.509445,-33.0363,4.595047,0.6514472,0.4253223,-0.0705303,1.127217,-0.1431469,0.2573131,-0.01908401,0.1917405,0.935426,25.91774,32.75
32,-0.1585388,-0.1731415,0.9720459,1.0,-0.1502075,-0.2025757,0.9676666,-26.69133,5.116531,-26.79103,4.338882,0.3531427,0.4299389,1.0,-0.1653595,-0.1484528,0.9749908,29.31456,6.509445,-33.0363,4.595047,0.6514472,0.4253223,-0.0705303,1.127217,-0.1431469,0.2573131,-0.01908401,0.1917405,0.935426,25.91774,32.75
32,-0.1585388,-0.1731415,0.9720459,1.0,-0.1502075,-0.2025757,0.9676666,-26.69133,5.116531,-26.79103,4.338882,0.3531427,0.4299389,1.0,-0.1653595,-0.1484528,0.9749908,29.31456,6.509445,-33.0363,4.595047,0.6514472,0.4253223,-0.0705303,1.127217,-0.1431469,0.2573131,-0.01908401,0.1917405,0.935426,25.91774,32.75
32,-0.138382,-0.1722412,0.9752808,1.0,-0.1516418,-0.1835785,0.9712219,-26.55675,5.274963,-26.76019,4.425323,0.3488768,0.4210301,1.0,-0.1274414,-0.1628876,0.978363,29.56235,6.566833,-32.97784,4.298264,0.6355461,0.4253514,-0.06636846,1.126578,-0.1432796,0.2654939,-0.007139809,0.1809903,0.935426,25.91774,32.75
32,-0.1122284,-0.1298828,0.9851532,1.0,-0.1044006,-0.1448975,0.9839172,-26.36691,5.351135,-26.82468,4.531036,0.3345851,0.4118366,1.0,-0.121582,-0.1118011,0.9862518,29.72202,6.658371,-33.13658,4.708618,0.6291134,0.4140784,-0.06198215,1.125767,-0.143455,0.2749093,0.005126953,0.1701577,0.935426,1.806015,32.75
32,-0.1122284,-0.1298828,0.9851532,1.0,-0.1044006,-0.1448975,0.9839172,-26.36691,5.351135,-26.82468,4.531036,0.3345851,0.4118366,1.0,-0.121582,-0.1118011,0.9862518,29.72202,6.658371,-33.13658,4.708618,0.6291134,0.4140784,-0.06198215,1.125767,-0.143455,0.2749093,0.005126953,0.1701577,0.935426,1.806015,32.75
32,-0.1122284,-0.1298828,0.9851532,1.0,-0.1044006,-0.1448975,0.9839172,-26.36691,5.351135,-26.82468,4.531036,0.3345851,0.4118366,1.0,-0.121582,-0.1118011,0.9862518,29.72202,6.658371,-33.13658,4.708618,0.6291134,0.4140784,-0.06198215,1.125767,-0.143455,0.2749093,0.005126953,0.1701577,0.935426,1.806015,32.75
32,-0.1205292,-0.1421967,0.9824677,0.9754594,-0.1220093,-0.1474915,0.9815063,-26.25381,5.455948,-26.88622,4.510086,0.3336095,0.4093311,0.9800967,-0.1126556,-0.1140289,0.9870605,29.79948,6.603012,-32.51196,4.426941,0.6239376,0.4108899,-0.05789244,1.124395,-0.1439553,0.2851669,0.0163679,0.162083,0.935426,1.806015,32.75
32,-0.1205292,-0.1421967,0.9824677,0.9754594,-0.1220093,-0.1474915,0.9815063,-26.25381,5.455948,-26.88622,4.510086,0.3336095,0.4093311,0.9800967,-0.1126556,-0.1140289,0.9870605,29.79948,6.603012,-32.51196,4.426941,0.6239376,0.4108899,-0.05789244,1.124395,-0.1439553,0.2851669,0.0163679,0.162083,0.935426,1.806015,32.75
32,-0.1215515,-0.1543579,0.9804993,0.9310044,-0.121994,-0.16008,0.9795227,-26.39664,5.371658,-26.84398,4.397751,0.3385442,0.4140778,0.9511591,-0.1172028,-0.1004181,0.9880066,29.65775,6.688965,-33.13803,4.629211,0.6306964,0.410875,-0.05351079,1.122708,-0.1446283,0.2968943,0.02716716,0.1545635,0.935426,1.806015,32.75
32,-0.1215515,-0.1543579,0.9804993,0.9310044,-0.121994,-0.16008,0.9795227,-26.39664,5.371658,-26.84398,4.397751,0.3385442,0.4140778,0.9511591,-0.1172028,-0.1004181,0.9880066,29.65775,6.688965,-33.13803,4.629211,0.6306964,0.410875,-0.05351079,1.122708,-0.1446283,0.2968943,0.02716716,0.1545635,0.935426,1.806015,32.75
32,-0.2013855,-0.2434387,0.9487762,0.8421588,-0.1994629,-0.2486267,0.9478302,-26.77631,5.019531,-26.95459,3.978714,0.3641242,0.4432096,0.8918847,-0.2286987,-0.1662445,0.9591827,29.12967,6.457092,-33.10901,4.52298,0.6697085,0.4315141,-0.04927599,1.12079,-0.1456139,0.3098986,0.03832639,0.147044,0.935426,1.806015,32.75
32,-0.2924347,-0.2587585,0.9205933,0.7878344,-0.2954559,-0.2700806,0.9163666,-27.02948,4.819931,-27.105,4.25589,0.3880963,0.4563092,0.8528187,-0.2691498,-0.1755829,0.9469452,28.78387,6.300095,-33.22279,4.345047,0.6899597,0.4401886,-0.04548037,1.118799,-0.1465502,0.3212242,0.04821716,0.1407465,0.935426,1.806015,32.75
32,-0.2924347,-0.2587585,0.9205933,0.7878344,-0.2954559,-0.2700806,0.9163666,-27.02948,4.819931,-27.105,4.25589,0.3880963,0.4563092,0.8528187,-0.2691498,-0.1755829,0.9469452,28.78387,6.300095,-33.22279,4.345047,0.6899597,0.4401886,-0.04548037,1.118799,-0.1465502,0.3212242,0.04821716,0.1407465,0.935426,1.806015,32.75
32,-0.3231812,-0.2048798,0.9238892,0.7874196,-0.3439178,-0.2677765,0.8999939,-27.20238,4.806763,-27.18509,4.378448,0.401815,0.4579038,0.8311237,-0.3097382,-0.1660309,0.936203,28.59821,6.319962,-33.28076,4.722443,0.704604,0.4384116,-0.0421828,1.117424,-0.1469307,0.3299461,0.05671779,0.1344465,0.935426,1.806015,32.75
32,-0.3231812,-0.2048798,0.9238892,0.7874196,-0.3439178,-0.2677765,0.8999939,-27.20238,4.806763,-27.18509,4.378448,0.401815,0.4579038,0.8311237,-0.3097382,-0.1660309,0.936203,28.59821,6.319962,-33.28076,4.722443,0.704604,0.4384116,-0.0421828,1.117424,-0.1469307,0.3299461,0.05671779,0.1344465,0.935426,1.806015,32.75
32,-0.3603668,-0.2199249,0.9065094,0.7423528,-0.3865662,-0.274704,0.8803864,-27.30278,5.034668,-27.18701,4.449295,0.4122734,0.4524342,0.8267515,-0.3454132,-0.1896667,0.9190674,28.51501,6.514191,-33.27341,4.484085,0.7145317,0.436175,-0.03939128,1.11634,-0.1467429,0.3358435,0.06353547,0.1293023,0.935426,1.806015,32.75
32,-0.3603668,-0.2199249,0.9065094,0.7423528,-0.3865662,-0.274704,0.8803864,-27.30278,5.034668,-27.18701,4.449295,0.4122734,0.4524342,0.8267515,-0.3454132,-0.1896667,0.9190674,28.51501,6.514191,-33.27341,4.484085,0.7145317,0.436175,-0.03939128,1.11634,-0.1467429,0.3358435,0.06353547,0.1293023,0.935426,1.806015,32.75
32,-0.3633423,-0.1823425,0.9136353,0.7310562,-0.3863831,-0.2338104,0.8921967,-27.30217,5.241302,-27.12335,4.490555,0.4123925,0.437701,0.8332551,-0.3445282,-0.141922,0.9279785,28.57173,6.660965,-33.2346,4.742111,0.7125127,0.4213159,-0.03682399,1.115516,-0.1466126,0.339698,0.0692539,0.1257745,0.935426,1.806015,32.75
32,-0.3633423,-0.1823425,0.9136353,0.7310562,-0.3863831,-0.2338104,0.8921967,-27.30217,5.241302,-27.12335,4.490555,0.4123925,0.437701,0.8332551,-0.3445282,-0.141922,0.9279785,28.57173,6.660965,-33.2346,4.742111,0.7125127,0.4213159,-0.03682399,1.115516,-0.1466126,0.339698,0.0692539,0.1257745,0.935426,1.806015,32.75
32,-0.3633423,-0.1823425,0.9136353,0.7310562,-0.3863831,-0.2338104,0.8921967,-27.30217,5.241302,-27.12335,4.490555,0.4123925,0.437701,0.8332551,-0.3445282,-0.141922,0.9279785,28.57173,6.660965,-33.2346,4.742111,0.7125127,0.4213159,-0.03682399,1.115516,-0.1466126,0.339698,0.0692539,0.1257745,0.935426,1.806015,32.75
32,-0.3417511,-0.1799469,0.9223938,0.9470143,-0.3635101,-0.2339935,0.9017029,-27.29019,5.354248,-27.07062,4.414658,0.4082705,0.4330736,0.8904815,-0.3243408,-0.138443,0.9357452,28.63693,6.745758,-33.18901,4.712082,0.7062352,0.4169822,-0.03462613,1.115225,-0.1461253,0.3413959,0.07440723,0.1215122,0.935426,-31.80382,32.75
32,-0.3417511,-0.1799469,0.9223938,0.9470143,-0.3635101,-0.2339935,0.9017029,-27.29019,5.354248,-27.07062,4.414658,0.4082705,0.4330736,0.8904815,-0.3243408,-0.138443,0.9357452,28.63693,6.745758,-33.18901,4.712082,0.7062352,0.4169822,-0.03462613,1.115225,-0.1461253,0.3413959,0.07440723,0.1215122,0.935426,-31.80382,32.75
32,-0.32341,-0.1597137,0.932663,0.9335408,-0.3293152,-0.2241821,0.9172058,-27.24579,5.51059,-27.00162,3.821365,0.4017547,0.4249923,0.9657046,-0.3179779,-0.1102753,0.9416504,28.7599,6.891479,-33.13968,4.583633,0.7006203,0.4059676,-0.03272259,1.115429,-0.1452694,0.3411433,0.07892816,0.1176205,0.935426,-31.80382,32.75
32,-0.3432922,-0.1347809,0.9295044,1.0,-0.3727875,-0.1468048,0.916214,-27.21567,5.617371,-27.02161,4.566391,0.4075619,0.4087462,1.0,-0.3190918,-0.1249084,0.9394379,28.84569,6.95639,-33.1134,4.348328,0.6975574,0.4062727,-0.03075302,1.115527,-0.1445823,0.3409811,0.08272424,0.1152663,0.935426,-31.80382,32.75
32,-0.3432922,-0.1347809,0.9295044,1.0,-0.3727875,-0.1468048,0.916214,-27.21567,5.617371,-27.02161,4.566391,0.4075619,0.4087462,1.0,-0.3190918,-0.1249084,0.9394379,28.84569,6.95639,-33.1134,4.348328,0.6975574,0.4062727,-0.03075302,1.115527,-0.1445823,0.3409811,0.08272424,0.1152663,0.935426,-31.80382,32.75
32,-0.3278961,-0.1383057,0.9345245,1.0,-0.3445435,-0.1701813,0.9232025,-27.23882,5.580994,-27.01944,4.222,0.4038648,0.4135278,1.0,-0.3142548,-0.1126556,0.942627,28.86562,6.915558,-33.11826,4.44101,0.6959332,0.4054554,-0.02875078,1.115494,-0.1441168,0.3417122,0.08743661,0.1128747,0.935426,-31.80382,32.75
32,-0.3278961,-0.1383057,0.9345245,1.0,-0.3445435,-0.1701813,0.9232025,-27.23882,5.580994,-27.01944,4.222,0.4038648,0.4135278,1.0,-0.3142548,-0.1126556,0.942627,28.86562,6.915558,-33.11826,4.44101,0.6959332,0.4054554,-0.02875078,1.115494,-0.1441168,0.3417122,0.08743661,0.1128747,0.935426,-31.80382,32.75
32,-0.3217163,-0.1143951,0.9398956,1.0,-0.3272858,-0.1640625,0.9305573,-27.26486,5.453354,-27.03859,4.18306,0.4018764,0.4165885,1.0,-0.3170471,-0.07736206,0.9452362,28.86174,6.799057,-33.15477,4.409546,0.6967695,0.4034699,-0.0267874,1.115402,-0.1437105,0.3429438,0.09310412,0.1104502,0.935426,-31.80382,32.75
32,-0.3217163,-0.1143951,0.9398956,1.0,-0.3272858,-0.1640625,0.9305573,-27.26486,5.453354,-27.03859,4.18306,0.4018764,0.4165885,1.0,-0.3170471,-0.07736206,0.9452362,28.86174,6.799057,-33.15477,4.409546,0.6967695,0.4034699,-0.0267874,1.115402,-0.1437105,0.3429438,0.09310412,0.1104502,0.935426,-31.80382,32.75
32,-0.3216095,-0.1192627,0.9393158,1.0,-0.3344116,-0.1799316,0.9250793,-27.2471,5.402573,-27.06319,3.940353,0.4026511,0.4213735,1.0,-0.3110352,-0.07290649,0.9475861,28.86641,6.785095,-33.15306,4.442276,0.6954672,0.4030742,-0.02505302,1.11517,-0.1434001,0.3440097,0.09868591,0.10897,0.935426,-31.80382,32.75
32,-0.3216095,-0.1192627,0.9393158,1.0,-0.3344116,-0.1799316,0.9250793,-27.2471,5.402573,-27.06319,3.940353,0.4026511,0.4213735,1.0,-0.3110352,-0.07290649,0.9475861,28.86641,6.785095,-33.15306,4.442276,0.6954672,0.4030742,-0.02505302,1.11517,-0.1434001,0.3440097,0.09868591,0.10897,0.935426,-31.80382,32.75
32,-0.3216095,-0.1192627,0.9393158,1.0,-0.3344116,-0.1799316,0.9250793,-27.2471,5.402573,-27.06319,3.940353,0.4026511,0.4213735,1.0,-0.3110352,-0.07290649,0.9475861,28.86641,6.785095,-33.15306,4.442276,0.6954672,0.4030742,-0.02505302,1.11517,-0.1434001,0.3440097,0.09868591,0.10897,0.935426,-31.80382,32.75
32,-0.307724,-0.09719849,0.9464874,1.0,-0.3203278,-0.1422729,0.936554,-27.24118,5.446365,-27.04008,4.387268,0.3997853,0.4129372,1.0,-0.2972107,-0.06126404,0.9528351,28.83215,6.795502,-33.13651,4.542313,0.6942,0.4002004,-0.02410567,1.115131,-0.1432443,0.3443887,0.1012623,0.1079684,0.935426,-31.80382,32.75
32,-0.2691498,-0.1156616,0.9561157,1.0,-0.246109,-0.1999207,0.9483948,-27.17978,5.431824,-26.97276,3.647919,0.3858576,0.4218217,1.0,-0.2826233,-0.06202698,0.9572144,28.85933,6.821182,-33.10931,4.574997,0.6904198,0.399069,-0.02238834,1.114979,-0.142908,0.344552,0.1070405,0.1055168,0.935426,-31.80382,32.75
32,-0.2691498,-0.1156616,0.9561157,1.0,-0.246109,-0.1999207,0.9483948,-27.17978,5.431824,-26.97276,3.647919,0.3858576,0.4218217,1.0,-0.2826233,-0.06202698,0.9572144,28.85933,6.821182,-33.10931,4.574997,0.6904198,0.399069,-0.02238834,1.114979,-0.142908,0.344552,0.1070405,0.1055168,0.935426,-31.80382,32.75
32,-0.2650146,-0.1141357,0.9574585,1.0,-0.2422333,-0.1903076,0.951355,-27.12039,5.463425,-26.95093,3.588074,0.383325,0.4188318,1.0,-0.278717,-0.06498718,0.9581604,28.90552,6.877777,-33.08553,4.513443,0.6879619,0.397334,-0.0216136,1.114873,-0.1428337,0.3446006,0.1101107,0.1045774,0.935426,4.095352,32.75
32,-0.2650146,-0.1141357,0.9574585,1.0,-0.2422333,-0.1903076,0.951355,-27.12039,5.463425,-26.95093,3.588074,0.383325,0.4188318,1.0,-0.278717,-0.06498718,0.9581604,28.90552,6.877777,-33.08553,4.513443,0.6879619,0.397334,-0.0216136,1.114873,-0.1428337,0.3446006,0.1101107,0.1045774,0.935426,4.095352,32.75
32,-0.2888947,-0.0841217,0.9536438,1.0,-0.3091431,-0.1107941,0.9445343,-27.12486,5.491638,-27.02003,4.405624,0.3941296,0.4056069,1.0,-0.2760925,-0.06744385,0.9587555,28.93069,6.881897,-33.07579,4.508057,0.686508,0.3975679,-0.01966417,1.114799,-0.1425861,0.3448172,0.1165635,0.1031941,0.935426,4.095352,32.75
32,-0.269577,-0.09385681,0.9583893,1.0,-0.2602081,-0.128067,0.957016,-27.12126,5.483887,-26.98921,3.99205,0.3861744,0.4078565,1.0,-0.2755585,-0.07128906,0.9586334,28.96574,6.878387,-33.07272,4.4888,0.6850724,0.3984145,-0.01724327,1.115711,-0.1417985,0.3450501,0.1197836,0.1022791,0.935426,4.095352,32.75
32,-0.2629089,-0.09460449,0.9601593,1.0,-0.243988,-0.1144867,0.9629822,-27.10321,5.472855,-26.98776,4.072067,0.3828307,0.4056644,1.0,-0.2746277,-0.08215332,0.9580231,29.04698,6.865967,-33.07452,4.421265,0.6818139,0.400992,-0.01524413,1.115593,-0.1416658,0.3457427,0.1273441,0.1002913,0.935426,4.095352,32.75
32,-0.2629089,-0.09460449,0.9601593,1.0,-0.243988,-0.1144867,0.9629822,-27.10321,5.472855,-26.98776,4.072067,0.3828307,0.4056644,1.0,-0.2746277,-0.08215332,0.9580231,29.04698,6.865967,-33.07452,4.421265,0.6818139,0.400992,-0.01524413,1.115593,-0.1416658,0.3457427,0.1273441,0.1002913,0.935426,4.095352,32.75
32,-0.2619934,-0.09327698,0.9605408,1.0,-0.2452698,-0.144577,0.9586029,-27.08493,5.476303,-26.99112,3.841034,0.3825421,0.41076,1.0,-0.2729645,-0.05810547,0.9602509,29.06346,6.876709,-33.0766,4.598969,0.681049,0.3961146,-0.01412392,1.115521,-0.1417006,0.3462275,0.1309974,0.09942625,0.935426,4.095352,32.75
32,-0.2473755,-0.08670044,0.9650269,1.0,-0.2384186,-0.1490936,0.9596405,-27.04131,5.476166,-26.98845,3.825867,0.3799386,0.411428,1.0,-0.2536011,-0.03840637,0.9665375,29.11105,6.869751,-33.06734,4.557739,0.6757832,0.3925609,-0.01148617,1.115592,-0.1413983,0.3473596,0.1388362,0.09813132,0.935426,4.095352,32.75
32,-0.2467651,-0.07980347,0.9657745,1.0,-0.2375031,-0.1289063,0.9627838,-27.00662,5.500107,-26.98918,3.91713,0.3786052,0.4071033,1.0,-0.2547302,-0.03460693,0.9663849,29.12622,6.869751,-33.0674,4.529617,0.6754559,0.3918816,-0.01026428,1.115407,-0.1414623,0.3481362,0.1429973,0.09742274,0.935426,4.095352,32.75
32,-0.2467651,-0.07980347,0.9657745,1.0,-0.2375031,-0.1289063,0.9627838,-27.00662,5.500107,-26.98918,3.91713,0.3786052,0.4071033,1.0,-0.2547302,-0.03460693,0.9663849,29.12622,6.869751,-33.0674,4.529617,0.6754559,0.3918816,-0.01026428,1.115407,-0.1414623,0.3481362,0.1429973,0.09742274,0.935426,4.095352,32.75
32,-0.2243805,-0.0695343,0.9720001,1.0,-0.2184143,-0.1161652,0.9689026,-26.97046,5.493912,-26.9765,3.901443,0.3742597,0.4047607,1.0,-0.2308655,-0.01351929,0.9728851,29.15288,6.899109,-33.03479,4.772614,0.6701909,0.386495,-0.009059548,1.115216,-0.1415251,0.3490666,0.1472921,0.09654635,0.935426,4.095352,32.75
33,-0.1967773,-0.1042175,0.974884,1.0,-0.1937561,-0.1374512,0.9713593,-26.93077,5.469711,-26.95961,3.8228,0.3688279,0.4088159,1.0,-0.2005615,-0.05859375,0.9779205,29.18416,6.894348,-32.97388,4.28299,0.6630646,0.3943442,-0.007786632,1.114916,-0.1416486,0.3503595,0.1519627,0.09549551,0.935426,4.095352,32.75
33,-0.19104,-0.09355164,0.9771118,1.0,-0.1859589,-0.1127472,0.976059,-26.91325,5.450882,-26.96294,4.074173,0.3667998,0.4051385,1.0,-0.1993561,-0.06132507,0.9779968,29.28291,6.901855,-32.97992,4.358246,0.6592329,0.3946812,-0.005025744,1.11418,-0.1421348,0.3533873,0.1620958,0.09274356,0.935426,4.095352,32.75
33,-0.19104,-0.09355164,0.9771118,1.0,-0.1859589,-0.1127472,0.976059,-26.91325,5.450882,-26.96294,4.074173,0.3667998,0.4051385,1.0,-0.1993561,-0.06132507,0.9779968,29.28291,6.901855,-32.97992,4.358246,0.6592329,0.3946812,-0.005025744,1.11418,-0.1421348,0.3533873,0.1620958,0.09274356,0.935426,4.095352,32.75
33,-0.1997528,-0.07650757,0.9768524,1.0,-0.2015533,-0.08592224,0.9756927,-26.89059,5.433273,-26.98824,4.388458,0.3684256,0.4015234,1.0,-0.1967621,-0.06105042,0.9785309,29.29686,6.871246,-32.98721,4.320084,0.6582334,0.3958158,-0.003603935,1.1137,-0.1424232,0.355301,0.1674015,0.09145682,0.935426,4.095352,32.75
33,-0.2106934,-0.06118774,0.9756317,1.0,-0.2176056,-0.07038879,0.9734802,-26.89372,5.259048,-27.05505,4.474335,0.3711172,0.4054571,1.0,-0.2012329,-0.04866028,0.9783173,29.29884,6.780701,-33.04512,4.597641,0.6590693,0.3973626,-0.00214541,1.113127,-0.1428401,0.3577344,0.1728829,0.09018369,0.935426,4.095352,32.75
33,-0.1995544,-0.1482544,0.9685974,1.0,-0.1923218,-0.175766,0.9654541,-26.87711,4.897644,-27.12915,4.225021,0.3661897,0.4359347,1.0,-0.2054596,-0.1252747,0.9706116,29.15445,6.47261,-33.07803,4.367752,0.6646405,0.4229125,0.0007686615,1.111718,-0.1439059,0.3635949,0.1838336,0.08791784,0.935426,4.095352,32.75
33,-0.1995544,-0.1482544,0.9685974,1.0,-0.1923218,-0.175766,0.9654541,-26.87711,4.897644,-27.12915,4.225021,0.3661897,0.4359347,1.0,-0.2054596,-0.1252747,0.9706116,29.15445,6.47261,-33.07803,4.367752,0.6646405,0.4229125,0.0007686615,1.111718,-0.1439059,0.3635949,0.1838336,0.08791784,0.935426,4.095352,32.75
33,-0.2068024,-0.2010803,0.957489,1.0,-0.199295,-0.2321472,0.9520264,-26.84712,4.617874,-27.19247,4.290802,0.3660211,0.4557088,1.0,-0.2106781,-0.1845245,0.9599762,29.18452,6.192307,-33.1272,4.48349,0.6642609,0.4445233,0.00216949,1.110883,-0.1445414,0.3667389,0.1891794,0.08657058,0.935426,4.095352,32.75
33,-0.2068024,-0.2010803,0.957489,1.0,-0.199295,-0.2321472,0.9520264,-26.84712,4.617874,-27.19247,4.290802,0.3660211,0.4557088,1.0,-0.2106781,-0.1845245,0.9599762,29.18452,6.192307,-33.1272,4.48349,0.6642609,0.4445233,0.00216949,1.110883,-0.1445414,0.3667389,0.1891794,0.08657058,0.935426,4.095352,32.75
33,-0.1966553,-0.2345581,0.9519958,0.9134373,-0.1835022,-0.2584229,0.9484253,-26.68971,4.334015,-27.27126,4.075272,0.3580632,0.4702837,0.843294,-0.2008972,-0.2267761,0.9529877,29.2276,5.947418,-33.17278,4.255859,0.6608217,0.461634,0.004776716,1.109164,-0.1458031,0.3738096,0.1987749,0.08347271,0.935426,4.323837,32.75
33,-0.2121277,-0.2767487,0.9372253,0.7297407,0.0,0.0,0.0,-26.54604,4.131256,-27.31136,-1.0,0.3528482,0.4828326,0.6837001,-0.2121277,-0.2767487,0.9372253,29.32211,5.789688,-33.22318,4.122314,0.6594098,0.4773881,0.006018758,1.108317,-0.1462851,0.3771623,0.2027148,0.08202353,0.935426,4.323837,32.75
33,-0.2121277,-0.2767487,0.9372253,0.7297407,0.0,0.0,0.0,-26.54604,4.131256,-27.31136,-1.0,0.3528482,0.4828326,0.6837001,-0.2121277,-0.2767487,0.9372253,29.32211,5.789688,-33.22318,4.122314,0.6594098,0.4773881,0.006018758,1.108317,-0.1462851,0.3771623,0.2027148,0.08202353,0.935426,4.323837,32.75
33,-0.2002106,-0.3105927,0.9291992,0.5504954,0.0,0.0,0.0,-26.46724,4.070709,-27.36386,-1.0,0.336477,0.5044457,0.615504,-0.2002106,-0.3105927,0.9291992,29.44322,5.686203,-33.25238,4.098785,0.652865,0.4877678,0.008081555,1.106383,-0.1469821,0.3835831,0.2092791,0.07882331,0.935426,4.323837,32.75
33,-0.1811829,-0.3235474,0.9286957,0.3661539,0.0,0.0,0.0,-26.33047,4.057983,-27.3638,-1.0,0.3399513,0.507968,0.5378826,-0.1811829,-0.3235474,0.9286957,29.56131,5.66835,-33.23865,4.306,0.6451073,0.4905275,0.008986592,1.105394,-0.1472162,0.3865788,0.211596,0.07660484,0.935426,4.323837,32.75
33,-0.1786041,-0.3614044,0.9151306,0.2583391,-0.1593323,-0.3900909,0.9068756,-26.2901,4.020126,-27.36612,4.071564,0.3398669,0.5050938,0.5031106,-0.1904449,-0.343399,0.9196625,29.67023,5.684296,-33.22844,4.049133,0.642853,0.4938931,0.01072037,1.103371,-0.1477113,0.3924019,0.2161912,0.07135832,0.935426,4.323837,32.75
33,-0.1786041,-0.3614044,0.9151306,0.2583391,-0.1593323,-0.3900909,0.9068756,-26.2901,4.020126,-27.36612,4.071564,0.3398669,0.5050938,0.5031106,-0.1904449,-0.343399,0.9196625,29.67023,5.684296,-33.22844,4.049133,0.642853,0.4938931,0.01072037,1.103371,-0.1477113,0.3924019,0.2161912,0.07135832,0.935426,4.323837,32.75
33,-0.1691437,-0.3534698,0.9200134,0.2281086,-0.1559143,-0.3700409,0.9158325,-26.30986,4.03212,-27.34706,4.347015,0.3398902,0.5006791,0.4907574,-0.1784821,-0.3415985,0.9227295,29.6844,5.69458,-33.21822,4.145294,0.6401674,0.4929267,0.01154578,1.102504,-0.1478067,0.3952258,0.2183392,0.0690781,0.935426,4.323837,32.75
33,-0.1486664,-0.3610992,0.9205933,0.2281469,-0.1078186,-0.413269,0.9041901,-26.3466,4.076462,-27.33942,3.443176,0.3335347,0.5071534,0.4870043,-0.1866302,-0.3102722,0.9321442,29.72171,5.746902,-33.18872,4.159134,0.6402345,0.4848047,0.01329577,1.100802,-0.147936,0.4006323,0.221906,0.06618226,0.935426,4.323837,32.75
33,-0.1486664,-0.3610992,0.9205933,0.2281469,-0.1078186,-0.413269,0.9041901,-26.3466,4.076462,-27.33942,3.443176,0.3335347,0.5071534,0.4870043,-0.1866302,-0.3102722,0.9321442,29.72171,5.746902,-33.18872,4.159134,0.6402345,0.4848047,0.01329577,1.100802,-0.147936,0.4006323,0.221906,0.06618226,0.935426,4.323837,32.75
33,-0.1347504,-0.3611908,0.922699,0.2777486,-0.1051483,-0.4109802,0.9055481,-26.38577,4.172943,-27.29567,3.575226,0.3344294,0.5030285,0.4910495,-0.1647034,-0.3085632,0.9368286,29.74277,5.764511,-33.17067,4.012192,0.6355453,0.4835272,0.01411688,1.10001,-0.1480287,0.4031751,0.2234687,0.06505271,0.935426,4.323837,32.75
33,-0.1287079,-0.3052673,0.943512,0.3699882,-0.1075439,-0.3109131,0.9443207,-26.55089,4.099213,-27.36502,4.203629,0.340371,0.4875779,0.5467349,-0.1612854,-0.2962494,0.941391,29.77776,5.786743,-33.1564,4.394073,0.6336172,0.4801082,0.01559901,1.098688,-0.1480899,0.4082624,0.2254307,0.06273892,0.935426,4.323837,32.75
33,-0.1287079,-0.3052673,0.943512,0.3699882,-0.1075439,-0.3109131,0.9443207,-26.55089,4.099213,-27.36502,4.203629,0.340371,0.4875779,0.5467349,-0.1612854,-0.2962494,0.941391,29.77776,5.786743,-33.1564,4.394073,0.6336172,0.4801082,0.01559901,1.098688,-0.1480899,0.4082624,0.2254307,0.06273892,0.935426,4.323837,32.75
33,-0.1287079,-0.3052673,0.943512,0.3699882,-0.1075439,-0.3109131,0.9443207,-26.55089,4.099213,-27.36502,4.203629,0.340371,0.4875779,0.5467349,-0.1612854,-0.2962494,0.941391,29.77776,5.786743,-33.1564,4.394073,0.6336172,0.4801082,0.01623046,1.098128,-0.1479703,0.4100228,0.2263755,0.06131807,0.935426,4.323837,32.75
33,-0.1287079,-0.3052673,0.943512,0.3699882,-0.1075439,-0.3109131,0.9443207,-26.55089,4.099213,-27.36502,4.203629,0.340371,0.4875779,0.5467349,-0.1612854,-0.2962494,0.941391,29.77776,5.786743,-33.1564,4.394073,0.6336172,0.4801082,0.01678479,1.097537,-0.1477736,0.4114073,0.2272306,0.0600808,0.935426,2.737198,32.75
33,-0.1287079,-0.3052673,0.943512,0.3699882,-0.1075439,-0.3109131,0.9443207,-26.55089,4.099213,-27.36502,4.203629,0.340371,0.4875779,0.5467349,-0.1612854,-0.2962494,0.941391,29.77776,5.786743,-33.1564,4.394073,0.6336172,0.4801082,0.01678479,1.097537,-0.1477736,0.4114073,0.2272306,0.0600808,0.935426,2.737198,32.75
33,-0.1246185,-0.2900085,0.9488678,0.4425413,-0.1116638,-0.342392,0.9328918,-26.33197,4.360168,-27.21703,3.737732,0.3340243,0.4833463,0.5985409,-0.1369476,-0.2377625,0.9616089,29.85062,5.929749,-33.10312,4.52066,0.6266588,0.463291,0.01813209,1.096702,-0.1472891,0.4135508,0.2284458,0.05766954,0.935426,2.737198,32.75
33,-0.1246185,-0.2900085,0.9488678,0.4425413,-0.1116638,-0.342392,0.9328918,-26.33197,4.360168,-27.21703,3.737732,0.3340243,0.4833463,0.5985409,-0.1369476,-0.2377625,0.9616089,29.85062,5.929749,-33.10312,4.52066,0.6266588,0.463291,0.01813209,1.096702,-0.1472891,0.4135508,0.2284458,0.05766954,0.935426,2.737198,32.75
33,-0.1240082,-0.2563477,0.9585876,0.5510052,-0.1307068,-0.29245,0.9472961,-26.32947,4.357056,-27.21072,3.987152,0.3371502,0.4744282,0.6749558,-0.1193542,-0.2315369,0.9654694,29.82977,5.9384,-33.08385,4.425522,0.6242756,0.4615528,0.01926863,1.09586,-0.1469225,0.4159321,0.2294994,0.05613722,0.935426,2.737198,32.75
33,-0.1354828,-0.251297,0.958374,0.610519,-0.1220856,-0.2869263,0.9501343,-26.34882,4.344086,-27.22913,4.033997,0.3363364,0.4739634,0.7054018,-0.1445313,-0.2267151,0.9631653,29.88261,5.898453,-33.10391,4.47612,0.6268528,0.4624138,0.02039135,1.095214,-0.1465203,0.4177013,0.2301674,0.05483512,0.935426,2.737198,32.75
33,-0.1354828,-0.251297,0.958374,0.610519,-0.1220856,-0.2869263,0.9501343,-26.34882,4.344086,-27.22913,4.033997,0.3363364,0.4739634,0.7054018,-0.1445313,-0.2267151,0.9631653,29.88261,5.898453,-33.10391,4.47612,0.6268528,0.4624138,0.02039135,1.095214,-0.1465203,0.4177013,0.2301674,0.05483512,0.935426,2.737198,32.75
33,-0.1354828,-0.251297,0.958374,0.610519,-0.1220856,-0.2869263,0.9501343,-26.34882,4.344086,-27.22913,4.033997,0.3363364,0.4739634,0.7054018,-0.1445313,-0.2267151,0.9631653,29.88261,5.898453,-33.10391,4.47612,0.6268528,0.4624138,0.02264309,1.095458,-0.1453514,0.4189079,0.2308706,0.05409671,0.935426,2.737198,32.75
33,-0.1354828,-0.251297,0.958374,0.610519,-0.1220856,-0.2869263,0.9501343,-26.34882,4.344086,-27.22913,4.033997,0.3363364,0.4739634,0.7054018,-0.1445313,-0.2267151,0.9631653,29.88261,5.898453,-33.10391,4.47612,0.6268528,0.4624138,0.02392709,1.09515,-0.1447445,0.4195889,0.2319169,0.05336693,0.935426,2.737198,32.75
33,-0.1354828,-0.251297,0.958374,0.610519,-0.1220856,-0.2869263,0.9501343,-26.34882,4.344086,-27.22913,4.033997,0.3363364,0.4739634,0.7054018,-0.1445313,-0.2267151,0.9631653,29.88261,5.898453,-33.10391,4.47612,0.6268528,0.4624138,0.02392709,1.09515,-0.1447445,0.4195889,0.2319169,0.05336693,0.935426,2.737198,32.75
33,-0.1377869,-0.2155609,0.9667053,0.711421,-0.1189575,-0.2593994,0.9584045,-26.37552,4.354034,-27.22348,4.20929,0.3367076,0.4686411,0.7909613,-0.1500854,-0.1862335,0.9709625,29.87263,5.892914,-33.11096,4.748611,0.6282443,0.4551548,0.02499878,1.094714,-0.1442415,0.420508,0.2326235,0.05274836,0.935426,2.737198,32.75
33,-0.1377869,-0.2155609,0.9667053,0.711421,-0.1189575,-0.2593994,0.9584045,-26.37552,4.354034,-27.22348,4.20929,0.3367076,0.4686411,0.7909613,-0.1500854,-0.1862335,0.9709625,29.87263,5.892914,-33.11096,4.748611,0.6282443,0.4551548,0.02499878,1.094714,-0.1442415,0.420508,0.2326235,0.05274836,0.935426,2.737198,32.75
33,-0.1381836,-0.2239685,0.9647369,0.8635858,-0.1401978,-0.2584686,0.95578,-26.38576,4.326447,-27.26186,4.058853,0.3406383,0.4699285,0.9271718,-0.1361237,-0.191452,0.9720001,29.88341,5.866348,-33.10873,4.501938,0.6253619,0.4569882,0.02587533,1.094383,-0.1438091,0.4214175,0.2327802,0.05215589,0.935426,-22.60489,32.75
33,-0.1381836,-0.2239685,0.9647369,0.8635858,-0.1401978,-0.2584686,0.95578,-26.38576,4.326447,-27.26186,4.058853,0.3406383,0.4699285,0.9271718,-0.1361237,-0.191452,0.9720001,29.88341,5.866348,-33.10873,4.501938,0.6253619,0.4569882,0.02587533,1.094383,-0.1438091,0.4214175,0.2327802,0.05215589,0.935426,-22.60489,32.75
33,-0.1381836,-0.2239685,0.9647369,0.8635858,-0.1401978,-0.2584686,0.95578,-26.38576,4.326447,-27.26186,4.058853,0.3406383,0.4699285,0.9271718,-0.1361237,-0.191452,0.9720001,29.88341,5.866348,-33.10873,4.501938,0.6253619,0.4569882,0.02587533,1.094383,-0.1438091,0.4214175,0.2327802,0.05215589,0.935426,-22.60489,32.75
33,-0.1446228,-0.08502197,0.9858246,1.0,-0.1499634,-0.1052094,0.9830627,-26.28682,5.243973,-27.2695,4.295334,0.3392212,0.4126115,1.0,-0.1339569,-0.04530334,0.9899445,29.64093,6.84671,-33.43985,4.605682,0.634942,0.3978155,0.02674222,1.094164,-0.1433671,0.4215005,0.2330582,0.05093917,0.935426,-22.60489,32.75
33,-1.0,-1.0,-1.0,1.0,0.0,0.0,0.0,-26.30862,6.462845,-30.15016,-1.0,0.3293413,0.3718345,1.0,0.0,0.0,0.0,29.60942,7.498535,-34.10028,-1.0,0.6366839,0.3686891,0.02757227,1.094186,-0.1430511,0.4209038,0.2333693,0.05014134,0.935426,-22.60489,32.75
33,-1.0,-1.0,-1.0,1.0,0.0,0.0,0.0,-26.30862,6.462845,-30.15016,-1.0,0.3293413,0.3718345,1.0,0.0,0.0,0.0,29.60942,7.498535,-34.10028,-1.0,0.6366839,0.3686891,0.02757227,1.094186,-0.1430511,0.4209038,0.2333693,0.05014134,0.935426,-22.60489,32.75
33,-1.0,-1.0,-1.0,1.0,0.0,0.0,0.0,-26.20932,6.756729,-29.74553,-1.0,0.3308313,0.3479993,1.0,0.0,0.0,0.0,29.55493,7.584259,-33.05104,-1.0,0.6365793,0.338966,0.02842164,1.094285,-0.1426126,0.4203607,0.2339239,0.04955108,0.935426,-22.60489,32.75
33,-1.0,-1.0,-1.0,1.0,0.0,0.0,0.0,-26.20932,6.756729,-29.74553,-1.0,0.3308313,0.3479993,1.0,0.0,0.0,0.0,29.55493,7.584259,-33.05104,-1.0,0.6365793,0.338966,0.02842164,1.094285,-0.1426126,0.4203607,0.2339239,0.04955108,0.935426,-22.60489,32.75
33,-0.1414642,0.1473694,0.9788971,1.0,-0.1607971,0.1526031,0.9751129,-26.17422,6.42569,-28.69177,4.846649,0.3348724,0.3391869,1.0,-0.1414642,0.1473694,0.9788971,29.5654,7.542877,-33.17096,4.495224,0.6404109,0.3343055,0.02924716,1.094458,-0.1423509,0.4197962,0.2346287,0.04895917,0.935426,-22.60489,32.75
33,-0.1414642,0.1473694,0.9788971,1.0,-0.1607971,0.1526031,0.9751129,-26.17422,6.42569,-28.69177,4.846649,0.3348724,0.3391869,1.0,-0.1414642,0.1473694,0.9788971,29.5654,7.542877,-33.17096,4.495224,0.6404109,0.3343055,0.02924716,1.094458,-0.1423509,0.4197962,0.2346287,0.04895917,0.935426,-22.60489,32.75
33,-0.1270752,0.1015167,0.9866791,1.0,-0.1271057,0.1011047,0.9867096,-26.2755,6.612656,-29.7314,4.330322,0.3319356,0.3497656,1.0,-0.1226349,0.1725311,0.9773254,29.56812,7.282669,-32.60004,4.825439,0.6362754,0.3343911,0.03004205,1.09461,-0.1422616,0.4190949,0.235506,0.04808455,0.935426,-22.60489,32.75
33,-0.1270752,0.1015167,0.9866791,1.0,-0.1271057,0.1011047,0.9867096,-26.2755,6.612656,-29.7314,4.330322,0.3319356,0.3497656,1.0,-0.1226349,0.1725311,0.9773254,29.56812,7.282669,-32.60004,4.825439,0.6362754,0.3343911,0.03004205,1.09461,-0.1422616,0.4190949,0.235506,0.04808455,0.935426,-22.60489,32.75
33,-0.1270752,0.1015167,0.9866791,1.0,-0.1271057,0.1011047,0.9867096,-26.2755,6.612656,-29.7314,4.330322,0.3319356,0.3497656,1.0,-0.1226349,0.1725311,0.9773254,29.56812,7.282669,-32.60004,4.825439,0.6362754,0.3343911,0.03004205,1.09461,-0.1422616,0.4190949,0.235506,0.04808455,0.935426,-22.60489,32.75
33,-0.1319733,0.1146698,0.9845886,1.0,-0.116806,0.05941772,0.9913635,-26.36835,6.635056,-30.19997,4.03624,0.3331064,0.3599854,1.0,-0.1529083,0.1930389,0.9691925,29.62605,7.214935,-32.67366,5.007339,0.6399263,0.3339131,0.03075862,1.094853,-0.1423139,0.4184479,0.2364701,0.04724248,0.935426,-22.60489,32.75
33,-0.1553955,0.158493,0.9750519,1.0,-0.1422272,0.1278839,0.9815216,-26.2558,6.251999,-28.91725,4.535217,0.3345371,0.3509986,1.0,-0.1555786,0.1589355,0.9749451,29.65172,7.046692,-32.22165,4.697296,0.6384091,0.3425424,0.03151107,1.095031,-0.142424,0.4179145,0.2374242,0.04621163,0.9443926,-22.60489,32.75
33,-0.1553955,0.158493,0.9750519,1.0,-0.1422272,0.1278839,0.9815216,-26.2558,6.251999,-28.91725,4.535217,0.3345371,0.3509986,1.0,-0.1555786,0.1589355,0.9749451,29.65172,7.046692,-32.22165,4.697296,0.6384091,0.3425424,0.03151107,1.095031,-0.142424,0.4179145,0.2374242,0.04621163,0.9443926,-22.60489,32.75
33,-0.1405487,0.1717987,0.9750519,1.0,-0.1405945,0.1452179,0.9793549,-26.2326,6.126099,-28.51193,4.476578,0.3341595,0.3493909,1.0,-0.1405487,0.1720886,0.9749908,29.62186,6.930283,-31.88104,4.704956,0.6362995,0.3415892,0.03210557,1.095124,-0.1426675,0.4175093,0.238412,0.04525402,0.9443926,-43.96095,32.75
33,-0.1405487,0.1717987,0.9750519,1.0,-0.1405945,0.1452179,0.9793549,-26.2326,6.126099,-28.51193,4.476578,0.3341595,0.3493909,1.0,-0.1405487,0.1720886,0.9749908,29.62186,6.930283,-31.88104,4.704956,0.6362995,0.3415892,0.03210557,1.095124,-0.1426675,0.4175093,0.238412,0.04525402,0.9443926,-43.96095,32.75
33,-0.1405487,0.1717987,0.9750519,1.0,-0.1405945,0.1452179,0.9793549,-26.2326,6.126099,-28.51193,4.476578,0.3341595,0.3493909,1.0,-0.1405487,0.1720886,0.9749908,29.62186,6.930283,-31.88104,4.704956,0.6362995,0.3415892,0.03210557,1.095124,-0.1426675,0.4175093,0.238412,0.04525402,0.9443926,-43.96095,32.75
33,-0.1447144,0.1773071,0.9734497,1.0,-0.1431274,0.1520844,0.9779358,-26.15401,5.944382,-28.14624,4.440521,0.3323838,0.3514936,1.0,-0.1447144,0.1773682,0.9734344,29.72362,6.998245,-32.34468,4.722931,0.6338192,0.3425702,0.03287375,1.095189,-0.1429236,0.4173092,0.2395322,0.0442523,0.9443926,-43.96095,32.75
33,-0.1400452,0.1786804,0.973877,1.0,-0.1560211,0.1504059,0.9762268,-26.17323,5.92981,-28.03003,4.532593,0.3354754,0.3518173,1.0,-0.1396332,0.1793976,0.9738007,29.71773,6.96669,-32.22221,4.815369,0.6331319,0.3419985,0.03347814,1.09515,-0.1432818,0.417125,0.2406478,0.04341758,0.9443926,-43.96095,32.75
33,-0.1400452,0.1786804,0.973877,1.0,-0.1560211,0.1504059,0.9762268,-26.17323,5.92981,-28.03003,4.532593,0.3354754,0.3518173,1.0,-0.1396332,0.1793976,0.9738007,29.71773,6.96669,-32.22221,4.815369,0.6331319,0.3419985,0.03347814,1.09515,-0.1432818,0.417125,0.2406478,0.04341758,0.9443926,-43.96095,32.75
33,-0.1354828,0.16716,0.9765625,1.0,-0.1353455,0.1644592,0.9770508,-26.24158,6.116989,-28.72604,4.557663,0.333242,0.3480801,1.0,-0.1363373,0.1855164,0.9731293,29.71365,6.847321,-31.69266,4.820374,0.6318956,0.3410103,0.03514826,1.096077,-0.1431533,0.4174084,0.2417925,0.04257805,0.9443926,-43.96095,32.75
33,-0.1354828,0.16716,0.9765625,1.0,-0.1353455,0.1644592,0.9770508,-26.24158,6.116989,-28.72604,4.557663,0.333242,0.3480801,1.0,-0.1363373,0.1855164,0.9731293,29.71365,6.847321,-31.69266,4.820374,0.6318956,0.3410103,0.03514826,1.096077,-0.1431533,0.4174084,0.2417925,0.04257805,0.9443926,-43.96095,32.75
33,-0.1354828,0.16716,0.9765625,1.0,-0.1353455,0.1644592,0.9770508,-26.24158,6.116989,-28.72604,4.557663,0.333242,0.3480801,1.0,-0.1363373,0.1855164,0.9731293,29.71365,6.847321,-31.69266,4.820374,0.6318956,0.3410103,0.03514826,1.096077,-0.1431533,0.4174084,0.2417925,0.04257805,0.9443926,-43.96095,32.75
33,-0.1212616,0.1685944,0.9781952,1.0,-0.1241608,0.1607819,0.9791412,-26.237,6.117172,-28.72949,4.646942,0.3310347,0.3486317,1.0,-0.1194305,0.1734772,0.9775543,29.72462,6.842133,-31.64972,4.822723,0.6283007,0.3430195,0.03579748,1.096128,-0.1435907,0.417429,0.2432915,0.04168625,0.9443926,-43.96095,32.75
33,-0.1224213,0.1713715,0.9775543,1.0,-0.1438904,0.1843262,0.9722595,-26.12279,5.990326,-28.40041,4.833145,0.3307076,0.3464445,1.0,-0.119812,0.1697693,0.9781647,29.75383,6.868668,-31.71054,4.769684,0.6273847,0.3431991,0.03663445,1.096417,-0.1437567,0.4175006,0.2445226,0.04150875,0.9443926,-43.96095,32.73
33,-0.1224213,0.1713715,0.9775543,1.0,-0.1438904,0.1843262,0.9722595,-26.12279,5.990326,-28.40041,4.833145,0.3307076,0.3464445,1.0,-0.119812,0.1697693,0.9781647,29.75383,6.868668,-31.71054,4.769684,0.6273847,0.3431991,0.03663445,1.096417,-0.1437567,0.4175006,0.2445226,0.04150875,0.9443926,-43.96095,32.73
33,-0.1318054,0.1790009,0.9749756,1.0,-0.1286316,0.1906586,0.973175,-26.07329,5.991821,-28.29016,4.734131,0.3266134,0.3442844,1.0,-0.1352386,0.1662903,0.9767456,29.85898,7.094269,-32.58614,4.760254,0.6274863,0.3431285,0.03708756,1.09651,-0.1440119,0.4175154,0.24541,0.04108315,0.9443926,-43.96095,32.73
33,-0.1318054,0.1790009,0.9749756,1.0,-0.1286316,0.1906586,0.973175,-26.07329,5.991821,-28.29016,4.734131,0.3266134,0.3442844,1.0,-0.1352386,0.1662903,0.9767456,29.85898,7.094269,-32.58614,4.760254,0.6274863,0.3431285,0.03708756,1.09651,-0.1440119,0.4175154,0.24541,0.04108315,0.9443926,-43.96095,32.73
33,-0.1318054,0.1790009,0.9749756,1.0,-0.1286316,0.1906586,0.973175,-26.07329,5.991821,-28.29016,4.734131,0.3266134,0.3442844,1.0,-0.1352386,0.1662903,0.9767456,29.85898,7.094269,-32.58614,4.760254,0.6274863,0.3431285,0.03708756,1.09651,-0.1440119,0.4175154,0.24541,0.04108315,0.9443926,-43.96095,32.73
33,-0.1284027,0.1734161,0.9764404,1.0,-0.1284485,0.1734924,0.9764099,-26.00342,5.873779,-27.82495,4.700668,0.3248505,0.3476244,1.0,-0.1247101,0.166626,0.9780884,29.90335,7.077164,-32.49498,4.745514,0.6239747,0.3426458,0.03754532,1.096633,-0.1440812,0.4173792,0.2459467,0.04088171,0.9443926,-43.96095,32.73
33,-0.1323853,0.1685028,0.9767609,1.0,-0.1326294,0.1686249,0.9766998,-25.97731,5.892792,-27.85115,4.656097,0.3246953,0.348021,1.0,-0.1255951,0.1651459,0.9782257,29.91829,7.079498,-32.4704,4.773483,0.6235578,0.3426458,0.03774309,1.096613,-0.1441498,0.41767,0.2459029,0.04040122,0.9443926,18.935,32.73
33,-0.1323853,0.1685028,0.9767609,1.0,-0.1326294,0.1686249,0.9766998,-25.97731,5.892792,-27.85115,4.656097,0.3246953,0.348021,1.0,-0.1255951,0.1651459,0.9782257,29.91829,7.079498,-32.4704,4.773483,0.6235578,0.3426458,0.03774309,1.096613,-0.1441498,0.41767,0.2459029,0.04040122,0.9443926,18.935,32.73
33,-0.1269073,0.1646881,0.9781342,1.0,-0.1384735,0.1619568,0.9770203,-25.88371,5.738617,-27.36708,4.638275,0.3231848,0.3506697,1.0,-0.1266174,0.1647491,0.9781647,29.94485,7.082703,-32.48169,4.77417,0.622793,0.3427196,0.03776133,1.096607,-0.1441522,0.4176454,0.2459312,0.04017505,0.9443926,18.935,32.73
33,-0.1269073,0.1646881,0.9781342,1.0,-0.1384735,0.1619568,0.9770203,-25.88371,5.738617,-27.36708,4.638275,0.3231848,0.3506697,1.0,-0.1266174,0.1647491,0.9781647,29.94485,7.082703,-32.48169,4.77417,0.622793,0.3427196,0.03776133,1.096607,-0.1441522,0.4176454,0.2459312,0.04017505,0.9443926,18.935,32.73
33,-0.1231689,0.164856,0.9785919,1.0,-0.1399994,0.1641541,0.9764404,-25.87436,5.717087,-27.32037,4.641953,0.3231848,0.3506697,1.0,-0.1231537,0.1648712,0.9785919,29.96802,7.082474,-32.4805,4.78006,0.6213191,0.3427196,0.03785253,1.096382,-0.144213,0.4182625,0.2456579,0.03934283,0.9443926,18.935,32.73
33,-0.1231689,0.164856,0.9785919,1.0,-0.1399994,0.1641541,0.9764404,-25.87436,5.717087,-27.32037,4.641953,0.3231848,0.3506697,1.0,-0.1231537,0.1648712,0.9785919,29.96802,7.082474,-32.4805,4.78006,0.6213191,0.3427196,0.03785253,1.096382,-0.144213,0.4182625,0.2456579,0.03934283,0.9443926,18.935,32.73
33,-0.1231689,0.164856,0.9785919,1.0,-0.1399994,0.1641541,0.9764404,-25.87436,5.717087,-27.32037,4.641953,0.3231848,0.3506697,1.0,-0.1231537,0.1648712,0.9785919,29.96802,7.082474,-32.4805,4.78006,0.6213191,0.3427196,0.03785253,1.096382,-0.144213,0.4182625,0.2456579,0.03934283,0.9443926,18.935,32.73
33,-0.1116791,0.1596375,0.980835,1.0,-0.1109772,0.1518707,0.9821472,-25.95941,5.89238,-28.26332,4.64093,0.3198117,0.3538821,1.0,-0.1116791,0.1596375,0.980835,30.03773,7.0755,-32.67229,4.712204,0.6168331,0.3456398,0.0380497,1.096503,-0.1441031,0.4186983,0.2454657,0.03923512,0.9443926,18.935,32.73
33,-0.1078949,0.08831787,0.9902191,1.0,-0.09851074,0.08442688,0.9915466,-26.17339,5.966064,-29.93411,4.714584,0.3228978,0.3764898,1.0,-0.1078949,0.08831787,0.9902191,29.94832,6.570724,-32.34401,4.593307,0.6182707,0.3740696,0.03812432,1.096188,-0.1441004,0.4196048,0.2452946,0.0386433,0.9443926,18.935,32.73
33,-0.1078949,0.08831787,0.9902191,1.0,-0.09851074,0.08442688,0.9915466,-26.17339,5.966064,-29.93411,4.714584,0.3228978,0.3764898,1.0,-0.1078949,0.08831787,0.9902191,29.94832,6.570724,-32.34401,4.593307,0.6182707,0.3740696,0.03812432,1.096188,-0.1441004,0.4196048,0.2452946,0.0386433,0.9443926,18.935,32.73
33,-0.1078949,0.08831787,0.9902191,1.0,-0.09851074,0.08442688,0.9915466,-26.17339,5.966064,-29.93411,4.714584,0.3228978,0.3764898,1.0,-0.1078949,0.08831787,0.9902191,29.94832,6.570724,-32.34401,4.593307,0.6182707,0.3740696,0.03822887,1.095958,-0.1440788,0.4200404,0.2452062,0.03842811,0.9443926,18.935,32.73
33,-0.1078949,0.08831787,0.9902191,1.0,-0.09851074,0.08442688,0.9915466,-26.17339,5.966064,-29.93411,4.714584,0.3228978,0.3764898,1.0,-0.1078949,0.08831787,0.9902191,29.94832,6.570724,-32.34401,4.593307,0.6182707,0.3740696,0.03830469,1.095489,-0.1440545,0.4210316,0.2445735,0.03848604,0.9443926,18.935,32.73
33,-0.1078949,0.08831787,0.9902191,1.0,-0.09851074,0.08442688,0.9915466,-26.17339,5.966064,-29.93411,4.714584,0.3228978,0.3764898,1.0,-0.1078949,0.08831787,0.9902191,29.94832,6.570724,-32.34401,4.593307,0.6182707,0.3740696,0.03830469,1.095489,-0.1440545,0.4210316,0.2445735,0.03848604,0.9443926,18.935,32.73
33,-0.1078949,0.08831787,0.9902191,1.0,-0.09851074,0.08442688,0.9915466,-26.17339,5.966064,-29.93411,4.714584,0.3228978,0.3764898,1.0,-0.1078949,0.08831787,0.9902191,29.94832,6.570724,-32.34401,4.593307,0.6182707,0.3740696,0.03829181,1.095235,-0.1439666,0.4217553,0.2442575,0.03852416,0.9443926,18.935,32.73
33,-0.132782,0.02790833,0.9907379,1.0,-0.1125793,0.01171875,0.9935608,-26.24571,5.788284,-30.77808,4.572083,0.3270936,0.4026789,1.0,-0.132782,0.02790833,0.9907379,29.87897,6.533279,-33.49908,4.649445,0.6262228,0.3965729,0.03821468,1.094572,-0.1438472,0.4230216,0.2434254,0.03817933,0.9443926,18.935,32.73
33,-0.132782,0.02790833,0.9907379,1.0,-0.1125793,0.01171875,0.9935608,-26.24571,5.788284,-30.77808,4.572083,0.3270936,0.4026789,1.0,-0.132782,0.02790833,0.9907379,29.87897,6.533279,-33.49908,4.649445,0.6262228,0.3965729,0.03821468,1.094572,-0.1438472,0.4230216,0.2434254,0.03817933,0.9443926,18.935,32.73
33,-0.1330261,-0.08540344,0.9874115,1.0,-0.1267548,-0.1040039,0.9864655,-26.2728,4.94371,-29.04646,4.434036,0.33268,0.4373581,1.0,-0.1330261,-0.08540344,0.9874115,29.82751,6.215683,-33.43488,4.522812,0.6275208,0.4279718,0.03816926,1.094298,-0.1437792,0.423846,0.2430329,0.03781402,0.9443926,24.02549,32.73
33,-0.1320953,-0.08543396,0.9875336,1.0,-0.1339874,-0.09040833,0.9868469,-26.27025,4.940277,-29.04645,4.510605,0.3337997,0.4352087,1.0,-0.1320953,-0.08543396,0.9875336,29.88928,6.288498,-33.71577,4.597427,0.6254815,0.4279449,0.03794611,1.093577,-0.1434969,0.4256291,0.2415092,0.03765627,0.9443926,24.02549,32.73
33,-0.1320953,-0.08543396,0.9875336,1.0,-0.1339874,-0.09040833,0.9868469,-26.27025,4.940277,-29.04645,4.510605,0.3337997,0.4352087,1.0,-0.1320953,-0.08543396,0.9875336,29.88928,6.288498,-33.71577,4.597427,0.6254815,0.4279449,0.03794611,1.093577,-0.1434969,0.4256291,0.2415092,0.03765627,0.9443926,24.02549,32.73
33,-0.1238861,-0.07460022,0.9894867,1.0,-0.1323395,-0.08158875,0.9878387,-26.27161,4.959106,-29.14153,4.469177,0.3335143,0.4338348,1.0,-0.1238861,-0.07460022,0.9894867,29.90997,6.215561,-33.48936,4.628235,0.6229959,0.4265119,0.03781891,1.093162,-0.1433134,0.4265859,0.2405952,0.03764281,0.9443926,24.02549,32.73
33,-0.1212616,-0.06845093,0.9902496,1.0,-0.1238556,-0.07814026,0.989212,-26.29283,5.16333,-29.94063,4.573639,0.3318227,0.433159,1.0,-0.1212311,-0.06834412,0.9902649,29.95345,6.245468,-33.64464,4.674057,0.6211551,0.4257222,0.03797948,1.092673,-0.142783,0.4285899,0.2386213,0.03734454,0.9443926,24.02549,32.73
33,-0.1212616,-0.06845093,0.9902496,1.0,-0.1238556,-0.07814026,0.989212,-26.29283,5.16333,-29.94063,4.573639,0.3318227,0.433159,1.0,-0.1212311,-0.06834412,0.9902649,29.95345,6.245468,-33.64464,4.674057,0.6211551,0.4257222,0.03797948,1.092673,-0.142783,0.4285899,0.2386213,0.03734454,0.9443926,24.02549,32.73
33,-0.1209259,-0.07754517,0.989624,1.0,-0.1096649,-0.08558655,0.9902649,-26.28624,5.195251,-30.11327,4.538376,0.3289686,0.4347188,1.0,-0.1209412,-0.07752991,0.989624,30.00757,6.245483,-33.68843,4.687729,0.619168,0.4278066,0.03786767,1.092259,-0.1425629,0.4297315,0.2377051,0.03713105,0.9443926,24.02549,32.73
34,-0.1250458,-0.07966614,0.9889374,1.0,-0.1118164,-0.08781433,0.9898376,-26.27588,5.179886,-30.07307,4.536682,0.3289686,0.4352462,1.0,-0.1250458,-0.07966614,0.9889374,30.03879,6.302063,-33.83635,4.635178,0.6189497,0.4275154,0.03784168,1.091438,-0.1421135,0.4319841,0.2359606,0.03715552,0.9443926,24.02549,32.73
34,-0.1250458,-0.07966614,0.9889374,1.0,-0.1118164,-0.08781433,0.9898376,-26.27588,5.179886,-30.07307,4.536682,0.3289686,0.4352462,1.0,-0.1250458,-0.07966614,0.9889374,30.03879,6.302063,-33.83635,4.635178,0.6189497,0.4275154,0.03784168,1.091438,-0.1421135,0.4319841,0.2359606,0.03715552,0.9443926,24.02549,32.73
34,-0.1024475,-0.07859802,0.9916229,1.0,-0.1005859,-0.08129883,0.9915924,-26.25206,5.207809,-30.25079,4.479156,0.3260549,0.4345716,1.0,-0.1024475,-0.07859802,0.9916229,30.06361,6.292953,-33.80321,4.49382,0.6139638,0.4272485,0.03781152,1.090957,-0.1418687,0.4329856,0.235071,0.03727724,0.9443926,24.02549,32.73
34,-0.08383179,-0.09172058,0.9922333,1.0,-0.09590149,-0.06822205,0.993042,-26.25502,5.325638,-30.76326,4.586975,0.3246449,0.4326676,1.0,-0.08381653,-0.0917511,0.9922333,30.10506,6.250168,-33.68439,4.287369,0.6089507,0.4300195,0.03775191,1.08988,-0.1413368,0.4355672,0.2331841,0.03752645,0.9443926,24.02549,32.73
34,-0.08383179,-0.09172058,0.9922333,1.0,-0.09590149,-0.06822205,0.993042,-26.25502,5.325638,-30.76326,4.586975,0.3246449,0.4326676,1.0,-0.08381653,-0.0917511,0.9922333,30.10506,6.250168,-33.68439,4.287369,0.6089507,0.4300195,0.03775191,1.08988,-0.1413368,0.4355672,0.2331841,0.03752645,0.9443926,24.02549,32.73
34,-0.08042908,-0.08384705,0.9932251,1.0,-0.0847168,-0.06565857,0.9942322,-26.23825,5.357986,-31.01204,4.585083,0.3217683,0.4331271,1.0,-0.08042908,-0.08384705,0.9932251,30.15428,6.259644,-33.86279,4.396057,0.6067809,0.4298737,0.03765261,1.088622,-0.1408213,0.4385545,0.2315858,0.03713065,0.9443926,24.02549,32.73
34,-0.08042908,-0.08384705,0.9932251,1.0,-0.0847168,-0.06565857,0.9942322,-26.23825,5.357986,-31.01204,4.585083,0.3217683,0.4331271,1.0,-0.08042908,-0.08384705,0.9932251,30.15428,6.259644,-33.86279,4.396057,0.6067809,0.4298737,0.03765261,1.088622,-0.1408213,0.4385545,0.2315858,0.03713065,0.9443926,24.02549,32.73
34,-0.06506348,-0.07380676,0.9951324,1.0,-0.08520508,-0.06297302,0.9943695,-26.22566,5.313416,-30.99983,4.62825,0.3213889,0.4340988,1.0,-0.06506348,-0.07380676,0.9951324,30.18373,6.162018,-33.54692,4.389236,0.6026461,0.4286474,0.03760016,1.087995,-0.140592,0.4402491,0.2308635,0.03655471,0.9443926,24.02549,32.73
34,-0.06938171,-0.068573,0.995224,1.0,-0.07737732,-0.07424927,0.9942322,-26.20009,5.285156,-30.95653,4.58757,0.3192143,0.436598,1.0,-0.06822205,-0.06776428,0.9953613,30.22061,6.089462,-33.37784,4.44458,0.6017045,0.4286444,0.03756392,1.086656,-0.1401419,0.4438402,0.2291102,0.03621849,0.9443926,6.266441,32.73
34,-0.06938171,-0.068573,0.995224,1.0,-0.07737732,-0.07424927,0.9942322,-26.20009,5.285156,-30.95653,4.58757,0.3192143,0.436598,1.0,-0.06822205,-0.06776428,0.9953613,30.22061,6.089462,-33.37784,4.44458,0.6017045,0.4286444,0.03756392,1.086656,-0.1401419,0.4438402,0.2291102,0.03621849,0.9443926,6.266441,32.73
34,-0.07315063,-0.06455994,0.995224,1.0,-0.07191467,-0.07067871,0.9948883,-26.20012,5.308533,-31.04916,4.529785,0.3181939,0.4359184,1.0,-0.07524109,-0.05415344,0.9956818,30.22813,6.104324,-33.43172,4.546631,0.6027778,0.4261779,0.03756344,1.085935,-0.1398822,0.4456504,0.2280385,0.03615456,0.9443926,6.266441,32.73
34,-0.0914917,-0.05226135,0.9944305,1.0,-0.09216309,-0.05187988,0.9943848,-26.06827,5.172134,-30.67792,4.613129,0.3174219,0.4340605,1.0,-0.07240295,-0.06315613,0.9953613,30.30856,6.356781,-34.43628,4.496216,0.6004195,0.4278653,0.0375607,1.084385,-0.1394026,0.4494617,0.2256622,0.03552382,0.9443926,6.266441,32.73
34,-0.0914917,-0.05226135,0.9944305,1.0,-0.09216309,-0.05187988,0.9943848,-26.06827,5.172134,-30.67792,4.613129,0.3174219,0.4340605,1.0,-0.07240295,-0.06315613,0.9953613,30.30856,6.356781,-34.43628,4.496216,0.6004195,0.4278653,0.0375607,1.084385,-0.1394026,0.4494617,0.2256622,0.03552382,0.9443926,6.266441,32.73
34,-0.08999634,-0.05880737,0.9942017,1.0,-0.09007263,-0.05882263,0.9941864,-26.0108,5.07254,-30.23347,4.684738,0.315618,0.4348532,1.0,-0.07003784,-0.0514679,0.9962006,30.3391,6.391617,-34.54385,4.534088,0.5990319,0.425467,0.03761661,1.083806,-0.1391708,0.451209,0.2246634,0.03495402,0.9443926,6.266441,32.73
34,-0.0809021,-0.06614685,0.9945221,1.0,-0.08117676,-0.06632996,0.9944763,-25.99297,5.048096,-30.11101,4.440353,0.313848,0.4358334,1.0,-0.06375122,-0.05484009,0.9964447,30.3503,6.368546,-34.38139,4.447556,0.5973184,0.4253942,0.03761065,1.08311,-0.1388726,0.4527932,0.2237383,0.03410997,0.9443926,6.266441,32.73
34,-0.0644989,-0.05477905,0.9963989,1.0,-0.08488464,-0.05155945,0.9950409,-25.95699,4.987961,-29.83391,4.57135,0.313471,0.4329134,1.0,-0.05509949,-0.0562439,0.9968872,30.34872,6.380203,-34.30823,4.469818,0.5957653,0.4245615,0.03768492,1.081863,-0.1382993,0.4556068,0.2220318,0.03247219,0.9443926,6.266441,32.73
34,-0.0644989,-0.05477905,0.9963989,1.0,-0.08488464,-0.05155945,0.9950409,-25.95699,4.987961,-29.83391,4.57135,0.313471,0.4329134,1.0,-0.05509949,-0.0562439,0.9968872,30.34872,6.380203,-34.30823,4.469818,0.5957653,0.4245615,0.03768492,1.081863,-0.1382993,0.4556068,0.2220318,0.03247219,0.9443926,6.266441,32.73
34,-0.06640625,-0.04550171,0.9967499,1.0,-0.08462524,-0.04333496,0.9954681,-25.95576,4.988541,-29.7617,4.647766,0.313471,0.430905,1.0,-0.06626892,-0.04551697,0.9967499,30.34187,6.328323,-34.02972,4.539597,0.597756,0.4219793,0.03774309,1.0813,-0.1379442,0.4567764,0.2212531,0.0317825,0.9443926,6.266441,32.73
34,-0.06669617,-0.03834534,0.9970245,1.0,-0.09065247,-0.03639221,0.9952087,-25.94144,5.090927,-30.08371,4.590591,0.3136519,0.4290016,1.0,-0.04702759,-0.03993225,0.9980927,30.35185,6.278625,-33.85287,4.560638,0.5937999,0.4211317,0.03786182,1.080274,-0.1372458,0.4589312,0.2195584,0.03044926,0.9443926,6.266441,32.73
34,-0.06669617,-0.03834534,0.9970245,1.0,-0.09065247,-0.03639221,0.9952087,-25.94144,5.090927,-30.08371,4.590591,0.3136519,0.4290016,1.0,-0.04702759,-0.03993225,0.9980927,30.35185,6.278625,-33.85287,4.560638,0.5937999,0.4211317,0.03786182,1.080274,-0.1372458,0.4589312,0.2195584,0.03044926,0.9443926,6.266441,32.73
34,-0.08018494,-0.03312683,0.9962158,1.0,-0.08364868,-0.03276062,0.9959412,-25.90161,5.099365,-30.04637,4.694763,0.3109582,0.4276442,1.0,-0.05056763,-0.03616333,0.9980621,30.34731,6.2211,-33.57933,4.548508,0.5943258,0.4200402,0.03786182,1.080274,-0.1372458,0.4589312,0.2195584,0.03044926,0.9443926,6.266441,32.73
34,-0.08106995,-0.03160095,0.9962006,1.0,-0.08143616,-0.03163147,0.99617,-25.86292,5.124557,-30.0571,4.75708,0.3091479,0.4266273,1.0,-0.03645325,-0.02783203,0.9989471,30.35605,6.148224,-33.24843,4.477875,0.5911879,0.4181361,0.03790855,1.079456,-0.1364173,0.4605209,0.2174425,0.02981178,0.9443926,6.266441,32.73
34,-0.08106995,-0.03160095,0.9962006,1.0,-0.08143616,-0.03163147,0.99617,-25.86292,5.124557,-30.0571,4.75708,0.3091479,0.4266273,1.0,-0.03645325,-0.02783203,0.9989471,30.35605,6.148224,-33.24843,4.477875,0.5911879,0.4181361,0.03790855,1.079456,-0.1364173,0.4605209,0.2174425,0.02981178,0.9443926,6.266441,32.73
34,-0.07684326,-0.0246582,0.9967346,1.0,-0.07698059,-0.0246582,0.9967194,-25.82445,5.108398,-29.94827,4.783127,0.3071336,0.4249536,1.0,-0.03779602,-0.02185059,0.9990387,30.41708,6.333344,-33.93227,4.52002,0.5899233,0.4165979,0.03798723,1.078787,-0.1355288,0.461632,0.2151843,0.02916995,0.9443926,-29.92607,32.73
34,-0.07383728,-0.01361084,0.9971619,1.0,-0.07400513,-0.01356506,0.9971619,-25.80394,5.078964,-29.87517,4.811981,0.3059843,0.423381,1.0,-0.04324341,-0.0216217,0.9988251,30.40691,6.243256,-33.58788,4.547806,0.590924,0.4167047,0.03819954,1.07834,-0.1345525,0.4624975,0.2126498,0.02822663,0.9443926,-29.92607,32.73
34,-0.07383728,-0.01361084,0.9971619,1.0,-0.07400513,-0.01356506,0.9971619,-25.80394,5.078964,-29.87517,4.811981,0.3059843,0.423381,1.0,-0.04324341,-0.0216217,0.9988251,30.40691,6.243256,-33.58788,4.547806,0.590924,0.4167047,0.03819954,1.07834,-0.1345525,0.4624975,0.2126498,0.02822663,0.9443926,-29.92607,32.73
34,-0.06719971,-0.01741028,0.9975739,1.0,-0.06852722,-0.01721191,0.9974976,-25.77428,5.029938,-29.74742,4.906067,0.304099,0.4245708,1.0,-0.02947998,-0.0229187,0.9992981,30.451,6.239349,-33.63106,4.522476,0.5869262,0.4174489,0.03830004,1.077759,-0.1337923,0.4633226,0.2104662,0.02698306,0.9443926,-29.92607,32.73
34,-0.06962585,-0.01268005,0.9974823,1.0,-0.0721283,-0.01223755,0.9973145,-25.74623,4.938614,-29.66272,4.843933,0.3039475,0.426136,1.0,-0.02490234,-0.0206604,0.9994659,30.47301,6.234909,-33.80107,4.520584,0.5854672,0.4187292,0.03853273,1.077117,-0.133139,0.4644826,0.2082,0.02611649,0.9443926,-29.92607,32.73
34,-0.06962585,-0.01268005,0.9974823,1.0,-0.0721283,-0.01223755,0.9973145,-25.74623,4.938614,-29.66272,4.843933,0.3039475,0.426136,1.0,-0.02490234,-0.0206604,0.9994659,30.47301,6.234909,-33.80107,4.520584,0.5854672,0.4187292,0.03853273,1.077117,-0.133139,0.4644826,0.2082,0.02611649,0.9443926,-29.92607,32.73
34,-0.06962585,-0.01268005,0.9974823,1.0,-0.0721283,-0.01223755,0.9973145,-25.74623,4.938614,-29.66272,4.843933,0.3039475,0.426136,1.0,-0.02490234,-0.0206604,0.9994659,30.47301,6.234909,-33.80107,4.520584,0.5854672,0.4187292,0.03853273,1.077117,-0.133139,0.4644826,0.2082,0.02611649,0.9443926,-29.92607,32.73
34,-0.04780579,-0.005767822,0.9988251,1.0,-0.07284546,-0.008468628,0.9972992,-25.75255,4.984375,-30.07054,5.006165,0.3035423,0.4274671,1.0,-0.02542114,-0.003356934,0.9996643,30.48637,6.14032,-33.72125,4.651855,0.5850343,0.4183467,0.03885663,1.076487,-0.1326861,0.4657775,0.2060541,0.02499164,0.9443926,-29.92607,32.73
34,-0.04780579,-0.005767822,0.9988251,1.0,-0.07284546,-0.008468628,0.9972992,-25.75255,4.984375,-30.07054,5.006165,0.3035423,0.4274671,1.0,-0.02542114,-0.003356934,0.9996643,30.48637,6.14032,-33.72125,4.651855,0.5850343,0.4183467,0.03885663,1.076487,-0.1326861,0.4657775,0.2060541,0.02499164,0.9443926,-29.92607,32.73
34,-0.0276947,-0.009277344,0.9995728,1.0,-0.06863403,-0.01107788,0.9975739,-25.72612,4.899612,-29.92244,4.834106,0.3022506,0.4294438,1.0,-0.02293396,-0.009063721,0.9996948,30.49477,6.079132,-33.57095,4.581192,0.5841176,0.4201916,0.03921926,1.075866,-0.1322674,0.4670267,0.2044668,0.02324871,0.9443926,-29.92607,32.73
34,-0.03553772,-0.005844116,0.9993439,1.0,-0.06692505,-0.0001525879,0.997757,-25.69359,4.830673,-29.74112,4.790253,0.3011427,0.4283355,1.0,-0.02476501,-0.007797241,0.999649,30.50114,6.040726,-33.46773,4.59053,0.5841176,0.4204082,0.03964484,1.075229,-0.1317651,0.4682775,0.202346,0.02158834,0.9443926,-29.92607,32.73
34,-0.03553772,-0.005844116,0.9993439,1.0,-0.06692505,-0.0001525879,0.997757,-25.69359,4.830673,-29.74112,4.790253,0.3011427,0.4283355,1.0,-0.02476501,-0.007797241,0.999649,30.50114,6.040726,-33.46773,4.59053,0.5841176,0.4204082,0.03964484,1.075229,-0.1317651,0.4682775,0.202346,0.02158834,0.9443926,-29.92607,32.73
34,-0.04701233,-0.0006866455,0.9988861,1.0,-0.06343079,-0.0004577637,0.9979706,-25.66307,4.891434,-29.84718,4.997696,0.2991102,0.4272152,1.0,-0.02429199,-0.001022339,0.9996948,30.55289,5.986984,-33.25455,4.683624,0.5820124,0.4192453,0.04001546,1.074687,-0.1312121,0.4691469,0.1996187,0.01930545,0.9443926,-29.92607,32.73
34,-0.04701233,-0.0006866455,0.9988861,1.0,-0.06343079,-0.0004577637,0.9979706,-25.66307,4.891434,-29.84718,4.997696,0.2991102,0.4272152,1.0,-0.02429199,-0.001022339,0.9996948,30.55289,5.986984,-33.25455,4.683624,0.5820124,0.4192453,0.04001546,1.074687,-0.1312121,0.4691469,0.1996187,0.01930545,0.9443926,-29.92607,32.73
34,-0.04983521,-0.003707886,0.9987488,1.0,-0.06893921,-0.00592041,0.9975891,-25.62469,4.923218,-29.89685,4.869202,0.2987328,0.4274407,1.0,-0.02003479,-0.0002441406,0.9997864,30.60393,6.072342,-33.47495,4.59021,0.5796206,0.4179983,0.04046857,1.074302,-0.1305765,0.4699559,0.1965212,0.01614469,0.9443926,-29.92607,32.73
34,-0.04983521,-0.003707886,0.9987488,1.0,-0.06893921,-0.00592041,0.9975891,-25.62469,4.923218,-29.89685,4.869202,0.2987328,0.4274407,1.0,-0.02003479,-0.0002441406,0.9997864,30.60393,6.072342,-33.47495,4.59021,0.5796206,0.4179983,0.04046857,1.074302,-0.1305765,0.4699559,0.1965212,0.01614469,0.9443926,-29.92607,32.73
34,-0.05947876,0.0006561279,0.9982147,1.0,-0.06095886,0.0006256104,0.9981384,-25.57196,4.948166,-29.85504,4.937485,0.2954676,0.4249715,1.0,-0.02047729,0.001693726,0.9997864,30.63638,6.220428,-33.8728,4.560547,0.5788977,0.415899,0.04083443,1.073962,-0.1297129,0.4701398,0.1926035,0.01247329,0.9443926,9.782795,32.73
34,-0.05947876,0.0006561279,0.9982147,1.0,-0.06095886,0.0006256104,0.9981384,-25.57196,4.948166,-29.85504,4.937485,0.2954676,0.4249715,1.0,-0.02047729,0.001693726,0.9997864,30.63638,6.220428,-33.8728,4.560547,0.5788977,0.415899,0.04083443,1.073962,-0.1297129,0.4701398,0.1926035,0.01247329,0.9443926,9.782795,32.73
34,-0.05947876,0.0006561279,0.9982147,1.0,-0.06095886,0.0006256104,0.9981384,-25.57196,4.948166,-29.85504,4.937485,0.2954676,0.4249715,1.0,-0.02047729,0.001693726,0.9997864,30.63638,6.220428,-33.8728,4.560547,0.5788977,0.415899,0.04083443,1.073962,-0.1297129,0.4701398,0.1926035,0.01247329,0.9443926,9.782795,32.73
34,-0.06069946,0.0005493164,0.9981537,1.0,-0.0609436,0.0005493164,0.9981384,-25.54671,4.986023,-29.90471,4.976303,0.2944407,0.4240719,1.0,-0.01846313,-0.001159668,0.9998169,30.65096,6.210236,-33.77173,4.500656,0.577915,0.4158472,0.04104364,1.073838,-0.1285861,0.4696573,0.1874079,0.007526405,0.9443926,9.782795,32.73
34,-0.05744934,-0.002838135,0.9983368,1.0,-0.059021,-0.003082275,0.9982452,-25.47404,4.981323,-29.69637,4.917892,0.2918811,0.4229386,1.0,-0.02172852,0.002731323,0.9997559,30.70883,6.284561,-33.92342,4.551239,0.5765719,0.4138637,0.04129934,1.073925,-0.1272582,0.4684019,0.1807922,0.002100177,0.9443926,9.782795,32.73
34,-0.05744934,-0.002838135,0.9983368,1.0,-0.059021,-0.003082275,0.9982452,-25.47404,4.981323,-29.69637,4.917892,0.2918811,0.4229386,1.0,-0.02172852,0.002731323,0.9997559,30.70883,6.284561,-33.92342,4.551239,0.5765719,0.4138637,0.04129934,1.073925,-0.1272582,0.4684019,0.1807922,0.002100177,0.9443926,9.782795,32.73
34,-0.02204895,0.002182007,0.9997406,1.0,-0.07633972,-0.004882813,0.9970551,-25.43336,4.959885,-29.43782,4.867386,0.2939323,0.4218772,1.0,-0.01872253,0.002609253,0.9998169,30.74086,6.28447,-33.89833,4.577026,0.574869,0.4136771,0.04156506,1.074276,-0.1258979,0.4666102,0.1735568,-0.003917677,0.9443926,9.782795,32.73
34,-0.02204895,0.002182007,0.9997406,1.0,-0.07633972,-0.004882813,0.9970551,-25.43336,4.959885,-29.43782,4.867386,0.2939323,0.4218772,1.0,-0.01872253,0.002609253,0.9998169,30.74086,6.28447,-33.89833,4.577026,0.574869,0.4136771,0.04156506,1.074276,-0.1258979,0.4666102,0.1735568,-0.003917677,0.9443926,9.782795,32.73
34,-0.04528809,0.0009460449,0.9989624,1.0,-0.08110046,0.005477905,0.9966888,-25.48735,5.023743,-29.66867,4.920425,0.2963074,0.4200227,1.0,-0.04386902,0.0007629395,0.9990234,30.69109,6.303848,-33.99071,4.643066,0.5812187,0.4141809,0.04171431,1.074581,-0.1247156,0.4644225,0.1664539,-0.01040967,0.9443926,9.782795,32.73
34,-0.04528809,0.0009460449,0.9989624,1.0,-0.08110046,0.005477905,0.9966888,-25.48735,5.023743,-29.66867,4.920425,0.2963074,0.4200227,1.0,-0.04386902,0.0007629395,0.9990234,30.69109,6.303848,-33.99071,4.643066,0.5812187,0.4141809,0.04171431,1.074581,-0.1247156,0.4644225,0.1664539,-0.01040967,0.9443926,9.782795,32.73
34,-0.05497742,0.0145874,0.9983673,1.0,-0.08746338,0.00189209,0.9961548,-25.59543,4.96489,-29.73158,4.882858,0.3011545,0.4233441,1.0,-0.05039978,0.01637268,0.9985809,30.61697,6.217453,-33.93346,4.668442,0.5850115,0.4139891,0.04213285,1.075309,-0.1233799,0.4619615,0.159522,-0.01744453,0.9443926,9.782795,32.73
34,-0.05497742,0.0145874,0.9983673,1.0,-0.08746338,0.00189209,0.9961548,-25.59543,4.96489,-29.73158,4.882858,0.3011545,0.4233441,1.0,-0.05039978,0.01637268,0.9985809,30.61697,6.217453,-33.93346,4.668442,0.5850115,0.4139891,0.04213285,1.075309,-0.1233799,0.4619615,0.159522,-0.01744453,0.9443926,9.782795,32.73
34,-0.07688904,0.002456665,0.9970245,1.0,-0.08639526,0.005096436,0.9962463,-25.66631,4.950928,-29.82022,4.850616,0.3033718,0.4240874,1.0,-0.07099915,0.0008087158,0.997467,30.56111,6.035034,-33.45724,4.686249,0.5901716,0.419089,0.04258311,1.076174,-0.122142,0.4587105,0.1521274,-0.02455253,0.9443926,9.782795,32.73
34,-0.07688904,0.002456665,0.9970245,1.0,-0.08639526,0.005096436,0.9962463,-25.66631,4.950928,-29.82022,4.850616,0.3033718,0.4240874,1.0,-0.07099915,0.0008087158,0.997467,30.56111,6.035034,-33.45724,4.686249,0.5901716,0.419089,0.04258311,1.076174,-0.122142,0.4587105,0.1521274,-0.02455253,0.9443926,9.782795,32.73
34,-0.07688904,0.002456665,0.9970245,1.0,-0.08639526,0.005096436,0.9962463,-25.66631,4.950928,-29.82022,4.850616,0.3033718,0.4240874,1.0,-0.07099915,0.0008087158,0.997467,30.56111,6.035034,-33.45724,4.686249,0.5901716,0.419089,0.04258311,1.076174,-0.122142,0.4587105,0.1521274,-0.02455253,0.9443926,9.782795,32.73
34,-0.08847046,0.01841736,0.9958954,1.0,-0.08964539,0.01889038,0.9957886,-25.69974,5.009323,-29.92155,4.861313,0.3049544,0.4206086,1.0,-0.06907654,0.01054382,0.9975433,30.54526,6.015427,-33.38045,4.690979,0.5903478,0.4173517,0.04324114,1.077573,-0.1206719,0.4540966,0.1445245,-0.03125668,0.9443926,9.782795,32.73
34,-0.0198822,0.05960083,0.9980164,1.0,-0.03060913,0.06324768,0.9975281,-24.84808,5.270798,-29.37753,5.142624,0.2647019,0.3977573,1.0,0.02308655,0.04496765,0.9987183,31.09482,6.542557,-34.03581,4.603592,0.5549494,0.3980098,0.04371798,1.079299,-0.1192544,0.4479838,0.1362597,-0.0377134,0.9443926,29.32103,32.73
34,-0.0198822,0.05960083,0.9980164,1.0,-0.03060913,0.06324768,0.9975281,-24.84808,5.270798,-29.37753,5.142624,0.2647019,0.3977573,1.0,0.02308655,0.04496765,0.9987183,31.09482,6.542557,-34.03581,4.603592,0.5549494,0.3980098,0.04371798,1.079299,-0.1192544,0.4479838,0.1362597,-0.0377134,0.9443926,29.32103,32.73
34,0.05451965,0.07762146,0.9954834,1.0,0.0,0.0,0.0,-24.48561,5.463806,-29.53333,-1.0,0.2467825,0.3845368,1.0,0.05451965,0.07762146,0.9954834,31.26881,6.571564,-33.58243,4.638077,0.5429208,0.3871211,0.04406822,1.081383,-0.1176294,0.4408142,0.1271606,-0.04482391,0.9443926,29.32103,32.73
34,0.05451965,0.07762146,0.9954834,1.0,0.0,0.0,0.0,-24.48561,5.463806,-29.53333,-1.0,0.2467825,0.3845368,1.0,0.05451965,0.07762146,0.9954834,31.26881,6.571564,-33.58243,4.638077,0.5429208,0.3871211,0.04406822,1.081383,-0.1176294,0.4408142,0.1271606,-0.04482391,0.9443926,29.32103,32.73
34,0.05451965,0.07762146,0.9954834,1.0,0.0,0.0,0.0,-24.48561,5.463806,-29.53333,-1.0,0.2467825,0.3845368,1.0,0.05451965,0.07762146,0.9954834,31.26881,6.571564,-33.58243,4.638077,0.5429208,0.3871211,0.044433,1.083869,-0.1160594,0.432394,0.1178232,-0.05063932,0.9443926,29.32103,32.73
34,0.05451965,0.07762146,0.9954834,1.0,0.0,0.0,0.0,-24.48561,5.463806,-29.53333,-1.0,0.2467825,0.3845368,1.0,0.05451965,0.07762146,0.9954834,31.26881,6.571564,-33.58243,4.638077,0.5429208,0.3871211,0.044433,1.083869,-0.1160594,0.432394,0.1178232,-0.05063932,0.9443926,29.32103,32.73
34,0.1091919,0.08120728,0.9906921,1.0,0.0,0.0,0.0,-24.0719,5.50621,-29.1067,-1.0,0.2302974,0.3694598,1.0,0.1091919,0.08120728,0.9906921,31.50204,6.891541,-34.28215,4.593613,0.5251738,0.3811306,0.04511738,1.086701,-0.1148286,0.4240309,0.1091674,-0.05466884,0.9443926,29.32103,32.73
34,0.1091919,0.08120728,0.9906921,1.0,0.0,0.0,0.0,-24.0719,5.50621,-29.1067,-1.0,0.2302974,0.3694598,1.0,0.1091919,0.08120728,0.9906921,31.50204,6.891541,-34.28215,4.593613,0.5251738,0.3811306,0.04511738,1.086701,-0.1148286,0.4240309,0.1091674,-0.05466884,0.9443926,29.32103,32.73
34,-1.0,-1.0,-1.0,1.0,0.0,0.0,0.0,-22.89619,6.176086,-30.17955,-1.0,0.1450461,0.325266,1.0,0.0,0.0,0.0,32.44641,7.151215,-34.06067,-1.0,0.4649211,0.3513041,0.04553986,1.088189,-0.1143238,0.4199566,0.1053547,-0.05628209,0.9443926,29.32103,32.73
34,-1.0,-1.0,-1.0,1.0,0.0,0.0,0.0,-22.89619,6.176086,-30.17955,-1.0,0.1450461,0.325266,1.0,0.0,0.0,0.0,32.44641,7.151215,-34.06067,-1.0,0.4649211,0.3513041,0.04553986,1.088189,-0.1143238,0.4199566,0.1053547,-0.05628209,0.9443926,29.32103,32.73
34,0.2426758,0.1788635,0.9534607,1.0,0.08312988,0.2644806,0.9607849,-22.96175,6.227768,-30.13326,4.740128,0.1638347,0.3238353,1.0,0.2427063,0.1788483,0.9534607,32.40446,6.998138,-34.0441,4.710312,0.4683989,0.3579284,0.0465852,1.091137,-0.1136863,0.4120889,0.0988768,-0.05956056,0.9443926,29.32103,32.73
34,0.2113037,0.1559143,0.9648895,1.0,0.1238403,0.2028198,0.971344,-23.12279,6.05278,-30.04488,5.098892,0.1634382,0.3418685,1.0,0.214798,0.1539764,0.9644318,32.29443,6.841812,-33.98964,4.682999,0.4775012,0.367579,0.04717219,1.092525,-0.1134398,0.4083728,0.0962734,-0.06107116,0.9443926,29.32103,32.73
34,0.2113037,0.1559143,0.9648895,1.0,0.1238403,0.2028198,0.971344,-23.12279,6.05278,-30.04488,5.098892,0.1634382,0.3418685,1.0,0.214798,0.1539764,0.9644318,32.29443,6.841812,-33.98964,4.682999,0.4775012,0.367579,0.04717219,1.092525,-0.1134398,0.4083728,0.0962734,-0.06107116,0.9443926,29.32103,32.73
34,0.1740417,0.1543274,0.9725647,1.0,0.1120758,0.1755066,0.9780731,-23.29294,5.997375,-29.97705,5.011597,0.1740126,0.3495753,1.0,0.2008209,0.1448822,0.9688416,32.22795,6.789337,-33.97534,4.676437,0.4824399,0.3709583,0.04850817,1.095353,-0.1130185,0.4005368,0.09170048,-0.06327471,0.9443926,29.32103,32.73
34,0.1740417,0.1543274,0.9725647,1.0,0.1120758,0.1755066,0.9780731,-23.29294,5.997375,-29.97705,5.011597,0.1740126,0.3495753,1.0,0.2008209,0.1448822,0.9688416,32.22795,6.789337,-33.97534,4.676437,0.4824399,0.3709583,0.04850817,1.095353,-0.1130185,0.4005368,0.09170048,-0.06327471,0.9443926,29.32103,32.73
34,0.1733704,0.1622009,0.9713898,1.0,0.1041107,0.1938782,0.9754791,-23.32108,6.010193,-29.98759,5.074478,0.1763874,0.3460081,1.0,0.2014923,0.1489258,0.9680939,32.20184,6.781311,-33.97729,4.703186,0.4832618,0.3705702,0.04920816,1.096861,-0.1129421,0.3963613,0.08941698,-0.06441682,0.9443926,24.99898,32.73
34,0.1733704,0.1622009,0.9713898,1.0,0.1041107,0.1938782,0.9754791,-23.32108,6.010193,-29.98759,5.074478,0.1763874,0.3460081,1.0,0.2014923,0.1489258,0.9680939,32.20184,6.781311,-33.97729,4.703186,0.4832618,0.3705702,0.05056226,1.099865,-0.1125889,0.3879155,0.08490629,-0.06675081,0.9443926,24.99898,32.73
34,0.1733704,0.1622009,0.9713898,1.0,0.1041107,0.1938782,0.9754791,-23.32108,6.010193,-29.98759,5.074478,0.1763874,0.3460081,1.0,0.2014923,0.1489258,0.9680939,32.20184,6.781311,-33.97729,4.703186,0.4832618,0.3705702,0.05123842,1.10137,-0.1124473,0.3836393,0.08274756,-0.06835622,0.9443926,24.99898,32.73
34,0.1733704,0.1622009,0.9713898,1.0,0.1041107,0.1938782,0.9754791,-23.32108,6.010193,-29.98759,5.074478,0.1763874,0.3460081,1.0,0.2014923,0.1489258,0.9680939,32.20184,6.781311,-33.97729,4.703186,0.4832618,0.3705702,0.05123842,1.10137,-0.1124473,0.3836393,0.08274756,-0.06835622,0.9443926,24.99898,32.73
34,0.158493,0.1439056,0.9768066,1.0,0.09635925,0.174469,0.9799347,-23.34158,6.01947,-29.95927,5.135971,0.179004,0.3491892,1.0,0.1878815,0.1290588,0.9736633,32.19246,6.779602,-33.95389,4.610703,0.4860538,0.3738906,0.05249202,1.104349,-0.1125108,0.3753689,0.07914893,-0.07118039,0.9443926,24.99898,32.73
34,0.1295166,0.1118774,0.9852295,1.0,0.1063385,0.1180115,0.9872894,-23.49367,6.098801,-29.88731,4.996536,0.1843265,0.3567084,1.0,0.1500854,0.1063538,0.9829254,32.23801,6.662857,-33.87866,4.663712,0.4912453,0.3814031,0.05323088,1.105804,-0.1124855,0.371077,0.07754569,-0.07259767,0.9443926,24.99898,32.73
34,0.1295166,0.1118774,0.9852295,1.0,0.1063385,0.1180115,0.9872894,-23.49367,6.098801,-29.88731,4.996536,0.1843265,0.3567084,1.0,0.1500854,0.1063538,0.9829254,32.23801,6.662857,-33.87866,4.663712,0.4912453,0.3814031,0.05323088,1.105804,-0.1124855,0.371077,0.07754569,-0.07259767,0.9443926,24.99898,32.73
34,0.1248322,0.08592224,0.9884491,1.0,0.06977844,0.1127319,0.9911652,-23.41832,5.795441,-29.12587,5.002472,0.1912703,0.3629126,1.0,0.1257324,0.08547974,0.9883728,32.21971,6.694824,-34.15398,4.616379,0.4963061,0.3863286,0.05466378,1.108818,-0.1123621,0.3619788,0.07486773,-0.07525899,0.9443926,24.99898,32.73
34,0.1248322,0.08592224,0.9884491,1.0,0.06977844,0.1127319,0.9911652,-23.41832,5.795441,-29.12587,5.002472,0.1912703,0.3629126,1.0,0.1257324,0.08547974,0.9883728,32.21971,6.694824,-34.15398,4.616379,0.4963061,0.3863286,0.05466378,1.108818,-0.1123621,0.3619788,0.07486773,-0.07525899,0.9443926,24.99898,32.73
34,0.1211853,0.06866455,0.9902496,1.0,0.06176758,0.0867157,0.9943085,-23.36537,5.618744,-28.315,5.041595,0.193721,0.3677496,1.0,0.1211853,0.06866455,0.9902496,32.1981,6.585999,-33.74397,4.531326,0.4977902,0.3896137,0.0553211,1.110399,-0.1125678,0.3569509,0.07347041,-0.07668436,0.9443926,24.99898,32.73
34,0.1218414,0.04905701,0.991333,1.0,0.08428955,0.09521484,0.9918671,-23.37964,5.846771,-28.8927,4.846771,0.1892078,0.3632739,1.0,0.1218414,0.04905701,0.991333,32.20503,6.540451,-33.33249,4.474365,0.4973457,0.3911172,0.05660021,1.113629,-0.1125171,0.3465617,0.07037923,-0.07957955,0.9443926,24.99898,32.73
34,0.07701111,0.07829285,0.9939423,1.0,0.01634216,0.121582,0.9924316,-23.46286,6.417236,-29.30348,4.945435,0.202814,0.3416516,1.0,0.07713318,0.07821655,0.9939423,32.13319,7.342224,-34.9938,4.523087,0.5084319,0.3712589,0.0572238,1.115272,-0.1124506,0.34124,0.06904779,-0.08139189,0.9443926,24.99898,32.73
34,0.07701111,0.07829285,0.9939423,1.0,0.01634216,0.121582,0.9924316,-23.46286,6.417236,-29.30348,4.945435,0.202814,0.3416516,1.0,0.07713318,0.07821655,0.9939423,32.13319,7.342224,-34.9938,4.523087,0.5084319,0.3712589,0.0572238,1.115272,-0.1124506,0.34124,0.06904779,-0.08139189,0.9443926,24.99898,32.73
34,-0.0236969,0.1416626,0.989624,1.0,-0.0236969,0.1416626,0.989624,-23.67354,6.788483,-29.51123,4.93718,0.2165269,0.3262686,1.0,0.0,0.0,0.0,31.79024,7.259583,-33.50829,-1.0,0.5262449,0.3489841,0.05854523,1.118712,-0.112384,0.3295833,0.0668115,-0.08476894,0.9443926,24.99898,32.73
34,-0.0236969,0.1416626,0.989624,1.0,-0.0236969,0.1416626,0.989624,-23.67354,6.788483,-29.51123,4.93718,0.2165269,0.3262686,1.0,0.0,0.0,0.0,31.79024,7.259583,-33.50829,-1.0,0.5262449,0.3489841,0.05854523,1.118712,-0.112384,0.3295833,0.0668115,-0.08476894,0.9443926,24.99898,32.73
34,-0.04577637,0.1400146,0.9890747,1.0,-0.04577637,0.1400146,0.9890747,-23.78343,6.889023,-29.33426,4.80542,0.2251744,0.3218798,1.0,0.0,0.0,0.0,31.71265,7.282059,-33.26735,-1.0,0.5356786,0.3470615,0.05916405,1.120555,-0.1122207,0.3231792,0.06563944,-0.08632547,0.9443926,24.99898,32.73
34,-0.02645874,0.1287842,0.9913177,1.0,-0.0594635,0.131958,0.9894562,-23.78027,6.784927,-28.73167,4.915222,0.2289652,0.3226047,1.0,0.01541138,0.1245422,0.9920807,31.7769,7.278549,-33.29465,4.559662,0.5318152,0.3502986,0.06010079,1.124477,-0.1120245,0.3092122,0.0625392,-0.0896406,0.9443926,-16.80164,32.73
34,-0.02645874,0.1287842,0.9913177,1.0,-0.0594635,0.131958,0.9894562,-23.78027,6.784927,-28.73167,4.915222,0.2289652,0.3226047,1.0,0.01541138,0.1245422,0.9920807,31.7769,7.278549,-33.29465,4.559662,0.5318152,0.3502986,0.06010079,1.124477,-0.1120245,0.3092122,0.0625392,-0.0896406,0.9443926,-16.80164,32.73
34,-0.002914429,0.08500671,0.9963684,1.0,-0.059021,0.1018677,0.993042,-23.66666,6.39122,-27.2202,5.146729,0.2292282,0.3313378,1.0,-0.002914429,0.08500671,0.9963684,31.83801,7.004745,-32.62851,4.693161,0.5324746,0.3617315,0.06094062,1.12859,-0.1118073,0.2942168,0.0590072,-0.09411969,0.9443926,-16.80164,32.73
34,-0.002914429,0.08500671,0.9963684,1.0,-0.059021,0.1018677,0.993042,-23.66666,6.39122,-27.2202,5.146729,0.2292282,0.3313378,1.0,-0.002914429,0.08500671,0.9963684,31.83801,7.004745,-32.62851,4.693161,0.5324746,0.3617315,0.06094062,1.12859,-0.1118073,0.2942168,0.0590072,-0.09411969,0.9443926,-16.80164,32.73
35,-0.02067566,0.07641602,0.9968567,1.0,-0.03147888,0.0670929,0.9972382,-24.08971,6.965683,-30.29509,4.854721,0.232458,0.3407521,1.0,-0.02067566,0.07641602,0.9968567,31.86864,7.168671,-33.50404,4.65712,0.5349227,0.3649081,0.06192768,1.132938,-0.1116618,0.2783977,0.05601179,-0.09895875,0.9443926,-16.80164,32.73
35,-0.02067566,0.07641602,0.9968567,1.0,-0.03147888,0.0670929,0.9972382,-24.08971,6.965683,-30.29509,4.854721,0.232458,0.3407521,1.0,-0.02067566,0.07641602,0.9968567,31.86864,7.168671,-33.50404,4.65712,0.5349227,0.3649081,0.06192768,1.132938,-0.1116618,0.2783977,0.05601179,-0.09895875,0.9443926,-16.80164,32.73
35,-0.02067566,0.07641602,0.9968567,1.0,-0.03147888,0.0670929,0.9972382,-24.08971,6.965683,-30.29509,4.854721,0.232458,0.3407521,1.0,-0.02067566,0.07641602,0.9968567,31.86864,7.168671,-33.50404,4.65712,0.5349227,0.3649081,0.06240916,1.135193,-0.111576,0.2702699,0.05490057,-0.1011524,0.9443926,-16.80164,32.73
35,-0.02067566,0.07641602,0.9968567,1.0,-0.03147888,0.0670929,0.9972382,-24.08971,6.965683,-30.29509,4.854721,0.232458,0.3407521,1.0,-0.02067566,0.07641602,0.9968567,31.86864,7.168671,-33.50404,4.65712,0.5349227,0.3649081,0.06297636,1.137443,-0.1116854,0.2618876,0.05367444,-0.1033652,0.9443926,-16.80164,32.73
35,-0.02067566,0.07641602,0.9968567,1.0,-0.03147888,0.0670929,0.9972382,-24.08971,6.965683,-30.29509,4.854721,0.232458,0.3407521,1.0,-0.02067566,0.07641602,0.9968567,31.86864,7.168671,-33.50404,4.65712,0.5349227,0.3649081,0.06394112,1.142037,-0.1118072,0.2452358,0.05096227,-0.1075412,0.9994733,-16.80164,32.73
35,-0.02067566,0.07641602,0.9968567,1.0,-0.03147888,0.0670929,0.9972382,-24.08971,6.965683,-30.29509,4.854721,0.232458,0.3407521,1.0,-0.02067566,0.07641602,0.9968567,31.86864,7.168671,-33.50404,4.65712,0.5349227,0.3649081,0.06394112,1.142037,-0.1118072,0.2452358,0.05096227,-0.1075412,0.9994733,-16.80164,32.73
35,-0.02067566,0.07641602,0.9968567,1.0,-0.03147888,0.0670929,0.9972382,-24.08971,6.965683,-30.29509,4.854721,0.232458,0.3407521,1.0,-0.02067566,0.07641602,0.9968567,31.86864,7.168671,-33.50404,4.65712,0.5349227,0.3649081,0.06434882,1.144317,-0.1119471,0.2369134,0.04965277,-0.1095449,0.9994733,-16.80164,32.73
35,-0.02500916,-0.01541138,0.9995575,1.0,-0.05874634,0.0158844,0.9981384,-24.0746,6.104324,-28.00783,4.934448,0.2435585,0.3638332,1.0,-0.02500916,-0.01541138,0.9995575,31.65317,6.867279,-33.60938,4.633591,0.5432026,0.3933702,0.06520402,1.14909,-0.1126146,0.2196047,0.04690488,-0.1135187,0.9994733,-16.80164,32.73
35,-0.02500916,-0.01541138,0.9995575,1.0,-0.05874634,0.0158844,0.9981384,-24.0746,6.104324,-28.00783,4.934448,0.2435585,0.3638332,1.0,-0.02500916,-0.01541138,0.9995575,31.65317,6.867279,-33.60938,4.633591,0.5432026,0.3933702,0.06520402,1.14909,-0.1126146,0.2196047,0.04690488,-0.1135187,0.9994733,-16.80164,32.73
35,-0.03251648,-0.0368042,0.9987793,1.0,-0.07499695,0.001220703,0.9971771,-23.93898,5.492661,-25.87711,5.051117,0.246575,0.3711357,1.0,-0.03251648,-0.0368042,0.9987793,31.60442,6.693039,-33.47934,4.628662,0.5461143,0.4023752,0.06558645,1.151605,-0.1131293,0.2108135,0.04541048,-0.1155664,0.9994733,-16.80164,32.73
35,-0.03251648,-0.0368042,0.9987793,1.0,-0.07499695,0.001220703,0.9971771,-23.93898,5.492661,-25.87711,5.051117,0.246575,0.3711357,1.0,-0.03251648,-0.0368042,0.9987793,31.60442,6.693039,-33.47934,4.628662,0.5461143,0.4023752,0.06558645,1.151605,-0.1131293,0.2108135,0.04541048,-0.1155664,0.9994733,-45.90756,32.73
35,-0.03251648,-0.0368042,0.9987793,1.0,-0.07499695,0.001220703,0.9971771,-23.93898,5.492661,-25.87711,5.051117,0.246575,0.3711357,1.0,-0.03251648,-0.0368042,0.9987793,31.60442,6.693039,-33.47934,4.628662,0.5461143,0.4023752,0.06635094,1.156363,-0.1139476,0.1928926,0.04272636,-0.1193824,0.9994733,-45.90756,32.73
35,-0.03251648,-0.0368042,0.9987793,1.0,-0.07499695,0.001220703,0.9971771,-23.93898,5.492661,-25.87711,5.051117,0.246575,0.3711357,1.0,-0.03251648,-0.0368042,0.9987793,31.60442,6.693039,-33.47934,4.628662,0.5461143,0.4023752,0.06635094,1.156363,-0.1139476,0.1928926,0.04272636,-0.1193824,0.9994733,-45.90756,32.73
35,-0.03251648,-0.0368042,0.9987793,1.0,-0.07499695,0.001220703,0.9971771,-23.93898,5.492661,-25.87711,5.051117,0.246575,0.3711357,1.0,-0.03251648,-0.0368042,0.9987793,31.60442,6.693039,-33.47934,4.628662,0.5461143,0.4023752,0.06729472,1.160854,-0.1152068,0.1766845,0.04091305,-0.1229212,0.9994733,-45.90756,32.73
35,-0.03251648,-0.0368042,0.9987793,1.0,-0.07499695,0.001220703,0.9971771,-23.93898,5.492661,-25.87711,5.051117,0.246575,0.3711357,1.0,-0.03251648,-0.0368042,0.9987793,31.60442,6.693039,-33.47934,4.628662,0.5461143,0.4023752,0.06792831,1.164782,-0.1168951,0.1616688,0.03942795,-0.1260272,0.9994733,-45.90756,32.73
35,-0.03251648,-0.0368042,0.9987793,1.0,-0.07499695,0.001220703,0.9971771,-23.93898,5.492661,-25.87711,5.051117,0.246575,0.3711357,1.0,-0.03251648,-0.0368042,0.9987793,31.60442,6.693039,-33.47934,4.628662,0.5461143,0.4023752,0.06792831,1.164782,-0.1168951,0.1616688,0.03942795,-0.1260272,0.9994733,-45.90756,32.73
35,-0.0348053,0.01342773,0.9992981,1.0,-0.08027649,0.0223999,0.9965057,-23.78787,6.363632,-26.52972,5.189484,0.2401642,0.3425199,1.0,-0.0348053,0.01342773,0.9992981,31.694,7.219284,-33.37392,4.788544,0.5435323,0.3733524,0.06869161,1.168484,-0.1186484,0.1481981,0.03756554,-0.1296765,0.9994733,-45.90756,32.73
35,-0.03436279,-0.02305603,0.9991302,1.0,-0.07710266,-0.0259552,0.9966736,-23.83723,6.060181,-26.23787,4.972214,0.2425752,0.3591755,1.0,-0.03424072,-0.02305603,0.9991455,31.70459,7.117447,-33.58475,4.608444,0.5430411,0.385492,0.06973135,1.171723,-0.1205628,0.1367557,0.03698428,-0.1340174,0.9994733,-45.90756,32.73
35,-0.03436279,-0.02305603,0.9991302,1.0,-0.07710266,-0.0259552,0.9966736,-23.83723,6.060181,-26.23787,4.972214,0.2425752,0.3591755,1.0,-0.03424072,-0.02305603,0.9991455,31.70459,7.117447,-33.58475,4.608444,0.5430411,0.385492,0.06973135,1.171723,-0.1205628,0.1367557,0.03698428,-0.1340174,0.9994733,-45.90756,32.73
35,-0.05921936,-0.02560425,0.9979095,1.0,-0.07341003,-0.01419067,0.9971924,-23.94893,5.915161,-26.58083,5.149506,0.2451178,0.3650185,1.0,-0.03161621,-0.04774475,0.9983521,31.64825,7.03656,-33.84428,4.654755,0.5446681,0.395215,0.07069683,1.174642,-0.1227522,0.126373,0.03758477,-0.1375613,0.9994733,-45.90756,32.73
35,-0.05921936,-0.02560425,0.9979095,1.0,-0.07341003,-0.01419067,0.9971924,-23.94893,5.915161,-26.58083,5.149506,0.2451178,0.3650185,1.0,-0.03161621,-0.04774475,0.9983521,31.64825,7.03656,-33.84428,4.654755,0.5446681,0.395215,0.07069683,1.174642,-0.1227522,0.126373,0.03758477,-0.1375613,0.9994733,-45.90756,32.73
35,-0.06079102,-0.07165527,0.9955597,1.0,-0.08628845,-0.04858398,0.9950714,-23.99788,5.600662,-25.95168,5.099609,0.250533,0.3768823,1.0,-0.04475403,-0.08609009,0.9952698,31.60735,6.854004,-33.63693,4.505951,0.548214,0.4069317,0.07155037,1.177428,-0.124697,0.1157379,0.03747619,-0.1403597,0.9994733,-45.90756,32.73
35,-0.06079102,-0.07165527,0.9955597,1.0,-0.08628845,-0.04858398,0.9950714,-23.99788,5.600662,-25.95168,5.099609,0.250533,0.3768823,1.0,-0.04475403,-0.08609009,0.9952698,31.60735,6.854004,-33.63693,4.505951,0.548214,0.4069317,0.07155037,1.177428,-0.124697,0.1157379,0.03747619,-0.1403597,0.9994733,-45.90756,32.73
35,-0.06079102,-0.07165527,0.9955597,1.0,-0.08628845,-0.04858398,0.9950714,-23.99788,5.600662,-25.95168,5.099609,0.250533,0.3768823,1.0,-0.04475403,-0.08609009,0.9952698,31.60735,6.854004,-33.63693,4.505951,0.548214,0.4069317,0.07155037,1.177428,-0.124697,0.1157379,0.03747619,-0.1403597,0.9994733,-45.90756,32.73
35,-0.05497742,-0.1105194,0.9923401,1.0,-0.09851074,-0.0790863,0.9919739,-24.01395,5.675552,-25.85556,5.213776,0.2535349,0.3792549,1.0,-0.05490112,-0.1105804,0.9923401,31.65059,6.889572,-33.77719,4.606049,0.5485008,0.4113946,0.07229817,1.180241,-0.1266481,0.1050851,0.03685169,-0.1435039,0.9994733,-45.90756,32.73
35,-0.05497742,-0.1105194,0.9923401,1.0,-0.09851074,-0.0790863,0.9919739,-24.01395,5.675552,-25.85556,5.213776,0.2535349,0.3792549,1.0,-0.05490112,-0.1105804,0.9923401,31.65059,6.889572,-33.77719,4.606049,0.5485008,0.4113946,0.07229817,1.180241,-0.1266481,0.1050851,0.03685169,-0.1435039,0.9994733,-45.90756,32.73
35,-0.05885315,-0.1324615,0.9894257,1.0,-0.1025696,-0.1476898,0.9836884,-24.00517,5.591187,-25.42015,5.115921,0.2548887,0.3904778,1.0,-0.05885315,-0.1324615,0.9894257,31.69261,6.786392,-33.50533,4.559006,0.5474784,0.4166638,0.07305276,1.183014,-0.1286359,0.09468897,0.03634786,-0.1475772,0.9994733,-45.90756,32.73
35,-0.05879211,-0.1522217,0.9865875,1.0,-0.1031494,-0.1454773,0.983963,-24.00703,5.526108,-25.16188,5.008209,0.2558908,0.3904441,1.0,-0.0587616,-0.1522369,0.9865875,31.68916,6.7957,-33.56947,4.534424,0.5475987,0.4205314,0.07364452,1.185812,-0.130619,0.08421879,0.03599936,-0.1512273,0.9994733,17.33028,32.73
35,-0.05879211,-0.1522217,0.9865875,1.0,-0.1031494,-0.1454773,0.983963,-24.00703,5.526108,-25.16188,5.008209,0.2558908,0.3904441,1.0,-0.0587616,-0.1522369,0.9865875,31.68916,6.7957,-33.56947,4.534424,0.5475987,0.4205314,0.07364452,1.185812,-0.130619,0.08421879,0.03599936,-0.1512273,0.9994733,17.33028,32.73
35,-0.02487183,-0.1206665,0.9923706,1.0,-0.09205627,-0.1159973,0.9889679,-23.52444,5.635147,-24.23869,4.996582,0.2381895,0.3729155,1.0,-0.02485657,-0.1206665,0.9923706,31.92009,6.969406,-32.89993,4.568939,0.5331858,0.4024707,0.07427919,1.188422,-0.1326665,0.07394137,0.03500546,-0.1538335,0.9994733,17.33028,32.73
35,-0.02487183,-0.1206665,0.9923706,1.0,-0.09205627,-0.1159973,0.9889679,-23.52444,5.635147,-24.23869,4.996582,0.2381895,0.3729155,1.0,-0.02485657,-0.1206665,0.9923706,31.92009,6.969406,-32.89993,4.568939,0.5331858,0.4024707,0.07427919,1.188422,-0.1326665,0.07394137,0.03500546,-0.1538335,0.9994733,17.33028,32.73
35,0.003677368,-0.08865356,0.996048,1.0,-0.06445313,-0.1283875,0.989624,-23.10713,6.007614,-24.30617,4.705551,0.2194186,0.3627094,1.0,0.003677368,-0.08863831,0.996048,32.15352,7.251511,-33.07399,4.508392,0.5200564,0.3879878,0.07485902,1.190728,-0.1347416,0.06499519,0.03380686,-0.1560128,0.9994733,17.33028,32.73
35,0.003677368,-0.08865356,0.996048,1.0,-0.06445313,-0.1283875,0.989624,-23.10713,6.007614,-24.30617,4.705551,0.2194186,0.3627094,1.0,0.003677368,-0.08863831,0.996048,32.15352,7.251511,-33.07399,4.508392,0.5200564,0.3879878,0.07485902,1.190728,-0.1347416,0.06499519,0.03380686,-0.1560128,0.9994733,17.33028,32.73
35,0.01686096,-0.1001434,0.9948273,1.0,-0.04483032,-0.06266785,0.9970245,-23.03728,6.064804,-24.52536,5.30687,0.2126457,0.351142,1.0,0.01687622,-0.1001434,0.9948273,32.23413,7.144623,-32.88211,4.399521,0.514773,0.3922206,0.0754112,1.192956,-0.1367967,0.05555849,0.03264234,-0.1581122,0.9994733,17.33028,32.73
35,0.01686096,-0.1001434,0.9948273,1.0,-0.04483032,-0.06266785,0.9970245,-23.03728,6.064804,-24.52536,5.30687,0.2126457,0.351142,1.0,0.01687622,-0.1001434,0.9948273,32.23413,7.144623,-32.88211,4.399521,0.514773,0.3922206,0.0754112,1.192956,-0.1367967,0.05555849,0.03264234,-0.1581122,0.9994733,17.33028,32.73
35,0.01005554,-0.1011658,0.994812,1.0,-0.0461731,-0.06471252,0.9968262,-23.27132,6.393585,-26.55249,5.118362,0.2154279,0.3550831,1.0,0.01005554,-0.1011658,0.994812,32.22208,7.088608,-32.79248,4.466095,0.5163584,0.3936329,0.07614124,1.195397,-0.1387042,0.04584403,0.03138489,-0.1599833,0.9994733,17.33028,32.73
35,0.01005554,-0.1011658,0.994812,1.0,-0.0461731,-0.06471252,0.9968262,-23.27132,6.393585,-26.55249,5.118362,0.2154279,0.3550831,1.0,0.01005554,-0.1011658,0.994812,32.22208,7.088608,-32.79248,4.466095,0.5163584,0.3936329,0.07614124,1.195397,-0.1387042,0.04584403,0.03138489,-0.1599833,0.9994733,17.33028,32.73
35,0.00163269,-0.1261597,0.9920044,1.0,-0.05078125,-0.1082001,0.9928284,-23.30678,6.10672,-25.39363,5.002182,0.2208869,0.3639878,1.0,0.00163269,-0.1261597,0.9920044,32.21834,7.062653,-32.77599,4.637451,0.5179361,0.3989701,0.07690668,1.197861,-0.1404167,0.03591731,0.03080722,-0.1621086,0.9994733,17.33028,32.73
35,0.00163269,-0.1261597,0.9920044,1.0,-0.05078125,-0.1082001,0.9928284,-23.30678,6.10672,-25.39363,5.002182,0.2208869,0.3639878,1.0,0.00163269,-0.1261597,0.9920044,32.21834,7.062653,-32.77599,4.637451,0.5179361,0.3989701,0.07690668,1.197861,-0.1404167,0.03591731,0.03080722,-0.1621086,0.9994733,17.33028,32.73
35,0.001052856,-0.1466522,0.9891815,1.0,-0.03097534,-0.1500092,0.9881897,-23.30498,5.952576,-24.82811,4.973618,0.219115,0.372173,1.0,0.001052856,-0.1466522,0.9891815,32.20799,7.088882,-32.96989,4.48703,0.5184413,0.4035039,0.07791054,1.20038,-0.1421264,0.02598235,0.03114588,-0.1635476,0.9994733,17.33028,32.73
35,0.001052856,-0.1466522,0.9891815,1.0,-0.03097534,-0.1500092,0.9881897,-23.30498,5.952576,-24.82811,4.973618,0.219115,0.372173,1.0,0.001052856,-0.1466522,0.9891815,32.20799,7.088882,-32.96989,4.48703,0.5184413,0.4035039,0.07791054,1.20038,-0.1421264,0.02598235,0.03114588,-0.1635476,0.9994733,17.33028,32.73
35,-0.00112915,-0.1512909,0.9884796,1.0,-0.04534912,-0.1324921,0.9901428,-23.35268,5.926178,-24.82147,4.917984,0.2235878,0.3704195,1.0,-0.00112915,-0.1512909,0.9884796,32.17654,7.010696,-32.84331,4.497513,0.5198799,0.4060294,0.07876265,1.202596,-0.1438938,0.01634786,0.03199617,-0.1626221,0.9994733,17.25711,32.73
35,-0.00112915,-0.1512909,0.9884796,1.0,-0.04534912,-0.1324921,0.9901428,-23.35268,5.926178,-24.82147,4.917984,0.2235878,0.3704195,1.0,-0.00112915,-0.1512909,0.9884796,32.17654,7.010696,-32.84331,4.497513,0.5198799,0.4060294,0.07876265,1.202596,-0.1438938,0.01634786,0.03199617,-0.1626221,0.9994733,17.25711,32.73
35,0.001693726,-0.1326599,0.9911499,1.0,-0.04598999,-0.1164703,0.9921265,-23.5629,6.333267,-24.87057,5.150452,0.2299537,0.3539625,1.0,0.001708984,-0.1326599,0.9911499,32.01688,7.240479,-32.74129,4.545151,0.5251121,0.3935125,0.0798378,1.204928,-0.1455007,0.006394434,0.03328067,-0.1608659,0.9994733,17.25711,32.73
35,0.001693726,-0.1326599,0.9911499,1.0,-0.04598999,-0.1164703,0.9921265,-23.5629,6.333267,-24.87057,5.150452,0.2299537,0.3539625,1.0,0.001708984,-0.1326599,0.9911499,32.01688,7.240479,-32.74129,4.545151,0.5251121,0.3935125,0.0798378,1.204928,-0.1455007,0.006394434,0.03328067,-0.1608659,0.9994733,17.25711,32.73
35,-1.0,-1.0,-1.0,1.0,0.0,0.0,0.0,-24.15364,7.411102,-25.01729,-1.0,0.270722,0.3044192,1.0,0.0,0.0,0.0,31.26645,7.891052,-31.96411,-1.0,0.5683826,0.3413907,0.08114278,1.207348,-0.1470525,-0.003716635,0.03506734,-0.1594467,0.9994733,17.25711,32.73
35,-1.0,-1.0,-1.0,1.0,0.0,0.0,0.0,-24.15364,7.411102,-25.01729,-1.0,0.270722,0.3044192,1.0,0.0,0.0,0.0,31.26645,7.891052,-31.96411,-1.0,0.5683826,0.3413907,0.08114278,1.207348,-0.1470525,-0.003716635,0.03506734,-0.1594467,0.9994733,17.25711,32.73
35,-1.0,-1.0,-1.0,1.0,0.0,0.0,0.0,-24.7236,7.872299,-25.90622,-1.0,0.3015093,0.2900849,1.0,0.0,0.0,0.0,30.68993,8.507751,-33.10837,-1.0,0.607621,0.3228613,0.08223331,1.209332,-0.1487731,-0.01336098,0.03829391,-0.1586579,0.9994733,17.25711,32.73
35,-1.0,-1.0,-1.0,1.0,0.0,0.0,0.0,-24.7236,7.872299,-25.90622,-1.0,0.3015093,0.2900849,1.0,0.0,0.0,0.0,30.68993,8.507751,-33.10837,-1.0,0.607621,0.3228613,0.08223331,1.209332,-0.1487731,-0.01336098,0.03829391,-0.1586579,0.9994733,17.25711,32.73
35,-1.0,-1.0,-1.0,1.0,0.0,0.0,0.0,-24.86797,7.806351,-25.94067,-1.0,0.3070389,0.2904838,1.0,0.0,0.0,0.0,30.60191,8.461197,-33.20638,-1.0,0.6194482,0.314711,0.08341277,1.211336,-0.1505037,-0.02236187,0.04113715,-0.1578786,0.9994733,17.25711,32.73
35,-1.0,-1.0,-1.0,1.0,0.0,0.0,0.0,-24.86797,7.806351,-25.94067,-1.0,0.3070389,0.2904838,1.0,0.0,0.0,0.0,30.60191,8.461197,-33.20638,-1.0,0.6194482,0.314711,0.08341277,1.211336,-0.1505037,-0.02236187,0.04113715,-0.1578786,0.9994733,17.25711,32.73
35,-0.2064209,0.01686096,0.9783173,1.0,-0.2038574,0.008071899,0.9789581,-24.91226,7.641403,-25.89458,4.383545,0.302074,0.2993142,1.0,-0.218338,0.05856323,0.9741058,30.69098,8.309555,-33.16156,4.736053,0.6134231,0.32281,0.08452225,1.213034,-0.1521833,-0.0298279,0.04348737,-0.1573438,0.9994733,17.25711,32.73
35,-0.2064209,0.01686096,0.9783173,1.0,-0.2038574,0.008071899,0.9789581,-24.91226,7.641403,-25.89458,4.383545,0.302074,0.2993142,1.0,-0.218338,0.05856323,0.9741058,30.69098,8.309555,-33.16156,4.736053,0.6134231,0.32281,0.08452225,1.213034,-0.1521833,-0.0298279,0.04348737,-0.1573438,0.9994733,17.25711,32.73
35,-0.214859,0.01205444,0.9765625,1.0,-0.2098541,-0.01533508,0.9776001,-24.91029,7.445816,-25.89758,4.427551,0.303225,0.3104545,1.0,-0.2186584,0.03355408,0.9752197,30.79564,8.135422,-33.10251,4.77478,0.6092479,0.3336633,0.08514333,1.213799,-0.1529593,-0.0331227,0.04458926,-0.1573521,0.9994733,17.25711,32.73
35,-0.214859,0.01205444,0.9765625,1.0,-0.2098541,-0.01533508,0.9776001,-24.91029,7.445816,-25.89758,4.427551,0.303225,0.3104545,1.0,-0.2186584,0.03355408,0.9752197,30.79564,8.135422,-33.10251,4.77478,0.6092479,0.3336633,0.08514333,1.213799,-0.1529593,-0.0331227,0.04458926,-0.1573521,0.9994733,17.25711,32.73
35,-0.2197418,0.01197815,0.9754791,1.0,-0.2248688,-0.009490967,0.9743347,-24.92467,7.372818,-25.91904,4.62677,0.3060738,0.3123541,1.0,-0.2158051,0.02819824,0.9760132,30.83707,8.066666,-33.07886,4.78212,0.6070995,0.3370614,0.0855962,1.214528,-0.1537708,-0.0363294,0.04579508,-0.1575119,0.9994733,17.25711,32.73
35,-0.2223969,0.003631592,0.9749451,1.0,-0.2304535,0.002044678,0.9730682,-24.92522,7.353485,-25.93063,4.570526,0.3071173,0.3112012,1.0,-0.2107391,0.00592041,0.9775238,30.85655,8.030212,-33.04593,4.670441,0.6052843,0.3422979,0.08673894,1.215913,-0.1553354,-0.04297256,0.04858276,-0.1577415,0.9994733,-4.923729,32.73
35,-0.2223969,0.003631592,0.9749451,1.0,-0.2304535,0.002044678,0.9730682,-24.92522,7.353485,-25.93063,4.570526,0.3071173,0.3112012,1.0,-0.2107391,0.00592041,0.9775238,30.85655,8.030212,-33.04593,4.670441,0.6052843,0.3422979,0.08673894,1.215913,-0.1553354,-0.04297256,0.04858276,-0.1577415,0.9994733,-4.923729,32.73
35,-0.221756,-0.004394531,0.9750824,1.0,-0.2300415,0.00227356,0.9731598,-24.92834,7.283691,-25.94055,4.650375,0.3070923,0.3136384,1.0,-0.2066193,-0.01649475,0.9782715,30.89462,7.975266,-33.00616,4.736038,0.6029458,0.3481658,0.08716691,1.216458,-0.1561076,-0.04577914,0.04972774,-0.1580119,0.9994733,-4.923729,32.73
35,-0.21521,-0.006332397,0.976532,1.0,-0.2210999,9.155273e-05,0.975235,-24.92339,7.265518,-25.9407,4.703476,0.3053285,0.3144833,1.0,-0.2039185,-0.01863098,0.9788055,30.91222,7.934143,-32.96815,4.716736,0.6017462,0.3497523,0.08813322,1.217577,-0.1575323,-0.05045168,0.05165911,-0.1580599,0.9994733,-4.923729,32.73
35,-0.2133636,-0.003097534,0.9769592,1.0,-0.2200165,0.006210327,0.9754639,-24.91406,7.236267,-25.94887,4.653061,0.3048959,0.3144833,1.0,-0.2017365,-0.01933289,0.9792328,30.9574,7.84227,-32.91818,4.747314,0.5995971,0.3528605,0.08855295,1.218144,-0.1581892,-0.05239121,0.05231977,-0.1580248,0.9994733,-4.923729,32.73
35,-0.2133636,-0.003097534,0.9769592,1.0,-0.2200165,0.006210327,0.9754639,-24.91406,7.236267,-25.94887,4.653061,0.3048959,0.3144833,1.0,-0.2017365,-0.01933289,0.9792328,30.9574,7.84227,-32.91818,4.747314,0.5995971,0.3528605,0.08855295,1.218144,-0.1581892,-0.05239121,0.05231977,-0.1580248,0.9994733,-4.923729,32.73
35,-0.2032471,-0.04483032,0.9780884,1.0,-0.2017365,-0.05204773,0.9780426,-24.87071,7.154358,-25.94325,4.367233,0.3007431,0.3272061,1.0,-0.2059631,-0.03181458,0.9780273,31.01642,7.792999,-32.90714,4.62085,0.5981381,0.3569775,0.08932102,1.219064,-0.1596376,-0.05592566,0.05389193,-0.1581555,0.9994733,-4.923729,32.73
35,-0.2032471,-0.04483032,0.9780884,1.0,-0.2017365,-0.05204773,0.9780426,-24.87071,7.154358,-25.94325,4.367233,0.3007431,0.3272061,1.0,-0.2059631,-0.03181458,0.9780273,31.01642,7.792999,-32.90714,4.62085,0.5981381,0.3569775,0.08932102,1.219064,-0.1596376,-0.05592566,0.05389193,-0.1581555,0.9994733,-4.923729,32.73
35,-0.2145996,-0.04795837,0.9755096,1.0,-0.2201538,-0.05552673,0.973877,-24.86365,7.13765,-25.9458,4.55307,0.3034265,0.3286283,1.0,-0.2028961,-0.03213501,0.9786682,31.0396,7.75528,-32.8335,4.668884,0.5966523,0.3577614,0.09014022,1.219903,-0.1610343,-0.05947894,0.05618206,-0.1581174,0.9994733,-4.923729,32.73
35,-0.2145996,-0.04795837,0.9755096,1.0,-0.2201538,-0.05552673,0.973877,-24.86365,7.13765,-25.9458,4.55307,0.3034265,0.3286283,1.0,-0.2028961,-0.03213501,0.9786682,31.0396,7.75528,-32.8335,4.668884,0.5966523,0.3577614,0.09014022,1.219903,-0.1610343,-0.05947894,0.05618206,-0.1581174,0.9994733,-4.923729,32.73
35,-0.2145996,-0.04795837,0.9755096,1.0,-0.2201538,-0.05552673,0.973877,-24.86365,7.13765,-25.9458,4.55307,0.3034265,0.3286283,1.0,-0.2028961,-0.03213501,0.9786682,31.0396,7.75528,-32.8335,4.668884,0.5966523,0.3577614,0.09065235,1.22044,-0.1616194,-0.06128902,0.05756699,-0.1579246,0.9994733,-4.923729,32.73
35,-0.2145996,-0.04795837,0.9755096,1.0,-0.2201538,-0.05552673,0.973877,-24.86365,7.13765,-25.9458,4.55307,0.3034265,0.3286283,1.0,-0.2028961,-0.03213501,0.9786682,31.0396,7.75528,-32.8335,4.668884,0.5966523,0.3577614,0.09105217,1.220827,-0.1622562,-0.06333673,0.05932919,-0.1577078,0.9994733,-4.923729,32.73
35,-0.2145996,-0.04795837,0.9755096,1.0,-0.2201538,-0.05552673,0.973877,-24.86365,7.13765,-25.9458,4.55307,0.3034265,0.3286283,1.0,-0.2028961,-0.03213501,0.9786682,31.0396,7.75528,-32.8335,4.668884,0.5966523,0.3577614,0.09206045,1.221794,-0.1634854,-0.0673514,0.06222162,-0.1570125,0.9994733,-4.923729,32.73
35,-0.2138062,-0.008392334,0.9768372,1.0,-0.2181091,-0.009277344,0.9758759,-24.91165,7.413986,-25.9502,4.690903,0.3043042,0.3109624,1.0,-0.2040405,-0.006362915,0.9789276,30.92459,8.011566,-32.89877,4.709137,0.6013841,0.3439975,0.09258902,1.222319,-0.1640079,-0.06945908,0.06333214,-0.1565275,0.9994733,-4.923729,32.73
35,-0.2138062,-0.008392334,0.9768372,1.0,-0.2181091,-0.009277344,0.9758759,-24.91165,7.413986,-25.9502,4.690903,0.3043042,0.3109624,1.0,-0.2040405,-0.006362915,0.9789276,30.92459,8.011566,-32.89877,4.709137,0.6013841,0.3439975,0.09258902,1.222319,-0.1640079,-0.06945908,0.06333214,-0.1565275,0.9994733,-4.923729,32.73
35,-0.2035675,-0.03440857,0.9784546,1.0,-0.2044373,-0.03936768,0.9780731,-24.88492,7.354095,-25.96564,4.449234,0.3013991,0.318257,1.0,-0.2021179,-0.02632141,0.9790039,31.02667,7.908585,-32.80829,4.552628,0.5971078,0.3508285,0.0932827,1.223257,-0.1650866,-0.07377724,0.06498556,-0.1556505,0.9994733,-4.923729,32.73
35,-0.2035675,-0.03440857,0.9784546,1.0,-0.2044373,-0.03936768,0.9780731,-24.88492,7.354095,-25.96564,4.449234,0.3013991,0.318257,1.0,-0.2021179,-0.02632141,0.9790039,31.02667,7.908585,-32.80829,4.552628,0.5971078,0.3508285,0.0932827,1.223257,-0.1650866,-0.07377724,0.06498556,-0.1556505,0.9994733,-4.923729,32.73
35,-0.2028351,-0.0227356,0.9789429,1.0,-0.203186,-0.01699829,0.9789886,-24.88239,7.359741,-25.98253,4.629944,0.3008168,0.3141918,1.0,-0.2022705,-0.0319519,0.9788055,31.04968,7.884384,-32.78258,4.510071,0.596246,0.3525623,0.09360337,1.223781,-0.1656036,-0.07576683,0.06544267,-0.1554809,0.9994733,-4.923729,32.73
35,-0.2028351,-0.0227356,0.9789429,1.0,-0.203186,-0.01699829,0.9789886,-24.88239,7.359741,-25.98253,4.629944,0.3008168,0.3141918,1.0,-0.2022705,-0.0319519,0.9788055,31.04968,7.884384,-32.78258,4.510071,0.596246,0.3525623,0.0942049,1.224655,-0.166682,-0.0794869,0.06590723,-0.1549672,0.9994733,-30.54366,32.73
35,-0.2028351,-0.0227356,0.9789429,1.0,-0.203186,-0.01699829,0.9789886,-24.88239,7.359741,-25.98253,4.629944,0.3008168,0.3141918,1.0,-0.2022705,-0.0319519,0.9788055,31.04968,7.884384,-32.78258,4.510071,0.596246,0.3525623,0.0942049,1.224655,-0.166682,-0.0794869,0.06590723,-0.1549672,0.9994733,-30.54366,32.73
35,-0.2028351,-0.0227356,0.9789429,1.0,-0.203186,-0.01699829,0.9789886,-24.88239,7.359741,-25.98253,4.629944,0.3008168,0.3141918,1.0,-0.2022705,-0.0319519,0.9788055,31.04968,7.884384,-32.78258,4.510071,0.596246,0.3525623,0.09440553,1.225047,-0.1672076,-0.08115987,0.06592238,-0.1547905,0.9994733,-30.54366,32.73
35,-0.2007294,-0.07116699,0.9770508,1.0,-0.2037811,-0.08802795,0.9750366,-24.86472,7.324478,-25.933,4.2258,0.3009611,0.3276267,1.0,-0.1920471,-0.02459717,0.9810638,31.07741,7.815659,-32.57814,4.543854,0.5932192,0.3519068,0.09462321,1.225971,-0.1681076,-0.0842041,0.06468184,-0.1544634,0.9994733,-30.54366,32.73
35,-0.2007294,-0.07116699,0.9770508,1.0,-0.2037811,-0.08802795,0.9750366,-24.86472,7.324478,-25.933,4.2258,0.3009611,0.3276267,1.0,-0.1920471,-0.02459717,0.9810638,31.07741,7.815659,-32.57814,4.543854,0.5932192,0.3519068,0.09462321,1.225971,-0.1681076,-0.0842041,0.06468184,-0.1544634,0.9994733,-30.54366,32.73
35,-0.2050476,-0.06282043,0.9767303,1.0,-0.2062378,-0.06599426,0.9762573,-24.80356,7.18309,-25.96208,4.365219,0.2991666,0.3287722,1.0,-0.1974487,-0.04273987,0.9793701,31.21605,7.731216,-32.95772,4.469666,0.5893925,0.3617572,0.09466588,1.226447,-0.1685333,-0.08576924,0.06373462,-0.1542861,0.9994733,-30.54366,32.73
35,-0.1998291,-0.06684875,0.9775391,1.0,-0.2003479,-0.06835938,0.9773254,-24.78368,7.136978,-25.97319,4.425186,0.297419,0.3307324,1.0,-0.191925,-0.04379272,0.980423,31.23721,7.693451,-32.99631,4.371262,0.5876664,0.3636613,0.09423792,1.227185,-0.1694964,-0.08896296,0.06085337,-0.1539738,0.9994733,-30.54366,32.73
35,-0.1998291,-0.06684875,0.9775391,1.0,-0.2003479,-0.06835938,0.9773254,-24.78368,7.136978,-25.97319,4.425186,0.297419,0.3307324,1.0,-0.191925,-0.04379272,0.980423,31.23721,7.693451,-32.99631,4.371262,0.5876664,0.3636613,0.09423792,1.227185,-0.1694964,-0.08896296,0.06085337,-0.1539738,0.9994733,-30.54366,32.73
35,-0.1998291,-0.06684875,0.9775391,1.0,-0.2003479,-0.06835938,0.9773254,-24.78368,7.136978,-25.97319,4.425186,0.297419,0.3307324,1.0,-0.191925,-0.04379272,0.980423,31.23721,7.693451,-32.99631,4.371262,0.5876664,0.3636613,0.09423792,1.227185,-0.1694964,-0.08896296,0.06085337,-0.1539738,0.9994733,-30.54366,32.73
35,-0.1968689,-0.06704712,0.9781189,1.0,-0.2003326,-0.06689453,0.9774323,-24.75618,7.076187,-25.96974,4.552979,0.2963525,0.3324621,1.0,-0.1757202,-0.06797791,0.9820862,31.22115,7.612549,-32.75182,4.308197,0.5850204,0.3688425,0.09370315,1.227963,-0.1703502,-0.09224211,0.05657021,-0.153609,0.9994733,-30.54366,32.73
35,-0.1982727,-0.07400513,0.9773407,1.0,-0.2005157,-0.07307434,0.9769592,-24.74127,7.034348,-25.97081,4.27182,0.2962551,0.3350721,1.0,-0.1899261,-0.07748413,0.9787292,31.22235,7.616776,-32.83591,4.326187,0.5875511,0.3712762,0.09300351,1.22891,-0.1711177,-0.09570406,0.05086159,-0.1533038,0.9994733,-30.54366,32.73
35,-0.1982727,-0.07400513,0.9773407,1.0,-0.2005157,-0.07307434,0.9769592,-24.74127,7.034348,-25.97081,4.27182,0.2962551,0.3350721,1.0,-0.1899261,-0.07748413,0.9787292,31.22235,7.616776,-32.83591,4.326187,0.5875511,0.3712762,0.09300351,1.22891,-0.1711177,-0.09570406,0.05086159,-0.1533038,0.9994733,-30.54366,32.73
35,-0.1792603,-0.1138306,0.9771881,1.0,-0.177002,-0.1207428,0.9767609,-24.78889,7.053787,-25.92477,4.142059,0.2940878,0.3421912,1.0,-0.1902008,-0.07997131,0.9784698,31.22356,7.609924,-32.83633,4.299469,0.5875511,0.3719864,0.09250963,1.229417,-0.1714036,-0.09758535,0.04727211,-0.1531184,0.9994733,-30.54366,32.73
35,-0.1843262,-0.09793091,0.9779663,1.0,-0.1856689,-0.1011658,0.9773865,-24.62762,7.034744,-25.9682,4.199921,0.2899052,0.3396229,1.0,-0.1792297,-0.08555603,0.980072,31.45874,7.602371,-32.97287,4.262451,0.5772461,0.3744842,0.09121001,1.230314,-0.1720973,-0.1011745,0.03830577,-0.1526752,0.9994733,17.04086,32.73
35,-0.1843262,-0.09793091,0.9779663,1.0,-0.1856689,-0.1011658,0.9773865,-24.62762,7.034744,-25.9682,4.199921,0.2899052,0.3396229,1.0,-0.1792297,-0.08555603,0.980072,31.45874,7.602371,-32.97287,4.262451,0.5772461,0.3744842,0.09121001,1.230314,-0.1720973,-0.1011745,0.03830577,-0.1526752,0.9994733,17.04086,32.73
35,-0.0582428,-0.1036682,0.9928894,1.0,-0.127121,-0.1195831,0.9846497,-23.73091,6.685669,-24.68834,4.386032,0.251165,0.3429776,1.0,-0.05822754,-0.1036682,0.9928894,32.15508,7.451141,-32.53384,4.280701,0.530674,0.3789431,0.08917034,1.231405,-0.1728368,-0.1046138,0.0258933,-0.1532845,0.9994733,17.04086,32.73
36,-0.01499939,-0.1169281,0.9930115,1.0,-0.0594635,-0.09684753,0.993515,-23.06985,6.18103,-22.87039,4.77298,0.2195089,0.339816,1.0,-0.01499939,-0.1169281,0.9930115,32.52336,7.408783,-32.45398,4.128799,0.5099932,0.3820806,0.08798575,1.232003,-0.1731181,-0.1062848,0.01857877,-0.153776,0.9994733,17.04086,32.73
36,-0.01499939,-0.1169281,0.9930115,1.0,-0.0594635,-0.09684753,0.993515,-23.06985,6.18103,-22.87039,4.77298,0.2195089,0.339816,1.0,-0.01499939,-0.1169281,0.9930115,32.52336,7.408783,-32.45398,4.128799,0.5099932,0.3820806,0.08798575,1.232003,-0.1731181,-0.1062848,0.01857877,-0.153776,0.9994733,17.04086,32.73
36,0.1846313,-0.1875763,0.9647217,0.8675,0.0,0.0,0.0,-21.77747,6.758087,-25.82466,-1.0,0.1266562,0.3436152,0.959538,0.1846313,-0.1875763,0.9647217,33.58287,7.389389,-32.94141,3.779236,0.4370774,0.4001713,0.08675539,1.232495,-0.1734577,-0.10805,0.01114055,-0.1548332,0.9994733,17.04086,32.73
36,0.1846313,-0.1875763,0.9647217,0.8675,0.0,0.0,0.0,-21.77747,6.758087,-25.82466,-1.0,0.1266562,0.3436152,0.959538,0.1846313,-0.1875763,0.9647217,33.58287,7.389389,-32.94141,3.779236,0.4370774,0.4001713,0.08675539,1.232495,-0.1734577,-0.10805,0.01114055,-0.1548332,0.9994733,17.04086,32.73
36,0.2918549,-0.223465,0.9299774,0.7649312,0.0,0.0,0.0,-21.10724,6.603043,-25.95087,-1.0,0.1027351,0.3566998,0.9047012,0.2918549,-0.223465,0.9299774,33.901,7.330414,-33.0809,3.826981,0.4064334,0.4110144,0.08435273,1.233506,-0.1741904,-0.110755,-0.004037558,-0.158033,0.9994733,17.04086,32.73
36,0.3084106,-0.2336731,0.9220886,0.7649312,0.0,0.0,0.0,-21.11626,6.554382,-26.05191,-1.0,0.07781985,0.3610842,0.9047012,0.3084106,-0.2336731,0.9220886,34.01379,7.277756,-33.13116,3.91684,0.3994057,0.4153896,0.08193994,1.234495,-0.1750028,-0.1135846,-0.01849718,-0.1607832,0.9994733,17.04086,32.73
36,0.3084106,-0.2336731,0.9220886,0.7649312,0.0,0.0,0.0,-21.11626,6.554382,-26.05191,-1.0,0.07781985,0.3610842,0.9047012,0.3084106,-0.2336731,0.9220886,34.01379,7.277756,-33.13116,3.91684,0.3994057,0.4153896,0.08193994,1.234495,-0.1750028,-0.1135846,-0.01849718,-0.1607832,0.9994733,17.04086,32.73
36,0.366272,-0.2427521,0.8982697,0.6766264,0.0,0.0,0.0,-20.61758,6.464233,-26.1434,-1.0,0.06535442,0.3656446,0.8163449,0.366272,-0.2427521,0.8982697,34.13487,7.221878,-33.23077,4.014099,0.3844659,0.4207079,0.07967937,1.235494,-0.1758295,-0.1164802,-0.03318315,-0.16297,0.9994733,17.04086,32.73
36,0.3717804,-0.2608948,0.8908997,0.6014404,0.0,0.0,0.0,-21.56244,6.18425,-26.13185,-1.0,0.06122524,0.3696802,0.7525389,0.3717804,-0.2608948,0.8908997,34.17506,7.127411,-33.27039,3.951904,0.3819445,0.4280454,0.07729125,1.236596,-0.1767208,-0.1199284,-0.04821777,-0.1651545,0.9994733,17.04086,32.73
36,0.3717804,-0.2608948,0.8908997,0.6014404,0.0,0.0,0.0,-21.56244,6.18425,-26.13185,-1.0,0.06122524,0.3696802,0.7525389,0.3717804,-0.2608948,0.8908997,34.17506,7.127411,-33.27039,3.951904,0.3819445,0.4280454,0.07729125,1.236596,-0.1767208,-0.1199284,-0.04821777,-0.1651545,0.9994733,17.04086,32.73
36,0.2992859,-0.2324982,0.9253845,0.6247306,0.2361908,-0.2450562,0.9402771,-21.20404,6.493637,-26.04727,4.621735,0.08273511,0.3716613,0.7102273,0.3200073,-0.2280884,0.9195404,34.00148,7.091354,-33.18402,4.168198,0.3978488,0.4215554,0.07499623,1.237869,-0.1777442,-0.1239833,-0.06308473,-0.1671161,0.9994733,17.04086,32.73
36,0.2992859,-0.2324982,0.9253845,0.6247306,0.2361908,-0.2450562,0.9402771,-21.20404,6.493637,-26.04727,4.621735,0.08273511,0.3716613,0.7102273,0.3200073,-0.2280884,0.9195404,34.00148,7.091354,-33.18402,4.168198,0.3978488,0.4215554,0.07499623,1.237869,-0.1777442,-0.1239833,-0.06308473,-0.1671161,0.9994733,17.04086,32.73
36,0.2886353,-0.2462006,0.9252319,0.5929546,0.3625031,-0.1138306,0.9249878,-21.31166,6.806122,-26.07161,4.533096,0.05689095,0.334298,0.8321098,0.2772064,-0.2651825,0.9234772,33.87619,7.038544,-33.14188,4.027817,0.4100558,0.4297591,0.07250226,1.238714,-0.1788555,-0.1270974,-0.07778572,-0.1684267,0.9994733,17.04086,32.73
36,0.2886353,-0.2462006,0.9252319,0.5929546,0.3625031,-0.1138306,0.9249878,-21.31166,6.806122,-26.07161,4.533096,0.05689095,0.334298,0.8321098,0.2772064,-0.2651825,0.9234772,33.87619,7.038544,-33.14188,4.027817,0.4100558,0.4297591,0.07250226,1.238714,-0.1788555,-0.1270974,-0.07778572,-0.1684267,0.9994733,17.04086,32.73
36,0.2886353,-0.2462006,0.9252319,0.5929546,0.3625031,-0.1138306,0.9249878,-21.31166,6.806122,-26.07161,4.533096,0.05689095,0.334298,0.8321098,0.2772064,-0.2651825,0.9234772,33.87619,7.038544,-33.14188,4.027817,0.4100558,0.4297591,0.07250226,1.238714,-0.1788555,-0.1270974,-0.07778572,-0.1684267,0.9994733,17.04086,32.73
36,0.2447052,-0.2676239,0.9319153,0.5999875,0.2024384,-0.2580414,0.9446716,-21.63637,6.440018,-25.94714,4.590286,0.1088926,0.3773758,0.8632327,0.2514954,-0.2691345,0.9296722,33.73407,7.002136,-33.10403,3.833084,0.4196839,0.4313367,0.07022488,1.239807,-0.1800417,-0.1303075,-0.09212015,-0.1699163,0.9994733,10.37178,32.73
36,0.2475128,-0.2625732,0.9326172,0.6261734,0.2134399,-0.2577667,0.9423218,-21.74327,6.423935,-25.92668,4.359512,0.1115932,0.3782953,0.8487961,0.2524567,-0.2632446,0.9311066,33.59132,7.005417,-33.07706,3.785187,0.424607,0.4299398,0.06808984,1.241027,-0.181057,-0.1341797,-0.1057374,-0.1703426,0.9994733,10.37178,32.73
36,0.2475128,-0.2625732,0.9326172,0.6261734,0.2134399,-0.2577667,0.9423218,-21.74327,6.423935,-25.92668,4.359512,0.1115932,0.3782953,0.8487961,0.2524567,-0.2632446,0.9311066,33.59132,7.005417,-33.07706,3.785187,0.424607,0.4299398,0.06808984,1.241027,-0.181057,-0.1341797,-0.1057374,-0.1703426,0.9994733,10.37178,32.73
36,0.2475128,-0.2625732,0.9326172,0.6261734,0.2134399,-0.2577667,0.9423218,-21.74327,6.423935,-25.92668,4.359512,0.1115932,0.3782953,0.8487961,0.2524567,-0.2632446,0.9311066,33.59132,7.005417,-33.07706,3.785187,0.424607,0.4299398,0.06605244,1.242146,-0.1822471,-0.1380569,-0.1190661,-0.1700066,0.9994733,10.37178,32.73
36,0.2475128,-0.2625732,0.9326172,0.6261734,0.2134399,-0.2577667,0.9423218,-21.74327,6.423935,-25.92668,4.359512,0.1115932,0.3782953,0.8487961,0.2524567,-0.2632446,0.9311066,33.59132,7.005417,-33.07706,3.785187,0.424607,0.4299398,0.06605244,1.242146,-0.1822471,-0.1380569,-0.1190661,-0.1700066,0.9994733,10.37178,32.73
36,0.2475128,-0.2625732,0.9326172,0.6261734,0.2134399,-0.2577667,0.9423218,-21.74327,6.423935,-25.92668,4.359512,0.1115932,0.3782953,0.8487961,0.2524567,-0.2632446,0.9311066,33.59132,7.005417,-33.07706,3.785187,0.424607,0.4299398,0.06605244,1.242146,-0.1822471,-0.1380569,-0.1190661,-0.1700066,0.9994733,10.37178,32.73
36,0.2475128,-0.2625732,0.9326172,0.6261734,0.2134399,-0.2577667,0.9423218,-21.74327,6.423935,-25.92668,4.359512,0.1115932,0.3782953,0.8487961,0.2524567,-0.2632446,0.9311066,33.59132,7.005417,-33.07706,3.785187,0.424607,0.4299398,0.06403804,1.243191,-0.1835644,-0.141418,-0.1317368,-0.1694949,0.9994733,10.37178,32.73
36,0.2475128,-0.2625732,0.9326172,0.6261734,0.2134399,-0.2577667,0.9423218,-21.74327,6.423935,-25.92668,4.359512,0.1115932,0.3782953,0.8487961,0.2524567,-0.2632446,0.9311066,33.59132,7.005417,-33.07706,3.785187,0.424607,0.4299398,0.06403804,1.243191,-0.1835644,-0.141418,-0.1317368,-0.1694949,0.9994733,10.37178,32.73
36,0.2241669,-0.2790833,0.9337311,0.6261734,0.2009125,-0.23703,0.9504852,-21.76811,6.427567,-25.90741,4.458466,0.1149259,0.3741542,0.8487961,0.226944,-0.2841034,0.9315338,33.51527,7.000885,-33.0574,3.745499,0.4318794,0.4337193,0.06220782,1.244197,-0.1847944,-0.1448338,-0.1434333,-0.1686191,0.9994733,10.37178,32.73
36,0.2241669,-0.2790833,0.9337311,0.6261734,0.2009125,-0.23703,0.9504852,-21.76811,6.427567,-25.90741,4.458466,0.1149259,0.3741542,0.8487961,0.226944,-0.2841034,0.9315338,33.51527,7.000885,-33.0574,3.745499,0.4318794,0.4337193,0.060444,1.245206,-0.1860352,-0.1485953,-0.1543827,-0.1673924,0.9994733,10.37178,32.73
36,0.2241669,-0.2790833,0.9337311,0.6261734,0.2009125,-0.23703,0.9504852,-21.76811,6.427567,-25.90741,4.458466,0.1149259,0.3741542,0.8487961,0.226944,-0.2841034,0.9315338,33.51527,7.000885,-33.0574,3.745499,0.4318794,0.4337193,0.060444,1.245206,-0.1860352,-0.1485953,-0.1543827,-0.1673924,0.9994733,10.37178,32.73
36,0.2241669,-0.2790833,0.9337311,0.6261734,0.2009125,-0.23703,0.9504852,-21.76811,6.427567,-25.90741,4.458466,0.1149259,0.3741542,0.8487961,0.226944,-0.2841034,0.9315338,33.51527,7.000885,-33.0574,3.745499,0.4318794,0.4337193,0.05874503,1.246177,-0.1872895,-0.1522723,-0.1650849,-0.1659954,0.9994733,10.37178,32.73
36,0.2241669,-0.2790833,0.9337311,0.6261734,0.2009125,-0.23703,0.9504852,-21.76811,6.427567,-25.90741,4.458466,0.1149259,0.3741542,0.8487961,0.226944,-0.2841034,0.9315338,33.51527,7.000885,-33.0574,3.745499,0.4318794,0.4337193,0.05874503,1.246177,-0.1872895,-0.1522723,-0.1650849,-0.1659954,0.9994733,10.37178,32.73
36,0.04122925,-0.2635956,0.9637451,0.6007041,-0.01150513,-0.2516327,0.9677429,-23.08492,6.324524,-25.75389,4.19101,0.2065467,0.3846617,0.9054718,0.04595947,-0.2646332,0.9632416,32.68596,6.859818,-32.96661,3.877731,0.4933984,0.433531,0.05674875,1.246959,-0.1884748,-0.155426,-0.1742846,-0.1645918,0.9994733,7.32663,32.73
36,0.04122925,-0.2635956,0.9637451,0.6007041,-0.01150513,-0.2516327,0.9677429,-23.08492,6.324524,-25.75389,4.19101,0.2065467,0.3846617,0.9054718,0.04595947,-0.2646332,0.9632416,32.68596,6.859818,-32.96661,3.877731,0.4933984,0.433531,0.05674875,1.246959,-0.1884748,-0.155426,-0.1742846,-0.1645918,0.9994733,7.32663,32.73
36,-0.0003051758,-0.2701874,0.9627991,0.6377042,-0.03507996,-0.2722015,0.9615936,-23.37761,6.222137,-25.70723,4.272522,0.2213127,0.3921548,0.9076285,0.006973267,-0.2697144,0.9629059,32.42493,6.846237,-32.95857,3.711365,0.509486,0.4349899,0.05524099,1.2476,-0.1897534,-0.1581581,-0.1817324,-0.1629884,0.9994733,7.32663,32.73
36,-0.0003051758,-0.2701874,0.9627991,0.6377042,-0.03507996,-0.2722015,0.9615936,-23.37761,6.222137,-25.70723,4.272522,0.2213127,0.3921548,0.9076285,0.006973267,-0.2697144,0.9629059,32.42493,6.846237,-32.95857,3.711365,0.509486,0.4349899,0.05524099,1.2476,-0.1897534,-0.1581581,-0.1817324,-0.1629884,0.9994733,7.32663,32.73
36,-0.02345276,-0.2650604,0.9639282,0.6468052,-0.06913757,-0.2482147,0.966217,-23.53207,6.178207,-25.73993,4.573135,0.2322867,0.3899976,0.9015815,0.000869751,-0.2737885,0.9617767,32.21512,6.815582,-32.9742,3.682037,0.5180031,0.4370418,0.05403686,1.248202,-0.1908299,-0.1614001,-0.1878509,-0.1614546,0.9994733,7.32663,32.73
36,-0.02345276,-0.2650604,0.9639282,0.6468052,-0.06913757,-0.2482147,0.966217,-23.53207,6.178207,-25.73993,4.573135,0.2322867,0.3899976,0.9015815,0.000869751,-0.2737885,0.9617767,32.21512,6.815582,-32.9742,3.682037,0.5180031,0.4370418,0.05403686,1.248202,-0.1908299,-0.1614001,-0.1878509,-0.1614546,0.9994733,7.32663,32.73
36,-0.02345276,-0.2650604,0.9639282,0.6468052,-0.06913757,-0.2482147,0.966217,-23.53207,6.178207,-25.73993,4.573135,0.2322867,0.3899976,0.9015815,0.000869751,-0.2737885,0.9617767,32.21512,6.815582,-32.9742,3.682037,0.5180031,0.4370418,0.05296183,1.249343,-0.1917132,-0.1664513,-0.1932957,-0.1611424,0.9994733,7.32663,32.73
36,-0.02345276,-0.2650604,0.9639282,0.6468052,-0.06913757,-0.2482147,0.966217,-23.53207,6.178207,-25.73993,4.573135,0.2322867,0.3899976,0.9015815,0.000869751,-0.2737885,0.9617767,32.21512,6.815582,-32.9742,3.682037,0.5180031,0.4370418,0.05296183,1.249343,-0.1917132,-0.1664513,-0.1932957,-0.1611424,0.9994733,7.32663,32.73
36,-0.02345276,-0.2650604,0.9639282,0.6468052,-0.06913757,-0.2482147,0.966217,-23.53207,6.178207,-25.73993,4.573135,0.2322867,0.3899976,0.9015815,0.000869751,-0.2737885,0.9617767,32.21512,6.815582,-32.9742,3.682037,0.5180031,0.4370418,0.05211973,1.250668,-0.1925651,-0.172481,-0.1977601,-0.1615492,0.9994733,7.32663,32.73
36,-0.02345276,-0.2650604,0.9639282,0.6468052,-0.06913757,-0.2482147,0.966217,-23.53207,6.178207,-25.73993,4.573135,0.2322867,0.3899976,0.9015815,0.000869751,-0.2737885,0.9617767,32.21512,6.815582,-32.9742,3.682037,0.5180031,0.4370418,0.05211973,1.250668,-0.1925651,-0.172481,-0.1977601,-0.1615492,0.9994733,7.32663,32.73
36,-0.03016663,-0.2586517,0.9654846,0.6440841,-0.06698608,-0.2674408,0.9612274,-23.60025,6.206467,-25.78934,4.335602,0.2345126,0.3930901,0.8799921,-0.01052856,-0.2538147,0.9671783,32.13686,6.828552,-32.96713,4.00383,0.5228136,0.432698,0.0513159,1.251495,-0.193458,-0.1766974,-0.2013651,-0.1619552,0.9994733,7.32663,32.73
36,-0.03016663,-0.2586517,0.9654846,0.6440841,-0.06698608,-0.2674408,0.9612274,-23.60025,6.206467,-25.78934,4.335602,0.2345126,0.3930901,0.8799921,-0.01052856,-0.2538147,0.9671783,32.13686,6.828552,-32.96713,4.00383,0.5228136,0.432698,0.0513159,1.251495,-0.193458,-0.1766974,-0.2013651,-0.1619552,0.9994733,7.32663,32.73
36,-0.0447998,-0.2971497,0.9537659,0.6203105,-0.04846191,-0.3301544,0.9426727,-24.18112,6.235764,-25.77461,3.750153,0.2522453,0.4042692,0.8685042,-0.04292297,-0.2801971,0.9589691,31.88824,6.863159,-32.96112,4.037628,0.5373051,0.4364752,0.05068648,1.251934,-0.1942405,-0.1782804,-0.2038943,-0.1619851,0.9994733,7.32663,32.73
36,-0.0447998,-0.2971497,0.9537659,0.6203105,-0.04846191,-0.3301544,0.9426727,-24.18112,6.235764,-25.77461,3.750153,0.2522453,0.4042692,0.8685042,-0.04292297,-0.2801971,0.9589691,31.88824,6.863159,-32.96112,4.037628,0.5373051,0.4364752,0.05068648,1.251934,-0.1942405,-0.1782804,-0.2038943,-0.1619851,0.9994733,7.32663,32.73
36,-0.0447998,-0.2971497,0.9537659,0.6203105,-0.04846191,-0.3301544,0.9426727,-24.18112,6.235764,-25.77461,3.750153,0.2522453,0.4042692,0.8685042,-0.04292297,-0.2801971,0.9589691,31.88824,6.863159,-32.96112,4.037628,0.5373051,0.4364752,0.05017972,1.251907,-0.195017,-0.1782802,-0.2051005,-0.1613075,0.9994733,7.32663,32.73
36,-0.0447998,-0.2971497,0.9537659,0.6203105,-0.04846191,-0.3301544,0.9426727,-24.18112,6.235764,-25.77461,3.750153,0.2522453,0.4042692,0.8685042,-0.04292297,-0.2801971,0.9589691,31.88824,6.863159,-32.96112,4.037628,0.5373051,0.4364752,0.05017972,1.251907,-0.195017,-0.1782802,-0.2051005,-0.1613075,0.9994733,7.32663,32.73
36,-0.0447998,-0.2971497,0.9537659,0.6203105,-0.04846191,-0.3301544,0.9426727,-24.18112,6.235764,-25.77461,3.750153,0.2522453,0.4042692,0.8685042,-0.04292297,-0.2801971,0.9589691,31.88824,6.863159,-32.96112,4.037628,0.5373051,0.4364752,0.04995441,1.251906,-0.1956012,-0.1783873,-0.2052898,-0.1601139,0.9994733,-21.06119,32.73
36,-0.0447998,-0.2971497,0.9537659,0.6203105,-0.04846191,-0.3301544,0.9426727,-24.18112,6.235764,-25.77461,3.750153,0.2522453,0.4042692,0.8685042,-0.04292297,-0.2801971,0.9589691,31.88824,6.863159,-32.96112,4.037628,0.5373051,0.4364752,0.04995441,1.251906,-0.1956012,-0.1783873,-0.2052898,-0.1601139,0.9994733,-21.06119,32.73
36,-0.09329224,-0.3314209,0.9388428,0.6770589,-0.09642029,-0.4020844,0.9104919,-24.56073,5.980774,-25.97353,3.399551,0.2732571,0.4287092,0.8287615,-0.09208679,-0.3065643,0.9473724,31.64703,6.632004,-33.06813,3.902267,0.5545096,0.4509091,0.04972947,1.252021,-0.1959905,-0.1789805,-0.2046618,-0.158142,0.9994733,-21.06119,32.73
36,-0.09329224,-0.3314209,0.9388428,0.6770589,-0.09642029,-0.4020844,0.9104919,-24.56073,5.980774,-25.97353,3.399551,0.2732571,0.4287092,0.8287615,-0.09208679,-0.3065643,0.9473724,31.64703,6.632004,-33.06813,3.902267,0.5545096,0.4509091,0.04972947,1.252021,-0.1959905,-0.1789805,-0.2046618,-0.158142,0.9994733,-21.06119,32.73
36,-0.09217834,-0.3218842,0.9422607,0.678995,-0.08883667,-0.3897247,0.916626,-24.61926,6.021561,-25.93504,3.628113,0.2738973,0.4245287,0.8268633,-0.09315491,-0.2998199,0.9494171,31.63089,6.651398,-33.06044,3.983292,0.5552669,0.4488535,0.04937768,1.251944,-0.1964549,-0.1796448,-0.2033524,-0.1559322,1.037902,-21.06119,32.73
36,-0.09217834,-0.3218842,0.9422607,0.678995,-0.08883667,-0.3897247,0.916626,-24.61926,6.021561,-25.93504,3.628113,0.2738973,0.4245287,0.8268633,-0.09315491,-0.2998199,0.9494171,31.63089,6.651398,-33.06044,3.983292,0.5552669,0.4488535,0.04937768,1.251944,-0.1964549,-0.1796448,-0.2033524,-0.1559322,1.037902,-21.06119,32.73
36,-0.09457397,-0.331131,0.9388275,0.6668942,-0.09346008,-0.382431,0.9192352,-24.62271,6.046005,-25.91341,3.570236,0.2748976,0.4222667,0.8319501,-0.09509277,-0.3009949,0.9488678,31.6297,6.657928,-33.0574,3.985184,0.5556504,0.4488262,0.0494014,1.252016,-0.1965878,-0.1799202,-0.202372,-0.1548606,1.037902,-21.06119,32.73
36,-0.09457397,-0.331131,0.9388275,0.6668942,-0.09346008,-0.382431,0.9192352,-24.62271,6.046005,-25.91341,3.570236,0.2748976,0.4222667,0.8319501,-0.09509277,-0.3009949,0.9488678,31.6297,6.657928,-33.0574,3.985184,0.5556504,0.4488262,0.0494014,1.252016,-0.1965878,-0.1799202,-0.202372,-0.1548606,1.037902,-21.06119,32.73
36,-0.09341431,-0.3355865,0.9373474,0.6535509,-0.09275818,-0.3889465,0.9165649,-24.61935,6.044571,-25.91447,3.547272,0.2746653,0.4235374,0.8223655,-0.09367371,-0.3013763,0.9488831,31.62965,6.658859,-33.05676,3.983673,0.5554012,0.4488535,0.04928768,1.252081,-0.19695,-0.1800737,-0.1999467,-0.1526856,1.037902,-21.06119,32.73
36,-0.09341431,-0.3355865,0.9373474,0.6535509,-0.09275818,-0.3889465,0.9165649,-24.61935,6.044571,-25.91447,3.547272,0.2746653,0.4235374,0.8223655,-0.09367371,-0.3013763,0.9488831,31.62965,6.658859,-33.05676,3.983673,0.5554012,0.4488535,0.04928768,1.252081,-0.19695,-0.1800737,-0.1999467,-0.1526856,1.037902,-21.06119,32.73
36,-0.09341431,-0.3355865,0.9373474,0.6535509,-0.09275818,-0.3889465,0.9165649,-24.61935,6.044571,-25.91447,3.547272,0.2746653,0.4235374,0.8223655,-0.09367371,-0.3013763,0.9488831,31.62965,6.658859,-33.05676,3.983673,0.5554012,0.4488535,0.04919255,1.252079,-0.1970803,-0.1803693,-0.1984147,-0.151798,1.037902,-21.06119,32.73
36,-0.09341431,-0.3355865,0.9373474,0.6535509,-0.09275818,-0.3889465,0.9165649,-24.61935,6.044571,-25.91447,3.547272,0.2746653,0.4235374,0.8223655,-0.09367371,-0.3013763,0.9488831,31.62965,6.658859,-33.05676,3.983673,0.5554012,0.4488535,0.04926932,1.25211,-0.1973795,-0.1809332,-0.1945987,-0.1498065,1.037902,-21.06119,32.73
36,-0.09341431,-0.3355865,0.9373474,0.6535509,-0.09275818,-0.3889465,0.9165649,-24.61935,6.044571,-25.91447,3.547272,0.2746653,0.4235374,0.8223655,-0.09367371,-0.3013763,0.9488831,31.62965,6.658859,-33.05676,3.983673,0.5554012,0.4488535,0.04926932,1.25211,-0.1973795,-0.1809332,-0.1945987,-0.1498065,1.037902,-21.06119,32.73
36,-0.09341431,-0.3355865,0.9373474,0.6535509,-0.09275818,-0.3889465,0.9165649,-24.61935,6.044571,-25.91447,3.547272,0.2746653,0.4235374,0.8223655,-0.09367371,-0.3013763,0.9488831,31.62965,6.658859,-33.05676,3.983673,0.5554012,0.4488535,0.04950476,1.25207,-0.1974986,-0.181236,-0.1923655,-0.1486124,1.037902,-21.06119,32.73
36,-0.1409302,-0.3082581,0.9407959,0.6513334,-0.155899,-0.3207397,0.9342346,-24.81099,6.186035,-25.88498,4.139618,0.2914609,0.4065146,0.8286238,-0.1300507,-0.2991486,0.9452972,31.30838,6.864441,-33.03506,3.992798,0.5733117,0.441162,0.04987061,1.252075,-0.1977354,-0.1819741,-0.1866525,-0.1462295,1.037902,-21.06119,32.73
36,-0.1360321,-0.3004456,0.9440308,0.6533842,-0.1569977,-0.3168488,0.935379,-24.86897,6.190979,-25.8954,4.271759,0.2934846,0.4057217,0.7850488,-0.1218567,-0.2892609,0.9494476,31.31303,6.868423,-33.01584,4.060562,0.5716838,0.4388932,0.05021048,1.252093,-0.1978486,-0.1823535,-0.183221,-0.1451618,1.037902,-21.06119,32.73
36,-0.1360321,-0.3004456,0.9440308,0.6533842,-0.1569977,-0.3168488,0.935379,-24.86897,6.190979,-25.8954,4.271759,0.2934846,0.4057217,0.7850488,-0.1218567,-0.2892609,0.9494476,31.31303,6.868423,-33.01584,4.060562,0.5716838,0.4388932,0.05021048,1.252093,-0.1978486,-0.1823535,-0.183221,-0.1451618,1.037902,-21.06119,32.73
36,-0.1351624,-0.3105774,0.9408722,0.6646635,-0.1518097,-0.3396912,0.9281921,-24.86508,6.182846,-25.87747,4.128418,0.2926058,0.4099954,0.7882649,-0.1233063,-0.2897949,0.9490967,31.32748,6.875092,-33.01381,4.024582,0.5714303,0.4387584,0.05138814,1.252144,-0.1977978,-0.1818718,-0.1741554,-0.1433309,1.037902,-31.466,32.73
36,-0.1351624,-0.3105774,0.9408722,0.6646635,-0.1518097,-0.3396912,0.9281921,-24.86508,6.182846,-25.87747,4.128418,0.2926058,0.4099954,0.7882649,-0.1233063,-0.2897949,0.9490967,31.32748,6.875092,-33.01381,4.024582,0.5714303,0.4387584,0.05138814,1.252144,-0.1977978,-0.1818718,-0.1741554,-0.1433309,1.037902,-31.466,32.73
36,-0.125946,-0.3088379,0.9427338,0.6866743,-0.1436615,-0.3249207,0.9347534,-24.85049,6.072937,-25.90096,4.215057,0.2906891,0.4110478,0.8123123,-0.1111603,-0.2953186,0.9488983,31.33575,6.829956,-33.01949,4.116577,0.5689687,0.4413556,0.0520128,1.252086,-0.1976292,-0.1819314,-0.1681998,-0.1417101,1.037902,-31.466,32.73
36,-0.1179657,-0.3014832,0.9461365,0.6961023,-0.1398163,-0.3020477,0.9429626,-24.88095,5.972778,-25.90027,4.43454,0.2909394,0.4101469,0.7808173,-0.09761047,-0.3008118,0.9486694,31.31288,6.728928,-33.04672,4.028824,0.5674049,0.4461895,0.05393648,1.25161,-0.1971183,-0.1801533,-0.1523799,-0.1376943,1.037902,-31.466,32.73
36,-0.08621216,-0.3202362,0.9433899,0.6812323,-0.09022522,-0.3457794,0.93396,-24.90016,5.920288,-25.93472,3.941238,0.2836211,0.4198832,0.7613274,-0.082901,-0.2992249,0.9505615,31.34918,6.713928,-33.05351,3.892868,0.5635365,0.4464625,0.05520761,1.251345,-0.1967507,-0.1788418,-0.1421586,-0.1351166,1.037902,-31.466,32.73
36,-0.08621216,-0.3202362,0.9433899,0.6812323,-0.09022522,-0.3457794,0.93396,-24.90016,5.920288,-25.93472,3.941238,0.2836211,0.4198832,0.7613274,-0.082901,-0.2992249,0.9505615,31.34918,6.713928,-33.05351,3.892868,0.5635365,0.4464625,0.05520761,1.251345,-0.1967507,-0.1788418,-0.1421586,-0.1351166,1.037902,-31.466,32.73
36,-0.0811615,-0.3721313,0.9246063,0.6422231,-0.0811615,-0.3721313,0.9246063,-24.9216,5.997513,-25.91042,3.753769,0.2829357,0.4219727,0.6552572,0.0,0.0,0.0,31.45009,6.795929,-33.03741,-1.0,0.5605848,0.4492518,0.05633307,1.250911,-0.1964796,-0.1782687,-0.131115,-0.1322265,1.037902,-31.466,32.73
36,-1.0,-1.0,-1.0,0.5545248,0.0,0.0,0.0,-24.58624,5.606979,-26.08781,-1.0,0.277211,0.4427538,0.3953487,0.0,0.0,0.0,31.43648,6.910629,-33.0197,-1.0,0.6274934,0.4485897,0.05985665,1.250564,-0.1955938,-0.1776882,-0.1044543,-0.126059,1.037902,-31.466,32.73
36,-1.0,-1.0,-1.0,0.5545248,0.0,0.0,0.0,-24.58624,5.606979,-26.08781,-1.0,0.277211,0.4427538,0.3953487,0.0,0.0,0.0,31.43648,6.910629,-33.0197,-1.0,0.6274934,0.4485897,0.05985665,1.250564,-0.1955938,-0.1776882,-0.1044543,-0.126059,1.037902,-31.466,32.73
36,-1.0,-1.0,-1.0,0.2977413,0.0,0.0,0.0,-24.58624,5.606979,-26.08781,-1.0,-1.0,-1.0,0.05504535,0.0,0.0,0.0,31.43648,6.910629,-33.0197,-1.0,-1.0,-1.0,0.06191385,1.250369,-0.1951829,-0.1775631,-0.08938915,-0.1227399,1.037902,-31.466,32.73
36,-1.0,-1.0,-1.0,0.0503608,0.0,0.0,0.0,-24.58624,5.606979,-26.08781,-1.0,0.3091009,0.4702014,0.0,0.0,0.0,0.0,31.43648,6.910629,-33.0197,-1.0,0.6105372,0.5229897,0.06621134,1.249708,-0.1946084,-0.1762589,-0.05853307,-0.1153701,1.037902,-31.466,32.73
36,-1.0,-1.0,-1.0,0.0503608,0.0,0.0,0.0,-24.58624,5.606979,-26.08781,-1.0,0.3091009,0.4702014,0.0,0.0,0.0,0.0,31.43648,6.910629,-33.0197,-1.0,0.6105372,0.5229897,0.06621134,1.249708,-0.1946084,-0.1762589,-0.05853307,-0.1153701,1.037902,-31.466,32.73
36,-1.0,-1.0,-1.0,0.0,0.0,0.0,0.0,-24.58624,5.606979,-26.08781,-1.0,0.3614253,0.4940439,0.0,0.0,0.0,0.0,31.43648,6.910629,-33.0197,-1.0,-1.0,-1.0,0.06849432,1.249323,-0.1944299,-0.175147,-0.04267523,-0.111008,1.037902,-31.466,32.73
36,-1.0,-1.0,-1.0,0.0,0.0,0.0,0.0,-24.58624,5.606979,-26.08781,-1.0,0.3614253,0.4940439,0.0,0.0,0.0,0.0,31.43648,6.910629,-33.0197,-1.0,-1.0,-1.0,0.07286906,1.248269,-0.1945742,-0.1728114,-0.01121454,-0.1020019,1.037902,14.66373,32.73
36,-1.0,-1.0,-1.0,0.0,0.0,0.0,0.0,-24.58624,5.606979,-26.08781,-1.0,0.3614253,0.4940439,0.0,0.0,0.0,0.0,31.43648,6.910629,-33.0197,-1.0,-1.0,-1.0,0.07286906,1.248269,-0.1945742,-0.1728114,-0.01121454,-0.1020019,1.037902,14.66373,32.73
36,-1.0,-1.0,-1.0,0.0,0.0,0.0,0.0,-24.58624,5.606979,-26.08781,-1.0,0.3614253,0.4940439,0.0,0.0,0.0,0.0,31.43648,6.910629,-33.0197,-1.0,-1.0,-1.0,0.07746005,1.247302,-0.195112,-0.1701881,0.02115024,-0.09290729,1.037902,14.66373,32.73
36,-1.0,-1.0,-1.0,0.0,0.0,0.0,0.0,-24.58624,5.606979,-26.08781,-1.0,0.3614253,0.4940439,0.0,0.0,0.0,0.0,31.43648,6.910629,-33.0197,-1.0,-1.0,-1.0,0.07746005,1.247302,-0.195112,-0.1701881,0.02115024,-0.09290729,1.037902,14.66373,32.73
36,-1.0,-1.0,-1.0,0.0,0.0,0.0,0.0,-24.58624,5.606979,-26.08781,-1.0,0.3614253,0.4940439,0.0,0.0,0.0,0.0,31.43648,6.910629,-33.0197,-1.0,-1.0,-1.0,0.0797987,1.246854,-0.1954101,-0.1687955,0.03732718,-0.0883757,1.037902,14.66373,32.73
36,-1.0,-1.0,-1.0,0.0,0.0,0.0,0.0,-24.58624,5.606979,-26.08781,-1.0,-1.0,-1.0,0.0,0.0,0.0,0.0,31.43648,6.910629,-33.0197,-1.0,-1.0,-1.0,0.08433521,1.246054,-0.1962843,-0.1662895,0.06956466,-0.07932317,1.037902,14.66373,32.73
36,-1.0,-1.0,-1.0,0.0,0.0,0.0,0.0,-24.58624,5.606979,-26.08781,-1.0,-1.0,-1.0,0.0,0.0,0.0,0.0,31.43648,6.910629,-33.0197,-1.0,-1.0,-1.0,0.08433521,1.246054,-0.1962843,-0.1662895,0.06956466,-0.07932317,1.037902,14.66373,32.73
36,-1.0,-1.0,-1.0,0.0,0.0,0.0,0.0,-24.58624,5.606979,-26.08781,-1.0,0.7714077,0.4542381,0.0,0.0,0.0,0.0,31.43648,6.910629,-33.0197,-1.0,-1.0,-1.0,0.08640683,1.245729,-0.1969251,-0.165301,0.08448227,-0.07479864,1.037902,14.66373,32.73
36,-1.0,-1.0,-1.0,0.0,0.0,0.0,0.0,-24.58624,5.606979,-26.08781,-1.0,-1.0,-1.0,0.0,0.0,0.0,0.0,31.43648,6.910629,-33.0197,-1.0,-1.0,-1.0,0.09025216,1.245295,-0.1983227,-0.1636138,0.1125323,-0.06593854,1.037902,14.66373,32.73
36,-1.0,-1.0,-1.0,0.0,0.0,0.0,0.0,-24.58624,5.606979,-26.08781,-1.0,-1.0,-1.0,0.0,0.0,0.0,0.0,31.43648,6.910629,-33.0197,-1.0,-1.0,-1.0,0.0919311,1.245202,-0.1990855,-0.1632335,0.1253144,-0.06158275,1.037902,14.66373,32.73
36,-1.0,-1.0,-1.0,0.0,0.0,0.0,0.0,-24.58624,5.606979,-26.08781,-1.0,-1.0,-1.0,0.0,0.0,0.0,0.0,31.43648,6.910629,-33.0197,-1.0,-1.0,-1.0,0.0919311,1.245202,-0.1990855,-0.1632335,0.1253144,-0.06158275,1.037902,14.66373,32.73
36,-1.0,-1.0,-1.0,0.0889897,0.0,0.0,0.0,-24.67062,5.626282,-26.0899,-1.0,-1.0,-1.0,0.0,0.0,0.0,0.0,31.43648,6.910629,-33.0197,-1.0,-1.0,-1.0,0.09509945,1.244748,-0.2007238,-0.1620047,0.1498273,-0.05249747,1.037902,14.66373,32.73
36,-1.0,-1.0,-1.0,0.0889897,0.0,0.0,0.0,-24.67062,5.626282,-26.0899,-1.0,-1.0,-1.0,0.0,0.0,0.0,0.0,31.43648,6.910629,-33.0197,-1.0,0.6255111,0.4529053,0.09653199,1.244592,-0.2015635,-0.1614208,0.1610188,-0.04824403,1.037902,14.66373,32.73
36,-1.0,-1.0,-1.0,0.0889897,0.0,0.0,0.0,-24.67062,5.626282,-26.0899,-1.0,-1.0,-1.0,0.0,0.0,0.0,0.0,31.43648,6.910629,-33.0197,-1.0,0.6255111,0.4529053,0.09653199,1.244592,-0.2015635,-0.1614208,0.1610188,-0.04824403,1.037902,14.66373,32.73
36,-1.0,-1.0,-1.0,0.1401915,0.0,0.0,0.0,-24.67062,5.626282,-26.0899,-1.0,0.7484833,0.4246352,0.0,0.0,0.0,0.0,30.63385,6.819794,-33.18378,-1.0,0.621479,0.4420686,0.09653199,1.244592,-0.2015635,-0.1614208,0.1610188,-0.04824403,1.037902,14.66373,32.73
36,-1.0,-1.0,-1.0,0.2892204,0.0,0.0,0.0,-25.29637,6.623047,-25.98169,-1.0,0.344088,0.4029073,0.05976132,0.0,0.0,0.0,30.91563,7.323135,-33.02737,-1.0,0.617379,0.4253585,0.09878874,1.244333,-0.2033128,-0.1601893,0.1810164,-0.04052716,1.037902,14.66373,32.73
36,-1.0,-1.0,-1.0,0.2892204,0.0,0.0,0.0,-25.29637,6.623047,-25.98169,-1.0,0.344088,0.4029073,0.05976132,0.0,0.0,0.0,30.91563,7.323135,-33.02737,-1.0,0.617379,0.4253585,0.09878874,1.244333,-0.2033128,-0.1601893,0.1810164,-0.04052716,1.037902,14.66373,32.73
37,-1.0,-1.0,-1.0,0.38799,0.0,0.0,0.0,-25.1916,6.628128,-25.89435,-1.0,0.3251396,0.3999537,0.1594508,0.0,0.0,0.0,31.14806,7.248322,-32.9649,-1.0,0.5928293,0.4275606,0.1005768,1.244284,-0.2047837,-0.1602589,0.1979514,-0.03442534,1.037902,12.63737,32.73
37,-1.0,-1.0,-1.0,0.4660724,0.0,0.0,0.0,-25.05307,6.617905,-25.84973,-1.0,0.3084299,0.4027101,0.2931723,0.0,0.0,0.0,31.26471,7.294769,-32.91823,-1.0,0.5867175,0.4235007,0.1021132,1.244624,-0.2060728,-0.1619802,0.2120691,-0.02945615,1.037902,12.63737,32.73
37,-1.0,-1.0,-1.0,0.5543346,0.0,0.0,0.0,-24.89281,6.630127,-25.7812,-1.0,0.2999574,0.3952715,0.4160581,0.0,0.0,0.0,31.46825,7.220779,-32.9249,-1.0,0.5759429,0.4188762,0.1029483,1.244962,-0.2072059,-0.1648039,0.2221718,-0.02514915,1.037902,12.63737,32.73
37,-1.0,-1.0,-1.0,0.5543346,0.0,0.0,0.0,-24.89281,6.630127,-25.7812,-1.0,0.2999574,0.3952715,0.4160581,0.0,0.0,0.0,31.46825,7.220779,-32.9249,-1.0,0.5759429,0.4188762,0.1029483,1.244962,-0.2072059,-0.1648039,0.2221718,-0.02514915,1.037902,12.63737,32.73
37,-1.0,-1.0,-1.0,0.6524016,0.0,0.0,0.0,-24.56844,6.508896,-25.72461,-1.0,0.2840895,0.3895648,0.5195624,0.0,0.0,0.0,31.67682,7.167465,-32.90202,-1.0,0.5593085,0.4261202,0.1032522,1.245137,-0.2080181,-0.1662708,0.2283565,-0.02184786,1.037902,12.63737,32.73
37,-1.0,-1.0,-1.0,0.6524016,0.0,0.0,0.0,-24.56844,6.508896,-25.72461,-1.0,0.2840895,0.3895648,0.5195624,0.0,0.0,0.0,31.67682,7.167465,-32.90202,-1.0,0.5593085,0.4261202,0.1032522,1.245137,-0.2080181,-0.1662708,0.2283565,-0.02184786,1.037902,12.63737,32.73
37,-0.1178894,-0.2817688,0.9521942,0.7257105,-0.1272736,-0.3396454,0.9318848,-24.48375,6.43306,-25.77858,3.898285,0.275796,0.400339,0.6823624,-0.1124573,-0.2490387,0.9619293,31.82956,7.083664,-32.90918,4.095184,0.5516445,0.4225881,0.103249,1.24523,-0.2086544,-0.1677767,0.2324983,-0.02014974,1.037902,12.63737,32.73
37,-0.1178894,-0.2817688,0.9521942,0.7257105,-0.1272736,-0.3396454,0.9318848,-24.48375,6.43306,-25.77858,3.898285,0.275796,0.400339,0.6823624,-0.1124573,-0.2490387,0.9619293,31.82956,7.083664,-32.90918,4.095184,0.5516445,0.4225881,0.103249,1.24523,-0.2086544,-0.1677767,0.2324983,-0.02014974,1.037902,12.63737,32.73
37,-0.1051178,-0.2725983,0.9563599,0.7257105,-0.1210175,-0.3090057,0.9433136,-24.35004,6.39299,-25.75612,4.005264,0.2701354,0.3956657,0.6823624,-0.0933075,-0.2455139,0.9648743,31.88277,7.068436,-32.90868,4.19101,0.5463744,0.4223427,0.102916,1.245306,-0.2089832,-0.1688922,0.234194,-0.01919612,1.037902,12.63737,32.73
37,-0.1051178,-0.2725983,0.9563599,0.7257105,-0.1210175,-0.3090057,0.9433136,-24.35004,6.39299,-25.75612,4.005264,0.2701354,0.3956657,0.6823624,-0.0933075,-0.2455139,0.9648743,31.88277,7.068436,-32.90868,4.19101,0.5463744,0.4223427,0.102916,1.245306,-0.2089832,-0.1688922,0.234194,-0.01919612,1.037902,12.63737,32.73
37,-0.1051178,-0.2725983,0.9563599,0.7257105,-0.1210175,-0.3090057,0.9433136,-24.35004,6.39299,-25.75612,4.005264,0.2701354,0.3956657,0.6823624,-0.0933075,-0.2455139,0.9648743,31.88277,7.068436,-32.90868,4.19101,0.5463744,0.4223427,0.1027054,1.245176,-0.2091374,-0.1697992,0.2341318,-0.01942875,1.037902,12.63737,32.73
37,-0.1051178,-0.2725983,0.9563599,0.7257105,-0.1210175,-0.3090057,0.9433136,-24.35004,6.39299,-25.75612,4.005264,0.2701354,0.3956657,0.6823624,-0.0933075,-0.2455139,0.9648743,31.88277,7.068436,-32.90868,4.19101,0.5463744,0.4223427,0.1027054,1.245176,-0.2091374,-0.1697992,0.2341318,-0.01942875,1.037902,12.63737,32.73
37,-0.1051178,-0.2725983,0.9563599,0.7257105,-0.1210175,-0.3090057,0.9433136,-24.35004,6.39299,-25.75612,4.005264,0.2701354,0.3956657,0.6823624,-0.0933075,-0.2455139,0.9648743,31.88277,7.068436,-32.90868,4.19101,0.5463744,0.4223427,0.1022019,1.24524,-0.2090484,-0.1703399,0.232713,-0.02014641,1.037902,12.63737,32.73
37,-0.1051178,-0.2725983,0.9563599,0.7257105,-0.1210175,-0.3090057,0.9433136,-24.35004,6.39299,-25.75612,4.005264,0.2701354,0.3956657,0.6823624,-0.0933075,-0.2455139,0.9648743,31.88277,7.068436,-32.90868,4.19101,0.5463744,0.4223427,0.1022019,1.24524,-0.2090484,-0.1703399,0.232713,-0.02014641,1.037902,12.63737,32.73
37,-0.0640564,-0.2900238,0.9548645,0.7386444,-0.07730103,-0.3329163,0.9397736,-24.08846,6.292374,-25.72995,3.754272,0.2539892,0.4026322,0.724789,-0.0567627,-0.2663574,0.9621887,32.07524,6.990768,-32.92929,4.230072,0.5330874,0.4290076,0.1015209,1.245089,-0.2089267,-0.1703112,0.2300335,-0.02037368,1.037902,-9.447479,32.73
37,-0.0640564,-0.2900238,0.9548645,0.7386444,-0.07730103,-0.3329163,0.9397736,-24.08846,6.292374,-25.72995,3.754272,0.2539892,0.4026322,0.724789,-0.0567627,-0.2663574,0.9621887,32.07524,6.990768,-32.92929,4.230072,0.5330874,0.4290076,0.1015209,1.245089,-0.2089267,-0.1703112,0.2300335,-0.02037368,1.037902,-9.447479,32.73
37,-0.04656982,-0.2796021,0.9589691,0.7941664,-0.02781677,-0.3021545,0.9528351,-24.11362,6.242691,-25.72714,4.016174,0.2462425,0.3981561,0.8615294,-0.05555725,-0.268692,0.9616089,32.07021,6.983047,-32.93123,4.230057,0.5330538,0.4297399,0.1007283,1.24508,-0.2086897,-0.1696579,0.2260561,-0.02109169,1.037902,-9.447479,32.73
37,-0.04656982,-0.2796021,0.9589691,0.7941664,-0.02781677,-0.3021545,0.9528351,-24.11362,6.242691,-25.72714,4.016174,0.2462425,0.3981561,0.8615294,-0.05555725,-0.268692,0.9616089,32.07021,6.983047,-32.93123,4.230057,0.5330538,0.4297399,0.1007283,1.24508,-0.2086897,-0.1696579,0.2260561,-0.02109169,1.037902,-9.447479,32.73
37,-0.04840088,-0.2758026,0.9599762,0.819239,-0.04069519,-0.2805176,0.9589844,-24.13678,6.250565,-25.71906,4.28476,0.249007,0.3938822,0.8809652,-0.05270386,-0.2731628,0.9605103,32.06949,6.978653,-32.93074,4.230057,0.532576,0.430719,0.09969068,1.244983,-0.208384,-0.1686894,0.2219302,-0.02158954,1.037902,-9.447479,32.73
37,-0.04840088,-0.2758026,0.9599762,0.819239,-0.04069519,-0.2805176,0.9589844,-24.13678,6.250565,-25.71906,4.28476,0.249007,0.3938822,0.8809652,-0.05270386,-0.2731628,0.9605103,32.06949,6.978653,-32.93074,4.230057,0.532576,0.430719,0.09969068,1.244983,-0.208384,-0.1686894,0.2219302,-0.02158954,1.037902,-9.447479,32.73
37,-0.06697083,-0.2625732,0.9625702,0.8154083,-0.0856781,-0.2701721,0.9589844,-24.21014,6.33551,-25.70425,4.586533,0.258869,0.3893441,0.8888824,-0.05419922,-0.2573242,0.964798,31.96648,6.980286,-32.92377,4.34108,0.5365111,0.4276142,0.09879863,1.244831,-0.208006,-0.1673631,0.2178251,-0.02157953,1.037902,-9.447479,32.73
37,-0.06697083,-0.2625732,0.9625702,0.8154083,-0.0856781,-0.2701721,0.9589844,-24.21014,6.33551,-25.70425,4.586533,0.258869,0.3893441,0.8888824,-0.05419922,-0.2573242,0.964798,31.96648,6.980286,-32.92377,4.34108,0.5365111,0.4276142,0.09879863,1.244831,-0.208006,-0.1673631,0.2178251,-0.02157953,1.037902,-9.447479,32.73
37,-0.06108093,-0.2829132,0.9571838,0.8439633,-0.07841492,-0.320343,0.944046,-24.30122,6.363525,-25.71344,4.231369,0.2611128,0.3977422,0.8953208,-0.05088806,-0.2607574,0.9640503,31.90125,6.996658,-32.91846,4.348114,0.5382542,0.427624,0.09803689,1.244668,-0.2076738,-0.1656356,0.2139941,-0.02072285,1.037902,-9.447479,32.73
37,-0.06108093,-0.2829132,0.9571838,0.8439633,-0.07841492,-0.320343,0.944046,-24.30122,6.363525,-25.71344,4.231369,0.2611128,0.3977422,0.8953208,-0.05088806,-0.2607574,0.9640503,31.90125,6.996658,-32.91846,4.348114,0.5382542,0.427624,0.09803689,1.244668,-0.2076738,-0.1656356,0.2139941,-0.02072285,1.037902,-9.447479,32.73
37,-0.07078552,-0.2771301,0.9582062,0.8571877,-0.09301758,-0.3138123,0.9449005,-24.4324,6.378326,-25.73016,4.372314,0.2679297,0.3963863,0.8971011,-0.05871582,-0.2570801,0.9645996,31.80788,7.0168,-32.91824,4.354294,0.5429546,0.4262422,0.09733212,1.244424,-0.2074226,-0.163661,0.2107,-0.0201745,1.037902,-9.447479,32.73
37,-0.07078552,-0.2771301,0.9582062,0.8571877,-0.09301758,-0.3138123,0.9449005,-24.4324,6.378326,-25.73016,4.372314,0.2679297,0.3963863,0.8971011,-0.05871582,-0.2570801,0.9645996,31.80788,7.0168,-32.91824,4.354294,0.5429546,0.4262422,0.09733212,1.244424,-0.2074226,-0.163661,0.2107,-0.0201745,1.037902,-9.447479,32.73
37,-0.0802002,-0.2787018,0.957016,0.8685691,-0.09960938,-0.2951355,0.9502411,-24.49934,6.394638,-25.72595,4.444199,0.2712916,0.3925318,0.9089714,-0.06787109,-0.2681885,0.960968,31.75418,7.056198,-32.90811,4.166382,0.5464679,0.4269386,0.09656358,1.244258,-0.2072166,-0.161894,0.2080884,-0.01997445,1.037902,-9.447479,32.73
37,-0.0802002,-0.2787018,0.957016,0.8685691,-0.09960938,-0.2951355,0.9502411,-24.49934,6.394638,-25.72595,4.444199,0.2712916,0.3925318,0.9089714,-0.06787109,-0.2681885,0.960968,31.75418,7.056198,-32.90811,4.166382,0.5464679,0.4269386,0.09656358,1.244258,-0.2072166,-0.161894,0.2080884,-0.01997445,1.037902,-9.447479,32.73
37,-0.08404541,-0.2891083,0.953598,0.8959286,-0.1027374,-0.320282,0.9417267,-24.54715,6.437042,-25.71671,4.133987,0.2737456,0.395833,0.8921854,-0.06761169,-0.2614899,0.9628296,31.67226,7.108414,-32.8963,4.262497,0.5493508,0.4236833,0.09590662,1.24408,-0.2071311,-0.1603929,0.2058818,-0.01940112,1.037902,-9.447479,32.73
37,-0.08404541,-0.2891083,0.953598,0.8959286,-0.1027374,-0.320282,0.9417267,-24.54715,6.437042,-25.71671,4.133987,0.2737456,0.395833,0.8921854,-0.06761169,-0.2614899,0.9628296,31.67226,7.108414,-32.8963,4.262497,0.5493508,0.4236833,0.09590662,1.24408,-0.2071311,-0.1603929,0.2058818,-0.01940112,1.037902,-9.447479,32.73
37,-0.09385681,-0.294693,0.9509583,0.8985134,-0.1174316,-0.327179,0.9376221,-24.57137,6.46521,-25.71574,3.923538,0.2772358,0.3964484,0.9134879,-0.06893921,-0.2600403,0.9631195,31.64494,7.134079,-32.89252,4.117203,0.5505705,0.4225205,0.09537125,1.24401,-0.2069124,-0.159299,0.2036043,-0.01852294,1.037902,-9.447479,32.73
37,-0.09385681,-0.294693,0.9509583,0.8985134,-0.1174316,-0.327179,0.9376221,-24.57137,6.46521,-25.71574,3.923538,0.2772358,0.3964484,0.9134879,-0.06893921,-0.2600403,0.9631195,31.64494,7.134079,-32.89252,4.117203,0.5505705,0.4225205,0.09537125,1.24401,-0.2069124,-0.159299,0.2036043,-0.01852294,1.037902,-9.447479,32.73
37,-0.09483337,-0.294754,0.9508514,0.8736682,-0.1195068,-0.333313,0.9351959,-24.55617,6.485733,-25.70271,3.915024,0.2770769,0.3967798,0.8962435,-0.06828308,-0.2528687,0.9650726,31.63011,7.145554,-32.89087,4.063766,0.5509984,0.4207555,0.09492862,1.243988,-0.2068274,-0.1586006,0.2013808,-0.01779716,1.037902,-40.09561,32.73
37,-0.09483337,-0.294754,0.9508514,0.8736682,-0.1195068,-0.333313,0.9351959,-24.55617,6.485733,-25.70271,3.915024,0.2770769,0.3967798,0.8962435,-0.06828308,-0.2528687,0.9650726,31.63011,7.145554,-32.89087,4.063766,0.5509984,0.4207555,0.09492862,1.243988,-0.2068274,-0.1586006,0.2013808,-0.01779716,1.037902,-40.09561,32.73
37,-0.09573364,-0.2718506,0.95755,0.8881603,-0.1204376,-0.2887115,0.9497986,-24.56987,6.527267,-25.65797,4.270462,0.2774708,0.3867656,0.8811478,-0.07078552,-0.2546387,0.9644318,31.59033,7.190247,-32.87375,3.932617,0.5528597,0.4194024,0.09465182,1.243682,-0.2066731,-0.1575092,0.1998425,-0.01707196,1.037902,-40.09561,32.73
37,-0.09573364,-0.2718506,0.95755,0.8881603,-0.1204376,-0.2887115,0.9497986,-24.56987,6.527267,-25.65797,4.270462,0.2774708,0.3867656,0.8811478,-0.07078552,-0.2546387,0.9644318,31.59033,7.190247,-32.87375,3.932617,0.5528597,0.4194024,0.09465182,1.243682,-0.2066731,-0.1575092,0.1998425,-0.01707196,1.037902,-40.09561,32.73
37,-0.0905304,-0.2736969,0.9575348,0.8810832,-0.1157532,-0.2944183,0.9486389,-24.59431,6.516617,-25.66461,4.104965,0.2776831,0.3882965,0.9078984,-0.06742859,-0.2545166,0.9647064,31.57874,7.188583,-32.87093,3.932419,0.5526806,0.4194024,0.09438944,1.243486,-0.2064403,-0.1562339,0.1984743,-0.01673031,1.037902,-40.09561,32.73
37,-0.0905304,-0.2736969,0.9575348,0.8810832,-0.1157532,-0.2944183,0.9486389,-24.59431,6.516617,-25.66461,4.104965,0.2776831,0.3882965,0.9078984,-0.06742859,-0.2545166,0.9647064,31.57874,7.188583,-32.87093,3.932419,0.5526806,0.4194024,0.09438944,1.243486,-0.2064403,-0.1562339,0.1984743,-0.01673031,1.037902,-40.09561,32.73
37,-0.1804199,-0.2728424,0.9449768,0.8483012,-0.2064667,-0.3273773,0.9220428,-25.24451,6.64418,-25.78354,3.528427,0.3152746,0.3929482,0.8799587,-0.1586914,-0.2276764,0.9607086,30.95767,7.320313,-32.92543,4.217697,0.5910468,0.4104921,0.09406745,1.243586,-0.2061333,-0.1562099,0.1973769,-0.01704969,1.037902,-40.09561,32.73
37,-0.1804199,-0.2728424,0.9449768,0.8483012,-0.2064667,-0.3273773,0.9220428,-25.24451,6.64418,-25.78354,3.528427,0.3152746,0.3929482,0.8799587,-0.1586914,-0.2276764,0.9607086,30.95767,7.320313,-32.92543,4.217697,0.5910468,0.4104921,0.09406745,1.243586,-0.2061333,-0.1562099,0.1973769,-0.01704969,1.037902,-40.09561,32.73
37,-0.2738037,-0.3073578,0.9113464,0.8722405,-0.2738037,-0.3073578,0.9113464,-25.92825,6.731583,-25.91687,3.287033,0.3496226,0.3890364,0.7467182,0.0,0.0,0.0,30.18199,7.502808,-33.07304,-1.0,0.6409222,0.4036119,0.09393907,1.243646,-0.2060229,-0.1563538,0.1969072,-0.01732711,1.037902,-40.09561,32.73
37,-0.2738037,-0.3073578,0.9113464,0.8722405,-0.2738037,-0.3073578,0.9113464,-25.92825,6.731583,-25.91687,3.287033,0.3496226,0.3890364,0.7467182,0.0,0.0,0.0,30.18199,7.502808,-33.07304,-1.0,0.6409222,0.4036119,0.09393907,1.243646,-0.2060229,-0.1563538,0.1969072,-0.01732711,1.037902,-40.09561,32.73
37,-0.2860565,-0.3248901,0.9014435,0.8318276,-0.2860565,-0.3248901,0.9014435,-26.0575,6.795578,-25.94586,3.431961,0.3557557,0.3905395,0.7151087,0.0,0.0,0.0,30.16516,7.497162,-33.07013,-1.0,0.6413146,0.4067786,0.09360778,1.243726,-0.2057925,-0.1564223,0.196134,-0.01725515,1.037902,-40.09561,32.73
37,-0.2559204,-0.3042908,0.9175415,0.8614576,-0.2490234,-0.3229523,0.9130554,-26.032,6.770142,-25.90337,3.357483,0.3488294,0.3901148,0.7497709,-0.2814941,-0.2311249,0.9313049,30.19681,7.469147,-33.07573,3.945007,0.6408592,0.4081407,0.09352005,1.243765,-0.2056044,-0.1558818,0.1956744,-0.01701557,1.037902,-40.09561,32.73
37,-0.2559204,-0.3042908,0.9175415,0.8614576,-0.2490234,-0.3229523,0.9130554,-26.032,6.770142,-25.90337,3.357483,0.3488294,0.3901148,0.7497709,-0.2814941,-0.2311249,0.9313049,30.19681,7.469147,-33.07573,3.945007,0.6408592,0.4081407,0.09352005,1.243765,-0.2056044,-0.1558818,0.1956744,-0.01701557,1.037902,-40.09561,32.73
37,-0.2650757,-0.2928162,0.9186707,0.8687239,-0.2594147,-0.3216858,0.9105988,-26.02446,6.770142,-25.91518,3.40416,0.3502651,0.3901148,0.7909458,-0.2759094,-0.2327576,0.9325714,30.1852,7.468414,-33.07327,3.960388,0.6402444,0.4083808,0.09340608,1.243686,-0.2054588,-0.1556001,0.1951577,-0.01647361,1.037902,-40.09561,32.73
37,-0.2697449,-0.270813,0.924057,0.9519031,-0.2645111,-0.3159637,0.9111328,-25.99847,6.757111,-25.91518,3.405197,0.3502651,0.3895706,0.8021043,-0.2737122,-0.2319946,0.9333954,30.19951,7.464188,-33.07423,3.960281,0.6393267,0.4083808,0.0931406,1.243592,-0.2051432,-0.1546036,0.1938623,-0.01583624,1.037902,-24.6114,32.73
37,-0.2697449,-0.270813,0.924057,0.9519031,-0.2645111,-0.3159637,0.9111328,-25.99847,6.757111,-25.91518,3.405197,0.3502651,0.3895706,0.8021043,-0.2737122,-0.2319946,0.9333954,30.19951,7.464188,-33.07423,3.960281,0.6393267,0.4083808,0.0931406,1.243592,-0.2051432,-0.1546036,0.1938623,-0.01583624,1.037902,0.2423706,32.73
37,-0.2723541,-0.2733612,0.9225311,0.9522218,-0.2761078,-0.3132172,0.9086456,-25.97235,6.747284,-25.9207,3.480362,0.3512584,0.3895706,0.8032106,-0.2681427,-0.2334137,0.9346619,30.21342,7.454254,-33.07626,3.943954,0.6378035,0.4089783,0.0929178,1.243511,-0.2050023,-0.1541268,0.1932914,-0.01543502,1.037902,16.93605,32.73
37,-0.2689667,-0.272522,0.9237823,0.9419155,-0.2751617,-0.3143158,0.9085541,-25.96124,6.745132,-25.92172,3.444229,0.3507618,0.3898427,0.811773,-0.2629089,-0.2344055,0.9358978,30.21573,7.447067,-33.07477,3.927429,0.6367619,0.4093605,0.09254515,1.243447,-0.2046864,-0.152954,0.1917906,-0.01455148,1.037902,16.93605,32.73
37,-0.254303,-0.2792816,0.9259033,0.9419155,-0.2637329,-0.3126221,0.9125214,-25.76161,6.646515,-25.90417,3.388214,0.3422538,0.392401,0.811773,-0.2437744,-0.2430573,0.9388733,30.46887,7.377823,-33.02435,3.896255,0.6240198,0.4129565,0.09231031,1.243321,-0.2044547,-0.1522387,0.1910171,-0.01415279,1.037902,16.93605,32.73
37,-0.254303,-0.2792816,0.9259033,0.9419155,-0.2637329,-0.3126221,0.9125214,-25.76161,6.646515,-25.90417,3.388214,0.3422538,0.392401,0.811773,-0.2437744,-0.2430573,0.9388733,30.46887,7.377823,-33.02435,3.896255,0.6240198,0.4129565,0.09231031,1.243321,-0.2044547,-0.1522387,0.1910171,-0.01415279,1.037902,16.93605,32.73
37,-0.2302856,-0.2785492,0.9323883,0.8915759,-0.2278748,-0.3119812,0.922348,-25.65314,6.635452,-25.85361,3.300079,0.3327602,0.3916983,0.8289798,-0.2325592,-0.2422485,0.941925,30.53705,7.363571,-33.01436,3.92572,0.6195087,0.4131215,0.09203875,1.243253,-0.2042492,-0.1516417,0.190035,-0.01350464,1.037902,16.93605,32.73
37,-0.2189789,-0.2711639,0.9372864,0.8681082,-0.2025146,-0.2985535,0.9326477,-25.59869,6.631973,-25.82481,3.308609,0.3267527,0.3887563,0.8206835,-0.2301025,-0.2522583,0.9398956,30.63988,7.331772,-33.00807,3.723358,0.615383,0.4162001,0.09148407,1.24309,-0.2037334,-0.1494473,0.1873083,-0.01181436,1.037902,16.93605,32.73
37,-0.2189789,-0.2711639,0.9372864,0.8681082,-0.2025146,-0.2985535,0.9326477,-25.59869,6.631973,-25.82481,3.308609,0.3267527,0.3887563,0.8206835,-0.2301025,-0.2522583,0.9398956,30.63988,7.331772,-33.00807,3.723358,0.615383,0.4162001,0.09148407,1.24309,-0.2037334,-0.1494473,0.1873083,-0.01181436,1.037902,16.93605,32.73
37,-0.2129822,-0.2738647,0.9378815,0.9083164,-0.2150421,-0.3118591,0.9254608,-25.54286,6.626785,-25.83838,3.350021,0.3268853,0.391564,0.8438041,-0.2112579,-0.2455597,0.9460754,30.70107,7.311676,-32.98636,3.717789,0.6097695,0.4152743,0.09104812,1.242996,-0.2035176,-0.1482868,0.1853827,-0.01097479,1.037902,16.93605,32.73
37,-0.2037354,-0.2695618,0.9411774,0.8627289,-0.2078705,-0.3125,0.9268799,-25.4836,6.606949,-25.83563,3.306061,0.3237354,0.3922025,0.8491807,-0.1986847,-0.2216644,0.9546509,30.78279,7.301926,-32.96661,3.815887,0.6045769,0.4107783,0.08999991,1.242699,-0.2030456,-0.1457884,0.1800702,-0.009551954,1.037902,16.93605,32.73
37,-0.1918182,-0.277771,0.9412842,0.8604783,-0.1960297,-0.3096924,0.9304047,-25.4306,6.596344,-25.82301,3.465591,0.3198473,0.3916661,0.840984,-0.1854706,-0.2321014,0.954834,30.84653,7.297302,-32.95816,3.87944,0.5998781,0.4127271,0.08944094,1.242597,-0.2028005,-0.1443031,0.177321,-0.009058736,1.037902,16.93605,32.73
37,-0.1918182,-0.277771,0.9412842,0.8604783,-0.1960297,-0.3096924,0.9304047,-25.4306,6.596344,-25.82301,3.465591,0.3198473,0.3916661,0.840984,-0.1854706,-0.2321014,0.954834,30.84653,7.297302,-32.95816,3.87944,0.5998781,0.4127271,0.08944094,1.242597,-0.2028005,-0.1443031,0.177321,-0.009058736,1.037902,16.93605,32.73
37,-0.1946411,-0.2489166,0.948761,0.8428498,-0.2002411,-0.2608795,0.9443665,-25.41284,6.587341,-25.80948,3.796219,0.3197777,0.382964,0.8456185,-0.187149,-0.2329102,0.9543152,30.8614,7.299805,-32.95789,3.85878,0.5996469,0.4128133,0.08873844,1.242401,-0.2025416,-0.1427021,0.174215,-0.008750834,1.037902,16.93605,32.73
37,-0.1897736,-0.2582703,0.9472351,0.8690631,-0.1982727,-0.2810059,0.9389954,-25.39265,6.584015,-25.81856,3.677094,0.3188276,0.3867751,0.8359706,-0.1804352,-0.2334595,0.9554749,30.87569,7.300339,-32.95433,3.868164,0.5979303,0.4128133,0.08729661,1.24194,-0.2018886,-0.1396289,0.1675836,-0.007672,1.037902,16.93605,32.73
37,-0.1880951,-0.2587433,0.9474487,0.8441108,-0.1940918,-0.2872772,0.9379578,-25.35355,6.595856,-25.81007,3.605225,0.3168721,0.3873824,0.8260894,-0.1828156,-0.2341766,0.9548492,30.88748,7.304443,-32.95386,3.868652,0.5979303,0.4128133,0.08648741,1.241675,-0.2016159,-0.1377986,0.1640236,-0.007237236,1.037902,16.62283,32.73
37,-0.1880951,-0.2587433,0.9474487,0.8441108,-0.1940918,-0.2872772,0.9379578,-25.35355,6.595856,-25.81007,3.605225,0.3168721,0.3873824,0.8260894,-0.1828156,-0.2341766,0.9548492,30.88748,7.304443,-32.95386,3.868652,0.5979303,0.4128133,0.08648741,1.241675,-0.2016159,-0.1377986,0.1640236,-0.007237236,1.037902,16.62283,32.73
37,-0.1895599,-0.2562714,0.9478302,0.8791034,-0.1986542,-0.2794189,0.9393768,-25.33098,6.597244,-25.80797,3.568924,0.3169303,0.3859693,0.8394135,-0.1815491,-0.2359772,0.9546356,30.8956,7.31369,-32.95326,3.868607,0.5974146,0.4128133,0.08556306,1.241337,-0.2013327,-0.1358394,0.1598604,-0.006955866,1.037902,16.62283,32.73
37,-0.1855164,-0.2583771,0.9480591,0.8791034,-0.1929169,-0.2821503,0.9397583,-25.32253,6.601669,-25.80481,3.510422,0.3157378,0.3862364,0.8394135,-0.1788635,-0.2371826,0.9548492,30.89896,7.315552,-32.95233,3.864029,0.5968127,0.4129513,0.08373392,1.240686,-0.2007286,-0.1321027,0.1502437,-0.006248284,1.037902,16.62283,32.73
37,-0.1855164,-0.2583771,0.9480591,0.8791034,-0.1929169,-0.2821503,0.9397583,-25.32253,6.601669,-25.80481,3.510422,0.3157378,0.3862364,0.8394135,-0.1788635,-0.2371826,0.9548492,30.89896,7.315552,-32.95233,3.864029,0.5968127,0.4129513,0.08268225,1.240405,-0.2004318,-0.1304246,0.1448271,-0.006300531,1.037902,16.62283,32.73
37,-0.1855164,-0.2583771,0.9480591,0.8791034,-0.1929169,-0.2821503,0.9397583,-25.32253,6.601669,-25.80481,3.510422,0.3157378,0.3862364,0.8394135,-0.1788635,-0.2371826,0.9548492,30.89896,7.315552,-32.95233,3.864029,0.5968127,0.4129513,0.08268225,1.240405,-0.2004318,-0.1304246,0.1448271,-0.006300531,1.037902,16.62283,32.73
37,-0.1855164,-0.2583771,0.9480591,0.8791034,-0.1929169,-0.2821503,0.9397583,-25.32253,6.601669,-25.80481,3.510422,0.3157378,0.3862364,0.8394135,-0.1788635,-0.2371826,0.9548492,30.89896,7.315552,-32.95233,3.864029,0.5968127,0.4129513,0.08171773,1.240177,-0.2001129,-0.1289068,0.1394411,-0.006380436,1.037902,16.62283,32.73
37,-0.1855164,-0.2583771,0.9480591,0.8791034,-0.1929169,-0.2821503,0.9397583,-25.32253,6.601669,-25.80481,3.510422,0.3157378,0.3862364,0.8394135,-0.1788635,-0.2371826,0.9548492,30.89896,7.315552,-32.95233,3.864029,0.5968127,0.4129513,0.08057392,1.23996,-0.1997853,-0.1275546,0.1334413,-0.006556665,1.037902,16.62283,32.73
37,-0.1855164,-0.2583771,0.9480591,0.8791034,-0.1929169,-0.2821503,0.9397583,-25.32253,6.601669,-25.80481,3.510422,0.3157378,0.3862364,0.8394135,-0.1788635,-0.2371826,0.9548492,30.89896,7.315552,-32.95233,3.864029,0.5968127,0.4129513,0.08057392,1.23996,-0.1997853,-0.1275546,0.1334413,-0.006556665,1.037902,16.62283,32.73
37,-0.165863,-0.2650299,0.9498596,0.8353256,-0.1860046,-0.2843475,0.9404907,-25.26122,6.742981,-25.75563,3.477509,0.3125691,0.3813797,0.8331955,-0.1457062,-0.245636,0.9583435,30.98561,7.438385,-32.88423,3.43074,0.5878516,0.4094824,0.07711327,1.239522,-0.1987735,-0.1242552,0.1148841,-0.007128321,1.037902,16.62283,32.73
37,-0.1929321,-0.289566,0.9375,0.836615,-0.1929321,-0.289566,0.9375,-25.03889,6.756195,-25.72705,3.514481,0.3062121,0.3815432,0.839599,0.0,0.0,0.0,31.16501,7.425186,-32.85344,-1.0,0.5768548,0.403191,0.0759486,1.239378,-0.1984429,-0.1233436,0.1085765,-0.007355686,1.037902,16.62283,32.73
37,-0.1929321,-0.289566,0.9375,0.836615,-0.1929321,-0.289566,0.9375,-25.03889,6.756195,-25.72705,3.514481,0.3062121,0.3815432,0.839599,0.0,0.0,0.0,31.16501,7.425186,-32.85344,-1.0,0.5768548,0.403191,0.0759486,1.239378,-0.1984429,-0.1233436,0.1085765,-0.007355686,1.037902,16.62283,32.73
37,-0.1929321,-0.289566,0.9375,0.836615,-0.1929321,-0.289566,0.9375,-25.03889,6.756195,-25.72705,3.514481,0.3062121,0.3815432,0.839599,0.0,0.0,0.0,31.16501,7.425186,-32.85344,-1.0,0.5768548,0.403191,0.07353938,1.239176,-0.1978656,-0.1214761,0.09546555,-0.007520958,1.037902,16.62283,32.73
37,-0.1929321,-0.289566,0.9375,0.836615,-0.1929321,-0.289566,0.9375,-25.03889,6.756195,-25.72705,3.514481,0.3062121,0.3815432,0.839599,0.0,0.0,0.0,31.16501,7.425186,-32.85344,-1.0,0.5768548,0.403191,0.07353938,1.239176,-0.1978656,-0.1214761,0.09546555,-0.007520958,1.037902,16.62283,32.73
37,-0.1929321,-0.289566,0.9375,0.836615,-0.1929321,-0.289566,0.9375,-25.03889,6.756195,-25.72705,3.514481,0.3062121,0.3815432,0.839599,0.0,0.0,0.0,31.16501,7.425186,-32.85344,-1.0,0.5768548,0.403191,0.07353938,1.239176,-0.1978656,-0.1214761,0.09546555,-0.007520958,1.037902,16.62283,32.73
37,-0.1929321,-0.289566,0.9375,0.836615,-0.1929321,-0.289566,0.9375,-25.03889,6.756195,-25.72705,3.514481,0.3062121,0.3815432,0.839599,0.0,0.0,0.0,31.16501,7.425186,-32.85344,-1.0,0.5768548,0.403191,0.07105076,1.239063,-0.1974041,-0.1204742,0.08245459,-0.007508068,1.037902,16.62283,32.73
37,-1.0,-1.0,-1.0,0.7507991,0.0,0.0,0.0,-23.82623,6.937241,-25.53954,-1.0,0.2363349,0.3524992,0.7771826,0.0,0.0,0.0,31.99483,7.568069,-32.7924,-1.0,0.5240213,0.3984399,0.06855428,1.239085,-0.1970313,-0.1203678,0.07014467,-0.007640861,1.037902,3.098557,32.73
37,-0.01487732,-0.2194824,0.9754944,0.7751049,-0.04351807,-0.2389374,0.970047,-23.95941,6.975052,-25.54462,3.836456,0.2435939,0.3604631,0.8084006,-0.007736206,-0.2145996,0.9766693,31.9073,7.581909,-32.77783,3.792435,0.5306239,0.3969496,0.06623733,1.239034,-0.1967755,-0.1204048,0.05864929,-0.007472259,1.037902,3.098557,32.73
37,-0.01487732,-0.2194824,0.9754944,0.7751049,-0.04351807,-0.2389374,0.970047,-23.95941,6.975052,-25.54462,3.836456,0.2435939,0.3604631,0.8084006,-0.007736206,-0.2145996,0.9766693,31.9073,7.581909,-32.77783,3.792435,0.5306239,0.3969496,0.06623733,1.239034,-0.1967755,-0.1204048,0.05864929,-0.007472259,1.037902,3.098557,32.73
37,-0.02862549,-0.1983643,0.9797058,0.7569411,-0.04653931,-0.1999359,0.9786987,-24.26247,6.980637,-25.52428,4.095169,0.2544784,0.3535119,0.8145886,-0.02377319,-0.197937,0.9799194,31.75497,7.565659,-32.76483,3.82402,0.5388601,0.3943196,0.0638566,1.239,-0.1966025,-0.1204646,0.04749445,-0.007255743,1.037902,3.098557,32.73
37,-0.02862549,-0.1983643,0.9797058,0.7569411,-0.04653931,-0.1999359,0.9786987,-24.26247,6.980637,-25.52428,4.095169,0.2544784,0.3535119,0.8145886,-0.02377319,-0.197937,0.9799194,31.75497,7.565659,-32.76483,3.82402,0.5388601,0.3943196,0.0638566,1.239,-0.1966025,-0.1204646,0.04749445,-0.007255743,1.037902,3.098557,32.73
37,-0.03598022,-0.2400055,0.9700928,0.7572353,-0.09143066,-0.2892303,0.9528809,-24.34885,6.961731,-25.5484,3.414474,0.2658027,0.3713364,0.8477005,-0.01617432,-0.2221222,0.9748688,31.60506,7.570343,-32.771,3.628464,0.5428179,0.3988025,0.06151056,1.239127,-0.1964651,-0.1206193,0.03696454,-0.006385106,1.037902,3.098557,32.73
37,-0.03598022,-0.2400055,0.9700928,0.7572353,-0.09143066,-0.2892303,0.9528809,-24.34885,6.961731,-25.5484,3.414474,0.2658027,0.3713364,0.8477005,-0.01617432,-0.2221222,0.9748688,31.60506,7.570343,-32.771,3.628464,0.5428179,0.3988025,0.06151056,1.239127,-0.1964651,-0.1206193,0.03696454,-0.006385106,1.037902,3.098557,32.73
37,-0.08016968,-0.2194824,0.9723053,0.754596,-0.09947205,-0.2426147,0.9649963,-24.58957,6.935349,-25.55994,3.881897,0.2750248,0.364026,0.8689701,-0.07237244,-0.2100983,0.9749908,31.46431,7.55928,-32.77791,3.9104,0.557745,0.397042,0.05917203,1.23904,-0.196467,-0.1206385,0.02691699,-0.005187629,1.037902,3.098557,32.73
37,-0.08016968,-0.2194824,0.9723053,0.754596,-0.09947205,-0.2426147,0.9649963,-24.58957,6.935349,-25.55994,3.881897,0.2750248,0.364026,0.8689701,-0.07237244,-0.2100983,0.9749908,31.46431,7.55928,-32.77791,3.9104,0.557745,0.397042,0.05917203,1.23904,-0.196467,-0.1206385,0.02691699,-0.005187629,1.037902,3.098557,32.73
37,-0.08099365,-0.217392,0.9727173,0.792683,-0.08283997,-0.2460938,0.965683,-24.69403,6.927612,-25.55745,3.848862,0.2758368,0.3648755,0.8783717,-0.07958984,-0.1963501,0.9772949,31.36444,7.543365,-32.79909,3.995255,0.5626019,0.3952154,0.05693877,1.239208,-0.1964421,-0.1205752,0.01709159,-0.003813599,1.037902,3.098557,32.73
37,-0.08099365,-0.217392,0.9727173,0.792683,-0.08283997,-0.2460938,0.965683,-24.69403,6.927612,-25.55745,3.848862,0.2758368,0.3648755,0.8783717,-0.07958984,-0.1963501,0.9772949,31.36444,7.543365,-32.79909,3.995255,0.5626019,0.3952154,0.05693877,1.239208,-0.1964421,-0.1205752,0.01709159,-0.003813599,1.037902,3.098557,32.73
38,-0.08859253,-0.2241211,0.97052,0.7892778,-0.08416748,-0.2233276,0.9710999,-24.86348,6.926178,-25.58505,3.924042,0.2817705,0.3612568,0.874767,-0.09384155,-0.2250519,0.9698029,31.3038,7.54187,-32.80522,3.729935,0.5672516,0.4008448,0.05485356,1.239226,-0.1965367,-0.1205344,0.008444938,-0.002893865,1.037902,3.098557,32.73
38,-0.08859253,-0.2241211,0.97052,0.7892778,-0.08416748,-0.2233276,0.9710999,-24.86348,6.926178,-25.58505,3.924042,0.2817705,0.3612568,0.874767,-0.09384155,-0.2250519,0.9698029,31.3038,7.54187,-32.80522,3.729935,0.5672516,0.4008448,0.05485356,1.239226,-0.1965367,-0.1205344,0.008444938,-0.002893865,1.037902,3.098557,32.73
38,-0.1118011,-0.2060699,0.9721222,0.8388955,-0.1168976,-0.1993408,0.9729156,-24.94939,6.915649,-25.6064,4.199097,0.2899559,0.3578318,0.8785765,-0.1060791,-0.213562,0.9711456,31.18053,7.548111,-32.82779,3.833527,0.5738434,0.3986763,0.05294359,1.239182,-0.1967103,-0.1206049,0.001413066,-0.00211432,1.037902,3.098557,32.73
38,-0.1118011,-0.2060699,0.9721222,0.8388955,-0.1168976,-0.1993408,0.9729156,-24.94939,6.915649,-25.6064,4.199097,0.2899559,0.3578318,0.8785765,-0.1060791,-0.213562,0.9711456,31.18053,7.548111,-32.82779,3.833527,0.5738434,0.3986763,0.05294359,1.239182,-0.1967103,-0.1206049,0.001413066,-0.00211432,1.037902,3.098557,32.73
38,-0.1220856,-0.212326,0.9695282,0.8507195,-0.1336975,-0.2419281,0.9610291,-25.11057,6.892426,-25.64969,3.980667,0.2984002,0.3669558,0.8683488,-0.1130066,-0.1892548,0.9753876,30.98845,7.562622,-32.80992,4.110764,0.5819457,0.393347,0.05136681,1.239156,-0.1968759,-0.1205742,-0.003951762,-0.0009134907,1.037902,-22.71915,32.73
38,-0.1220856,-0.212326,0.9695282,0.8507195,-0.1336975,-0.2419281,0.9610291,-25.11057,6.892426,-25.64969,3.980667,0.2984002,0.3669558,0.8683488,-0.1130066,-0.1892548,0.9753876,30.98845,7.562622,-32.80992,4.110764,0.5819457,0.393347,0.05136681,1.239156,-0.1968759,-0.1205742,-0.003951762,-0.0009134907,1.037902,-22.71915,32.73
38,-0.1311035,-0.2200317,0.966629,0.8329194,-0.1482086,-0.2266693,0.962616,-25.24504,6.901184,-25.67018,4.074295,0.3052963,0.3643546,0.8875542,-0.1186523,-0.2151489,0.9693298,30.87541,7.566849,-32.82452,3.813965,0.5869731,0.3982943,0.04977965,1.239167,-0.1971188,-0.1205202,-0.008351786,0.0007221777,1.037902,-22.71915,32.73
38,-0.1311035,-0.2200317,0.966629,0.8329194,-0.1482086,-0.2266693,0.962616,-25.24504,6.901184,-25.67018,4.074295,0.3052963,0.3643546,0.8875542,-0.1186523,-0.2151489,0.9693298,30.87541,7.566849,-32.82452,3.813965,0.5869731,0.3982943,0.04977965,1.239167,-0.1971188,-0.1205202,-0.008351786,0.0007221777,1.037902,-22.71915,32.73
38,-0.1313324,-0.2110291,0.9686127,0.8329194,-0.1486816,-0.2069855,0.9669647,-25.27223,6.903519,-25.66701,4.177795,0.3062212,0.3607638,0.8875542,-0.1176605,-0.2141724,0.9696655,30.84258,7.566315,-32.82742,3.77829,0.5879775,0.3981589,0.04833233,1.239152,-0.1973177,-0.1205489,-0.01217953,0.002456618,1.113477,-22.71915,32.73
38,-0.1313324,-0.2110291,0.9686127,0.8329194,-0.1486816,-0.2069855,0.9669647,-25.27223,6.903519,-25.66701,4.177795,0.3062212,0.3607638,0.8875542,-0.1176605,-0.2141724,0.9696655,30.84258,7.566315,-32.82742,3.77829,0.5879775,0.3981589,0.04833233,1.239152,-0.1973177,-0.1205489,-0.01217953,0.002456618,1.113477,-22.71915,32.73
38,-0.1313324,-0.2110291,0.9686127,0.8329194,-0.1486816,-0.2069855,0.9669647,-25.27223,6.903519,-25.66701,4.177795,0.3062212,0.3607638,0.8875542,-0.1176605,-0.2141724,0.9696655,30.84258,7.566315,-32.82742,3.77829,0.5879775,0.3981589,0.04833233,1.239152,-0.1973177,-0.1205489,-0.01217953,0.002456618,1.113477,-22.71915,32.73
38,-0.1313324,-0.2110291,0.9686127,0.8329194,-0.1486816,-0.2069855,0.9669647,-25.27223,6.903519,-25.66701,4.177795,0.3062212,0.3607638,0.8875542,-0.1176605,-0.2141724,0.9696655,30.84258,7.566315,-32.82742,3.77829,0.5879775,0.3981589,0.04708469,1.239076,-0.1975418,-0.1203547,-0.01508692,0.003877534,1.113477,-22.71915,32.73
38,-0.1313324,-0.2110291,0.9686127,0.8329194,-0.1486816,-0.2069855,0.9669647,-25.27223,6.903519,-25.66701,4.177795,0.3062212,0.3607638,0.8875542,-0.1176605,-0.2141724,0.9696655,30.84258,7.566315,-32.82742,3.77829,0.5879775,0.3981589,0.04708469,1.239076,-0.1975418,-0.1203547,-0.01508692,0.003877534,1.113477,-22.71915,32.73
38,-0.1313324,-0.2110291,0.9686127,0.8329194,-0.1486816,-0.2069855,0.9669647,-25.27223,6.903519,-25.66701,4.177795,0.3062212,0.3607638,0.8875542,-0.1176605,-0.2141724,0.9696655,30.84258,7.566315,-32.82742,3.77829,0.5879775,0.3981589,0.04588306,1.239041,-0.1977758,-0.1198607,-0.01760819,0.005243343,1.113477,-22.71915,32.73
38,-0.1588745,-0.2452087,0.9563599,0.872353,-0.1735382,-0.2684479,0.947525,-25.38179,6.890121,-25.69362,3.812927,0.3143191,0.3728904,0.9041434,-0.148056,-0.2280731,0.9623108,30.74951,7.555801,-32.84372,3.963486,0.5966794,0.4013868,0.04480827,1.238873,-0.1979278,-0.1190047,-0.01965976,0.005907497,1.113477,-22.71915,32.73
38,-0.1588745,-0.2452087,0.9563599,0.872353,-0.1735382,-0.2684479,0.947525,-25.38179,6.890121,-25.69362,3.812927,0.3143191,0.3728904,0.9041434,-0.148056,-0.2280731,0.9623108,30.74951,7.555801,-32.84372,3.963486,0.5966794,0.4013868,0.04480827,1.238873,-0.1979278,-0.1190047,-0.01965976,0.005907497,1.113477,-22.71915,32.73
38,-0.08834839,-0.2311249,0.9688873,0.8135621,-0.1189117,-0.2292175,0.9660797,-24.85786,6.805328,-25.64018,4.281189,0.2870471,0.3669669,0.8647611,-0.06568909,-0.2323914,0.9703979,31.24367,7.519958,-32.79541,3.817078,0.5643938,0.4027959,0.04369211,1.238746,-0.1981038,-0.1178382,-0.02159817,0.005966479,1.113477,-22.71915,32.73
38,-0.08834839,-0.2311249,0.9688873,0.8135621,-0.1189117,-0.2292175,0.9660797,-24.85786,6.805328,-25.64018,4.281189,0.2870471,0.3669669,0.8647611,-0.06568909,-0.2323914,0.9703979,31.24367,7.519958,-32.79541,3.817078,0.5643938,0.4027959,0.04369211,1.238746,-0.1981038,-0.1178382,-0.02159817,0.005966479,1.113477,-22.71915,32.73
38,-0.06430054,-0.2494354,0.9662476,0.8347629,-0.06246948,-0.2848053,0.9565277,-24.81526,6.835495,-25.60851,3.744431,0.2765832,0.37534,0.8766826,-0.06536865,-0.2276611,0.9715271,31.31258,7.528305,-32.80072,3.897018,0.5618952,0.4016294,0.04273295,1.238665,-0.1981837,-0.1169705,-0.02349846,0.005730808,1.113477,-22.71915,32.73
38,-0.06430054,-0.2494354,0.9662476,0.8347629,-0.06246948,-0.2848053,0.9565277,-24.81526,6.835495,-25.60851,3.744431,0.2765832,0.37534,0.8766826,-0.06536865,-0.2276611,0.9715271,31.31258,7.528305,-32.80072,3.897018,0.5618952,0.4016294,0.04273295,1.238665,-0.1981837,-0.1169705,-0.02349846,0.005730808,1.113477,-22.71915,32.73
38,-0.06886292,-0.244278,0.9672394,0.8254292,-0.06387329,-0.2693787,0.960907,-24.81822,6.854218,-25.59773,3.829056,0.2768686,0.3718105,0.8919255,-0.07194519,-0.2285614,0.9708557,31.31456,7.534546,-32.79671,3.869064,0.5629799,0.4015628,0.04174519,1.238651,-0.1982665,-0.1164386,-0.02473814,0.005996374,1.113477,-22.71915,32.73
38,-0.06886292,-0.244278,0.9672394,0.8254292,-0.06387329,-0.2693787,0.960907,-24.81822,6.854218,-25.59773,3.829056,0.2768686,0.3718105,0.8919255,-0.07194519,-0.2285614,0.9708557,31.31456,7.534546,-32.79671,3.869064,0.5629799,0.4015628,0.04174519,1.238651,-0.1982665,-0.1164386,-0.02473814,0.005996374,1.113477,-22.71915,32.73
38,-0.06733704,-0.2450409,0.9671631,0.8644663,-0.06382751,-0.2724915,0.960022,-24.82382,6.870209,-25.59229,3.829666,0.2770528,0.3717955,0.9004894,-0.06948853,-0.2278442,0.9712067,31.29507,7.531128,-32.79861,3.872833,0.5632445,0.4015628,0.04082358,1.238602,-0.19833,-0.1159734,-0.02575076,0.006809729,1.113477,29.2303,32.73
38,-0.06733704,-0.2450409,0.9671631,0.8644663,-0.06382751,-0.2724915,0.960022,-24.82382,6.870209,-25.59229,3.829666,0.2770528,0.3717955,0.9004894,-0.06948853,-0.2278442,0.9712067,31.29507,7.531128,-32.79861,3.872833,0.5632445,0.4015628,0.04082358,1.238602,-0.19833,-0.1159734,-0.02575076,0.006809729,1.113477,29.2303,32.73
38,-0.06497192,-0.2454834,0.9672089,0.8557264,-0.06408691,-0.269516,0.9608459,-24.8295,6.886444,-25.58907,3.942413,0.2771942,0.3706364,0.9127797,-0.06555176,-0.2287903,0.9712524,31.2758,7.528305,-32.79752,3.887543,0.563233,0.4018146,0.03980267,1.238634,-0.1984218,-0.1158687,-0.02692142,0.007781922,1.113477,29.2303,32.73
38,-0.06497192,-0.2454834,0.9672089,0.8557264,-0.06408691,-0.269516,0.9608459,-24.8295,6.886444,-25.58907,3.942413,0.2771942,0.3706364,0.9127797,-0.06555176,-0.2287903,0.9712524,31.2758,7.528305,-32.79752,3.887543,0.563233,0.4018146,0.03980267,1.238634,-0.1984218,-0.1158687,-0.02692142,0.007781922,1.113477,29.2303,32.73
38,-0.06497192,-0.2454834,0.9672089,0.8557264,-0.06408691,-0.269516,0.9608459,-24.8295,6.886444,-25.58907,3.942413,0.2771942,0.3706364,0.9127797,-0.06555176,-0.2287903,0.9712524,31.2758,7.528305,-32.79752,3.887543,0.563233,0.4018146,0.03878653,1.238548,-0.1985856,-0.1159457,-0.02767202,0.008509973,1.113477,29.2303,32.73
38,-0.06497192,-0.2454834,0.9672089,0.8557264,-0.06408691,-0.269516,0.9608459,-24.8295,6.886444,-25.58907,3.942413,0.2771942,0.3706364,0.9127797,-0.06555176,-0.2287903,0.9712524,31.2758,7.528305,-32.79752,3.887543,0.563233,0.4018146,0.03878653,1.238548,-0.1985856,-0.1159457,-0.02767202,0.008509973,1.113477,29.2303,32.73
38,-0.06497192,-0.2454834,0.9672089,0.8557264,-0.06408691,-0.269516,0.9608459,-24.8295,6.886444,-25.58907,3.942413,0.2771942,0.3706364,0.9127797,-0.06555176,-0.2287903,0.9712524,31.2758,7.528305,-32.79752,3.887543,0.563233,0.4018146,0.03835368,1.238509,-0.1986808,-0.1158425,-0.02789327,0.008747426,1.113477,29.2303,32.73
38,-0.06497192,-0.2454834,0.9672089,0.8557264,-0.06408691,-0.269516,0.9608459,-24.8295,6.886444,-25.58907,3.942413,0.2771942,0.3706364,0.9127797,-0.06555176,-0.2287903,0.9712524,31.2758,7.528305,-32.79752,3.887543,0.563233,0.4018146,0.03835368,1.238509,-0.1986808,-0.1158425,-0.02789327,0.008747426,1.113477,29.2303,32.73
38,-0.06497192,-0.2454834,0.9672089,0.8557264,-0.06408691,-0.269516,0.9608459,-24.8295,6.886444,-25.58907,3.942413,0.2771942,0.3706364,0.9127797,-0.06555176,-0.2287903,0.9712524,31.2758,7.528305,-32.79752,3.887543,0.563233,0.4018146,0.03743017,1.238443,-0.1988425,-0.115757,-0.02798633,0.008861667,1.113477,29.2303,32.73
38,-0.06497192,-0.2454834,0.9672089,0.8557264,-0.06408691,-0.269516,0.9608459,-24.8295,6.886444,-25.58907,3.942413,0.2771942,0.3706364,0.9127797,-0.06555176,-0.2287903,0.9712524,31.2758,7.528305,-32.79752,3.887543,0.563233,0.4018146,0.03743017,1.238443,-0.1988425,-0.115757,-0.02798633,0.008861667,1.113477,29.2303,32.73
38,-0.06430054,-0.2445068,0.9674988,0.8579459,-0.06460571,-0.2681885,0.9611816,-24.82945,6.888794,-25.58855,3.948715,0.2772744,0.3703187,0.8998089,-0.06407166,-0.2283936,0.9714508,31.27528,7.528534,-32.79686,3.892014,0.5629921,0.401722,0.03695726,1.238424,-0.1989403,-0.1157303,-0.02786013,0.008996011,1.113477,29.2303,32.73
38,-0.06430054,-0.2445068,0.9674988,0.8579459,-0.06460571,-0.2681885,0.9611816,-24.82945,6.888794,-25.58855,3.948715,0.2772744,0.3703187,0.8998089,-0.06407166,-0.2283936,0.9714508,31.27528,7.528534,-32.79686,3.892014,0.5629921,0.401722,0.03602564,1.238379,-0.1990695,-0.1154803,-0.0277559,0.00937322,1.113477,29.2303,32.73
38,-0.06430054,-0.2445068,0.9674988,0.8579459,-0.06460571,-0.2681885,0.9611816,-24.82945,6.888794,-25.58855,3.948715,0.2772744,0.3703187,0.8998089,-0.06407166,-0.2283936,0.9714508,31.27528,7.528534,-32.79686,3.892014,0.5629921,0.401722,0.03602564,1.238379,-0.1990695,-0.1154803,-0.0277559,0.00937322,1.113477,29.2303,32.73
38,-0.06430054,-0.2445068,0.9674988,0.8579459,-0.06460571,-0.2681885,0.9611816,-24.82945,6.888794,-25.58855,3.948715,0.2772744,0.3703187,0.8998089,-0.06407166,-0.2283936,0.9714508,31.27528,7.528534,-32.79686,3.892014,0.5629921,0.401722,0.03555453,1.238405,-0.199102,-0.1153995,-0.02765937,0.009629638,1.113477,29.2303,32.73
38,-0.06362915,-0.2440491,0.9676666,0.8579459,-0.06504822,-0.2669067,0.9615173,-24.82941,6.891129,-25.58803,3.9422,0.2773546,0.3700009,0.8998089,-0.06260681,-0.2279816,0.9716339,31.27477,7.528763,-32.79619,3.896484,0.5627512,0.4016294,0.03460479,1.238373,-0.1991159,-0.1153197,-0.02755493,0.01013551,1.113477,14.32031,32.73
38,-0.06362915,-0.2440491,0.9676666,0.8579459,-0.06504822,-0.2669067,0.9615173,-24.82941,6.891129,-25.58803,3.9422,0.2773546,0.3700009,0.8998089,-0.06260681,-0.2279816,0.9716339,31.27477,7.528763,-32.79619,3.896484,0.5627512,0.4016294,0.03460479,1.238373,-0.1991159,-0.1153197,-0.02755493,0.01013551,1.113477,14.32031,32.73
38,-0.06362915,-0.2440491,0.9676666,0.8579459,-0.06504822,-0.2669067,0.9615173,-24.82941,6.891129,-25.58803,3.9422,0.2773546,0.3700009,0.8998089,-0.06260681,-0.2279816,0.9716339,31.27477,7.528763,-32.79619,3.896484,0.5627512,0.4016294,0.03414154,1.238436,-0.1991336,-0.1152901,-0.02728538,0.01021459,1.113477,14.32031,32.73
38,-0.06362915,-0.2440491,0.9676666,0.8579459,-0.06504822,-0.2669067,0.9615173,-24.82941,6.891129,-25.58803,3.9422,0.2773546,0.3700009,0.8998089,-0.06260681,-0.2279816,0.9716339,31.27477,7.528763,-32.79619,3.896484,0.5627512,0.4016294,0.03314626,1.238343,-0.1992221,-0.115175,-0.02691588,0.01030464,1.113477,14.32031,32.73
38,-0.06362915,-0.2440491,0.9676666,0.8579459,-0.06504822,-0.2669067,0.9615173,-24.82941,6.891129,-25.58803,3.9422,0.2773546,0.3700009,0.8998089,-0.06260681,-0.2279816,0.9716339,31.27477,7.528763,-32.79619,3.896484,0.5627512,0.4016294,0.03314626,1.238343,-0.1992221,-0.115175,-0.02691588,0.01030464,1.113477,14.32031,32.73
38,-0.06362915,-0.2440491,0.9676666,0.8579459,-0.06504822,-0.2669067,0.9615173,-24.82941,6.891129,-25.58803,3.9422,0.2773546,0.3700009,0.8998089,-0.06260681,-0.2279816,0.9716339,31.27477,7.528763,-32.79619,3.896484,0.5627512,0.4016294,0.03260946,1.238252,-0.1992872,-0.1151578,-0.02677434,0.01036089,1.113477,14.32031,32.73
38,-0.07397461,-0.2421722,0.967392,0.8615956,-0.08494568,-0.2575226,0.9625244,-24.85728,6.923615,-25.58221,4.008163,0.2816063,0.3673561,0.9216996,-0.06622314,-0.231308,0.9706116,31.28677,7.577087,-32.76863,3.879852,0.5629554,0.400294,0.03161538,1.238179,-0.1993334,-0.1148845,-0.02628256,0.01065234,1.113477,14.32031,32.73
38,-0.07397461,-0.2421722,0.967392,0.8615956,-0.08494568,-0.2575226,0.9625244,-24.85728,6.923615,-25.58221,4.008163,0.2816063,0.3673561,0.9216996,-0.06622314,-0.231308,0.9706116,31.28677,7.577087,-32.76863,3.879852,0.5629554,0.400294,0.03161538,1.238179,-0.1993334,-0.1148845,-0.02628256,0.01065234,1.113477,14.32031,32.73
38,-0.06990051,-0.2483063,0.9661407,0.8370052,-0.07298279,-0.2727051,0.9593201,-24.84561,6.922333,-25.57602,3.936859,0.2792553,0.3699951,0.9270801,-0.06726074,-0.2274628,0.9714508,31.29471,7.572952,-32.76675,3.933472,0.5628564,0.3996875,0.03016746,1.237903,-0.199293,-0.1140223,-0.02522695,0.01139643,1.113477,14.32031,32.73
38,-0.06990051,-0.2483063,0.9661407,0.8370052,-0.07298279,-0.2727051,0.9593201,-24.84561,6.922333,-25.57602,3.936859,0.2792553,0.3699951,0.9270801,-0.06726074,-0.2274628,0.9714508,31.29471,7.572952,-32.76675,3.933472,0.5628564,0.3996875,0.03016746,1.237903,-0.199293,-0.1140223,-0.02522695,0.01139643,1.113477,14.32031,32.73
38,-0.06790161,-0.2464752,0.9667511,0.870483,-0.07312012,-0.2719727,0.9595184,-24.83655,6.922623,-25.57489,3.897507,0.2790066,0.3698574,0.9326108,-0.06388855,-0.2268982,0.971817,31.29941,7.572128,-32.76564,3.966309,0.5620959,0.399584,0.02966559,1.23778,-0.1992933,-0.1136469,-0.02496032,0.01173908,1.113477,14.32031,32.73
38,-0.06790161,-0.2464752,0.9667511,0.870483,-0.07312012,-0.2719727,0.9595184,-24.83655,6.922623,-25.57489,3.897507,0.2790066,0.3698574,0.9326108,-0.06388855,-0.2268982,0.971817,31.29941,7.572128,-32.76564,3.966309,0.5620959,0.399584,0.02966559,1.23778,-0.1992933,-0.1136469,-0.02496032,0.01173908,1.113477,14.32031,32.73
38,-0.06758118,-0.2455597,0.9670105,0.8479248,-0.07331848,-0.2724457,0.9593658,-24.83267,6.922653,-25.57303,3.885971,0.2789177,0.3699313,0.9230033,-0.06311035,-0.2246704,0.9723816,31.30496,7.570862,-32.76486,3.966064,0.5617641,0.3992025,0.0285486,1.237599,-0.1991774,-0.1129698,-0.02429077,0.01232789,1.113477,14.32031,32.73
38,-0.06758118,-0.2455597,0.9670105,0.8479248,-0.07331848,-0.2724457,0.9593658,-24.83267,6.922653,-25.57303,3.885971,0.2789177,0.3699313,0.9230033,-0.06311035,-0.2246704,0.9723816,31.30496,7.570862,-32.76486,3.966064,0.5617641,0.3992025,0.02797234,1.237533,-0.1991496,-0.1126489,-0.02413877,0.01259929,1.113477,14.32031,32.73
38,-0.06758118,-0.2455597,0.9670105,0.8479248,-0.07331848,-0.2724457,0.9593658,-24.83267,6.922653,-25.57303,3.885971,0.2789177,0.3699313,0.9230033,-0.06311035,-0.2246704,0.9723816,31.30496,7.570862,-32.76486,3.966064,0.5617641,0.3992025,0.02797234,1.237533,-0.1991496,-0.1126489,-0.02413877,0.01259929,1.113477,14.32031,32.73
38,-0.06758118,-0.2455597,0.9670105,0.8479248,-0.07331848,-0.2724457,0.9593658,-24.83267,6.922653,-25.57303,3.885971,0.2789177,0.3699313,0.9230033,-0.06311035,-0.2246704,0.9723816,31.30496,7.570862,-32.76486,3.966064,0.5617641,0.3992025,0.02673149,1.237448,-0.1990491,-0.1122744,-0.02368699,0.01325967,1.113477,-10.77054,32.73
38,-0.06758118,-0.2455597,0.9670105,0.8479248,-0.07331848,-0.2724457,0.9593658,-24.83267,6.922653,-25.57303,3.885971,0.2789177,0.3699313,0.9230033,-0.06311035,-0.2246704,0.9723816,31.30496,7.570862,-32.76486,3.966064,0.5617641,0.3992025,0.02608407,1.237372,-0.198984,-0.1121532,-0.02343941,0.01343994,1.113477,-10.77054,32.73
38,-0.06758118,-0.2455597,0.9670105,0.8479248,-0.07331848,-0.2724457,0.9593658,-24.83267,6.922653,-25.57303,3.885971,0.2789177,0.3699313,0.9230033,-0.06311035,-0.2246704,0.9723816,31.30496,7.570862,-32.76486,3.966064,0.5617641,0.3992025,0.02608407,1.237372,-0.198984,-0.1121532,-0.02343941,0.01343994,1.113477,-10.77054,32.73
38,-0.06799316,-0.245636,0.9669647,0.8524617,-0.07363892,-0.2725677,0.9593048,-24.83093,6.922729,-25.57103,3.886169,0.2789177,0.3699313,0.9214721,-0.06341553,-0.2238922,0.9725342,31.30829,7.572128,-32.76447,3.972473,0.5617,0.398999,0.02467787,1.237192,-0.1988901,-0.1116184,-0.02281148,0.01370182,1.113477,-10.77054,32.73
38,-0.05201721,-0.2220306,0.9736328,0.8653944,-0.05400085,-0.2786255,0.9588776,-24.82161,6.890869,-25.58173,3.687195,0.2754487,0.3721311,0.9325297,-0.05058289,-0.1834412,0.98172,31.36833,7.576141,-32.73177,4.274109,0.5573511,0.3908784,0.02387583,1.237062,-0.1988485,-0.1112399,-0.022447,0.01389137,1.113477,-10.77054,32.73
38,-0.05201721,-0.2220306,0.9736328,0.8653944,-0.05400085,-0.2786255,0.9588776,-24.82161,6.890869,-25.58173,3.687195,0.2754487,0.3721311,0.9325297,-0.05058289,-0.1834412,0.98172,31.36833,7.576141,-32.73177,4.274109,0.5573511,0.3908784,0.02387583,1.237062,-0.1988485,-0.1112399,-0.022447,0.01389137,1.113477,-10.77054,32.73
38,-0.05026245,-0.2319946,0.971405,0.8445228,-0.05250549,-0.2793274,0.9587402,-24.81813,6.89238,-25.58167,3.703842,0.2750545,0.3721737,0.9364623,-0.04856873,-0.1979218,0.9790039,31.37289,7.577225,-32.73262,4.198959,0.5568181,0.3935679,0.02236605,1.236771,-0.1986683,-0.1105392,-0.02153772,0.01422106,1.113477,-10.77054,32.73
38,-0.05023193,-0.2346344,0.9707794,0.8612701,-0.05281067,-0.2796173,0.9586487,-24.81538,6.894135,-25.58107,3.688187,0.275024,0.372172,0.92481,-0.04837036,-0.203186,0.9779358,31.37582,7.578537,-32.73137,4.199844,0.5566712,0.3944939,0.02150261,1.236574,-0.1986473,-0.1102361,-0.02105103,0.01460208,1.113477,-10.77054,32.73
38,-0.05023193,-0.2346344,0.9707794,0.8612701,-0.05281067,-0.2796173,0.9586487,-24.81538,6.894135,-25.58107,3.688187,0.275024,0.372172,0.92481,-0.04837036,-0.203186,0.9779358,31.37582,7.578537,-32.73137,4.199844,0.5566712,0.3944939,0.02150261,1.236574,-0.1986473,-0.1102361,-0.02105103,0.01460208,1.113477,-10.77054,32.73
38,-0.05050659,-0.2335358,0.9710236,0.8357113,-0.05331421,-0.2791595,0.9587555,-24.81113,6.896332,-25.58028,3.706024,0.2749481,0.3719891,0.9089798,-0.04815674,-0.1964569,0.9793243,31.37895,7.580246,-32.73064,4.226135,0.5565317,0.3931605,0.02064013,1.236445,-0.1985788,-0.1099227,-0.02070271,0.01504637,1.113477,-10.77054,32.73
38,-0.05255127,-0.2326965,0.9711151,0.8413038,-0.056427,-0.2763824,0.9593811,-24.80734,6.899017,-25.57979,3.746353,0.2753119,0.371394,0.9131385,-0.04962158,-0.2001801,0.9784851,31.38168,7.582108,-32.72812,4.222321,0.5566854,0.3937701,0.01888895,1.2361,-0.1984246,-0.1090266,-0.01982469,0.01608783,1.113477,-10.77054,32.73
38,-0.05255127,-0.2326965,0.9711151,0.8413038,-0.056427,-0.2763824,0.9593811,-24.80734,6.899017,-25.57979,3.746353,0.2753119,0.371394,0.9131385,-0.04962158,-0.2001801,0.9784851,31.38168,7.582108,-32.72812,4.222321,0.5566854,0.3937701,0.01888895,1.2361,-0.1984246,-0.1090266,-0.01982469,0.01608783,1.113477,-10.77054,32.73
38,-0.05632019,-0.2326355,0.9709167,0.835002,-0.06599426,-0.2767792,0.9586487,-24.75352,6.90329,-25.56082,3.747772,0.2751093,0.3711861,0.9117483,-0.04931641,-0.2007751,0.9783783,31.38445,7.584305,-32.72375,4.216873,0.5565317,0.3937701,0.01795506,1.235964,-0.1983473,-0.1085441,-0.01934882,0.01668483,1.113477,-10.77054,32.73
38,-0.06117249,-0.2290039,0.9714966,0.8535535,-0.07752991,-0.273468,0.9587402,-24.69627,6.909393,-25.54021,3.77446,0.2751093,0.3702601,0.9074015,-0.04963684,-0.197525,0.9790344,31.38788,7.586319,-32.71979,4.222275,0.5564683,0.3930464,0.01703477,1.235796,-0.1982772,-0.1079438,-0.01884316,0.01732539,1.113477,-10.77054,32.73
38,-0.06117249,-0.2290039,0.9714966,0.8535535,-0.07752991,-0.273468,0.9587402,-24.69627,6.909393,-25.54021,3.77446,0.2751093,0.3702601,0.9074015,-0.04963684,-0.197525,0.9790344,31.38788,7.586319,-32.71979,4.222275,0.5564683,0.3930464,0.01703477,1.235796,-0.1982772,-0.1079438,-0.01884316,0.01732539,1.113477,-10.77054,32.73
38,-0.06130981,-0.2277527,0.9717712,0.8470673,-0.07867432,-0.2768097,0.9576874,-24.69075,6.914764,-25.53664,3.775269,0.2751168,0.3706471,0.9034885,-0.04960632,-0.1946106,0.9796143,31.39391,7.587418,-32.71648,4.220917,0.5562493,0.3924368,0.01510751,1.235404,-0.1981138,-0.1067922,-0.01819626,0.01882022,1.113477,-40.80278,32.73
38,-0.06130981,-0.2277527,0.9717712,0.8470673,-0.07867432,-0.2768097,0.9576874,-24.69075,6.914764,-25.53664,3.775269,0.2751168,0.3706471,0.9034885,-0.04960632,-0.1946106,0.9796143,31.39391,7.587418,-32.71648,4.220917,0.5562493,0.3924368,0.01510751,1.235404,-0.1981138,-0.1067922,-0.01819626,0.01882022,1.113477,-40.80278,32.73
38,-0.05709839,-0.2305298,0.9713745,0.8452903,-0.07992554,-0.2784119,0.9571228,-24.68765,6.921585,-25.52864,3.776398,0.275232,0.3706471,0.9051996,-0.04122925,-0.1970367,0.9795227,31.40083,7.599762,-32.71082,4.221603,0.5545327,0.3923843,0.01303518,1.234997,-0.1979574,-0.1056934,-0.01785902,0.02036197,1.113477,-40.80278,32.73
38,-0.05709839,-0.2305298,0.9713745,0.8452903,-0.07992554,-0.2784119,0.9571228,-24.68765,6.921585,-25.52864,3.776398,0.275232,0.3706471,0.9051996,-0.04122925,-0.1970367,0.9795227,31.40083,7.599762,-32.71082,4.221603,0.5545327,0.3923843,0.01303518,1.234997,-0.1979574,-0.1056934,-0.01785902,0.02036197,1.113477,-40.80278,32.73
38,-0.05709839,-0.2305298,0.9713745,0.8452903,-0.07992554,-0.2784119,0.9571228,-24.68765,6.921585,-25.52864,3.776398,0.275232,0.3706471,0.9051996,-0.04122925,-0.1970367,0.9795227,31.40083,7.599762,-32.71082,4.221603,0.5545327,0.3923843,0.01093125,1.234528,-0.1978366,-0.1045105,-0.01759973,0.02193159,1.113477,-40.80278,32.73
38,-0.05709839,-0.2305298,0.9713745,0.8452903,-0.07992554,-0.2784119,0.9571228,-24.68765,6.921585,-25.52864,3.776398,0.275232,0.3706471,0.9051996,-0.04122925,-0.1970367,0.9795227,31.40083,7.599762,-32.71082,4.221603,0.5545327,0.3923843,0.0088377,1.234091,-0.1977192,-0.1031798,-0.01765215,0.0231834,1.113477,-40.80278,32.73
38,-0.05709839,-0.2305298,0.9713745,0.8452903,-0.07992554,-0.2784119,0.9571228,-24.68765,6.921585,-25.52864,3.776398,0.275232,0.3706471,0.9051996,-0.04122925,-0.1970367,0.9795227,31.40083,7.599762,-32.71082,4.221603,0.5545327,0.3923843,0.006673574,1.233724,-0.1976249,-0.1022293,-0.01791192,0.02463069,1.113477,-40.80278,32.73
38,-0.05709839,-0.2305298,0.9713745,0.8452903,-0.07992554,-0.2784119,0.9571228,-24.68765,6.921585,-25.52864,3.776398,0.275232,0.3706471,0.9051996,-0.04122925,-0.1970367,0.9795227,31.40083,7.599762,-32.71082,4.221603,0.5545327,0.3923843,0.006673574,1.233724,-0.1976249,-0.1022293,-0.01791192,0.02463069,1.113477,-40.80278,32.73
38,-0.05729675,-0.232254,0.9709473,0.834832,-0.08126831,-0.2791138,0.9568024,-24.67749,6.924286,-25.52359,3.776413,0.2751168,0.3706471,0.9192167,-0.03897095,-0.1961975,0.9797821,31.40887,7.615692,-32.70697,4.22113,0.5538523,0.3916205,0.004598975,1.233243,-0.1975243,-0.1012114,-0.01842979,0.02629985,1.113477,-40.80278,32.73
38,-0.05729675,-0.232254,0.9709473,0.834832,-0.08126831,-0.2791138,0.9568024,-24.67749,6.924286,-25.52359,3.776413,0.2751168,0.3706471,0.9192167,-0.03897095,-0.1961975,0.9797821,31.40887,7.615692,-32.70697,4.22113,0.5538523,0.3916205,0.004598975,1.233243,-0.1975243,-0.1012114,-0.01842979,0.02629985,1.113477,-40.80278,32.73
38,-0.05541992,-0.2298279,0.9716339,0.8261698,-0.06938171,-0.2705383,0.9601898,-24.6579,7.021881,-25.47792,4.020828,0.2722377,0.3651617,0.909504,-0.04501343,-0.1993866,0.9788818,31.52789,7.709793,-32.67159,4.264435,0.5506837,0.3885261,0.002451181,1.232838,-0.1973993,-0.1001298,-0.01946093,0.02805387,1.113477,-40.80278,32.73
38,-0.05541992,-0.2298279,0.9716339,0.8261698,-0.06938171,-0.2705383,0.9601898,-24.6579,7.021881,-25.47792,4.020828,0.2722377,0.3651617,0.909504,-0.04501343,-0.1993866,0.9788818,31.52789,7.709793,-32.67159,4.264435,0.5506837,0.3885261,0.002451181,1.232838,-0.1973993,-0.1001298,-0.01946093,0.02805387,1.113477,-40.80278,32.73
38,-0.05256653,-0.2284546,0.9721222,0.8320952,-0.06962585,-0.2680206,0.9608765,-24.65073,7.026337,-25.47308,4.032333,0.2720278,0.3645106,0.9122018,-0.03791809,-0.1943359,0.9801941,31.53633,7.713318,-32.66783,4.237595,0.5491443,0.3874238,0.0002036095,1.232442,-0.1973177,-0.09922417,-0.02061796,0.0295178,1.113477,-40.80278,32.73
38,-0.05256653,-0.2284546,0.9721222,0.8320952,-0.06962585,-0.2680206,0.9608765,-24.65073,7.026337,-25.47308,4.032333,0.2720278,0.3645106,0.9122018,-0.03791809,-0.1943359,0.9801941,31.53633,7.713318,-32.66783,4.237595,0.5491443,0.3874238,0.0002036095,1.232442,-0.1973177,-0.09922417,-0.02061796,0.0295178,1.113477,-40.80278,32.73
38,-0.05229187,-0.2229462,0.9734192,0.8332791,-0.06915283,-0.2606354,0.9629517,-24.6447,7.031326,-25.47105,4.029938,0.2717409,0.3629963,0.8905417,-0.03823853,-0.1914215,0.9807587,31.54367,7.716995,-32.66222,4.260834,0.5489422,0.386681,-0.00202632,1.232008,-0.1973211,-0.09810368,-0.02215231,0.03087486,1.113477,-0.8952713,32.73
38,-0.05229187,-0.2229462,0.9734192,0.8332791,-0.06915283,-0.2606354,0.9629517,-24.6447,7.031326,-25.47105,4.029938,0.2717409,0.3629963,0.8905417,-0.03823853,-0.1914215,0.9807587,31.54367,7.716995,-32.66222,4.260834,0.5489422,0.386681,-0.00202632,1.232008,-0.1973211,-0.09810368,-0.02215231,0.03087486,1.113477,-0.8952713,32.73
38,-0.05886841,-0.2299194,0.9714203,0.8565233,-0.08187866,-0.2683105,0.9598389,-24.57935,7.063782,-25.45311,4.020844,0.2716639,0.3631662,0.9072738,-0.03817749,-0.1951599,0.9800262,31.55415,7.728333,-32.65421,4.258392,0.5485524,0.3869112,-0.004302025,1.23162,-0.1973348,-0.09725305,-0.023789,0.03246382,1.113477,-0.8952713,32.73
38,-0.05886841,-0.2299194,0.9714203,0.8565233,-0.08187866,-0.2683105,0.9598389,-24.57935,7.063782,-25.45311,4.020844,0.2716639,0.3631662,0.9072738,-0.03817749,-0.1951599,0.9800262,31.55415,7.728333,-32.65421,4.258392,0.5485524,0.3869112,-0.004302025,1.23162,-0.1973348,-0.09725305,-0.023789,0.03246382,1.113477,-0.8952713,32.73
38,-0.05558777,-0.2331238,0.9708557,0.8332661,-0.07872009,-0.269104,0.9598846,-24.5806,7.07251,-25.44914,3.995667,0.2711985,0.3629758,0.8989444,-0.03302002,-0.1977234,0.9796906,31.57846,7.784637,-32.61305,4.189697,0.5467739,0.3850248,-0.006515265,1.23124,-0.1974534,-0.09652945,-0.02567426,0.03441734,1.113477,-0.8952713,32.73
38,-0.05558777,-0.2331238,0.9708557,0.8332661,-0.07872009,-0.269104,0.9598846,-24.5806,7.07251,-25.44914,3.995667,0.2711985,0.3629758,0.8989444,-0.03302002,-0.1977234,0.9796906,31.57846,7.784637,-32.61305,4.189697,0.5467739,0.3850248,-0.006515265,1.23124,-0.1974534,-0.09652945,-0.02567426,0.03441734,1.113477,-0.8952713,32.73
38,-0.05036926,-0.2322388,0.971344,0.8636799,-0.07185364,-0.2702026,0.9601135,-24.58185,7.081039,-25.44423,3.968857,0.2701088,0.3627966,0.9004539,-0.02760315,-0.1916809,0.9810638,31.57149,7.801971,-32.61256,4.308914,0.5460947,0.3832089,-0.008645535,1.230857,-0.1975871,-0.0957071,-0.02775241,0.03667253,1.113477,-0.8952713,32.73
38,-0.05036926,-0.2322388,0.971344,0.8636799,-0.07185364,-0.2702026,0.9601135,-24.58185,7.081039,-25.44423,3.968857,0.2701088,0.3627966,0.9004539,-0.02760315,-0.1916809,0.9810638,31.57149,7.801971,-32.61256,4.308914,0.5460947,0.3832089,-0.008645535,1.230857,-0.1975871,-0.0957071,-0.02775241,0.03667253,1.113477,-0.8952713,32.73
38,-0.05056763,-0.2349548,0.9706726,0.8184422,-0.07183838,-0.2715607,0.9597321,-24.58185,7.091858,-25.43843,3.969055,0.2701088,0.3626245,0.8997489,-0.02615356,-0.1925812,0.9809265,31.56438,7.806732,-32.6123,4.308884,0.5460947,0.3832089,-0.01074803,1.230442,-0.1976972,-0.09488162,-0.0298304,0.03887111,1.113477,-0.8952713,32.73
38,-0.05056763,-0.2349548,0.9706726,0.8184422,-0.07183838,-0.2715607,0.9597321,-24.58185,7.091858,-25.43843,3.969055,0.2701088,0.3626245,0.8997489,-0.02615356,-0.1925812,0.9809265,31.56438,7.806732,-32.6123,4.308884,0.5460947,0.3832089,-0.01074803,1.230442,-0.1976972,-0.09488162,-0.0298304,0.03887111,1.113477,-0.8952713,32.73
39,-0.0423584,-0.2325287,0.9716492,0.8598259,-0.06564331,-0.2768707,0.9586487,-24.58574,7.124832,-25.42393,3.967682,0.2692035,0.3622929,0.900928,-0.02064514,-0.1908417,0.9813995,31.534,7.808517,-32.60661,4.288513,0.5462113,0.3827747,-0.0128094,1.230137,-0.1978453,-0.0940611,-0.03188373,0.04100309,1.113477,-0.8952713,32.73
39,-0.0423584,-0.2325287,0.9716492,0.8598259,-0.06564331,-0.2768707,0.9586487,-24.58574,7.124832,-25.42393,3.967682,0.2692035,0.3622929,0.900928,-0.02064514,-0.1908417,0.9813995,31.534,7.808517,-32.60661,4.288513,0.5462113,0.3827747,-0.0128094,1.230137,-0.1978453,-0.0940611,-0.03188373,0.04100309,1.113477,-0.8952713,32.73
39,-0.03569031,-0.2377777,0.9706573,0.8773596,-0.06192017,-0.2812805,0.9576111,-24.58963,7.13768,-25.42134,3.937683,0.2687341,0.3626245,0.9162889,-0.01014709,-0.1949615,0.9807434,31.4812,7.832367,-32.5844,4.244461,0.5462447,0.3824998,-0.01480603,1.229872,-0.197994,-0.09357993,-0.03428633,0.0430564,1.113477,-0.8952713,32.73
39,-0.03569031,-0.2377777,0.9706573,0.8773596,-0.06192017,-0.2812805,0.9576111,-24.58963,7.13768,-25.42134,3.937683,0.2687341,0.3626245,0.9162889,-0.01014709,-0.1949615,0.9807434,31.4812,7.832367,-32.5844,4.244461,0.5462447,0.3824998,-0.01480603,1.229872,-0.197994,-0.09357993,-0.03428633,0.0430564,1.113477,-0.8952713,32.73
39,-0.03569031,-0.2377777,0.9706573,0.8773596,-0.06192017,-0.2812805,0.9576111,-24.58963,7.13768,-25.42134,3.937683,0.2687341,0.3626245,0.9162889,-0.01014709,-0.1949615,0.9807434,31.4812,7.832367,-32.5844,4.244461,0.5462447,0.3824998,-0.01480603,1.229872,-0.197994,-0.09357993,-0.03428633,0.0430564,1.113477,-0.8952713,32.73
39,-0.03559875,-0.228302,0.9729309,0.8967198,-0.05703735,-0.2621002,0.9633484,-24.59961,7.14798,-25.41064,4.029755,0.2681708,0.3586507,0.9208537,-0.01226807,-0.1911774,0.9814758,31.4736,7.853333,-32.54919,4.336594,0.5468902,0.3806996,-0.01675045,1.229592,-0.1982362,-0.09286222,-0.03673647,0.04501863,1.113477,-0.8952713,32.73
39,-0.0375061,-0.2272034,0.973114,0.9030797,-0.06150818,-0.2595367,0.9637604,-24.61107,7.160721,-25.40668,4.106735,0.269247,0.3577344,0.9244252,-0.01022339,-0.1900635,0.9817047,31.46332,7.85408,-32.53107,4.332977,0.5468902,0.3803065,-0.01860309,1.229228,-0.1984791,-0.09219462,-0.03944005,0.0470595,1.113477,3.910515,32.73
39,-0.0375061,-0.2272034,0.973114,0.9030797,-0.06150818,-0.2595367,0.9637604,-24.61107,7.160721,-25.40668,4.106735,0.269247,0.3577344,0.9244252,-0.01022339,-0.1900635,0.9817047,31.46332,7.85408,-32.53107,4.332977,0.5468902,0.3803065,-0.01860309,1.229228,-0.1984791,-0.09219462,-0.03944005,0.0470595,1.113477,3.910515,32.73
39,-0.03695679,-0.2257843,0.973465,0.894813,-0.06143188,-0.257843,0.9642181,-24.61906,7.161789,-25.39363,4.146027,0.2694959,0.3572776,0.9203268,-0.01063538,-0.190979,0.9815216,31.45357,7.855804,-32.51691,4.299927,0.5472978,0.3803065,-0.02035058,1.228952,-0.1986872,-0.09142773,-0.04230384,0.04918888,1.113477,3.910515,32.73
39,-0.03695679,-0.2257843,0.973465,0.894813,-0.06143188,-0.257843,0.9642181,-24.61906,7.161789,-25.39363,4.146027,0.2694959,0.3572776,0.9203268,-0.01063538,-0.190979,0.9815216,31.45357,7.855804,-32.51691,4.299927,0.5472978,0.3803065,-0.02035058,1.228952,-0.1986872,-0.09142773,-0.04230384,0.04918888,1.113477,3.910515,32.73
39,-0.04049683,-0.2210541,0.974411,0.9166368,-0.05085754,-0.2534027,0.9660187,-24.67528,7.163742,-25.38892,4.143921,0.2696569,0.3563677,0.9184428,-0.02885437,-0.1846008,0.9823761,31.40952,7.888062,-32.49495,4.420761,0.5520654,0.3777343,-0.02207315,1.228615,-0.1989625,-0.09050713,-0.0455463,0.05126503,1.113477,3.910515,32.73
39,-0.04049683,-0.2210541,0.974411,0.9166368,-0.05085754,-0.2534027,0.9660187,-24.67528,7.163742,-25.38892,4.143921,0.2696569,0.3563677,0.9184428,-0.02885437,-0.1846008,0.9823761,31.40952,7.888062,-32.49495,4.420761,0.5520654,0.3777343,-0.02207315,1.228615,-0.1989625,-0.09050713,-0.0455463,0.05126503,1.113477,3.910515,32.73
39,-0.04266357,-0.2194366,0.9746857,0.924213,-0.05644226,-0.2503662,0.9664917,-24.68437,7.170914,-25.38414,4.205215,0.2708597,0.3555646,0.9264515,-0.02819824,-0.1868134,0.9819794,31.39183,7.910492,-32.48911,4.380066,0.5525774,0.377297,-0.02376974,1.228293,-0.1992278,-0.08931927,-0.04908016,0.05339708,1.113477,3.910515,32.73
39,-0.04266357,-0.2194366,0.9746857,0.924213,-0.05644226,-0.2503662,0.9664917,-24.68437,7.170914,-25.38414,4.205215,0.2708597,0.3555646,0.9264515,-0.02819824,-0.1868134,0.9819794,31.39183,7.910492,-32.48911,4.380066,0.5525774,0.377297,-0.02376974,1.228293,-0.1992278,-0.08931927,-0.04908016,0.05339708,1.113477,3.910515,32.73
39,-0.04740906,-0.2161713,0.9751892,0.9317326,-0.06163025,-0.2482147,0.9667358,-24.69167,7.18132,-25.37912,4.207031,0.2719876,0.3548475,0.9465247,-0.0315094,-0.1802063,0.9831085,31.37248,7.919037,-32.47643,4.419693,0.553854,0.3756412,-0.02555335,1.227865,-0.1994999,-0.08811414,-0.05288506,0.05607427,1.113477,3.910515,32.73
39,-0.04740906,-0.2161713,0.9751892,0.9317326,-0.06163025,-0.2482147,0.9667358,-24.69167,7.18132,-25.37912,4.207031,0.2719876,0.3548475,0.9465247,-0.0315094,-0.1802063,0.9831085,31.37248,7.919037,-32.47643,4.419693,0.553854,0.3756412,-0.02555335,1.227865,-0.1994999,-0.08811414,-0.05288506,0.05607427,1.113477,3.910515,32.73
39,-0.04893494,-0.2172241,0.974884,0.9171914,-0.06437683,-0.2487946,0.9664001,-24.79858,7.21936,-25.36469,4.110901,0.2762319,0.353779,0.9394644,-0.03245544,-0.1833496,0.9824982,31.3385,7.925781,-32.46982,4.385941,0.5552189,0.3759408,-0.02731907,1.227386,-0.1997871,-0.0868916,-0.05728285,0.05964356,1.113477,3.910515,32.73
39,-0.04893494,-0.2172241,0.974884,0.9171914,-0.06437683,-0.2487946,0.9664001,-24.79858,7.21936,-25.36469,4.110901,0.2762319,0.353779,0.9394644,-0.03245544,-0.1833496,0.9824982,31.3385,7.925781,-32.46982,4.385941,0.5552189,0.3759408,-0.02731907,1.227386,-0.1997871,-0.0868916,-0.05728285,0.05964356,1.113477,3.910515,32.73
39,-0.05738831,-0.2245026,0.9727783,0.8858561,-0.06941223,-0.2487946,0.9660645,-24.80888,7.226746,-25.3614,4.092377,0.2774541,0.3535778,0.9414207,-0.04685974,-0.203186,0.9780121,31.35065,7.944092,-32.48772,4.208984,0.5572844,0.3792356,-0.02911413,1.226876,-0.200145,-0.08549804,-0.06213367,0.06352843,1.113477,3.910515,32.73
39,-0.05738831,-0.2245026,0.9727783,0.8858561,-0.06941223,-0.2487946,0.9660645,-24.80888,7.226746,-25.3614,4.092377,0.2774541,0.3535778,0.9414207,-0.04685974,-0.203186,0.9780121,31.35065,7.944092,-32.48772,4.208984,0.5572844,0.3792356,-0.02911413,1.226876,-0.200145,-0.08549804,-0.06213367,0.06352843,1.113477,3.910515,32.73
39,-0.06692505,-0.203186,0.9768372,0.9363365,-0.07743835,-0.2440033,0.9666748,-24.8168,7.231735,-25.36076,4.20639,0.2789675,0.3525607,0.9219511,-0.05706787,-0.1649933,0.9846344,31.32953,7.943436,-32.45587,4.515167,0.5598779,0.3717421,-0.03081024,1.226415,-0.2004924,-0.08413328,-0.06719635,0.0667114,1.113477,3.910515,32.73
39,-0.06692505,-0.203186,0.9768372,0.9363365,-0.07743835,-0.2440033,0.9666748,-24.8168,7.231735,-25.36076,4.20639,0.2789675,0.3525607,0.9219511,-0.05706787,-0.1649933,0.9846344,31.32953,7.943436,-32.45587,4.515167,0.5598779,0.3717421,-0.03081024,1.226415,-0.2004924,-0.08413328,-0.06719635,0.0667114,1.113477,3.910515,32.73
39,-0.07365417,-0.2064362,0.9756775,0.9373925,-0.0864563,-0.2319183,0.9688721,-24.939,7.252579,-25.34738,4.362488,0.2845412,0.349754,0.9167312,-0.06013489,-0.1795197,0.9819031,31.26033,7.995728,-32.46327,4.478027,0.5628867,0.3726283,-0.03164339,1.22623,-0.2006999,-0.08349013,-0.06954271,0.06808735,1.113477,3.910515,32.73
39,-0.07365417,-0.2064362,0.9756775,0.9373925,-0.0864563,-0.2319183,0.9688721,-24.939,7.252579,-25.34738,4.362488,0.2845412,0.349754,0.9167312,-0.06013489,-0.1795197,0.9819031,31.26033,7.995728,-32.46327,4.478027,0.5628867,0.3726283,-0.03164339,1.22623,-0.2006999,-0.08349013,-0.06954271,0.06808735,1.113477,3.910515,32.73
39,-0.07479858,-0.221756,0.9722137,0.9167595,-0.09036255,-0.263031,0.9605408,-24.98022,7.208527,-25.39365,4.217346,0.2867136,0.3573339,0.9213653,-0.05992126,-0.1822815,0.9814148,31.2159,7.877716,-32.5249,4.503098,0.5644224,0.377939,-0.03321064,1.22578,-0.2011026,-0.082259,-0.07444137,0.0710272,1.113477,4.917778,32.73
39,-0.07479858,-0.221756,0.9722137,0.9167595,-0.09036255,-0.263031,0.9605408,-24.98022,7.208527,-25.39365,4.217346,0.2867136,0.3573339,0.9213653,-0.05992126,-0.1822815,0.9814148,31.2159,7.877716,-32.5249,4.503098,0.5644224,0.377939,-0.03321064,1.22578,-0.2011026,-0.082259,-0.07444137,0.0710272,1.113477,4.917778,32.73
39,-0.04086304,-0.2466125,0.9682465,0.917284,-0.04049683,-0.277359,0.9598999,-24.81776,7.068481,-25.38254,4.428177,0.2726433,0.3637324,0.9380872,-0.04124451,-0.2109528,0.9766083,31.25438,7.681961,-32.56821,4.428818,0.5596908,0.3907051,-0.0346545,1.225313,-0.2015074,-0.08100504,-0.07893789,0.07466793,1.113477,4.917778,32.73
39,-0.03207397,-0.303772,0.9521942,0.9402262,-0.03849792,-0.325531,0.9447327,-24.70541,6.869247,-25.45654,4.165573,0.2686555,0.3797607,0.9203315,-0.02133179,-0.2671356,0.9634094,31.24303,7.507889,-32.62303,4.044342,0.5564947,0.4080748,-0.03533924,1.225101,-0.2017307,-0.08052053,-0.08127628,0.0763327,1.113477,4.917778,32.73
39,-0.03207397,-0.303772,0.9521942,0.9402262,-0.03849792,-0.325531,0.9447327,-24.70541,6.869247,-25.45654,4.165573,0.2686555,0.3797607,0.9203315,-0.02133179,-0.2671356,0.9634094,31.24303,7.507889,-32.62303,4.044342,0.5564947,0.4080748,-0.03533924,1.225101,-0.2017307,-0.08052053,-0.08127628,0.0763327,1.113477,4.917778,32.73
39,-0.04577637,-0.2484894,0.9675446,0.9514573,-0.05929565,-0.2412567,0.9686432,-24.84334,6.827698,-25.4825,4.843185,0.2762581,0.3662136,0.9299782,-0.0209198,-0.2616119,0.9649353,31.20647,7.52652,-32.6172,4.182709,0.5577462,0.4062473,-0.03595972,1.224876,-0.2019483,-0.08012287,-0.08355684,0.07781491,1.113477,4.917778,32.73
39,-0.04031372,-0.2579346,0.9653168,0.9459845,-0.03529358,-0.259552,0.9650726,-24.92874,6.854156,-25.46274,4.797043,0.2752338,0.3683028,0.9243883,-0.04707336,-0.2557373,0.9655914,31.17813,7.554886,-32.61533,4.377106,0.563347,0.4040739,-0.0371033,1.224549,-0.202364,-0.07958489,-0.08791292,0.08009721,1.113477,4.917778,32.73
39,-0.04031372,-0.2579346,0.9653168,0.9459845,-0.03529358,-0.259552,0.9650726,-24.92874,6.854156,-25.46274,4.797043,0.2752338,0.3683028,0.9243883,-0.04707336,-0.2557373,0.9655914,31.17813,7.554886,-32.61533,4.377106,0.563347,0.4040739,-0.0371033,1.224549,-0.202364,-0.07958489,-0.08791292,0.08009721,1.113477,4.917778,32.73
39,-0.04031372,-0.2579346,0.9653168,0.9459845,-0.03529358,-0.259552,0.9650726,-24.92874,6.854156,-25.46274,4.797043,0.2752338,0.3683028,0.9243883,-0.04707336,-0.2557373,0.9655914,31.17813,7.554886,-32.61533,4.377106,0.563347,0.4040739,-0.03754699,1.224445,-0.2025698,-0.07936139,-0.08985411,0.08107132,1.113477,4.917778,32.73
39,-0.04031372,-0.2579346,0.9653168,0.9459845,-0.03529358,-0.259552,0.9650726,-24.92874,6.854156,-25.46274,4.797043,0.2752338,0.3683028,0.9243883,-0.04707336,-0.2557373,0.9655914,31.17813,7.554886,-32.61533,4.377106,0.563347,0.4040739,-0.03845739,1.224204,-0.2029845,-0.07885025,-0.0934397,0.08322851,1.113477,4.917778,32.73
39,-0.04031372,-0.2579346,0.9653168,0.9459845,-0.03529358,-0.259552,0.9650726,-24.92874,6.854156,-25.46274,4.797043,0.2752338,0.3683028,0.9243883,-0.04707336,-0.2557373,0.9655914,31.17813,7.554886,-32.61533,4.377106,0.563347,0.4040739,-0.03845739,1.224204,-0.2029845,-0.07885025,-0.0934397,0.08322851,1.113477,4.917778,32.73
39,-0.04031372,-0.2579346,0.9653168,0.9459845,-0.03529358,-0.259552,0.9650726,-24.92874,6.854156,-25.46274,4.797043,0.2752338,0.3683028,0.9243883,-0.04707336,-0.2557373,0.9655914,31.17813,7.554886,-32.61533,4.377106,0.563347,0.4040739,-0.03876936,1.224082,-0.2030919,-0.07846501,-0.09501173,0.08414134,1.113477,4.917778,32.73
39,-0.06373596,-0.2822266,0.9572144,0.9408,-0.07878113,-0.2892303,0.9539948,-25.02216,6.863831,-25.481,4.417267,0.2860348,0.3741303,0.9346282,-0.05084229,-0.2761536,0.9597626,31.12904,7.574768,-32.61238,4.000549,0.5657145,0.4073711,-0.03956223,1.223945,-0.2033726,-0.07793126,-0.09787322,0.08555527,1.113477,4.917778,32.73
39,-0.06373596,-0.2822266,0.9572144,0.9408,-0.07878113,-0.2892303,0.9539948,-25.02216,6.863831,-25.481,4.417267,0.2860348,0.3741303,0.9346282,-0.05084229,-0.2761536,0.9597626,31.12904,7.574768,-32.61238,4.000549,0.5657145,0.4073711,-0.03956223,1.223945,-0.2033726,-0.07793126,-0.09787322,0.08555527,1.113477,4.917778,32.73
39,-0.06692505,-0.2497711,0.9659882,0.9620298,-0.08041382,-0.2821808,0.9559784,-25.21547,6.854111,-25.49753,4.504135,0.2928104,0.3734863,0.9455224,-0.05760193,-0.2272949,0.9721069,30.94749,7.602036,-32.5874,4.422714,0.5734515,0.3968032,-0.03986692,1.223842,-0.2035155,-0.07768958,-0.09927784,0.08601506,1.113477,4.917778,32.73
39,-0.0670929,-0.264267,0.9620972,0.9256969,-0.08151245,-0.2771606,0.9573517,-25.31511,6.863266,-25.50002,4.568298,0.2963279,0.3723835,0.9602123,-0.05479431,-0.2531891,0.9658508,30.89508,7.608749,-32.58835,4.326355,0.5747876,0.4014578,-0.0403018,1.223642,-0.2037648,-0.07726598,-0.1012685,0.08692418,1.113477,-29.23364,32.73
39,-0.0670929,-0.264267,0.9620972,0.9256969,-0.08151245,-0.2771606,0.9573517,-25.31511,6.863266,-25.50002,4.568298,0.2963279,0.3723835,0.9602123,-0.05479431,-0.2531891,0.9658508,30.89508,7.608749,-32.58835,4.326355,0.5747876,0.4014578,-0.0403018,1.223642,-0.2037648,-0.07726598,-0.1012685,0.08692418,1.113477,-29.23364,32.73
39,-0.08233643,-0.2705994,0.9591522,0.9503951,-0.1086426,-0.2744446,0.9554291,-25.35968,6.859436,-25.50545,4.610962,0.3023055,0.3723534,0.9377283,-0.05371094,-0.2661896,0.9624176,30.88896,7.604172,-32.58966,4.201584,0.5747876,0.4041295,-0.04049122,1.223556,-0.2038706,-0.07703768,-0.1023134,0.08745331,1.113477,-29.23364,32.73
39,-0.07643127,-0.2891693,0.9542084,0.9503951,-0.08998108,-0.2905731,0.9526062,-25.38474,6.856033,-25.50587,4.326721,0.3002964,0.3753493,0.9377283,-0.06066895,-0.2874908,0.9558563,30.87712,7.595444,-32.60904,3.901489,0.5764014,0.408819,-0.04077303,1.223389,-0.2040734,-0.07623025,-0.1036124,0.08857436,1.113477,-29.23364,32.73
39,-0.09164429,-0.2715912,0.9580231,0.9698892,-0.1075592,-0.2859955,0.9521637,-25.42734,6.852783,-25.52763,4.546692,0.3044381,0.374891,0.9468034,-0.07479858,-0.2562714,0.9636993,30.85632,7.586487,-32.60446,4.19812,0.5796672,0.4030788,-0.0408777,1.223294,-0.2040972,-0.0759452,-0.1041946,0.08916165,1.113477,-29.23364,32.73
39,-0.09164429,-0.2715912,0.9580231,0.9698892,-0.1075592,-0.2859955,0.9521637,-25.42734,6.852783,-25.52763,4.546692,0.3044381,0.374891,0.9468034,-0.07479858,-0.2562714,0.9636993,30.85632,7.586487,-32.60446,4.19812,0.5796672,0.4030788,-0.0408777,1.223294,-0.2040972,-0.0759452,-0.1041946,0.08916165,1.113477,-29.23364,32.73
39,-0.09791565,-0.2713776,0.9574738,0.9564868,-0.1261139,-0.2843323,0.9503784,-25.4548,6.846695,-25.54916,4.468201,0.3084885,0.3752347,0.9225686,-0.07199097,-0.2592621,0.9631042,30.83069,7.582687,-32.60062,4.187714,0.5800793,0.4037344,-0.04096901,1.223205,-0.2041615,-0.07543639,-0.1047068,0.08960651,1.113477,-29.23364,32.73
39,-0.08505249,-0.2750092,0.9576569,0.9685677,-0.1033173,-0.2892303,0.9516602,-25.47099,6.84108,-25.55002,4.38002,0.3053317,0.3761331,0.9255859,-0.06912231,-0.2625122,0.9624329,30.80482,7.584763,-32.60014,4.147903,0.5804927,0.4042885,-0.04112172,1.222971,-0.2042863,-0.07460534,-0.1051998,0.09026363,1.113477,-29.23364,32.73
39,-0.08302307,-0.274231,0.9580688,0.991861,-0.09820557,-0.287796,0.9526367,-25.47572,6.843124,-25.55013,4.30336,0.3047107,0.3758127,0.9238566,-0.06991577,-0.2624359,0.9624023,30.79858,7.584854,-32.59888,4.173904,0.5808553,0.4042435,-0.04118216,1.222926,-0.2043545,-0.07432219,-0.1053993,0.0903966,1.113477,-29.23364,32.73
39,-0.08302307,-0.274231,0.9580688,0.991861,-0.09820557,-0.287796,0.9526367,-25.47572,6.843124,-25.55013,4.30336,0.3047107,0.3758127,0.9238566,-0.06991577,-0.2624359,0.9624023,30.79858,7.584854,-32.59888,4.173904,0.5808553,0.4042435,-0.04118216,1.222926,-0.2043545,-0.07432219,-0.1053993,0.0903966,1.113477,-29.23364,32.73
39,-0.08093262,-0.2749481,0.9580383,0.9837784,-0.09645081,-0.2887726,0.9525146,-25.48361,6.848526,-25.54884,4.272736,0.3047107,0.3758127,0.9163603,-0.06712341,-0.262558,0.9625702,30.77618,7.585037,-32.59756,4.173584,0.5811642,0.4042435,-0.04116666,1.222834,-0.2043576,-0.07418763,-0.1055419,0.09067138,1.113477,-29.23364,32.73
39,-0.08259583,-0.2762299,0.9575195,1.0,-0.09777832,-0.2900543,0.9519958,-25.4895,6.855515,-25.54799,4.273682,0.3051292,0.3758127,1.0,-0.06809998,-0.2629547,0.9623871,30.77539,7.586868,-32.59659,4.173828,0.5813625,0.4042435,-0.04115057,1.22281,-0.2042676,-0.07395003,-0.1056571,0.09103271,1.113477,-29.23364,32.73
39,-0.08648682,-0.2756042,0.9573669,0.9597365,-0.09680176,-0.2898407,0.9521637,-25.49396,6.862366,-25.54811,4.258743,0.3051292,0.3755426,0.9214901,-0.07571411,-0.2606964,0.9624329,30.77324,7.58812,-32.59645,4.173584,0.5827792,0.4037929,-0.04122484,1.222731,-0.204233,-0.07354856,-0.1058353,0.09167391,1.100668,-29.23364,32.73
39,-0.08648682,-0.2756042,0.9573669,0.9597365,-0.09680176,-0.2898407,0.9521637,-25.49396,6.862366,-25.54811,4.258743,0.3051292,0.3755426,0.9214901,-0.07571411,-0.2606964,0.9624329,30.77324,7.58812,-32.59645,4.173584,0.5827792,0.4037929,-0.04122484,1.222731,-0.204233,-0.07354856,-0.1058353,0.09167391,1.100668,-29.23364,32.73
39,-0.08752441,-0.2772064,0.9568024,0.993524,-0.09591675,-0.2908478,0.9519348,-25.49846,6.867783,-25.54823,4.258636,0.3051292,0.3755426,0.9299701,-0.07722473,-0.2604218,0.9623871,30.76595,7.597305,-32.59454,4.175064,0.5833092,0.4034005,-0.04117501,1.222712,-0.2041723,-0.07333856,-0.1058186,0.09182885,1.100668,-29.23364,32.73
39,-0.09126282,-0.276413,0.9566803,0.9857888,-0.09614563,-0.2901764,0.9521179,-25.50488,6.870148,-25.54816,4.258957,0.3053859,0.3753531,0.9255511,-0.08502197,-0.2588654,0.9621582,30.75363,7.611664,-32.58975,4.175064,0.5851218,0.4025755,-0.04117477,1.222739,-0.2041292,-0.07319467,-0.1053177,0.09168098,1.100668,13.24254,32.73
39,-0.09129333,-0.2767029,0.956604,0.9857888,-0.09580994,-0.2895355,0.9523468,-25.50851,6.870316,-25.54814,4.276917,0.3054401,0.375214,0.9255511,-0.08518982,-0.2593689,0.9620056,30.75282,7.613586,-32.58665,4.175079,0.5851778,0.4025755,-0.04115069,1.222791,-0.2040303,-0.07301836,-0.1050977,0.09148427,1.100668,13.24254,32.73
39,-0.09129333,-0.2767029,0.956604,0.9857888,-0.09580994,-0.2895355,0.9523468,-25.50851,6.870316,-25.54814,4.276917,0.3054401,0.375214,0.9255511,-0.08518982,-0.2593689,0.9620056,30.75282,7.613586,-32.58665,4.175079,0.5851778,0.4025755,-0.04115069,1.222791,-0.2040303,-0.07301836,-0.1050977,0.09148427,1.100668,13.24254,32.73
39,-0.09368896,-0.2742157,0.957077,0.9644846,-0.09660339,-0.2886963,0.9525299,-25.51315,6.870621,-25.54807,4.289337,0.3057179,0.3750675,0.9261527,-0.08988953,-0.2554626,0.962616,30.73882,7.616333,-32.58623,4.195572,0.5865132,0.4017394,-0.04110765,1.222785,-0.2037993,-0.07272605,-0.1044477,0.09125064,1.100668,13.24254,32.73
39,-0.09254456,-0.2745972,0.9570923,0.9613876,-0.09555054,-0.2870483,0.953125,-25.53227,6.873459,-25.54752,4.289337,0.3061947,0.3746766,0.9114847,-0.08857727,-0.2581024,0.9620361,30.71315,7.629944,-32.58517,4.195389,0.5871996,0.4017394,-0.04110765,1.222785,-0.2037993,-0.07272605,-0.1044477,0.09125064,1.100668,13.24254,32.73
39,-0.09095764,-0.2709351,0.9582825,0.9532279,-0.09396362,-0.2862701,0.9535217,-25.54355,6.882828,-25.54733,4.288422,0.3063136,0.3742228,0.92434,-0.08706665,-0.2512512,0.9639893,30.70296,7.63652,-32.58224,4.280212,0.5873128,0.4001318,-0.04095185,1.222703,-0.2035167,-0.07222891,-0.1038892,0.09129391,1.100668,13.24254,32.73
39,-0.09095764,-0.2709351,0.9582825,0.9532279,-0.09396362,-0.2862701,0.9535217,-25.54355,6.882828,-25.54733,4.288422,0.3063136,0.3742228,0.92434,-0.08706665,-0.2512512,0.9639893,30.70296,7.63652,-32.58224,4.280212,0.5873128,0.4001318,-0.04095185,1.222703,-0.2035167,-0.07222891,-0.1038892,0.09129391,1.100668,13.24254,32.73
39,-0.09095764,-0.2709351,0.9582825,0.9532279,-0.09396362,-0.2862701,0.9535217,-25.54355,6.882828,-25.54733,4.288422,0.3063136,0.3742228,0.92434,-0.08706665,-0.2512512,0.9639893,30.70296,7.63652,-32.58224,4.280212,0.5873128,0.4001318,-0.04095185,1.222703,-0.2035167,-0.07222891,-0.1038892,0.09129391,1.100668,13.24254,32.73
39,-0.09095764,-0.2709351,0.9582825,0.9532279,-0.09396362,-0.2862701,0.9535217,-25.54355,6.882828,-25.54733,4.288422,0.3063136,0.3742228,0.92434,-0.08706665,-0.2512512,0.9639893,30.70296,7.63652,-32.58224,4.280212,0.5873128,0.4001318,-0.0407027,1.222621,-0.2032285,-0.07143356,-0.103071,0.0913683,1.100668,13.24254,32.73
39,-0.09095764,-0.2709351,0.9582825,0.9532279,-0.09396362,-0.2862701,0.9535217,-25.54355,6.882828,-25.54733,4.288422,0.3063136,0.3742228,0.92434,-0.08706665,-0.2512512,0.9639893,30.70296,7.63652,-32.58224,4.280212,0.5873128,0.4001318,-0.04043984,1.222433,-0.203055,-0.07047137,-0.1022622,0.09145543,1.100668,13.24254,32.71
39,-0.09095764,-0.2709351,0.9582825,0.9532279,-0.09396362,-0.2862701,0.9535217,-25.54355,6.882828,-25.54733,4.288422,0.3063136,0.3742228,0.92434,-0.08706665,-0.2512512,0.9639893,30.70296,7.63652,-32.58224,4.280212,0.5873128,0.4001318,-0.04043984,1.222433,-0.203055,-0.07047137,-0.1022622,0.09145543,1.100668,13.24254,32.71
39,-0.09095764,-0.2709351,0.9582825,0.9532279,-0.09396362,-0.2862701,0.9535217,-25.54355,6.882828,-25.54733,4.288422,0.3063136,0.3742228,0.92434,-0.08706665,-0.2512512,0.9639893,30.70296,7.63652,-32.58224,4.280212,0.5873128,0.4001318,-0.04029703,1.222171,-0.202867,-0.06931756,-0.1015293,0.09129594,1.100668,13.24254,32.71
39,-0.08407593,-0.2857971,0.9545898,0.9639802,-0.07833862,-0.3105621,0.9473114,-25.53125,6.882782,-25.54913,4.162506,0.3033752,0.3785072,0.9217767,-0.09169006,-0.2523041,0.9632874,30.70296,7.63652,-32.58058,4.292847,0.5881215,0.4003195,-0.04002154,1.222011,-0.2026064,-0.0680706,-0.1008316,0.0914842,1.100668,13.24254,32.71
39,-0.08407593,-0.2857971,0.9545898,0.9639802,-0.07833862,-0.3105621,0.9473114,-25.53125,6.882782,-25.54913,4.162506,0.3033752,0.3785072,0.9217767,-0.09169006,-0.2523041,0.9632874,30.70296,7.63652,-32.58058,4.292847,0.5881215,0.4003195,-0.04002154,1.222011,-0.2026064,-0.0680706,-0.1008316,0.0914842,1.100668,13.24254,32.71
39,-0.09199524,-0.2740936,0.9572906,0.9543927,-0.08810425,-0.2887878,0.9533234,-25.52718,6.897217,-25.539,4.19809,0.3048638,0.3741109,0.9270118,-0.09687805,-0.2554016,0.9619598,30.70296,7.644699,-32.58003,4.260345,0.5890314,0.4006499,-0.03974998,1.221796,-0.2023686,-0.06681452,-0.1001508,0.09147573,1.100668,26.15258,32.71
39,-0.09199524,-0.2740936,0.9572906,0.9543927,-0.08810425,-0.2887878,0.9533234,-25.52718,6.897217,-25.539,4.19809,0.3048638,0.3741109,0.9270118,-0.09687805,-0.2554016,0.9619598,30.70296,7.644699,-32.58003,4.260345,0.5890314,0.4006499,-0.03974998,1.221796,-0.2023686,-0.06681452,-0.1001508,0.09147573,1.100668,26.15258,32.71
39,-0.09228516,-0.2750549,0.9569855,0.9394696,-0.09048462,-0.2857513,0.95401,-25.5242,6.911331,-25.53581,4.211533,0.3051518,0.3730804,0.924048,-0.09484863,-0.2597046,0.9610138,30.72426,7.648621,-32.57962,4.201599,0.5879046,0.4013397,-0.03941429,1.221561,-0.2020235,-0.06579556,-0.09956554,0.09134367,1.100668,26.15258,32.71
39,-0.09228516,-0.2750549,0.9569855,0.9394696,-0.09048462,-0.2857513,0.95401,-25.5242,6.911331,-25.53581,4.211533,0.3051518,0.3730804,0.924048,-0.09484863,-0.2597046,0.9610138,30.72426,7.648621,-32.57962,4.201599,0.5879046,0.4013397,-0.03941429,1.221561,-0.2020235,-0.06579556,-0.09956554,0.09134367,1.100668,26.15258,32.71
39,-0.08644104,-0.2810974,0.9557648,0.9290018,-0.08181763,-0.2906494,0.9533081,-25.52289,6.926346,-25.5316,4.195313,0.303676,0.3733457,0.9240193,-0.09359741,-0.2661896,0.9593506,30.7549,7.653656,-32.57806,4.112289,0.586579,0.4024138,-0.03915036,1.221342,-0.2017603,-0.06473572,-0.09899398,0.09150243,1.100668,26.15258,32.71
39,-0.08644104,-0.2810974,0.9557648,0.9290018,-0.08181763,-0.2906494,0.9533081,-25.52289,6.926346,-25.5316,4.195313,0.303676,0.3733457,0.9240193,-0.09359741,-0.2661896,0.9593506,30.7549,7.653656,-32.57806,4.112289,0.586579,0.4024138,-0.03915036,1.221342,-0.2017603,-0.06473572,-0.09899398,0.09150243,1.100668,26.15258,32.71
39,-0.08242798,-0.2824554,0.955719,0.9582489,-0.07685852,-0.2952423,0.9523163,-25.52057,6.935287,-25.52988,4.174515,0.3027856,0.3738242,0.9369386,-0.09080505,-0.2630615,0.9604797,30.76434,7.66658,-32.57658,4.111877,0.5857584,0.4013397,-0.03889191,1.221134,-0.2014956,-0.0635759,-0.09825963,0.09130574,1.100668,26.15258,32.71
39,-0.08242798,-0.2824554,0.955719,0.9582489,-0.07685852,-0.2952423,0.9523163,-25.52057,6.935287,-25.52988,4.174515,0.3027856,0.3738242,0.9369386,-0.09080505,-0.2630615,0.9604797,30.76434,7.66658,-32.57658,4.111877,0.5857584,0.4013397,-0.03889191,1.221134,-0.2014956,-0.0635759,-0.09825963,0.09130574,1.100668,26.15258,32.71
39,-0.08628845,-0.2796478,0.9562073,0.9309142,-0.08850098,-0.2955017,0.9512329,-25.51486,6.944778,-25.52881,4.211853,0.3044927,0.373611,0.9318046,-0.08349609,-0.2596588,0.9620667,30.77937,7.686813,-32.57054,4.11116,0.5839456,0.3998958,-0.03856158,1.220946,-0.2012339,-0.06253707,-0.097418,0.09077231,1.100668,26.15258,32.71
39,-0.08628845,-0.2796478,0.9562073,0.9309142,-0.08850098,-0.2955017,0.9512329,-25.51486,6.944778,-25.52881,4.211853,0.3044927,0.373611,0.9318046,-0.08349609,-0.2596588,0.9620667,30.77937,7.686813,-32.57054,4.11116,0.5839456,0.3998958,-0.03856158,1.220946,-0.2012339,-0.06253707,-0.097418,0.09077231,1.100668,26.15258,32.71
39,-0.07904053,-0.2726898,0.958847,0.9517348,-0.07899475,-0.2971344,0.9515533,-25.51089,6.965088,-25.52225,4.21759,0.3027762,0.3730804,0.9242232,-0.07902527,-0.2494965,0.9651337,30.7825,7.695007,-32.56607,3.989014,0.5830568,0.3976836,-0.03820312,1.220749,-0.2009387,-0.06158251,-0.09673978,0.09052615,1.100668,26.15258,32.71
39,-0.07904053,-0.2726898,0.958847,0.9517348,-0.07899475,-0.2971344,0.9515533,-25.51089,6.965088,-25.52225,4.21759,0.3027762,0.3730804,0.9242232,-0.07902527,-0.2494965,0.9651337,30.7825,7.695007,-32.56607,3.989014,0.5830568,0.3976836,-0.03820312,1.220749,-0.2009387,-0.06158251,-0.09673978,0.09052615,1.100668,26.15258,32.71
39,-0.08023071,-0.2704926,0.9593658,0.9214367,-0.07910156,-0.2937927,0.9525757,-25.51056,6.981339,-25.5213,4.226898,0.3027762,0.3719283,0.9326183,-0.08119202,-0.2494507,0.9649658,30.7838,7.706894,-32.56058,4.046875,0.5833928,0.3971843,-0.03779244,1.220703,-0.2006133,-0.06078673,-0.09614671,0.09039017,1.100668,26.15258,32.71
39,-0.08023071,-0.2704926,0.9593658,0.9214367,-0.07910156,-0.2937927,0.9525757,-25.51056,6.981339,-25.5213,4.226898,0.3027762,0.3719283,0.9326183,-0.08119202,-0.2494507,0.9649658,30.7838,7.706894,-32.56058,4.046875,0.5833928,0.3971843,-0.03779244,1.220703,-0.2006133,-0.06078673,-0.09614671,0.09039017,1.100668,26.15258,32.71
39,-0.08003235,-0.2652588,0.9608307,0.9351692,-0.0783844,-0.2872314,0.9546356,-25.50793,6.998886,-25.51707,4.241348,0.3025596,0.370111,0.9253922,-0.08178711,-0.241333,0.96698,30.78719,7.727005,-32.54845,4.127853,0.5833928,0.394792,-0.0375185,1.220572,-0.2002945,-0.05991887,-0.09540161,0.09016222,1.100668,26.15258,32.71
39,-0.08003235,-0.2652588,0.9608307,0.9351692,-0.0783844,-0.2872314,0.9546356,-25.50793,6.998886,-25.51707,4.241348,0.3025596,0.370111,0.9253922,-0.08178711,-0.241333,0.96698,30.78719,7.727005,-32.54845,4.127853,0.5833928,0.394792,-0.0375185,1.220572,-0.2002945,-0.05991887,-0.09540161,0.09016222,1.100668,26.15258,32.71
39,-0.08074951,-0.274704,0.9581146,0.9226217,-0.07728577,-0.2917938,0.9533386,-25.50542,7.023911,-25.50931,4.241394,0.3022909,0.3700067,0.9074094,-0.08479309,-0.2544708,0.9633484,30.81067,7.738281,-32.53755,4.084625,0.5830568,0.3968033,-0.03719127,1.220415,-0.1999408,-0.05911759,-0.09470674,0.08999224,1.100668,20.60583,32.71
39,-0.08074951,-0.274704,0.9581146,0.9226217,-0.07728577,-0.2917938,0.9533386,-25.50542,7.023911,-25.50931,4.241394,0.3022909,0.3700067,0.9074094,-0.08479309,-0.2544708,0.9633484,30.81067,7.738281,-32.53755,4.084625,0.5830568,0.3968033,-0.03719127,1.220415,-0.1999408,-0.05911759,-0.09470674,0.08999224,1.100668,20.60583,32.71
39,-0.08125305,-0.2759857,0.9577179,0.9399732,-0.07865906,-0.2933655,0.9527435,-25.49957,7.032104,-25.50401,4.28273,0.3022909,0.3699489,0.9250869,-0.08422852,-0.2557526,0.9630585,30.81677,7.744186,-32.53429,4.084717,0.5827355,0.3968033,-0.0368048,1.220266,-0.1995783,-0.05855088,-0.09407108,0.08960917,1.100668,20.60583,32.71
39,-0.08125305,-0.2759857,0.9577179,0.9399732,-0.07865906,-0.2933655,0.9527435,-25.49957,7.032104,-25.50401,4.28273,0.3022909,0.3699489,0.9250869,-0.08422852,-0.2557526,0.9630585,30.81677,7.744186,-32.53429,4.084717,0.5827355,0.3968033,-0.0368048,1.220266,-0.1995783,-0.05855088,-0.09407108,0.08960917,1.100668,20.60583,32.71
39,-0.08026123,-0.275177,0.9580231,0.9172887,-0.08085632,-0.2927399,0.9527588,-25.48909,7.036331,-25.49968,4.310699,0.3022815,0.3696577,0.923033,-0.07969666,-0.258728,0.9626465,30.8181,7.751343,-32.53131,4.085159,0.5818879,0.3970641,-0.03652906,1.220149,-0.1992354,-0.05790805,-0.09337422,0.08922522,1.100668,20.60583,32.71
39,-0.08026123,-0.275177,0.9580231,0.9172887,-0.08085632,-0.2927399,0.9527588,-25.48909,7.036331,-25.49968,4.310699,0.3022815,0.3696577,0.923033,-0.07969666,-0.258728,0.9626465,30.8181,7.751343,-32.53131,4.085159,0.5818879,0.3970641,-0.03652906,1.220149,-0.1992354,-0.05790805,-0.09337422,0.08922522,1.100668,20.60583,32.71
40,-0.08155823,-0.2719574,0.9588318,0.9155757,-0.08299255,-0.291214,0.9530334,-25.47946,7.053391,-25.4976,4.343628,0.3022815,0.368779,0.932703,-0.08009338,-0.2527618,0.9642029,30.82028,7.764236,-32.52556,4.084167,0.5818879,0.3954327,-0.03620267,1.22001,-0.1989296,-0.05738707,-0.09265289,0.08886165,1.100668,20.60583,32.71
40,-0.08155823,-0.2719574,0.9588318,0.9155757,-0.08299255,-0.291214,0.9530334,-25.47946,7.053391,-25.4976,4.343628,0.3022815,0.368779,0.932703,-0.08009338,-0.2527618,0.9642029,30.82028,7.764236,-32.52556,4.084167,0.5818879,0.3954327,-0.03620267,1.22001,-0.1989296,-0.05738707,-0.09265289,0.08886165,1.100668,20.60583,32.71
40,-0.08267212,-0.2735901,0.9582825,0.9192833,-0.08483887,-0.292038,0.9526215,-25.46681,7.05809,-25.49519,4.310349,0.3021839,0.368779,0.9169186,-0.08036804,-0.2541656,0.9638062,30.82169,7.772552,-32.51428,4.092041,0.581879,0.3952998,-0.03586149,1.219904,-0.1987307,-0.05690912,-0.09166025,0.0883956,1.100668,20.60583,32.71
40,-0.08267212,-0.2735901,0.9582825,0.9192833,-0.08483887,-0.292038,0.9526215,-25.46681,7.05809,-25.49519,4.310349,0.3021839,0.368779,0.9169186,-0.08036804,-0.2541656,0.9638062,30.82169,7.772552,-32.51428,4.092041,0.581879,0.3952998,-0.03586149,1.219904,-0.1987307,-0.05690912,-0.09166025,0.0883956,1.100668,20.60583,32.71
40,-0.08079529,-0.2534027,0.963974,0.9230599,-0.07356262,-0.2772064,0.9579773,-25.49432,7.138489,-25.46684,4.398697,0.3011884,0.3630663,0.9251518,-0.08935547,-0.2247314,0.9703064,30.79251,7.853043,-32.49127,4.31044,0.584583,0.3865723,-0.03554928,1.219881,-0.1984708,-0.05645564,-0.09070852,0.08799653,1.100668,20.60583,32.71
40,-0.08079529,-0.2534027,0.963974,0.9230599,-0.07356262,-0.2772064,0.9579773,-25.49432,7.138489,-25.46684,4.398697,0.3011884,0.3630663,0.9251518,-0.08935547,-0.2247314,0.9703064,30.79251,7.853043,-32.49127,4.31044,0.584583,0.3865723,-0.03554928,1.219881,-0.1984708,-0.05645564,-0.09070852,0.08799653,1.100668,20.60583,32.71
40,-0.1242065,-0.2131805,0.9690704,0.9004518,-0.1051941,-0.2335052,0.9666443,-25.70659,7.591614,-25.36935,4.316177,0.3136708,0.3398137,0.9180806,-0.1531525,-0.1816864,0.971344,30.30287,8.308395,-32.42834,4.171494,0.6137641,0.3615094,-0.03519332,1.219818,-0.1982403,-0.05602469,-0.08965921,0.08762974,1.100668,20.60583,32.71
40,-0.1242065,-0.2131805,0.9690704,0.9004518,-0.1051941,-0.2335052,0.9666443,-25.70659,7.591614,-25.36935,4.316177,0.3136708,0.3398137,0.9180806,-0.1531525,-0.1816864,0.971344,30.30287,8.308395,-32.42834,4.171494,0.6137641,0.3615094,-0.03519332,1.219818,-0.1982403,-0.05602469,-0.08965921,0.08762974,1.100668,20.60583,32.71
40,-0.1242065,-0.2131805,0.9690704,0.9004518,-0.1051941,-0.2335052,0.9666443,-25.70659,7.591614,-25.36935,4.316177,0.3136708,0.3398137,0.9180806,-0.1531525,-0.1816864,0.971344,30.30287,8.308395,-32.42834,4.171494,0.6137641,0.3615094,-0.03487253,1.219786,-0.1980008,-0.05575902,-0.08875528,0.08733907,1.100668,-30.15825,32.71
40,-0.1242065,-0.2131805,0.9690704,0.9004518,-0.1051941,-0.2335052,0.9666443,-25.70659,7.591614,-25.36935,4.316177,0.3136708,0.3398137,0.9180806,-0.1531525,-0.1816864,0.971344,30.30287,8.308395,-32.42834,4.171494,0.6137641,0.3615094,-0.03487253,1.219786,-0.1980008,-0.05575902,-0.08875528,0.08733907,1.100668,-30.15825,32.71
40,-0.1242065,-0.2131805,0.9690704,0.9004518,-0.1051941,-0.2335052,0.9666443,-25.70659,7.591614,-25.36935,4.316177,0.3136708,0.3398137,0.9180806,-0.1531525,-0.1816864,0.971344,30.30287,8.308395,-32.42834,4.171494,0.6137641,0.3615094,-0.03461444,1.219891,-0.1978672,-0.05558463,-0.08820938,0.08708936,1.100668,-30.15825,32.71
40,-0.1242065,-0.2131805,0.9690704,0.9004518,-0.1051941,-0.2335052,0.9666443,-25.70659,7.591614,-25.36935,4.316177,0.3136708,0.3398137,0.9180806,-0.1531525,-0.1816864,0.971344,30.30287,8.308395,-32.42834,4.171494,0.6137641,0.3615094,-0.03461444,1.219891,-0.1978672,-0.05558463,-0.08820938,0.08708936,1.100668,-30.15825,32.71
40,-0.1242065,-0.2131805,0.9690704,0.9004518,-0.1051941,-0.2335052,0.9666443,-25.70659,7.591614,-25.36935,4.316177,0.3136708,0.3398137,0.9180806,-0.1531525,-0.1816864,0.971344,30.30287,8.308395,-32.42834,4.171494,0.6137641,0.3615094,-0.03425348,1.219799,-0.1977388,-0.05518847,-0.08717034,0.08669914,1.100668,-30.15825,32.71
40,-0.1225128,-0.1864319,0.9747925,0.9193341,-0.1084747,-0.1952057,0.9747314,-25.87181,7.684402,-25.3555,4.145813,0.3199537,0.3301118,0.8500924,-0.1644745,-0.1597748,0.9733429,30.27187,8.382004,-32.4294,4.184662,0.61704,0.3546877,-0.03408742,1.219791,-0.1976582,-0.05519752,-0.08664318,0.08643673,1.100668,-30.15825,32.71
40,-0.1225128,-0.1864319,0.9747925,0.9193341,-0.1084747,-0.1952057,0.9747314,-25.87181,7.684402,-25.3555,4.145813,0.3199537,0.3301118,0.8500924,-0.1644745,-0.1597748,0.9733429,30.27187,8.382004,-32.4294,4.184662,0.61704,0.3546877,-0.03408742,1.219791,-0.1976582,-0.05519752,-0.08664318,0.08643673,1.100668,-30.15825,32.71
40,-0.1419983,-0.1764679,0.973999,1.0,-0.1157684,-0.1977386,0.9733887,-25.87221,7.682297,-25.35667,4.163284,0.3211619,0.3307008,1.0,-0.1997528,-0.1284485,0.9713745,30.25464,8.402817,-32.44864,3.915131,0.6241987,0.3484246,-0.03392577,1.21983,-0.1975576,-0.05519009,-0.08616003,0.0863385,1.100668,-30.15825,32.71
40,-0.1438599,-0.1642303,0.9758606,1.0,-0.1077271,-0.1954651,0.974762,-25.8764,7.687759,-25.35916,4.181686,0.3199427,0.330042,1.0,-0.1768494,-0.1351318,0.9749146,30.25598,8.402374,-32.4464,4.0746,0.6199698,0.3494962,-0.03354073,1.219851,-0.1974292,-0.05511471,-0.08524564,0.08595796,1.100668,-30.15825,32.71
40,-0.1377563,-0.1673584,0.9762115,1.0,-0.1091919,-0.1963348,0.9744263,-25.87462,7.69278,-25.35983,4.182266,0.3201225,0.330042,1.0,-0.1679077,-0.1362152,0.9763336,30.25598,8.397797,-32.43451,4.204727,0.6183405,0.3496575,-0.03337872,1.219872,-0.197404,-0.05506494,-0.08472788,0.08568832,1.100668,-30.15825,32.71
40,-0.1377563,-0.1673584,0.9762115,1.0,-0.1091919,-0.1963348,0.9744263,-25.87462,7.69278,-25.35983,4.182266,0.3201225,0.330042,1.0,-0.1679077,-0.1362152,0.9763336,30.25598,8.397797,-32.43451,4.204727,0.6183405,0.3496575,-0.03337872,1.219872,-0.197404,-0.05506494,-0.08472788,0.08568832,1.100668,-30.15825,32.71
40,-0.1315765,-0.1540375,0.9792633,1.0,-0.1094971,-0.1947021,0.9747162,-25.87321,7.695999,-25.36047,4.181808,0.3201225,0.3296478,1.0,-0.1560669,-0.1078949,0.9818268,30.26752,8.386276,-32.38724,4.688553,0.6158922,0.3440327,-0.03301132,1.219964,-0.1973825,-0.05494208,-0.08385556,0.08531161,1.100668,-30.15825,32.71
40,-0.1315765,-0.1540375,0.9792633,1.0,-0.1094971,-0.1947021,0.9747162,-25.87321,7.695999,-25.36047,4.181808,0.3201225,0.3296478,1.0,-0.1560669,-0.1078949,0.9818268,30.26752,8.386276,-32.38724,4.688553,0.6158922,0.3440327,-0.03301132,1.219964,-0.1973825,-0.05494208,-0.08385556,0.08531161,1.100668,-30.15825,32.71
40,-0.1224823,-0.1671295,0.9782867,1.0,-0.1073761,-0.1947479,0.9749451,-25.87209,7.696594,-25.36299,4.15065,0.319755,0.3296478,1.0,-0.1430206,-0.1289673,0.9812775,30.2813,8.383896,-32.37076,4.449402,0.6129236,0.348067,-0.03262699,1.220028,-0.1973709,-0.05501594,-0.08298537,0.08471926,1.100668,-30.15825,32.71
40,-0.1205292,-0.1692963,0.9781647,1.0,-0.1062927,-0.1962738,0.974762,-25.87195,7.697006,-25.36508,4.142105,0.3195753,0.3299123,1.0,-0.1411438,-0.1294861,0.9814758,30.28244,8.382538,-32.36923,4.420273,0.6125398,0.3482161,-0.0324471,1.220074,-0.1973787,-0.05498004,-0.08269027,0.08434582,1.100668,-30.15825,32.71
40,-0.1205292,-0.1692963,0.9781647,1.0,-0.1062927,-0.1962738,0.974762,-25.87195,7.697006,-25.36508,4.142105,0.3195753,0.3299123,1.0,-0.1411438,-0.1294861,0.9814758,30.28244,8.382538,-32.36923,4.420273,0.6125398,0.3482161,-0.0324471,1.220074,-0.1973787,-0.05498004,-0.08269027,0.08434582,1.100668,-30.15825,32.71
40,-0.1316528,-0.1774902,0.9752655,1.0,-0.1091003,-0.1963806,0.9744263,-25.85835,7.698578,-25.36812,4.142502,0.3195753,0.3299123,1.0,-0.1620636,-0.1516113,0.9750519,30.30493,8.392654,-32.36467,4.036316,0.6153777,0.352286,-0.03198659,1.220134,-0.197358,-0.05508118,-0.08202217,0.08370179,1.100668,-30.15825,32.71
40,-0.1309357,-0.1655426,0.9774628,1.0,-0.1103516,-0.1974335,0.9740753,-25.84694,7.703934,-25.36812,4.145752,0.3193918,0.3299123,1.0,-0.1577301,-0.1231995,0.9797516,30.30653,8.398972,-32.37236,4.390167,0.6146783,0.3465344,-0.03168404,1.220207,-0.1973248,-0.05506684,-0.08167645,0.08346272,1.100668,-5.938866,32.71
40,-0.1309357,-0.1655426,0.9774628,1.0,-0.1103516,-0.1974335,0.9740753,-25.84694,7.703934,-25.36812,4.145752,0.3193918,0.3299123,1.0,-0.1577301,-0.1231995,0.9797516,30.30653,8.398972,-32.37236,4.390167,0.6146783,0.3465344,-0.03168404,1.220207,-0.1973248,-0.05506684,-0.08167645,0.08346272,1.100668,-5.938866,32.71
40,-0.1207428,-0.1763611,0.9768829,1.0,-0.1108704,-0.1999054,0.9735107,-25.84448,7.711517,-25.36812,4.14592,0.3193918,0.330098,1.0,-0.13414,-0.1439514,0.9804382,30.30826,8.396103,-32.36089,4.430573,0.6103107,0.3503513,-0.03145874,1.220202,-0.197351,-0.05512823,-0.08146545,0.08330742,1.100668,-5.938866,32.71
40,-0.1208954,-0.1712036,0.9777832,1.0,-0.1122894,-0.200592,0.9732056,-25.83765,7.720276,-25.36812,4.170898,0.3193696,0.3299123,1.0,-0.1348267,-0.122467,0.9832611,30.31337,8.392365,-32.35191,4.426407,0.6103107,0.3463825,-0.0310365,1.2203,-0.1973655,-0.05522073,-0.0809501,0.08305959,1.100668,-5.938866,32.71
40,-0.1208954,-0.1712036,0.9777832,1.0,-0.1122894,-0.200592,0.9732056,-25.83765,7.720276,-25.36812,4.170898,0.3193696,0.3299123,1.0,-0.1348267,-0.122467,0.9832611,30.31337,8.392365,-32.35191,4.426407,0.6103107,0.3463825,-0.0310365,1.2203,-0.1973655,-0.05522073,-0.0809501,0.08305959,1.100668,-5.938866,32.71
40,-0.1184082,-0.1705627,0.9781952,1.0,-0.1103973,-0.2036591,0.9727936,-25.8313,7.730087,-25.36623,4.145309,0.3188566,0.330098,1.0,-0.1311646,-0.1162872,0.9845123,30.3192,8.389084,-32.34863,4.493622,0.6094725,0.3452709,-0.03085887,1.220378,-0.197372,-0.05543578,-0.0806483,0.08276998,1.100668,-5.938866,32.71
40,-0.1172485,-0.1685028,0.9786987,1.0,-0.1115875,-0.2048492,0.9723969,-25.82326,7.735016,-25.3622,4.170258,0.3187647,0.330098,1.0,-0.124939,-0.1170197,0.9852295,30.32318,8.391769,-32.34532,4.494888,0.6082134,0.3452709,-0.03035533,1.220649,-0.1972917,-0.05585581,-0.08021357,0.08152021,1.100668,-5.938866,32.71
40,-0.1172485,-0.1685028,0.9786987,1.0,-0.1115875,-0.2048492,0.9723969,-25.82326,7.735016,-25.3622,4.170258,0.3187647,0.330098,1.0,-0.124939,-0.1170197,0.9852295,30.32318,8.391769,-32.34532,4.494888,0.6082134,0.3452709,-0.03035533,1.220649,-0.1972917,-0.05585581,-0.08021357,0.08152021,1.100668,-5.938866,32.71
40,-0.1146851,-0.1643982,0.9796906,1.0,-0.1084747,-0.2036285,0.9730072,-25.81699,7.737213,-25.36102,4.17717,0.3180282,0.3297615,1.0,-0.1217346,-0.1179352,0.9855194,30.32555,8.393921,-32.33664,4.51297,0.6075506,0.3452709,-0.03019798,1.22075,-0.1973494,-0.05609871,-0.07986608,0.08091485,1.100668,-5.938866,32.71
40,-0.1138306,-0.1630859,0.980011,1.0,-0.1089478,-0.1996613,0.9737854,-25.81302,7.737213,-25.36102,4.176331,0.3179732,0.3290541,1.0,-0.1194153,-0.1195526,0.985611,30.33394,8.393326,-32.31833,4.513443,0.6068093,0.3454441,-0.02987194,1.220902,-0.1974683,-0.05649785,-0.07939546,0.08033396,1.100668,-5.938866,32.71
40,-0.1138306,-0.1630859,0.980011,1.0,-0.1089478,-0.1996613,0.9737854,-25.81302,7.737213,-25.36102,4.176331,0.3179732,0.3290541,1.0,-0.1194153,-0.1195526,0.985611,30.33394,8.393326,-32.31833,4.513443,0.6068093,0.3454441,-0.02987194,1.220902,-0.1974683,-0.05649785,-0.07939546,0.08033396,1.100668,-5.938866,32.71
40,-0.1108551,-0.1657257,0.9799042,1.0,-0.1044769,-0.1996613,0.9742737,-25.80855,7.737213,-25.36102,4.193451,0.317063,0.3289948,1.0,-0.1189117,-0.12146,0.9854431,30.34618,8.390213,-32.29411,4.515244,0.6062453,0.3457216,-0.0296607,1.220967,-0.1975116,-0.05665167,-0.07919833,0.07995895,1.100668,-5.938866,32.71
40,-0.1109009,-0.1616211,0.9805908,1.0,-0.1061401,-0.1891632,0.976181,-25.79829,7.737213,-25.36102,4.23909,0.3169519,0.3271168,1.0,-0.1175232,-0.1222076,0.9855194,30.35922,8.387909,-32.27718,4.516724,0.6055045,0.3458157,-0.02925837,1.221104,-0.1976345,-0.05712956,-0.07861812,0.07942913,1.100668,-5.938866,32.71
40,-0.1109009,-0.1616211,0.9805908,1.0,-0.1061401,-0.1891632,0.976181,-25.79829,7.737213,-25.36102,4.23909,0.3169519,0.3271168,1.0,-0.1175232,-0.1222076,0.9855194,30.35922,8.387909,-32.27718,4.516724,0.6055045,0.3458157,-0.02925837,1.221104,-0.1976345,-0.05712956,-0.07861812,0.07942913,1.100668,-5.938866,32.71
40,-0.111084,-0.158371,0.9810944,1.0,-0.1075745,-0.1860809,0.9766235,-25.78635,7.734161,-25.36523,4.275391,0.3167495,0.3266936,1.0,-0.1155396,-0.1220245,0.9857635,30.37407,8.384811,-32.26794,4.522568,0.6046071,0.3458157,-0.02906704,1.22116,-0.1977042,-0.05736123,-0.07820708,0.07910185,1.100668,-5.938866,32.71
40,-0.1103363,-0.1528625,0.9820557,1.0,-0.1075745,-0.178009,0.9781189,-25.77873,7.730392,-25.36699,4.302567,0.3164638,0.3253803,1.0,-0.1137085,-0.1211395,0.986084,30.38974,8.374695,-32.24246,4.524445,0.603688,0.3458157,-0.02864468,1.221306,-0.1978185,-0.05795949,-0.07754963,0.07846482,1.100668,-5.938866,32.71
40,-0.1103363,-0.1528625,0.9820557,1.0,-0.1075745,-0.178009,0.9781189,-25.77873,7.730392,-25.36699,4.302567,0.3164638,0.3253803,1.0,-0.1137085,-0.1211395,0.986084,30.38974,8.374695,-32.24246,4.524445,0.603688,0.3458157,-0.02864468,1.221306,-0.1978185,-0.05795949,-0.07754963,0.07846482,1.100668,-5.938866,32.71
40,-0.1164093,-0.1460571,0.9823914,1.0,-0.1175232,-0.1660156,0.9790802,-25.72968,7.699203,-25.39082,4.286087,0.3164638,0.3245696,1.0,-0.1149445,-0.1207581,0.9859924,30.40648,8.354797,-32.20833,4.510544,0.6032543,0.3462035,-0.02824879,1.221514,-0.1979229,-0.05861384,-0.07697344,0.07772611,1.100668,14.25644,32.71
40,-0.1172943,-0.1440887,0.9825745,1.0,-0.1188354,-0.164978,0.9790955,-25.72447,7.695648,-25.39554,4.323563,0.3164638,0.3245184,1.0,-0.1152344,-0.1173706,0.9863739,30.41325,8.344589,-32.19276,4.525391,0.6030542,0.3458157,-0.02824879,1.221514,-0.1979229,-0.05861384,-0.07697344,0.07772611,1.100668,14.25644,32.71
40,-0.1172943,-0.1440887,0.9825745,1.0,-0.1188354,-0.164978,0.9790955,-25.72447,7.695648,-25.39554,4.323563,0.3164638,0.3245184,1.0,-0.1152344,-0.1173706,0.9863739,30.41325,8.344589,-32.19276,4.525391,0.6030542,0.3458157,-0.02824879,1.221514,-0.1979229,-0.05861384,-0.07697344,0.07772611,1.100668,14.25644,32.71
40,-0.1172943,-0.1440887,0.9825745,1.0,-0.1188354,-0.164978,0.9790955,-25.72447,7.695648,-25.39554,4.323563,0.3164638,0.3245184,1.0,-0.1152344,-0.1173706,0.9863739,30.41325,8.344589,-32.19276,4.525391,0.6030542,0.3458157,-0.02779579,1.221819,-0.1980069,-0.05948796,-0.07624912,0.07701506,1.100668,14.25644,32.71
40,-0.1172943,-0.1440887,0.9825745,1.0,-0.1188354,-0.164978,0.9790955,-25.72447,7.695648,-25.39554,4.323563,0.3164638,0.3245184,1.0,-0.1152344,-0.1173706,0.9863739,30.41325,8.344589,-32.19276,4.525391,0.6030542,0.3458157,-0.0273627,1.222143,-0.1980978,-0.06059768,-0.07572975,0.07605549,1.100668,14.25644,32.71
40,-0.1172943,-0.1440887,0.9825745,1.0,-0.1188354,-0.164978,0.9790955,-25.72447,7.695648,-25.39554,4.323563,0.3164638,0.3245184,1.0,-0.1152344,-0.1173706,0.9863739,30.41325,8.344589,-32.19276,4.525391,0.6030542,0.3458157,-0.02689886,1.222378,-0.1982056,-0.06147134,-0.0749796,0.07507711,1.100668,14.25644,32.71
40,-0.1172943,-0.1440887,0.9825745,1.0,-0.1188354,-0.164978,0.9790955,-25.72447,7.695648,-25.39554,4.323563,0.3164638,0.3245184,1.0,-0.1152344,-0.1173706,0.9863739,30.41325,8.344589,-32.19276,4.525391,0.6030542,0.3458157,-0.02689886,1.222378,-0.1982056,-0.06147134,-0.0749796,0.07507711,1.100668,14.25644,32.71
40,-0.1196594,-0.1422424,0.9825592,1.0,-0.1211395,-0.1579742,0.9799805,-25.71368,7.693787,-25.40709,4.37645,0.3164153,0.3234157,1.0,-0.1159668,-0.1040192,0.9877777,30.49834,8.263763,-31.98555,4.377533,0.5998963,0.3446826,-0.02639771,1.222562,-0.1983238,-0.06244705,-0.07413237,0.0744841,1.100668,14.25644,32.71
40,-0.1196594,-0.1422424,0.9825592,1.0,-0.1211395,-0.1579742,0.9799805,-25.71368,7.693787,-25.40709,4.37645,0.3164153,0.3234157,1.0,-0.1159668,-0.1040192,0.9877777,30.49834,8.263763,-31.98555,4.377533,0.5998963,0.3446826,-0.02639771,1.222562,-0.1983238,-0.06244705,-0.07413237,0.0744841,1.100668,14.25644,32.71
40,-0.1139374,-0.1456909,0.9827423,1.0,-0.1131744,-0.1518707,0.9818878,-25.70326,7.687134,-25.41838,4.384216,0.3147048,0.3225504,1.0,-0.1188049,-0.1053772,0.9873047,30.5096,8.230408,-31.91615,4.383163,0.5998963,0.3455951,-0.0259341,1.222774,-0.1984291,-0.06322983,-0.07351653,0.07369145,1.100668,14.25644,32.71
40,-0.1139374,-0.1456909,0.9827423,1.0,-0.1131744,-0.1518707,0.9818878,-25.70326,7.687134,-25.41838,4.384216,0.3147048,0.3225504,1.0,-0.1188049,-0.1053772,0.9873047,30.5096,8.230408,-31.91615,4.383163,0.5998963,0.3455951,-0.0259341,1.222774,-0.1984291,-0.06322983,-0.07351653,0.07369145,1.100668,14.25644,32.71
40,-0.1161041,-0.1387939,0.9834747,1.0,-0.1156921,-0.1475067,0.982254,-25.6848,7.686691,-25.43329,4.419678,0.3144454,0.3219023,1.0,-0.11763,-0.1045227,0.9875336,30.5099,8.212463,-31.89325,4.385025,0.5996443,0.3459144,-0.02539611,1.223024,-0.1983761,-0.06363564,-0.07266609,0.07283261,1.100668,14.25644,32.71
40,-0.1161041,-0.1387939,0.9834747,1.0,-0.1156921,-0.1475067,0.982254,-25.6848,7.686691,-25.43329,4.419678,0.3144454,0.3219023,1.0,-0.11763,-0.1045227,0.9875336,30.5099,8.212463,-31.89325,4.385025,0.5996443,0.3459144,-0.02539611,1.223024,-0.1983761,-0.06363564,-0.07266609,0.07283261,1.100668,14.25644,32.71
40,-0.1134033,-0.129715,0.9850311,1.0,-0.112381,-0.1458282,0.9828949,-25.67564,7.679321,-25.44658,4.416946,0.3135624,0.3219023,1.0,-0.1148682,-0.1056061,0.9877472,30.51442,8.198669,-31.89787,4.389908,0.5989838,0.3466592,-0.02497256,1.223202,-0.1983773,-0.06419715,-0.07210626,0.07210461,1.100668,20.9567,32.71
40,-0.1134033,-0.129715,0.9850311,1.0,-0.112381,-0.1458282,0.9828949,-25.67564,7.679321,-25.44658,4.416946,0.3135624,0.3219023,1.0,-0.1148682,-0.1056061,0.9877472,30.51442,8.198669,-31.89787,4.389908,0.5989838,0.3466592,-0.02497256,1.223202,-0.1983773,-0.06419715,-0.07210626,0.07210461,1.100668,20.9567,32.71
40,-0.1033325,-0.1287689,0.9862671,1.0,-0.0930481,-0.14888,0.9844513,-25.66811,7.67392,-25.45903,4.371155,0.3100969,0.3225328,1.0,-0.1140137,-0.1076813,0.9876099,30.52495,8.189346,-31.89325,4.387787,0.5984368,0.3473489,-0.02447808,1.223368,-0.1983623,-0.06468701,-0.07151331,0.07134704,1.100668,20.9567,32.71
40,-0.1033325,-0.1287689,0.9862671,1.0,-0.0930481,-0.14888,0.9844513,-25.66811,7.67392,-25.45903,4.371155,0.3100969,0.3225328,1.0,-0.1140137,-0.1076813,0.9876099,30.52495,8.189346,-31.89325,4.387787,0.5984368,0.3473489,-0.02447808,1.223368,-0.1983623,-0.06468701,-0.07151331,0.07134704,1.100668,20.9567,32.71
40,-0.1033325,-0.1287689,0.9862671,1.0,-0.0930481,-0.14888,0.9844513,-25.66811,7.67392,-25.45903,4.371155,0.3100969,0.3225328,1.0,-0.1140137,-0.1076813,0.9876099,30.52495,8.189346,-31.89325,4.387787,0.5984368,0.3473489,-0.02413511,1.22348,-0.1984186,-0.06499851,-0.07097883,0.07064908,1.100668,20.9567,32.71
40,-0.1033325,-0.1287689,0.9862671,1.0,-0.0930481,-0.14888,0.9844513,-25.66811,7.67392,-25.45903,4.371155,0.3100969,0.3225328,1.0,-0.1140137,-0.1076813,0.9876099,30.52495,8.189346,-31.89325,4.387787,0.5984368,0.3473489,-0.02413511,1.22348,-0.1984186,-0.06499851,-0.07097883,0.07064908,1.100668,20.9567,32.71
40,-0.1033325,-0.1287689,0.9862671,1.0,-0.0930481,-0.14888,0.9844513,-25.66811,7.67392,-25.45903,4.371155,0.3100969,0.3225328,1.0,-0.1140137,-0.1076813,0.9876099,30.52495,8.189346,-31.89325,4.387787,0.5984368,0.3473489,-0.02372921,1.223541,-0.1984622,-0.06532576,-0.07051292,0.06999538,1.100668,20.9567,32.71
40,-0.1033325,-0.1287689,0.9862671,1.0,-0.0930481,-0.14888,0.9844513,-25.66811,7.67392,-25.45903,4.371155,0.3100969,0.3225328,1.0,-0.1140137,-0.1076813,0.9876099,30.52495,8.189346,-31.89325,4.387787,0.5984368,0.3473489,-0.02372921,1.223541,-0.1984622,-0.06532576,-0.07051292,0.06999538,1.100668,20.9567,32.71
40,-0.09315491,-0.1392365,0.9858551,1.0,-0.09255981,-0.1470642,0.9847717,-25.65314,7.67392,-25.48508,4.366669,0.3094715,0.3223719,1.0,-0.09486389,-0.1158447,0.9887238,30.62973,8.092636,-31.49472,4.385818,0.5908919,0.3489867,-0.02334559,1.223615,-0.1985494,-0.06556653,-0.07003592,0.06928702,1.100668,20.9567,32.71
40,-0.09315491,-0.1392365,0.9858551,1.0,-0.09255981,-0.1470642,0.9847717,-25.65314,7.67392,-25.48508,4.366669,0.3094715,0.3223719,1.0,-0.09486389,-0.1158447,0.9887238,30.62973,8.092636,-31.49472,4.385818,0.5908919,0.3489867,-0.02334559,1.223615,-0.1985494,-0.06556653,-0.07003592,0.06928702,1.100668,20.9567,32.71
40,-0.09326172,-0.144165,0.9851379,1.0,-0.09225464,-0.146759,0.984848,-25.65004,7.679321,-25.4908,4.367874,0.3092991,0.3221723,1.0,-0.1006775,-0.1249084,0.98703,30.63194,8.123627,-31.63148,4.485718,0.591919,0.3507723,-0.02299178,1.223727,-0.1985073,-0.06552436,-0.06958821,0.06847046,1.100668,20.9567,32.71
40,-0.09326172,-0.144165,0.9851379,1.0,-0.09225464,-0.146759,0.984848,-25.65004,7.679321,-25.4908,4.367874,0.3092991,0.3221723,1.0,-0.1006775,-0.1249084,0.98703,30.63194,8.123627,-31.63148,4.485718,0.591919,0.3507723,-0.02299178,1.223727,-0.1985073,-0.06552436,-0.06958821,0.06847046,1.100668,20.9567,32.71
40,-0.09326172,-0.144165,0.9851379,1.0,-0.09225464,-0.146759,0.984848,-25.65004,7.679321,-25.4908,4.367874,0.3092991,0.3221723,1.0,-0.1006775,-0.1249084,0.98703,30.63194,8.123627,-31.63148,4.485718,0.591919,0.3507723,-0.02260137,1.223812,-0.1984513,-0.06566056,-0.06917769,0.06770723,1.100668,20.9567,32.71
40,-0.09326172,-0.144165,0.9851379,1.0,-0.09225464,-0.146759,0.984848,-25.65004,7.679321,-25.4908,4.367874,0.3092991,0.3221723,1.0,-0.1006775,-0.1249084,0.98703,30.63194,8.123627,-31.63148,4.485718,0.591919,0.3507723,-0.02260137,1.223812,-0.1984513,-0.06566056,-0.06917769,0.06770723,1.100668,20.9567,32.71
40,-0.09326172,-0.144165,0.9851379,1.0,-0.09225464,-0.146759,0.984848,-25.65004,7.679321,-25.4908,4.367874,0.3092991,0.3221723,1.0,-0.1006775,-0.1249084,0.98703,30.63194,8.123627,-31.63148,4.485718,0.591919,0.3507723,-0.02222598,1.22386,-0.1984015,-0.06572758,-0.06869273,0.06692905,1.100668,20.9567,32.71
40,-0.09326172,-0.144165,0.9851379,1.0,-0.09225464,-0.146759,0.984848,-25.65004,7.679321,-25.4908,4.367874,0.3092991,0.3221723,1.0,-0.1006775,-0.1249084,0.98703,30.63194,8.123627,-31.63148,4.485718,0.591919,0.3507723,-0.02222598,1.22386,-0.1984015,-0.06572758,-0.06869273,0.06692905,1.100668,20.9567,32.71
40,-0.07302856,-0.1495972,0.9860382,1.0,-0.07270813,-0.1497955,0.9860229,-25.50162,7.690491,-25.49953,4.223343,0.3010472,0.3220618,1.0,-0.08319092,-0.1428986,0.9862213,30.64914,8.086105,-31.44014,4.387497,0.5879954,0.3538654,-0.02189744,1.223865,-0.1984012,-0.06592927,-0.06817558,0.06620286,1.100668,-13.83433,32.71
40,-0.07302856,-0.1495972,0.9860382,1.0,-0.07270813,-0.1497955,0.9860229,-25.50162,7.690491,-25.49953,4.223343,0.3010472,0.3220618,1.0,-0.08319092,-0.1428986,0.9862213,30.64914,8.086105,-31.44014,4.387497,0.5879954,0.3538654,-0.02189744,1.223865,-0.1984012,-0.06592927,-0.06817558,0.06620286,1.100668,-13.83433,32.71
40,-0.0818634,-0.1452484,0.9859924,1.0,-0.08164978,-0.1475525,0.985672,-25.4996,7.700241,-25.50098,4.336639,0.3023694,0.3213599,1.0,-0.08248901,-0.1382599,0.9869385,30.65218,8.078979,-31.39243,4.470627,0.5877465,0.3528149,-0.02163827,1.22394,-0.1984016,-0.06611063,-0.06761209,0.0655097,1.100668,-13.83433,32.71
40,-0.0818634,-0.1452484,0.9859924,1.0,-0.08164978,-0.1475525,0.985672,-25.4996,7.700241,-25.50098,4.336639,0.3023694,0.3213599,1.0,-0.08248901,-0.1382599,0.9869385,30.65218,8.078979,-31.39243,4.470627,0.5877465,0.3528149,-0.02163827,1.22394,-0.1984016,-0.06611063,-0.06761209,0.0655097,1.100668,-13.83433,32.71
40,-0.07814026,-0.142395,0.9867096,1.0,-0.07662964,-0.1471558,0.9861298,-25.49377,7.695404,-25.49887,4.326675,0.3013391,0.3213953,1.0,-0.08108521,-0.1330261,0.9877777,30.65523,8.074844,-31.38478,4.525391,0.5873999,0.3519128,-0.02137613,1.224052,-0.1983829,-0.06620151,-0.06719569,0.06498728,1.100668,-13.83433,32.71
40,-0.07814026,-0.142395,0.9867096,1.0,-0.07662964,-0.1471558,0.9861298,-25.49377,7.695404,-25.49887,4.326675,0.3013391,0.3213953,1.0,-0.08108521,-0.1330261,0.9877777,30.65523,8.074844,-31.38478,4.525391,0.5873999,0.3519128,-0.02137613,1.224052,-0.1983829,-0.06620151,-0.06719569,0.06498728,1.100668,-13.83433,32.71
40,-0.08041382,-0.1417694,0.986618,1.0,-0.08044434,-0.1478577,0.9857178,-25.48463,7.695129,-25.48441,4.409225,0.3016119,0.3213953,1.0,-0.0803833,-0.1331177,0.9878235,30.6568,8.066544,-31.34735,4.526733,0.5871876,0.3519128,-0.02118576,1.224023,-0.1982872,-0.06641904,-0.06676722,0.06456562,1.100668,-13.83433,32.71
40,-0.08041382,-0.1417694,0.986618,1.0,-0.08044434,-0.1478577,0.9857178,-25.48463,7.695129,-25.48441,4.409225,0.3016119,0.3213953,1.0,-0.0803833,-0.1331177,0.9878235,30.6568,8.066544,-31.34735,4.526733,0.5871876,0.3519128,-0.02118576,1.224023,-0.1982872,-0.06641904,-0.06676722,0.06456562,1.100668,-13.83433,32.71
40,-0.08197021,-0.1419373,0.9864655,1.0,-0.08360291,-0.1482544,0.9853973,-25.47884,7.694824,-25.47075,4.483841,0.3018966,0.3213599,1.0,-0.07957458,-0.1326904,0.9879456,30.65695,8.060837,-31.31181,4.535675,0.5870081,0.351743,-0.02095306,1.22409,-0.1982037,-0.06664514,-0.0664104,0.06420562,1.100668,-13.83433,32.71
40,-0.08197021,-0.1419373,0.9864655,1.0,-0.08360291,-0.1482544,0.9853973,-25.47884,7.694824,-25.47075,4.483841,0.3018966,0.3213599,1.0,-0.07957458,-0.1326904,0.9879456,30.65695,8.060837,-31.31181,4.535675,0.5870081,0.351743,-0.02095306,1.22409,-0.1982037,-0.06664514,-0.0664104,0.06420562,1.100668,-13.83433,32.71
40,-0.08197021,-0.1419373,0.9864655,1.0,-0.08360291,-0.1482544,0.9853973,-25.47884,7.694824,-25.47075,4.483841,0.3018966,0.3213599,1.0,-0.07957458,-0.1326904,0.9879456,30.65695,8.060837,-31.31181,4.535675,0.5870081,0.351743,-0.02067578,1.224101,-0.1981631,-0.06678551,-0.06609654,0.06391521,1.100668,-13.83433,32.71
40,-0.08197021,-0.1419373,0.9864655,1.0,-0.08360291,-0.1482544,0.9853973,-25.47884,7.694824,-25.47075,4.483841,0.3018966,0.3213599,1.0,-0.07957458,-0.1326904,0.9879456,30.65695,8.060837,-31.31181,4.535675,0.5870081,0.351743,-0.02067578,1.224101,-0.1981631,-0.06678551,-0.06609654,0.06391521,1.100668,-13.83433,32.71
40,-0.08197021,-0.1419373,0.9864655,1.0,-0.08360291,-0.1482544,0.9853973,-25.47884,7.694824,-25.47075,4.483841,0.3018966,0.3213599,1.0,-0.07957458,-0.1326904,0.9879456,30.65695,8.060837,-31.31181,4.535675,0.5870081,0.351743,-0.02048612,1.224131,-0.1981891,-0.06672592,-0.06577427,0.06349323,1.100668,-13.83433,32.71
40,-0.08197021,-0.1419373,0.9864655,1.0,-0.08360291,-0.1482544,0.9853973,-25.47884,7.694824,-25.47075,4.483841,0.3018966,0.3213599,1.0,-0.07957458,-0.1326904,0.9879456,30.65695,8.060837,-31.31181,4.535675,0.5870081,0.351743,-0.02048612,1.224131,-0.1981891,-0.06672592,-0.06577427,0.06349323,1.100668,-13.83433,32.71
40,-0.08143616,-0.1412506,0.9866028,1.0,-0.08543396,-0.1461945,0.9855499,-25.45291,7.693436,-25.4577,4.496414,0.3013273,0.320924,1.0,-0.07420349,-0.1322784,0.9884186,30.66481,8.049255,-31.25359,4.54599,0.5857355,0.3516001,-0.02027416,1.224189,-0.1981624,-0.06666101,-0.06543162,0.06312924,1.100668,-13.83433,32.71
40,-0.08143616,-0.1412506,0.9866028,1.0,-0.08543396,-0.1461945,0.9855499,-25.45291,7.693436,-25.4577,4.496414,0.3013273,0.320924,1.0,-0.07420349,-0.1322784,0.9884186,30.66481,8.049255,-31.25359,4.54599,0.5857355,0.3516001,-0.02027416,1.224189,-0.1981624,-0.06666101,-0.06543162,0.06312924,1.100668,-13.83433,32.71
40,-0.0758667,-0.1386261,0.9874268,1.0,-0.08183289,-0.1452789,0.9859924,-25.44034,7.690643,-25.44701,4.49472,0.3003089,0.3207354,1.0,-0.06918335,-0.1311646,0.9889374,30.68138,8.031799,-31.20529,4.597672,0.5842335,0.3516001,-0.02005196,1.224196,-0.198163,-0.06648991,-0.06532051,0.06295634,1.100668,-19.98571,32.71
40,-0.0758667,-0.1386261,0.9874268,1.0,-0.08183289,-0.1452789,0.9859924,-25.44034,7.690643,-25.44701,4.49472,0.3003089,0.3207354,1.0,-0.06918335,-0.1311646,0.9889374,30.68138,8.031799,-31.20529,4.597672,0.5842335,0.3516001,-0.02005196,1.224196,-0.198163,-0.06648991,-0.06532051,0.06295634,1.100668,-19.98571,32.71
40,-0.07754517,-0.1378632,0.9873962,1.0,-0.08171082,-0.1433868,0.9862823,-25.43605,7.683121,-25.44022,4.440277,0.3002068,0.3206307,1.0,-0.07237244,-0.1309967,0.9887238,30.70688,8.030014,-31.2,4.598831,0.5838781,0.3516001,-0.01993024,1.224156,-0.1981789,-0.06649751,-0.06518669,0.06285542,1.100668,-19.98571,32.71
40,-0.07754517,-0.1378632,0.9873962,1.0,-0.08171082,-0.1433868,0.9862823,-25.43605,7.683121,-25.44022,4.440277,0.3002068,0.3206307,1.0,-0.07237244,-0.1309967,0.9887238,30.70688,8.030014,-31.2,4.598831,0.5838781,0.3516001,-0.01993024,1.224156,-0.1981789,-0.06649751,-0.06518669,0.06285542,1.100668,-19.98571,32.71
41,-0.07461548,-0.1379242,0.9876251,1.0,-0.07228088,-0.144043,0.9869232,-25.43437,7.683121,-25.44022,4.393417,0.2986049,0.3206755,1.0,-0.07739258,-0.1306458,0.9883881,30.74635,8.025238,-31.16838,4.601028,0.5833229,0.3514665,-0.019719,1.224208,-0.1981637,-0.06664145,-0.06504894,0.06245254,1.100668,-19.98571,32.71
41,-0.07270813,-0.1382294,0.9877167,1.0,-0.06900024,-0.1445465,0.9870758,-25.43166,7.683121,-25.44022,4.389114,0.2979609,0.3207354,1.0,-0.07705688,-0.1308136,0.9884033,30.7467,8.025192,-31.16498,4.601181,0.583249,0.3514665,-0.01965654,1.224242,-0.1981837,-0.06660298,-0.06494462,0.06229462,1.100668,-19.98571,32.71
41,-0.07177734,-0.1372375,0.9879303,1.0,-0.06629944,-0.1462097,0.9870148,-25.42726,7.683121,-25.44022,4.36554,0.2973806,0.3209994,1.0,-0.07807922,-0.1268921,0.9888306,30.75525,8.02359,-31.16498,4.600754,0.5831321,0.3508125,-0.0195421,1.224294,-0.1981053,-0.06666458,-0.06489791,0.06208077,1.100668,-19.98571,32.71
41,-0.07177734,-0.1372375,0.9879303,1.0,-0.06629944,-0.1462097,0.9870148,-25.42726,7.683121,-25.44022,4.36554,0.2973806,0.3209994,1.0,-0.07807922,-0.1268921,0.9888306,30.75525,8.02359,-31.16498,4.600754,0.5831321,0.3508125,-0.0195421,1.224294,-0.1981053,-0.06666458,-0.06489791,0.06208077,1.100668,-19.98571,32.71
41,-0.07528687,-0.1316681,0.9884186,1.0,-0.07130432,-0.1446228,0.986908,-25.40344,7.709412,-25.59917,4.357864,0.2971479,0.3209994,1.0,-0.07752991,-0.1243439,0.9891968,30.7588,8.02359,-31.16498,4.600632,0.5829157,0.3503409,-0.01943994,1.224271,-0.1980771,-0.06684339,-0.06488758,0.06191901,1.100668,-19.98571,32.71
41,-0.07681274,-0.1341705,0.9879608,1.0,-0.06852722,-0.1459198,0.986908,-25.3999,7.725296,-25.64676,4.349152,0.2964802,0.3209994,1.0,-0.07875061,-0.1314087,0.9881897,30.7636,8.019333,-31.12599,4.602966,0.5829095,0.3514665,-0.01932442,1.224305,-0.1980777,-0.06673798,-0.06500082,0.0617794,1.095544,-19.98571,32.71
41,-0.07681274,-0.1341705,0.9879608,1.0,-0.06852722,-0.1459198,0.986908,-25.3999,7.725296,-25.64676,4.349152,0.2964802,0.3209994,1.0,-0.07875061,-0.1314087,0.9881897,30.7636,8.019333,-31.12599,4.602966,0.5829095,0.3514665,-0.01932442,1.224305,-0.1980777,-0.06673798,-0.06500082,0.0617794,1.095544,-19.98571,32.71
41,-0.07655334,-0.1318665,0.9882965,1.0,-0.06973267,-0.1444855,0.98703,-25.39494,7.734711,-25.67564,4.347275,0.2964588,0.3206307,1.0,-0.07806396,-0.1290741,0.9885559,30.7645,8.014465,-31.07741,4.60321,0.5827199,0.3508125,-0.01918828,1.224349,-0.198037,-0.06695899,-0.06492545,0.06158674,1.095544,-19.98571,32.71
41,-0.07421875,-0.130249,0.9886932,1.0,-0.07054138,-0.1445007,0.9869843,-25.39052,7.74054,-25.69511,4.345779,0.2964025,0.3205732,1.0,-0.07588196,-0.1238403,0.9893951,30.76677,8.012405,-31.06512,4.585175,0.5822583,0.3498357,-0.019135,1.224422,-0.1980406,-0.06696723,-0.06484324,0.06118695,1.095544,-19.98571,32.71
41,-0.07421875,-0.130249,0.9886932,1.0,-0.07054138,-0.1445007,0.9869843,-25.39052,7.74054,-25.69511,4.345779,0.2964025,0.3205732,1.0,-0.07588196,-0.1238403,0.9893951,30.76677,8.012405,-31.06512,4.585175,0.5822583,0.3498357,-0.019135,1.224422,-0.1980406,-0.06696723,-0.06484324,0.06118695,1.095544,-19.98571,32.71
41,-0.07351685,-0.1327057,0.9884186,1.0,-0.07138062,-0.1427917,0.9871674,-25.38872,7.752106,-25.74542,4.340408,0.2964025,0.3202527,1.0,-0.07553101,-0.1231537,0.989502,30.76886,8.011932,-31.05107,4.585709,0.5821148,0.3496093,-0.01909411,1.224445,-0.197998,-0.06717152,-0.06474562,0.06081259,1.095544,-19.98571,32.71
41,-0.07383728,-0.131897,0.9884949,1.0,-0.07225037,-0.1447449,0.9868164,-25.38553,7.758179,-25.76953,4.339722,0.2964025,0.3205732,1.0,-0.07525635,-0.1203766,0.9898682,30.76939,8.010239,-31.04985,4.584732,0.5820509,0.3491582,-0.01889861,1.224582,-0.1979676,-0.06721897,-0.06456792,0.06006629,1.095544,-19.98571,32.71
41,-0.07444763,-0.1321411,0.9884186,1.0,-0.07316589,-0.143631,0.986908,-25.38353,7.771683,-25.81694,4.336258,0.2964025,0.3202527,1.0,-0.07531738,-0.1243744,0.9893646,30.77005,8.009277,-31.01106,4.56546,0.5819944,0.3496093,-0.01886046,1.224607,-0.1979778,-0.06732374,-0.06445497,0.05992695,1.095544,23.17028,32.71
41,-0.07498169,-0.132309,0.9883575,1.0,-0.07356262,-0.1433258,0.9869232,-25.3829,7.787354,-25.83978,4.330032,0.2964025,0.3198312,1.0,-0.07589722,-0.1250916,0.9892273,30.77068,8.008408,-30.99043,4.54068,0.5820509,0.3496093,-0.01882291,1.224643,-0.1980424,-0.06742593,-0.06436962,0.05981172,1.095544,23.17028,32.71
41,-0.07498169,-0.132309,0.9883575,1.0,-0.07356262,-0.1433258,0.9869232,-25.3829,7.787354,-25.83978,4.330032,0.2964025,0.3198312,1.0,-0.07589722,-0.1250916,0.9892273,30.77068,8.008408,-30.99043,4.54068,0.5820509,0.3496093,-0.01882291,1.224643,-0.1980424,-0.06742593,-0.06436962,0.05981172,1.095544,23.17028,32.71
41,-0.07463074,-0.1290741,0.9888153,1.0,-0.07328796,-0.1422119,0.9871063,-25.38246,7.79538,-25.87726,4.320175,0.296285,0.3196312,1.0,-0.07554626,-0.1199951,0.9898834,30.77094,8.00827,-30.98628,4.569214,0.5819944,0.3486346,-0.01868522,1.224631,-0.198059,-0.06742857,-0.06432144,0.05976087,1.095544,23.17028,32.71
41,-0.07421875,-0.1296997,0.9887695,1.0,-0.07342529,-0.1426392,0.98703,-25.3821,7.797379,-25.87805,4.319672,0.296285,0.3196312,1.0,-0.07478333,-0.1201324,0.9899292,30.77219,8.00827,-30.98065,4.569305,0.581811,0.3486149,-0.01866496,1.224629,-0.1980681,-0.06753589,-0.0641233,0.0597843,1.095544,23.17028,32.71
41,-0.07421875,-0.1296997,0.9887695,1.0,-0.07342529,-0.1426392,0.98703,-25.3821,7.797379,-25.87805,4.319672,0.296285,0.3196312,1.0,-0.07478333,-0.1201324,0.9899292,30.77219,8.00827,-30.98065,4.569305,0.581811,0.3486149,-0.01866496,1.224629,-0.1980681,-0.06753589,-0.0641233,0.0597843,1.095544,23.17028,32.71
41,-0.07669067,-0.1269684,0.9889221,1.0,-0.07907104,-0.1437836,0.9864349,-25.35713,7.837128,-26.06984,4.304276,0.2961309,0.3199929,1.0,-0.07545471,-0.1182556,0.990097,30.77556,8.004608,-30.98065,4.565903,0.581811,0.3484036,-0.01860297,1.224624,-0.1981081,-0.06752651,-0.06402759,0.05961395,1.095544,23.17028,32.71
41,-0.07507324,-0.1183777,0.9901123,1.0,-0.08030701,-0.1461639,0.9859924,-25.35426,7.848648,-26.10989,4.282272,0.2961309,0.3202245,1.0,-0.0743103,-0.1143188,0.9906464,30.77617,7.991791,-30.95815,4.563477,0.581576,0.3479601,-0.01842058,1.224651,-0.1981798,-0.06765779,-0.06386086,0.05930004,1.095544,23.17028,32.71
41,-0.07453918,-0.114975,0.9905548,1.0,-0.08335876,-0.1448212,0.9859314,-25.34575,7.854034,-26.16238,4.271469,0.296285,0.3202245,1.0,-0.07385254,-0.1126556,0.9908752,30.77649,7.990265,-30.94531,4.563919,0.5814782,0.3476064,-0.01837456,1.22469,-0.1981959,-0.06768577,-0.0637906,0.059172,1.095544,23.17028,32.71
41,-0.07453918,-0.114975,0.9905548,1.0,-0.08335876,-0.1448212,0.9859314,-25.34575,7.854034,-26.16238,4.271469,0.296285,0.3202245,1.0,-0.07385254,-0.1126556,0.9908752,30.77649,7.990265,-30.94531,4.563919,0.5814782,0.3476064,-0.01837456,1.22469,-0.1981959,-0.06768577,-0.0637906,0.059172,1.095544,23.17028,32.71
41,-0.07453918,-0.114975,0.9905548,1.0,-0.08335876,-0.1448212,0.9859314,-25.34575,7.854034,-26.16238,4.271469,0.296285,0.3202245,1.0,-0.07385254,-0.1126556,0.9908752,30.77649,7.990265,-30.94531,4.563919,0.5814782,0.3476064,-0.01824057,1.224773,-0.1983339,-0.06780794,-0.06377131,0.05911947,1.095544,23.17028,32.71
41,-0.07453918,-0.114975,0.9905548,1.0,-0.08335876,-0.1448212,0.9859314,-25.34575,7.854034,-26.16238,4.271469,0.296285,0.3202245,1.0,-0.07385254,-0.1126556,0.9908752,30.77649,7.990265,-30.94531,4.563919,0.5814782,0.3476064,-0.01817966,1.224818,-0.1983828,-0.06786956,-0.0636814,0.05904822,1.095544,23.17028,32.71
41,-0.07453918,-0.114975,0.9905548,1.0,-0.08335876,-0.1448212,0.9859314,-25.34575,7.854034,-26.16238,4.271469,0.296285,0.3202245,1.0,-0.07385254,-0.1126556,0.9908752,30.77649,7.990265,-30.94531,4.563919,0.5814782,0.3476064,-0.01808453,1.224843,-0.1983703,-0.06787592,-0.06377891,0.05893708,1.095544,23.17028,32.71
41,-0.07453918,-0.114975,0.9905548,1.0,-0.08335876,-0.1448212,0.9859314,-25.34575,7.854034,-26.16238,4.271469,0.296285,0.3202245,1.0,-0.07385254,-0.1126556,0.9908752,30.77649,7.990265,-30.94531,4.563919,0.5814782,0.3476064,-0.01808453,1.224843,-0.1983703,-0.06787592,-0.06377891,0.05893708,1.095544,23.17028,32.71
41,-0.07453918,-0.114975,0.9905548,1.0,-0.08335876,-0.1448212,0.9859314,-25.34575,7.854034,-26.16238,4.271469,0.296285,0.3202245,1.0,-0.07385254,-0.1126556,0.9908752,30.77649,7.990265,-30.94531,4.563919,0.5814782,0.3476064,-0.01790893,1.224875,-0.1984043,-0.06803326,-0.06371731,0.0586818,1.095544,23.17028,32.71
41,-0.07400513,-0.1199341,0.9900055,1.0,-0.07312012,-0.1487885,0.9861603,-25.29337,7.89444,-26.20799,4.253128,0.2926376,0.3196753,1.0,-0.07421875,-0.1128387,0.9908295,30.77782,7.990265,-30.93227,4.526169,0.5814776,0.3475479,-0.01786649,1.224882,-0.1983885,-0.0681487,-0.06369638,0.05873042,1.095544,27.36243,32.71
41,-0.07400513,-0.1199341,0.9900055,1.0,-0.07312012,-0.1487885,0.9861603,-25.29337,7.89444,-26.20799,4.253128,0.2926376,0.3196753,1.0,-0.07421875,-0.1128387,0.9908295,30.77782,7.990265,-30.93227,4.526169,0.5814776,0.3475479,-0.01786649,1.224882,-0.1983885,-0.0681487,-0.06369638,0.05873042,1.095544,27.36243,32.71
41,-0.07058716,-0.1141815,0.9909363,1.0,-0.0680542,-0.1372528,0.9881897,-25.29326,7.927719,-26.33701,4.247757,0.2914812,0.3172901,1.0,-0.07107544,-0.1096039,0.9914246,30.77907,7.991669,-30.95563,4.511215,0.5809129,0.3471068,-0.01780534,1.224917,-0.1984271,-0.06827409,-0.06363154,0.05878418,1.095544,27.36243,32.71
41,-0.06643677,-0.1135864,0.9913025,1.0,-0.06184387,-0.1409302,0.9880829,-25.29161,7.924713,-26.32024,4.211731,0.2904349,0.3178851,1.0,-0.06736755,-0.1080322,0.9918518,30.7798,7.991791,-30.98927,4.46434,0.5802668,0.3471068,-0.01766944,1.224987,-0.198433,-0.06859918,-0.06359852,0.05858053,1.095544,27.36243,32.71
41,-0.06643677,-0.1135864,0.9913025,1.0,-0.06184387,-0.1409302,0.9880829,-25.29161,7.924713,-26.32024,4.211731,0.2904349,0.3178851,1.0,-0.06736755,-0.1080322,0.9918518,30.7798,7.991791,-30.98927,4.46434,0.5802668,0.3471068,-0.01766944,1.224987,-0.198433,-0.06859918,-0.06359852,0.05858053,1.095544,27.36243,32.71
41,-0.06643677,-0.1135864,0.9913025,1.0,-0.06184387,-0.1409302,0.9880829,-25.29161,7.924713,-26.32024,4.211731,0.2904349,0.3178851,1.0,-0.06736755,-0.1080322,0.9918518,30.7798,7.991791,-30.98927,4.46434,0.5802668,0.3471068,-0.01766944,1.224987,-0.198433,-0.06859918,-0.06359852,0.05858053,1.095544,27.36243,32.71
41,-0.06643677,-0.1135864,0.9913025,1.0,-0.06184387,-0.1409302,0.9880829,-25.29161,7.924713,-26.32024,4.211731,0.2904349,0.3178851,1.0,-0.06736755,-0.1080322,0.9918518,30.7798,7.991791,-30.98927,4.46434,0.5802668,0.3471068,-0.0174886,1.225042,-0.1984475,-0.06899285,-0.06333003,0.05809072,1.095544,27.36243,32.71
41,-0.06643677,-0.1135864,0.9913025,1.0,-0.06184387,-0.1409302,0.9880829,-25.29161,7.924713,-26.32024,4.211731,0.2904349,0.3178851,1.0,-0.06736755,-0.1080322,0.9918518,30.7798,7.991791,-30.98927,4.46434,0.5802668,0.3471068,-0.01730525,1.225232,-0.1984309,-0.06934421,-0.06304491,0.05775835,1.095544,27.36243,32.71
41,-0.0644989,-0.1152344,0.9912262,1.0,-0.06790161,-0.1438751,0.9872589,-25.28995,7.921707,-26.30347,4.185028,0.2914812,0.3184802,1.0,-0.06362915,-0.108017,0.9920959,30.78442,7.991791,-30.99124,4.452667,0.5794562,0.3471068,-0.01711333,1.225298,-0.1985067,-0.06961048,-0.06268949,0.05772261,1.095544,27.36243,32.71
41,-0.0644989,-0.1152344,0.9912262,1.0,-0.06790161,-0.1438751,0.9872589,-25.28995,7.921707,-26.30347,4.185028,0.2914812,0.3184802,1.0,-0.06362915,-0.108017,0.9920959,30.78442,7.991791,-30.99124,4.452667,0.5794562,0.3471068,-0.01711333,1.225298,-0.1985067,-0.06961048,-0.06268949,0.05772261,1.095544,27.36243,32.71
41,-0.0644989,-0.1152344,0.9912262,1.0,-0.06790161,-0.1438751,0.9872589,-25.28995,7.921707,-26.30347,4.185028,0.2914812,0.3184802,1.0,-0.06362915,-0.108017,0.9920959,30.78442,7.991791,-30.99124,4.452667,0.5794562,0.3471068,-0.01687396,1.225291,-0.1985853,-0.06970557,-0.06233133,0.05742458,1.095544,27.36243,32.71
41,-0.0644989,-0.1152344,0.9912262,1.0,-0.06790161,-0.1438751,0.9872589,-25.28995,7.921707,-26.30347,4.185028,0.2914812,0.3184802,1.0,-0.06362915,-0.108017,0.9920959,30.78442,7.991791,-30.99124,4.452667,0.5794562,0.3471068,-0.01687396,1.225291,-0.1985853,-0.06970557,-0.06233133,0.05742458,1.095544,27.36243,32.71
41,-0.0644989,-0.1152344,0.9912262,1.0,-0.06790161,-0.1438751,0.9872589,-25.28995,7.921707,-26.30347,4.185028,0.2914812,0.3184802,1.0,-0.06362915,-0.108017,0.9920959,30.78442,7.991791,-30.99124,4.452667,0.5794562,0.3471068,-0.01664579,1.22532,-0.1985954,-0.06980555,-0.06176119,0.05690795,1.095544,27.36243,32.71
41,-0.0644989,-0.1152344,0.9912262,1.0,-0.06790161,-0.1438751,0.9872589,-25.28995,7.921707,-26.30347,4.185028,0.2914812,0.3184802,1.0,-0.06362915,-0.108017,0.9920959,30.78442,7.991791,-30.99124,4.452667,0.5794562,0.3471068,-0.01664579,1.22532,-0.1985954,-0.06980555,-0.06176119,0.05690795,1.095544,27.36243,32.71
41,-0.07258606,-0.1094818,0.991333,1.0,-0.06832886,-0.1531219,0.9858398,-25.07236,7.593445,-24.65417,4.352203,0.2868968,0.3190759,1.0,-0.07258606,-0.1094666,0.991333,30.86914,8.16243,-31.57112,4.377945,0.5785579,0.3460518,-0.01641023,1.225325,-0.1985854,-0.069808,-0.06124622,0.0565677,1.095544,10.46188,32.71
41,-0.07258606,-0.1094818,0.991333,1.0,-0.06832886,-0.1531219,0.9858398,-25.07236,7.593445,-24.65417,4.352203,0.2868968,0.3190759,1.0,-0.07258606,-0.1094666,0.991333,30.86914,8.16243,-31.57112,4.377945,0.5785579,0.3460518,-0.01641023,1.225325,-0.1985854,-0.069808,-0.06124622,0.0565677,1.095544,-7.490059,32.71
41,-0.06910706,-0.1153412,0.9909058,1.0,-0.06907654,-0.149765,0.9862976,-25.12814,7.765884,-25.47374,4.309616,0.2875064,0.3186362,1.0,-0.06910706,-0.1153412,0.9909058,30.87549,8.1642,-31.57112,4.35997,0.5777078,0.3470638,-0.01621735,1.225365,-0.1985352,-0.06986135,-0.06061575,0.05609739,1.095544,-7.490059,32.71
41,-0.06910706,-0.1153412,0.9909058,1.0,-0.06907654,-0.149765,0.9862976,-25.12814,7.765884,-25.47374,4.309616,0.2875064,0.3186362,1.0,-0.06910706,-0.1153412,0.9909058,30.87549,8.1642,-31.57112,4.35997,0.5777078,0.3470638,-0.01621735,1.225365,-0.1985352,-0.06986135,-0.06061575,0.05609739,1.095544,-7.490059,32.71
41,-0.06610107,-0.1157684,0.9910583,1.0,-0.06617737,-0.1445007,0.9872742,-25.12988,7.779556,-25.56676,4.300446,0.2868977,0.3178743,1.0,-0.06610107,-0.1157379,0.9910736,30.89848,8.165573,-31.57112,4.344467,0.5763623,0.3471068,-0.01600611,1.225422,-0.1985412,-0.0701401,-0.05969837,0.0555723,1.095544,-7.490059,32.71
41,-0.06610107,-0.1157684,0.9910583,1.0,-0.06617737,-0.1445007,0.9872742,-25.12988,7.779556,-25.56676,4.300446,0.2868977,0.3178743,1.0,-0.06610107,-0.1157379,0.9910736,30.89848,8.165573,-31.57112,4.344467,0.5763623,0.3471068,-0.01600611,1.225422,-0.1985412,-0.0701401,-0.05969837,0.0555723,1.095544,-7.490059,32.71
41,-0.09999084,-0.108902,0.9889984,1.0,-0.08999634,-0.166748,0.9818726,-25.60013,7.815689,-25.87048,4.133942,0.3068342,0.3238966,1.0,-0.1000214,-0.1087341,0.9890137,30.51585,8.162003,-31.40198,4.486404,0.5958331,0.3443376,-0.01562691,1.22554,-0.198516,-0.07050657,-0.05846263,0.05484422,1.095544,-7.490059,32.71
41,-0.09999084,-0.108902,0.9889984,1.0,-0.08999634,-0.166748,0.9818726,-25.60013,7.815689,-25.87048,4.133942,0.3068342,0.3238966,1.0,-0.1000214,-0.1087341,0.9890137,30.51585,8.162003,-31.40198,4.486404,0.5958331,0.3443376,-0.01562691,1.22554,-0.198516,-0.07050657,-0.05846263,0.05484422,1.095544,-7.490059,32.71
41,-0.2207336,-0.1078796,0.9693451,1.0,-0.1772003,-0.1846924,0.9666748,-26.17252,7.797073,-25.91751,3.841599,0.3411563,0.3298647,1.0,-0.2223816,-0.1048889,0.9692993,29.85233,8.213287,-31.54085,4.330673,0.6416361,0.3430176,-0.01524901,1.225673,-0.1985312,-0.07086074,-0.05719122,0.05436366,1.095544,-7.490059,32.71
41,-0.2207336,-0.1078796,0.9693451,1.0,-0.1772003,-0.1846924,0.9666748,-26.17252,7.797073,-25.91751,3.841599,0.3411563,0.3298647,1.0,-0.2223816,-0.1048889,0.9692993,29.85233,8.213287,-31.54085,4.330673,0.6416361,0.3430176,-0.01524901,1.225673,-0.1985312,-0.07086074,-0.05719122,0.05436366,1.095544,-7.490059,32.71
41,-0.3062592,-0.1188049,0.9444885,1.0,-0.2618866,-0.2552338,0.9307251,-26.75362,7.812225,-26.02715,3.299683,0.3751197,0.3446787,1.0,-0.3083344,-0.1118469,0.9446716,29.23903,8.178162,-31.68951,4.182755,0.67997,0.3468127,-0.01477706,1.225774,-0.1984383,-0.07134464,-0.05568976,0.05387603,1.095544,-7.490059,32.71
41,-0.3062592,-0.1188049,0.9444885,1.0,-0.2618866,-0.2552338,0.9307251,-26.75362,7.812225,-26.02715,3.299683,0.3751197,0.3446787,1.0,-0.3083344,-0.1118469,0.9446716,29.23903,8.178162,-31.68951,4.182755,0.67997,0.3468127,-0.01477706,1.225774,-0.1984383,-0.07134464,-0.05568976,0.05387603,1.095544,-7.490059,32.71
41,-0.3456573,-0.1522217,0.9259186,0.9586668,-0.3481598,-0.1683807,0.9221802,-27.01176,7.753113,-26.21198,4.165298,0.3974322,0.3338132,0.9937398,-0.3377075,-0.1042938,0.9354401,29.00209,8.213562,-31.7538,4.375778,0.694539,0.3442882,-0.01441872,1.225931,-0.1983848,-0.07150111,-0.05429289,0.05339903,1.095544,-7.490059,32.71
41,-0.3456573,-0.1522217,0.9259186,0.9586668,-0.3481598,-0.1683807,0.9221802,-27.01176,7.753113,-26.21198,4.165298,0.3974322,0.3338132,0.9937398,-0.3377075,-0.1042938,0.9354401,29.00209,8.213562,-31.7538,4.375778,0.694539,0.3442882,-0.01441872,1.225931,-0.1983848,-0.07150111,-0.05429289,0.05339903,1.095544,-7.490059,32.71
41,-0.3499756,-0.1452637,0.925415,1.0,-0.34729,-0.1705322,0.9221039,-27.01019,7.750702,-26.20755,4.38855,0.3969694,0.3341208,1.0,-0.3510437,-0.1345215,0.9266357,29.03459,8.205383,-31.75566,4.401337,0.6955854,0.3505856,-0.01407325,1.225999,-0.198331,-0.07182477,-0.05294602,0.05300987,1.095544,-7.490059,32.71
41,-0.3499756,-0.1452637,0.925415,1.0,-0.34729,-0.1705322,0.9221039,-27.01019,7.750702,-26.20755,4.38855,0.3969694,0.3341208,1.0,-0.3510437,-0.1345215,0.9266357,29.03459,8.205383,-31.75566,4.401337,0.6955854,0.3505856,-0.01407325,1.225999,-0.198331,-0.07182477,-0.05294602,0.05300987,1.095544,-7.490059,32.71
41,-0.3124084,-0.1533661,0.9374695,1.0,-0.2725067,-0.2011414,0.9408875,-26.92963,7.755508,-26.10403,3.433762,0.3827202,0.3376766,1.0,-0.335968,-0.1241302,0.9336395,29.09938,8.186798,-31.73294,4.410461,0.6903387,0.3490539,-0.01370656,1.226049,-0.1983086,-0.07209231,-0.0517306,0.05261457,1.095544,-7.490059,32.71
41,-0.3124084,-0.1533661,0.9374695,1.0,-0.2725067,-0.2011414,0.9408875,-26.92963,7.755508,-26.10403,3.433762,0.3827202,0.3376766,1.0,-0.335968,-0.1241302,0.9336395,29.09938,8.186798,-31.73294,4.410461,0.6903387,0.3490539,-0.01370656,1.226049,-0.1983086,-0.07209231,-0.0517306,0.05261457,1.095544,-7.490059,32.71
41,-0.3157043,-0.163269,0.9346924,1.0,-0.2906189,-0.2219696,0.9307251,-26.89354,7.773468,-26.11485,3.433243,0.3845011,0.3411409,1.0,-0.3324738,-0.1218567,0.9351959,29.13039,8.190353,-31.7207,4.391403,0.6885237,0.3484166,-0.01333773,1.226123,-0.1982625,-0.07240468,-0.05055922,0.05227375,1.095544,-44.74428,32.71
41,-0.3157043,-0.163269,0.9346924,1.0,-0.2906189,-0.2219696,0.9307251,-26.89354,7.773468,-26.11485,3.433243,0.3845011,0.3411409,1.0,-0.3324738,-0.1218567,0.9351959,29.13039,8.190353,-31.7207,4.391403,0.6885237,0.3484166,-0.01333773,1.226123,-0.1982625,-0.07240468,-0.05055922,0.05227375,1.095544,-44.74428,32.71
41,-0.3234406,-0.1405487,0.9357452,1.0,-0.3026123,-0.1865692,0.9346619,-26.87997,7.771027,-26.12859,3.635529,0.3859366,0.3351049,1.0,-0.3393097,-0.1038971,0.934906,29.19582,8.191849,-31.71643,4.410217,0.6875201,0.3450179,-0.01303101,1.22612,-0.1982853,-0.07230768,-0.04956416,0.05190846,1.095544,-44.74428,32.71
41,-0.3234406,-0.1405487,0.9357452,1.0,-0.3026123,-0.1865692,0.9346619,-26.87997,7.771027,-26.12859,3.635529,0.3859366,0.3351049,1.0,-0.3393097,-0.1038971,0.934906,29.19582,8.191849,-31.71643,4.410217,0.6875201,0.3450179,-0.01303101,1.22612,-0.1982853,-0.07230768,-0.04956416,0.05190846,1.095544,-44.74428,32.71
41,-0.3388367,-0.1231079,0.9327393,1.0,-0.335968,-0.1485596,0.930069,-26.86583,7.783096,-26.15701,4.214539,0.3905244,0.3285256,1.0,-0.3408356,-0.1039276,0.9343414,29.2412,8.178711,-31.71042,4.409866,0.6860942,0.3455454,-0.01272571,1.22616,-0.1982528,-0.07240725,-0.04876292,0.05147215,1.095544,-44.74428,32.71
41,-0.3388367,-0.1231079,0.9327393,1.0,-0.335968,-0.1485596,0.930069,-26.86583,7.783096,-26.15701,4.214539,0.3905244,0.3285256,1.0,-0.3408356,-0.1039276,0.9343414,29.2412,8.178711,-31.71042,4.409866,0.6860942,0.3455454,-0.01272571,1.22616,-0.1982528,-0.07240725,-0.04876292,0.05147215,1.095544,-44.74428,32.71
41,-0.320755,-0.1362305,0.9373016,1.0,-0.3052063,-0.1724548,0.9365234,-26.83736,7.792618,-26.11627,3.897568,0.3847088,0.3316735,1.0,-0.3332367,-0.1060791,0.9368439,29.23869,8.180496,-31.70898,4.384521,0.6847394,0.3458284,-0.01241875,1.226141,-0.1982664,-0.07222809,-0.04809942,0.05104408,1.095544,-44.74428,32.71
41,-0.320755,-0.1362305,0.9373016,1.0,-0.3052063,-0.1724548,0.9365234,-26.83736,7.792618,-26.11627,3.897568,0.3847088,0.3316735,1.0,-0.3332367,-0.1060791,0.9368439,29.23869,8.180496,-31.70898,4.384521,0.6847394,0.3458284,-0.01241875,1.226141,-0.1982664,-0.07222809,-0.04809942,0.05104408,1.095544,-44.74428,32.71
41,-0.3171997,-0.116272,0.9411926,1.0,-0.2978668,-0.134964,0.9450073,-26.81902,7.787109,-26.10951,3.905945,0.3829456,0.3250463,1.0,-0.33255,-0.1012115,0.9376221,29.24471,8.180496,-31.70683,4.383652,0.6844227,0.3448821,-0.01208568,1.226142,-0.1982538,-0.07230283,-0.04750606,0.05057115,1.095544,-44.74428,32.71
41,-0.3171997,-0.116272,0.9411926,1.0,-0.2978668,-0.134964,0.9450073,-26.81902,7.787109,-26.10951,3.905945,0.3829456,0.3250463,1.0,-0.33255,-0.1012115,0.9376221,29.24471,8.180496,-31.70683,4.383652,0.6844227,0.3448821,-0.01208568,1.226142,-0.1982538,-0.07230283,-0.04750606,0.05057115,1.095544,-44.74428,32.71
41,-0.3136597,-0.1451416,0.9383698,1.0,-0.2903137,-0.1963959,0.936554,-26.78865,7.804062,-26.09341,3.630966,0.3808182,0.3352057,1.0,-0.3320313,-0.102829,0.9376373,29.24886,8.181931,-31.7043,4.383942,0.6841557,0.3451257,-0.01179802,1.226177,-0.1981901,-0.0722121,-0.04685576,0.05010432,1.095544,-44.74428,32.71
41,-0.3136597,-0.1451416,0.9383698,1.0,-0.2903137,-0.1963959,0.936554,-26.78865,7.804062,-26.09341,3.630966,0.3808182,0.3352057,1.0,-0.3320313,-0.102829,0.9376373,29.24886,8.181931,-31.7043,4.383942,0.6841557,0.3451257,-0.01179802,1.226177,-0.1981901,-0.0722121,-0.04685576,0.05010432,1.095544,-44.74428,32.71
41,-0.2985229,-0.1508942,0.9423828,1.0,-0.2711029,-0.1992798,0.9416809,-26.75621,7.812744,-26.07294,3.393951,0.3767481,0.3350416,1.0,-0.3222961,-0.1071625,0.9405365,29.26265,8.183548,-31.70329,4.370941,0.681784,0.3458284,-0.01150119,1.226191,-0.1980923,-0.0724128,-0.04618793,0.04957483,1.095544,-44.74428,32.71
41,-0.2985229,-0.1508942,0.9423828,1.0,-0.2711029,-0.1992798,0.9416809,-26.75621,7.812744,-26.07294,3.393951,0.3767481,0.3350416,1.0,-0.3222961,-0.1071625,0.9405365,29.26265,8.183548,-31.70329,4.370941,0.681784,0.3458284,-0.01150119,1.226191,-0.1980923,-0.0724128,-0.04618793,0.04957483,1.095544,-44.74428,32.71
41,-0.3062134,-0.13591,0.9421997,1.0,-0.2871399,-0.1641693,0.9437103,-26.75038,7.824219,-26.09544,3.571625,0.3791292,0.3287355,1.0,-0.3232269,-0.1101227,0.9398804,29.26807,8.185608,-31.70189,4.369461,0.6817351,0.3463261,-0.01121604,1.22628,-0.1979991,-0.07262896,-0.04552535,0.04900466,1.095544,21.95982,32.71
41,-0.3062134,-0.13591,0.9421997,1.0,-0.2871399,-0.1641693,0.9437103,-26.75038,7.824219,-26.09544,3.571625,0.3791292,0.3287355,1.0,-0.3232269,-0.1101227,0.9398804,29.26807,8.185608,-31.70189,4.369461,0.6817351,0.3463261,-0.01121604,1.22628,-0.1979991,-0.07262896,-0.04552535,0.04900466,1.095544,21.95982,32.71
41,-0.3077545,-0.1436768,0.9405518,1.0,-0.3000946,-0.1685181,0.9388885,-26.7244,7.839554,-26.09866,3.633163,0.3803688,0.3291968,1.0,-0.3147736,-0.1201935,0.9415131,29.27609,8.207047,-31.69089,4.335724,0.6797935,0.3473262,-0.01088631,1.226353,-0.1979069,-0.07282975,-0.04507272,0.04858414,1.095544,21.95982,32.71
41,-0.3077545,-0.1436768,0.9405518,1.0,-0.3000946,-0.1685181,0.9388885,-26.7244,7.839554,-26.09866,3.633163,0.3803688,0.3291968,1.0,-0.3147736,-0.1201935,0.9415131,29.27609,8.207047,-31.69089,4.335724,0.6797935,0.3473262,-0.01088631,1.226353,-0.1979069,-0.07282975,-0.04507272,0.04858414,1.095544,21.95982,32.71
41,-0.3032532,-0.1477814,0.9413757,1.0,-0.3031464,-0.169754,0.9376984,-26.69917,7.848953,-26.10254,3.688995,0.3799718,0.3291318,1.0,-0.3031921,-0.125,0.9446869,29.28531,8.224976,-31.67014,4.336594,0.6772537,0.3473262,-0.01068556,1.226384,-0.1978818,-0.072758,-0.04491657,0.04852322,1.095544,21.95982,32.71
41,-0.3032532,-0.1477814,0.9413757,1.0,-0.3031464,-0.169754,0.9376984,-26.69917,7.848953,-26.10254,3.688995,0.3799718,0.3291318,1.0,-0.3031921,-0.125,0.9446869,29.28531,8.224976,-31.67014,4.336594,0.6772537,0.3473262,-0.01068556,1.226384,-0.1978818,-0.072758,-0.04491657,0.04852322,1.095544,21.95982,32.71
41,-0.2983246,-0.1446381,0.9434357,1.0,-0.2949677,-0.1638794,0.94133,-26.66861,7.872696,-26.0874,3.721542,0.3775545,0.326995,1.0,-0.3017273,-0.1243134,0.9452362,29.29535,8.227432,-31.66423,4.337204,0.676606,0.3470615,-0.01049936,1.226368,-0.1978173,-0.07278923,-0.0447309,0.04827522,1.095544,21.95982,32.71
41,-0.2911377,-0.1365967,0.9468689,1.0,-0.2861481,-0.1476135,0.9467316,-26.66425,7.884827,-26.06561,3.587006,0.3761126,0.3234251,1.0,-0.2961426,-0.1253967,0.9468689,29.30391,8.230347,-31.65446,4.309265,0.6752336,0.3470615,-0.01011515,1.226541,-0.1976523,-0.07303142,-0.04430278,0.04754588,1.095544,21.95982,32.71
41,-0.2911377,-0.1365967,0.9468689,1.0,-0.2861481,-0.1476135,0.9467316,-26.66425,7.884827,-26.06561,3.587006,0.3761126,0.3234251,1.0,-0.2961426,-0.1253967,0.9468689,29.30391,8.230347,-31.65446,4.309265,0.6752336,0.3470615,-0.01011515,1.226541,-0.1976523,-0.07303142,-0.04430278,0.04754588,1.095544,21.95982,32.71
41,-0.286438,-0.1438141,0.9472351,1.0,-0.2796021,-0.1644592,0.9459076,-26.66333,7.892227,-26.06505,3.532547,0.3749992,0.3260849,1.0,-0.292923,-0.1237488,0.9480896,29.31372,8.234085,-31.65337,4.337952,0.674287,0.3465765,-0.009996533,1.226637,-0.1976033,-0.07320617,-0.04405944,0.04715518,1.095544,21.95982,32.71
41,-0.286972,-0.1374207,0.9480133,1.0,-0.2816162,-0.164505,0.9453125,-26.6568,7.892227,-26.06584,3.647842,0.3749992,0.3260849,1.0,-0.2916718,-0.1125641,0.9498596,29.33308,8.234802,-31.64276,4.307693,0.6734055,0.3443586,-0.009626627,1.22666,-0.1975561,-0.07298417,-0.04364624,0.04632597,1.095544,21.95982,32.71
41,-0.2863007,-0.1324768,0.9489288,1.0,-0.2836914,-0.1605682,0.9453583,-26.65074,7.886276,-26.06679,3.795486,0.3749992,0.3255658,1.0,-0.288559,-0.1056671,0.9515991,29.3446,8.235046,-31.63843,4.306961,0.6724455,0.3430038,-0.009465337,1.226673,-0.1975275,-0.07300805,-0.04335095,0.04621422,1.095544,21.95982,32.71
41,-0.2863007,-0.1324768,0.9489288,1.0,-0.2836914,-0.1605682,0.9453583,-26.65074,7.886276,-26.06679,3.795486,0.3749992,0.3255658,1.0,-0.288559,-0.1056671,0.9515991,29.3446,8.235046,-31.63843,4.306961,0.6724455,0.3430038,-0.009465337,1.226673,-0.1975275,-0.07300805,-0.04335095,0.04621422,1.095544,21.95982,32.71
41,-0.2869415,-0.1312866,0.9488983,1.0,-0.2853394,-0.1590729,0.9451294,-26.64236,7.879272,-26.06807,3.795883,0.3749992,0.3255658,1.0,-0.2883911,-0.1018219,0.9520721,29.35869,8.234711,-31.62842,4.343262,0.6719101,0.3421926,-0.009135842,1.226678,-0.1974571,-0.07293556,-0.04291705,0.04585849,1.095544,21.95982,32.71
41,-0.2867279,-0.1281281,0.9494019,1.0,-0.2870178,-0.156662,0.9450073,-26.63338,7.877441,-26.06895,3.782867,0.3749992,0.3252284,1.0,-0.2861328,-0.09729004,0.9532318,29.37305,8.230347,-31.62384,4.34375,0.6709805,0.3414555,-0.009034753,1.226635,-0.1975159,-0.07273383,-0.04264921,0.04573843,1.095544,21.95982,32.71
41,-0.2867279,-0.1281281,0.9494019,1.0,-0.2870178,-0.156662,0.9450073,-26.63338,7.877441,-26.06895,3.782867,0.3749992,0.3252284,1.0,-0.2861328,-0.09729004,0.9532318,29.37305,8.230347,-31.62384,4.34375,0.6709805,0.3414555,-0.009034753,1.226635,-0.1975159,-0.07273383,-0.04264921,0.04573843,1.095544,21.95982,32.71
41,-0.2844696,-0.1279755,0.9500885,1.0,-0.2884674,-0.1565552,0.9445953,-26.6261,7.877441,-26.06895,3.783569,0.3749992,0.3252284,1.0,-0.2799225,-0.09732056,0.9550629,29.37779,8.229904,-31.6228,4.306442,0.6696535,0.3414555,-0.008725286,1.226588,-0.1975498,-0.07250863,-0.04216235,0.04539489,1.095544,31.13593,32.71
41,-0.2844696,-0.1279755,0.9500885,1.0,-0.2884674,-0.1565552,0.9445953,-26.6261,7.877441,-26.06895,3.783569,0.3749992,0.3252284,1.0,-0.2799225,-0.09732056,0.9550629,29.37779,8.229904,-31.6228,4.306442,0.6696535,0.3414555,-0.008725286,1.226588,-0.1975498,-0.07250863,-0.04216235,0.04539489,1.095544,31.13593,32.71
42,-0.2806091,-0.1265564,0.9514313,1.0,-0.286087,-0.1565247,0.9453278,-26.60797,7.875793,-26.06973,3.782074,0.3739903,0.3252284,1.0,-0.2742767,-0.09355164,0.957077,29.3914,8.229904,-31.61893,4.290802,0.66813,0.3407012,-0.008448005,1.226603,-0.1975514,-0.07240807,-0.04165389,0.04513813,1.095544,31.13593,32.71
42,-0.2796631,-0.1262512,0.9517517,1.0,-0.2843628,-0.1566772,0.945816,-26.58824,7.875793,-26.06895,3.740982,0.3730837,0.3252284,1.0,-0.2743378,-0.09359741,0.9570618,29.40331,8.229904,-31.61511,4.281464,0.6676971,0.3407012,-0.008320689,1.22665,-0.1975034,-0.07241096,-0.04141711,0.04489052,1.095544,31.13593,32.71
42,-0.2762146,-0.126236,0.9527588,1.0,-0.2859039,-0.157486,0.9452209,-26.57912,7.875793,-26.06895,3.729935,0.3730479,0.3253925,1.0,-0.2658386,-0.09368896,0.9594421,29.41142,8.229904,-31.61496,4.28801,0.6658299,0.340674,-0.008232236,1.22664,-0.1975325,-0.07247359,-0.04120194,0.0447667,1.095544,31.13593,32.71
42,-0.2762146,-0.126236,0.9527588,1.0,-0.2859039,-0.157486,0.9452209,-26.57912,7.875793,-26.06895,3.729935,0.3730479,0.3253925,1.0,-0.2658386,-0.09368896,0.9594421,29.41142,8.229904,-31.61496,4.28801,0.6658299,0.340674,-0.008232236,1.22664,-0.1975325,-0.07247359,-0.04120194,0.0447667,1.095544,31.13593,32.71
42,-0.2617645,-0.1177979,0.957901,1.0,-0.2837067,-0.1619873,0.9451141,-26.54755,7.895554,-26.06093,3.739716,0.3716004,0.3253925,1.0,-0.2337952,-0.0629425,0.9702454,29.5164,8.248184,-31.54832,4.346817,0.6562418,0.3335643,-0.007999897,1.226707,-0.1975231,-0.07258731,-0.04085565,0.04437101,1.095544,31.13593,32.71
42,-0.2617645,-0.1177979,0.957901,1.0,-0.2837067,-0.1619873,0.9451141,-26.54755,7.895554,-26.06093,3.739716,0.3716004,0.3253925,1.0,-0.2337952,-0.0629425,0.9702454,29.5164,8.248184,-31.54832,4.346817,0.6562418,0.3335643,-0.007999897,1.226707,-0.1975231,-0.07258731,-0.04085565,0.04437101,1.095544,31.13593,32.71
42,-0.2613373,-0.1325836,0.9560852,1.0,-0.2780151,-0.1645203,0.9463654,-26.51886,7.910233,-26.05783,3.724594,0.3696909,0.3252199,1.0,-0.2370605,-0.08700562,0.9675751,29.51848,8.248184,-31.54633,4.327881,0.6565964,0.3381242,-0.007796168,1.226792,-0.1975412,-0.0726505,-0.04059513,0.04421154,1.095544,31.13593,32.71
42,-0.260498,-0.1308441,0.9565582,1.0,-0.2756958,-0.1656036,0.9468536,-26.51067,7.913971,-26.05522,3.72319,0.3690268,0.3252199,1.0,-0.2379913,-0.0806427,0.9679108,29.52165,8.249329,-31.54543,4.302277,0.6566905,0.3368971,-0.007469535,1.226834,-0.1975424,-0.07291391,-0.04018172,0.04373287,1.095544,31.13593,32.71
42,-0.2584076,-0.1098938,0.9597473,1.0,-0.2634125,-0.1486206,0.9531555,-26.4229,7.91803,-26.00325,3.980804,0.363806,0.3212846,1.0,-0.2518463,-0.06291199,0.9657135,29.61932,8.242477,-31.55875,4.326584,0.6557909,0.334085,-0.007337093,1.226892,-0.1975253,-0.07298233,-0.04006622,0.04371515,1.095544,31.13593,32.71
42,-0.2584076,-0.1098938,0.9597473,1.0,-0.2634125,-0.1486206,0.9531555,-26.4229,7.91803,-26.00325,3.980804,0.363806,0.3212846,1.0,-0.2518463,-0.06291199,0.9657135,29.61932,8.242477,-31.55875,4.326584,0.6557909,0.334085,-0.007337093,1.226892,-0.1975253,-0.07298233,-0.04006622,0.04371515,1.095544,31.13593,32.71
42,-0.2563629,-0.0974884,0.9616394,1.0,-0.2577515,-0.1383514,0.9562531,-26.39366,7.910599,-25.99947,3.910095,0.3619726,0.3196179,1.0,-0.254837,-0.06262207,0.9649506,29.63461,8.242477,-31.55865,4.269028,0.6557909,0.334085,-0.00716126,1.226915,-0.1975342,-0.07320953,-0.0396082,0.04354387,1.095544,31.13593,32.71
42,-0.2548676,-0.09254456,0.9625244,1.0,-0.2535858,-0.133728,0.9580231,-26.39804,7.903076,-26.00777,3.907654,0.3614233,0.3190574,1.0,-0.2555695,-0.06072998,0.9648743,29.64192,8.248215,-31.55719,4.26326,0.6556761,0.3335143,-0.007044435,1.226951,-0.1975268,-0.07330421,-0.03950592,0.04321185,1.095544,31.13593,32.71
42,-0.2548676,-0.09254456,0.9625244,1.0,-0.2535858,-0.133728,0.9580231,-26.39804,7.903076,-26.00777,3.907654,0.3614233,0.3190574,1.0,-0.2555695,-0.06072998,0.9648743,29.64192,8.248215,-31.55719,4.26326,0.6556761,0.3335143,-0.007044435,1.226951,-0.1975268,-0.07330421,-0.03950592,0.04321185,1.095544,31.13593,32.71
42,-0.2341614,-0.1026611,0.9667511,1.0,-0.2416077,-0.1360321,0.9607849,-26.39536,7.900345,-26.01303,3.901718,0.3593134,0.3194319,1.0,-0.2274323,-0.07341003,0.9710083,29.71831,8.248901,-31.5258,4.214691,0.647625,0.3355816,-0.006857038,1.22697,-0.1975347,-0.07349667,-0.0390396,0.04274692,1.095544,31.13593,32.71
42,-0.2341614,-0.1026611,0.9667511,1.0,-0.2416077,-0.1360321,0.9607849,-26.39536,7.900345,-26.01303,3.901718,0.3593134,0.3194319,1.0,-0.2274323,-0.07341003,0.9710083,29.71831,8.248901,-31.5258,4.214691,0.647625,0.3355816,-0.006857038,1.22697,-0.1975347,-0.07349667,-0.0390396,0.04274692,1.095544,31.13593,32.71
42,-0.236084,-0.09892273,0.9666748,1.0,-0.2307587,-0.1376648,0.9632111,-26.38889,7.898376,-26.01054,3.816086,0.3573598,0.3196416,1.0,-0.2413483,-0.05764771,0.9687195,29.74472,8.256821,-31.54144,4.254044,0.6493318,0.3325299,-0.006658196,1.227018,-0.1975257,-0.07370096,-0.03874613,0.04257542,1.095544,8.304596,32.71
42,-0.2398987,-0.09950256,0.9656677,1.0,-0.2309723,-0.1373291,0.9632111,-26.38219,7.897247,-26.00653,3.816208,0.3571738,0.3195834,1.0,-0.2493591,-0.05752563,0.9666901,29.78854,8.261398,-31.54611,4.35759,0.6492094,0.3324161,-0.006488323,1.227112,-0.1975182,-0.07379481,-0.03853151,0.04249257,1.095544,8.304596,32.71
42,-0.2398987,-0.09950256,0.9656677,1.0,-0.2309723,-0.1373291,0.9632111,-26.38219,7.897247,-26.00653,3.816208,0.3571738,0.3195834,1.0,-0.2493591,-0.05752563,0.9666901,29.78854,8.261398,-31.54611,4.35759,0.6492094,0.3324161,-0.006488323,1.227112,-0.1975182,-0.07379481,-0.03853151,0.04249257,1.095544,8.304596,32.71
42,-0.2398987,-0.09950256,0.9656677,1.0,-0.2309723,-0.1373291,0.9632111,-26.38219,7.897247,-26.00653,3.816208,0.3571738,0.3195834,1.0,-0.2493591,-0.05752563,0.9666901,29.78854,8.261398,-31.54611,4.35759,0.6492094,0.3324161,-0.006397963,1.227143,-0.1975403,-0.07372451,-0.03839203,0.04243748,1.095544,8.304596,32.71
42,-0.2398987,-0.09950256,0.9656677,1.0,-0.2309723,-0.1373291,0.9632111,-26.38219,7.897247,-26.00653,3.816208,0.3571738,0.3195834,1.0,-0.2493591,-0.05752563,0.9666901,29.78854,8.261398,-31.54611,4.35759,0.6492094,0.3324161,-0.006397963,1.227143,-0.1975403,-0.07372451,-0.03839203,0.04243748,1.095544,8.304596,32.71
42,-0.2398987,-0.09950256,0.9656677,1.0,-0.2309723,-0.1373291,0.9632111,-26.38219,7.897247,-26.00653,3.816208,0.3571738,0.3195834,1.0,-0.2493591,-0.05752563,0.9666901,29.78854,8.261398,-31.54611,4.35759,0.6492094,0.3324161,-0.006186962,1.227158,-0.1975961,-0.07376048,-0.03815923,0.04233659,1.095544,8.304596,32.71
42,-0.2398987,-0.09950256,0.9656677,1.0,-0.2309723,-0.1373291,0.9632111,-26.38219,7.897247,-26.00653,3.816208,0.3571738,0.3195834,1.0,-0.2493591,-0.05752563,0.9666901,29.78854,8.261398,-31.54611,4.35759,0.6492094,0.3324161,-0.006085157,1.227159,-0.1976207,-0.07375674,-0.03803034,0.04217631,1.095544,8.304596,32.71
42,-0.2398987,-0.09950256,0.9656677,1.0,-0.2309723,-0.1373291,0.9632111,-26.38219,7.897247,-26.00653,3.816208,0.3571738,0.3195834,1.0,-0.2493591,-0.05752563,0.9666901,29.78854,8.261398,-31.54611,4.35759,0.6492094,0.3324161,-0.006085157,1.227159,-0.1976207,-0.07375674,-0.03803034,0.04217631,1.095544,8.304596,32.71
42,-0.2118378,-0.1412048,0.967041,1.0,-0.2050476,-0.1563873,0.9661713,-26.23558,7.920517,-25.96886,3.750443,0.3479449,0.3214011,1.0,-0.2197113,-0.1233978,0.9677124,29.86301,8.25856,-31.47774,3.675064,0.6406716,0.3446129,-0.005996346,1.227156,-0.1976381,-0.07372228,-0.03790023,0.0420778,1.095544,8.304596,32.71
42,-0.2156677,-0.1377258,0.9666901,1.0,-0.2118835,-0.151001,0.9655457,-26.17087,7.939682,-25.96805,3.810822,0.3468541,0.3198008,1.0,-0.2206726,-0.1198425,0.9679413,29.86737,8.25856,-31.46736,3.959,0.6406716,0.3437255,-0.005799413,1.227145,-0.1975954,-0.07376674,-0.0376802,0.04182846,1.095544,8.304596,32.71
42,-0.2156677,-0.1377258,0.9666901,1.0,-0.2118835,-0.151001,0.9655457,-26.17087,7.939682,-25.96805,3.810822,0.3468541,0.3198008,1.0,-0.2206726,-0.1198425,0.9679413,29.86737,8.25856,-31.46736,3.959,0.6406716,0.3437255,-0.005799413,1.227145,-0.1975954,-0.07376674,-0.0376802,0.04182846,1.095544,8.304596,32.71
42,-0.2062836,-0.1313629,0.9696198,1.0,-0.2053528,-0.1399841,0.9686127,-26.1402,7.945724,-25.96359,3.795685,0.3447414,0.3174783,1.0,-0.2074738,-0.1201477,0.9708252,29.86737,8.25856,-31.46696,3.958984,0.6382796,0.3437255,-0.005581856,1.227187,-0.1975751,-0.07381117,-0.03747519,0.04142826,1.095544,8.304596,32.71
42,-0.1889648,-0.1250153,0.9739838,1.0,-0.19487,-0.1424103,0.9704285,-26.11316,7.95076,-25.95448,4.145798,0.3417205,0.3173439,1.0,-0.1818695,-0.1042938,0.9777679,29.98969,8.249374,-31.45255,3.851898,0.6293103,0.3409807,-0.005422592,1.227302,-0.1975633,-0.0738485,-0.03724065,0.04108695,1.095544,8.304596,32.71
42,-0.1889648,-0.1250153,0.9739838,1.0,-0.19487,-0.1424103,0.9704285,-26.11316,7.95076,-25.95448,4.145798,0.3417205,0.3173439,1.0,-0.1818695,-0.1042938,0.9777679,29.98969,8.249374,-31.45255,3.851898,0.6293103,0.3409807,-0.005422592,1.227302,-0.1975633,-0.0738485,-0.03724065,0.04108695,1.095544,8.304596,32.71
42,-0.1829681,-0.1326294,0.9741211,1.0,-0.1928711,-0.1347504,0.9719238,-26.09508,7.950729,-25.95645,4.022888,0.3408968,0.3160108,1.0,-0.170578,-0.1299591,0.9767303,30.0349,8.246933,-31.43364,3.741882,0.6255215,0.345779,-0.005331993,1.227294,-0.1976388,-0.07409699,-0.0368523,0.04076162,1.095544,-25.13239,32.71
42,-0.1829681,-0.1326294,0.9741211,1.0,-0.1928711,-0.1347504,0.9719238,-26.09508,7.950729,-25.95645,4.022888,0.3408968,0.3160108,1.0,-0.170578,-0.1299591,0.9767303,30.0349,8.246933,-31.43364,3.741882,0.6255215,0.345779,-0.005331993,1.227294,-0.1976388,-0.07409699,-0.0368523,0.04076162,1.095544,-25.13239,32.71
42,-0.1723175,-0.1224823,0.9773865,1.0,-0.1669922,-0.1387024,0.9761505,-26.03798,7.93721,-25.94875,3.979218,0.3346571,0.3167442,1.0,-0.1792908,-0.1009827,0.9785919,30.03955,8.254684,-31.44179,3.838821,0.6270598,0.3400992,-0.0052315,1.227404,-0.1975983,-0.07422728,-0.03656551,0.04052532,1.095544,-25.13239,32.71
42,-0.1723175,-0.1224823,0.9773865,1.0,-0.1669922,-0.1387024,0.9761505,-26.03798,7.93721,-25.94875,3.979218,0.3346571,0.3167442,1.0,-0.1792908,-0.1009827,0.9785919,30.03955,8.254684,-31.44179,3.838821,0.6270598,0.3400992,-0.0052315,1.227404,-0.1975983,-0.07422728,-0.03656551,0.04052532,1.095544,-25.13239,32.71
42,-0.1766357,-0.1314392,0.9754486,1.0,-0.1782684,-0.1672058,0.9696655,-25.9873,7.935257,-25.93965,3.934982,0.3348898,0.3219208,1.0,-0.1743469,-0.08779907,0.9807587,30.05345,8.256165,-31.43373,3.914627,0.6257206,0.3374763,-0.00514555,1.227402,-0.1976524,-0.07432289,-0.03637491,0.0404578,1.095544,-25.13239,32.71
42,-0.1766357,-0.1314392,0.9754486,1.0,-0.1782684,-0.1672058,0.9696655,-25.9873,7.935257,-25.93965,3.934982,0.3348898,0.3219208,1.0,-0.1743469,-0.08779907,0.9807587,30.05345,8.256165,-31.43373,3.914627,0.6257206,0.3374763,-0.00514555,1.227402,-0.1976524,-0.07432289,-0.03637491,0.0404578,1.095544,-25.13239,32.71
42,-0.1682281,-0.1187592,0.9785614,1.0,-0.1621552,-0.151825,0.9750061,-25.96964,7.937012,-25.93727,3.820282,0.3316911,0.318937,1.0,-0.1750793,-0.07995605,0.9812927,30.06378,8.256912,-31.43364,3.946808,0.6255215,0.3359751,-0.005099893,1.227368,-0.1976745,-0.0745335,-0.03622178,0.04044932,1.095544,-25.13239,32.71
42,-0.1682281,-0.1187592,0.9785614,1.0,-0.1621552,-0.151825,0.9750061,-25.96964,7.937012,-25.93727,3.820282,0.3316911,0.318937,1.0,-0.1750793,-0.07995605,0.9812927,30.06378,8.256912,-31.43364,3.946808,0.6255215,0.3359751,-0.005099893,1.227368,-0.1976745,-0.0745335,-0.03622178,0.04044932,1.095544,-25.13239,32.71
42,-0.1682281,-0.1187592,0.9785614,1.0,-0.1621552,-0.151825,0.9750061,-25.96964,7.937012,-25.93727,3.820282,0.3316911,0.318937,1.0,-0.1750793,-0.07995605,0.9812927,30.06378,8.256912,-31.43364,3.946808,0.6255215,0.3359751,-0.005056262,1.227403,-0.1977121,-0.07457807,-0.03614271,0.04041468,1.095544,-25.13239,32.71
42,-0.1682281,-0.1187592,0.9785614,1.0,-0.1621552,-0.151825,0.9750061,-25.96964,7.937012,-25.93727,3.820282,0.3316911,0.318937,1.0,-0.1750793,-0.07995605,0.9812927,30.06378,8.256912,-31.43364,3.946808,0.6255215,0.3359751,-0.005056262,1.227403,-0.1977121,-0.07457807,-0.03614271,0.04041468,1.095544,-25.13239,32.71
42,-0.1682281,-0.1187592,0.9785614,1.0,-0.1621552,-0.151825,0.9750061,-25.96964,7.937012,-25.93727,3.820282,0.3316911,0.318937,1.0,-0.1750793,-0.07995605,0.9812927,30.06378,8.256912,-31.43364,3.946808,0.6255215,0.3359751,-0.004992247,1.227394,-0.1976981,-0.07469746,-0.03613034,0.04052661,1.095544,-25.13239,32.71
42,-0.1682281,-0.1187592,0.9785614,1.0,-0.1621552,-0.151825,0.9750061,-25.96964,7.937012,-25.93727,3.820282,0.3316911,0.318937,1.0,-0.1750793,-0.07995605,0.9812927,30.06378,8.256912,-31.43364,3.946808,0.6255215,0.3359751,-0.004992247,1.227394,-0.1976981,-0.07469746,-0.03613034,0.04052661,1.095544,-25.13239,32.71
42,-0.1682281,-0.1187592,0.9785614,1.0,-0.1621552,-0.151825,0.9750061,-25.96964,7.937012,-25.93727,3.820282,0.3316911,0.318937,1.0,-0.1750793,-0.07995605,0.9812927,30.06378,8.256912,-31.43364,3.946808,0.6255215,0.3359751,-0.004992247,1.227394,-0.1976981,-0.07469746,-0.03613034,0.04052661,1.095544,-25.13239,32.71
42,-0.1710358,-0.1340179,0.9760895,1.0,-0.1848755,-0.1534882,0.9706879,-25.85333,7.937744,-25.95235,3.91127,0.3314729,0.3194292,1.0,-0.1494141,-0.103714,0.9833069,30.25099,8.230164,-31.33223,4.114044,0.6139794,0.3405377,-0.004965186,1.227366,-0.1977657,-0.07486553,-0.03633699,0.04054591,1.095544,-25.13239,32.71
42,-0.1710358,-0.1340179,0.9760895,1.0,-0.1848755,-0.1534882,0.9706879,-25.85333,7.937744,-25.95235,3.91127,0.3314729,0.3194292,1.0,-0.1494141,-0.103714,0.9833069,30.25099,8.230164,-31.33223,4.114044,0.6139794,0.3405377,-0.004965186,1.227366,-0.1977657,-0.07486553,-0.03633699,0.04054591,1.095544,-25.13239,32.71
42,-0.1719208,-0.140564,0.9750214,1.0,-0.1820984,-0.1484833,0.9720001,-25.84059,7.935959,-25.94962,3.931137,0.3305544,0.3185163,1.0,-0.1413269,-0.116745,0.9830475,30.24515,8.218277,-31.17039,4.12915,0.6125202,0.3420166,-0.005001307,1.22737,-0.1978198,-0.07481676,-0.03633986,0.04048412,1.095544,-25.13239,32.71
42,-0.1719208,-0.140564,0.9750214,1.0,-0.1820984,-0.1484833,0.9720001,-25.84059,7.935959,-25.94962,3.931137,0.3305544,0.3185163,1.0,-0.1413269,-0.116745,0.9830475,30.24515,8.218277,-31.17039,4.12915,0.6125202,0.3420166,-0.005001307,1.22737,-0.1978198,-0.07481676,-0.03633986,0.04048412,1.095544,-25.13239,32.71
42,-0.1737366,-0.1432343,0.9743042,1.0,-0.1796112,-0.1495819,0.97229,-25.77289,7.929916,-25.9124,3.940033,0.3278738,0.3185299,1.0,-0.1435394,-0.1106415,0.983429,30.25682,8.218277,-31.15039,4.159103,0.6124927,0.340734,-0.00496006,1.227381,-0.1978463,-0.07475559,-0.03645204,0.04044287,1.095544,-2.00325,32.71
42,-0.1737366,-0.1432343,0.9743042,1.0,-0.1796112,-0.1495819,0.97229,-25.77289,7.929916,-25.9124,3.940033,0.3278738,0.3185299,1.0,-0.1435394,-0.1106415,0.983429,30.25682,8.218277,-31.15039,4.159103,0.6124927,0.340734,-0.004871249,1.227378,-0.1978469,-0.07467002,-0.03651086,0.0402808,1.095544,-2.00325,32.71
42,-0.1737366,-0.1432343,0.9743042,1.0,-0.1796112,-0.1495819,0.97229,-25.77289,7.929916,-25.9124,3.940033,0.3278738,0.3185299,1.0,-0.1435394,-0.1106415,0.983429,30.25682,8.218277,-31.15039,4.159103,0.6124927,0.340734,-0.004871249,1.227378,-0.1978469,-0.07467002,-0.03651086,0.0402808,1.095544,-2.00325,32.71
42,-0.1737366,-0.1432343,0.9743042,1.0,-0.1796112,-0.1495819,0.97229,-25.77289,7.929916,-25.9124,3.940033,0.3278738,0.3185299,1.0,-0.1435394,-0.1106415,0.983429,30.25682,8.218277,-31.15039,4.159103,0.6124927,0.340734,-0.004811883,1.227332,-0.1978211,-0.07456288,-0.03634089,0.04013757,1.080173,-2.00325,32.71
42,-0.1737366,-0.1432343,0.9743042,1.0,-0.1796112,-0.1495819,0.97229,-25.77289,7.929916,-25.9124,3.940033,0.3278738,0.3185299,1.0,-0.1435394,-0.1106415,0.983429,30.25682,8.218277,-31.15039,4.159103,0.6124927,0.340734,-0.004811883,1.227332,-0.1978211,-0.07456288,-0.03634089,0.04013757,1.080173,-2.00325,32.71
42,-0.1329041,-0.1792603,0.9747772,1.0,-0.1332245,-0.1855469,0.9735565,-25.71045,7.935043,-25.916,3.650024,0.3181825,0.3243067,1.0,-0.1280212,-0.09165955,0.9875183,30.38145,8.115433,-30.68849,4.384872,0.6048862,0.3369836,-0.004780173,1.227287,-0.1977906,-0.07443036,-0.03632305,0.0401307,1.080173,-2.00325,32.71
42,-0.1329041,-0.1792603,0.9747772,1.0,-0.1332245,-0.1855469,0.9735565,-25.71045,7.935043,-25.916,3.650024,0.3181825,0.3243067,1.0,-0.1280212,-0.09165955,0.9875183,30.38145,8.115433,-30.68849,4.384872,0.6048862,0.3369836,-0.004780173,1.227287,-0.1977906,-0.07443036,-0.03632305,0.0401307,1.080173,-2.00325,32.71
42,-0.1268463,-0.1438751,0.9814148,1.0,-0.1268463,-0.1439056,0.9814148,-25.69252,7.949417,-25.95753,3.977249,0.3161037,0.3163943,1.0,-0.1258698,-0.0871582,0.988205,30.39937,8.080521,-30.53951,4.459564,0.603666,0.3363416,-0.004742265,1.227276,-0.1977497,-0.07430082,-0.0360771,0.04018617,1.080173,-2.00325,32.71
42,-0.1268463,-0.1438751,0.9814148,1.0,-0.1268463,-0.1439056,0.9814148,-25.69252,7.949417,-25.95753,3.977249,0.3161037,0.3163943,1.0,-0.1258698,-0.0871582,0.988205,30.39937,8.080521,-30.53951,4.459564,0.603666,0.3363416,-0.004742265,1.227276,-0.1977497,-0.07430082,-0.0360771,0.04018617,1.080173,-2.00325,32.71
42,-0.1274109,-0.1470337,0.9808807,1.0,-0.1274872,-0.1477509,0.9807587,-25.6835,7.960052,-25.95959,3.990204,0.3158842,0.3167187,1.0,-0.1208344,-0.09065247,0.9885101,30.41501,8.095184,-30.59857,4.434128,0.6022825,0.3369406,-0.004718065,1.227281,-0.1976656,-0.07421253,-0.03597162,0.04029652,1.080173,-2.00325,32.71
42,-0.1274109,-0.1470337,0.9808807,1.0,-0.1274872,-0.1477509,0.9807587,-25.6835,7.960052,-25.95959,3.990204,0.3158842,0.3167187,1.0,-0.1208344,-0.09065247,0.9885101,30.41501,8.095184,-30.59857,4.434128,0.6022825,0.3369406,-0.004718065,1.227281,-0.1976656,-0.07421253,-0.03597162,0.04029652,1.080173,-2.00325,32.71
42,-0.1248474,-0.1311798,0.9834595,1.0,-0.1279449,-0.1490784,0.9804993,-25.67578,7.966827,-25.95932,3.990158,0.3156937,0.3167187,1.0,-0.1184998,-0.09490967,0.9884033,30.43181,8.119904,-30.71735,4.391647,0.6013893,0.3378125,-0.004685283,1.227235,-0.1975754,-0.07408793,-0.03599191,0.04060559,1.080173,-2.00325,32.71
42,-0.1248474,-0.1311798,0.9834595,1.0,-0.1279449,-0.1490784,0.9804993,-25.67578,7.966827,-25.95932,3.990158,0.3156937,0.3167187,1.0,-0.1184998,-0.09490967,0.9884033,30.43181,8.119904,-30.71735,4.391647,0.6013893,0.3378125,-0.004685283,1.227235,-0.1975754,-0.07408793,-0.03599191,0.04060559,1.080173,-2.00325,32.71
42,-0.1260986,-0.1329346,0.9830627,1.0,-0.1281281,-0.1471252,0.9807739,-25.66367,7.962906,-25.95753,4.012955,0.3152921,0.3164602,1.0,-0.1216431,-0.1020813,0.9873047,30.45074,8.107468,-30.65796,4.393158,0.6011773,0.339116,-0.004638553,1.227175,-0.1974827,-0.07375169,-0.03598031,0.04075284,1.080173,21.0179,32.71
42,-0.1260986,-0.1329346,0.9830627,1.0,-0.1281281,-0.1471252,0.9807739,-25.66367,7.962906,-25.95753,4.012955,0.3152921,0.3164602,1.0,-0.1216431,-0.1020813,0.9873047,30.45074,8.107468,-30.65796,4.393158,0.6011773,0.339116,-0.004638553,1.227175,-0.1974827,-0.07375169,-0.03598031,0.04075284,1.080173,21.0179,32.71
42,-0.08450317,-0.1383209,0.9867706,1.0,-0.08439636,-0.1384277,0.9867554,-25.44998,7.868637,-25.93396,4.103699,0.3005496,0.3171614,1.0,-0.09925842,-0.1231842,0.9873962,30.64098,8.106552,-31.25102,4.413132,0.5910009,0.3479121,-0.004633904,1.227099,-0.1974234,-0.0734991,-0.03584588,0.04038037,1.080173,21.0179,32.71
42,-0.08450317,-0.1383209,0.9867706,1.0,-0.08439636,-0.1384277,0.9867554,-25.44998,7.868637,-25.93396,4.103699,0.3005496,0.3171614,1.0,-0.09925842,-0.1231842,0.9873962,30.64098,8.106552,-31.25102,4.413132,0.5910009,0.3479121,-0.004633904,1.227099,-0.1974234,-0.0734991,-0.03584588,0.04038037,1.080173,21.0179,32.71
42,-0.06033325,-0.2062531,0.9766235,1.0,-0.06037903,-0.2062073,0.9766388,-24.75981,7.393463,-25.96829,4.107025,0.2729955,0.3446865,1.0,-0.0163269,-0.2400665,0.9706116,31.04852,7.664337,-31.11496,3.798447,0.5615858,0.3844359,-0.004563808,1.227145,-0.1973569,-0.07313153,-0.03567608,0.03981533,1.080173,21.0179,32.71
42,-0.06033325,-0.2062531,0.9766235,1.0,-0.06037903,-0.2062073,0.9766388,-24.75981,7.393463,-25.96829,4.107025,0.2729955,0.3446865,1.0,-0.0163269,-0.2400665,0.9706116,31.04852,7.664337,-31.11496,3.798447,0.5615858,0.3844359,-0.004563808,1.227145,-0.1973569,-0.07313153,-0.03567608,0.03981533,1.080173,21.0179,32.71
42,-0.02922058,-0.3399048,0.9399872,1.0,-0.03009033,-0.3412323,0.9394836,-24.5134,7.096909,-26.07605,3.764557,0.259651,0.3798023,1.0,0.01445007,-0.2734375,0.9617767,31.17119,7.378021,-31.20786,4.131744,0.5519518,0.401416,-0.004535079,1.227072,-0.1972841,-0.07283804,-0.03543532,0.03975559,1.080173,21.0179,32.71
42,-0.02922058,-0.3399048,0.9399872,1.0,-0.03009033,-0.3412323,0.9394836,-24.5134,7.096909,-26.07605,3.764557,0.259651,0.3798023,1.0,0.01445007,-0.2734375,0.9617767,31.17119,7.378021,-31.20786,4.131744,0.5519518,0.401416,-0.004535079,1.227072,-0.1972841,-0.07283804,-0.03543532,0.03975559,1.080173,21.0179,32.71
42,-0.004470825,-0.2852325,0.9584351,1.0,-0.02371216,-0.2953339,0.9550934,-24.55624,7.07515,-26.06155,3.970917,0.2598713,0.3718249,1.0,0.007095337,-0.2790833,0.9602356,31.29253,7.351074,-31.21982,4.096481,0.5489445,0.4035255,-0.00453198,1.226989,-0.1972165,-0.07233055,-0.03522273,0.03983384,1.080173,21.0179,32.71
42,-0.004470825,-0.2852325,0.9584351,1.0,-0.02371216,-0.2953339,0.9550934,-24.55624,7.07515,-26.06155,3.970917,0.2598713,0.3718249,1.0,0.007095337,-0.2790833,0.9602356,31.29253,7.351074,-31.21982,4.096481,0.5489445,0.4035255,-0.00453198,1.226989,-0.1972165,-0.07233055,-0.03522273,0.03983384,1.080173,21.0179,32.71
42,-0.02104187,-0.289856,0.9568329,1.0,-0.0712738,-0.3278656,0.9420166,-24.4782,7.032669,-26.08586,3.886475,0.2653527,0.3797997,1.0,0.01066589,-0.265274,0.9641113,31.30461,7.347275,-31.21854,4.300797,0.5479457,0.4009863,-0.004493117,1.226788,-0.1971502,-0.07163094,-0.0349618,0.0398389,1.080173,21.0179,32.71
42,-0.02104187,-0.289856,0.9568329,1.0,-0.0712738,-0.3278656,0.9420166,-24.4782,7.032669,-26.08586,3.886475,0.2653527,0.3797997,1.0,0.01066589,-0.265274,0.9641113,31.30461,7.347275,-31.21854,4.300797,0.5479457,0.4009863,-0.004493117,1.226788,-0.1971502,-0.07163094,-0.0349618,0.0398389,1.080173,21.0179,32.71
42,-0.006668091,-0.3013,0.9534912,1.0,-0.02148438,-0.32547,0.9452972,-24.57974,7.054565,-26.07997,3.96637,0.2603046,0.3781994,1.0,0.005767822,-0.2807617,0.9597473,31.31996,7.327972,-31.22212,4.160004,0.5482109,0.4046403,-0.004475236,1.226704,-0.1971347,-0.07130255,-0.03473861,0.040056,1.080173,21.0179,32.71
42,-0.006668091,-0.3013,0.9534912,1.0,-0.02148438,-0.32547,0.9452972,-24.57974,7.054565,-26.07997,3.96637,0.2603046,0.3781994,1.0,0.005767822,-0.2807617,0.9597473,31.31996,7.327972,-31.22212,4.160004,0.5482109,0.4046403,-0.004475236,1.226704,-0.1971347,-0.07130255,-0.03473861,0.040056,1.080173,21.0179,32.71
42,-0.00491333,-0.299408,0.9541016,1.0,-0.01968384,-0.3238983,0.9458771,-24.58856,7.046707,-26.08316,3.965866,0.2603046,0.3781994,1.0,0.006317139,-0.2805634,0.9598083,31.33057,7.324326,-31.22386,4.160141,0.5477437,0.4047369,-0.004549623,1.226521,-0.1971664,-0.07076141,-0.0345267,0.04014907,1.080173,21.0179,32.71
42,-0.002746582,-0.2954102,0.9553528,0.9969135,-0.0148468,-0.3150024,0.9489594,-24.61427,7.04068,-26.08141,4.051102,0.2603046,0.3767057,0.9248294,0.006378174,-0.2805176,0.9598236,31.33736,7.324326,-31.22426,4.159958,0.5474959,0.4047369,-0.004548669,1.226448,-0.1971513,-0.07056193,-0.03447789,0.04027174,1.080173,21.0179,32.71
42,-0.002746582,-0.2954102,0.9553528,0.9969135,-0.0148468,-0.3150024,0.9489594,-24.61427,7.04068,-26.08141,4.051102,0.2603046,0.3767057,0.9248294,0.006378174,-0.2805176,0.9598236,31.33736,7.324326,-31.22426,4.159958,0.5474959,0.4047369,-0.004548669,1.226448,-0.1971513,-0.07056193,-0.03447789,0.04027174,1.080173,21.0179,32.71
42,-0.006652832,-0.2965546,0.9549866,0.9961475,-0.021698,-0.3140717,0.9491425,-24.61427,7.04068,-26.08141,4.053818,0.261475,0.3765749,0.9339998,0.006622314,-0.2809448,0.9596863,31.34204,7.326889,-31.2256,4.16011,0.5472902,0.4047369,-0.004591584,1.226374,-0.1971221,-0.07001539,-0.03428938,0.0402684,1.080173,25.49176,32.71
42,-0.002319336,-0.2970123,0.9548645,1.0,-0.01196289,-0.314743,0.9490967,-24.64191,7.042984,-26.07935,4.044937,0.2607849,0.3765749,1.0,0.00567627,-0.2821808,0.9593353,31.3466,7.327972,-31.22681,4.145706,0.5472902,0.4049498,-0.004625678,1.226318,-0.1970883,-0.06981227,-0.03420322,0.04027655,1.080173,25.49176,32.71
42,-0.002319336,-0.2970123,0.9548645,1.0,-0.01196289,-0.314743,0.9490967,-24.64191,7.042984,-26.07935,4.044937,0.2607849,0.3765749,1.0,0.00567627,-0.2821808,0.9593353,31.3466,7.327972,-31.22681,4.145706,0.5472902,0.4049498,-0.004625678,1.226318,-0.1970883,-0.06981227,-0.03420322,0.04027655,1.080173,25.49176,32.71
42,-0.004119873,-0.2987823,0.9542999,0.9936231,-0.01586914,-0.3143311,0.949173,-24.64247,7.044907,-26.07738,4.046127,0.261475,0.3764499,0.9270588,0.005691528,-0.285675,0.9582977,31.34743,7.331345,-31.22736,4.139664,0.5472586,0.4054876,-0.00460887,1.226237,-0.1970131,-0.06948718,-0.03414021,0.04019488,1.080173,25.49176,32.71
42,-0.002792358,-0.2988586,0.9542847,1.0,-0.01582336,-0.3139343,0.9493103,-24.64294,7.045624,-26.0766,4.046494,0.261483,0.3763493,1.0,0.008102417,-0.2861481,0.9581451,31.34756,7.331619,-31.22766,4.133743,0.5468373,0.4055714,-0.004606366,1.226194,-0.1969965,-0.06933744,-0.03404865,0.04036893,1.080173,25.49176,32.71
42,-0.002792358,-0.2988586,0.9542847,1.0,-0.01582336,-0.3139343,0.9493103,-24.64294,7.045624,-26.0766,4.046494,0.261483,0.3763493,1.0,0.008102417,-0.2861481,0.9581451,31.34756,7.331619,-31.22766,4.133743,0.5468373,0.4055714,-0.004596233,1.226173,-0.196955,-0.06914473,-0.03408036,0.04051576,1.080173,25.49176,32.71
42,-0.002792358,-0.2988586,0.9542847,1.0,-0.01582336,-0.3139343,0.9493103,-24.64294,7.045624,-26.0766,4.046494,0.261483,0.3763493,1.0,0.008102417,-0.2861481,0.9581451,31.34756,7.331619,-31.22766,4.133743,0.5468373,0.4055714,-0.004596233,1.226173,-0.196955,-0.06914473,-0.03408036,0.04051576,1.080173,25.49176,32.71
42,-0.002792358,-0.2988586,0.9542847,1.0,-0.01582336,-0.3139343,0.9493103,-24.64294,7.045624,-26.0766,4.046494,0.261483,0.3763493,1.0,0.008102417,-0.2861481,0.9581451,31.34756,7.331619,-31.22766,4.133743,0.5468373,0.4055714,-0.004616022,1.226107,-0.1968907,-0.06916305,-0.03398798,0.04061568,1.080173,25.49176,32.71
42,-0.002792358,-0.2988586,0.9542847,1.0,-0.01582336,-0.3139343,0.9493103,-24.64294,7.045624,-26.0766,4.046494,0.261483,0.3763493,1.0,0.008102417,-0.2861481,0.9581451,31.34756,7.331619,-31.22766,4.133743,0.5468373,0.4055714,-0.004583359,1.226083,-0.1968554,-0.06911995,-0.03394324,0.04049369,1.080173,25.49176,32.71
42,-0.002792358,-0.2988586,0.9542847,1.0,-0.01582336,-0.3139343,0.9493103,-24.64294,7.045624,-26.0766,4.046494,0.261483,0.3763493,1.0,0.008102417,-0.2861481,0.9581451,31.34756,7.331619,-31.22766,4.133743,0.5468373,0.4055714,-0.004583359,1.226083,-0.1968554,-0.06911995,-0.03394324,0.04049369,1.080173,25.49176,32.71
42,0.00138855,-0.2985687,0.9543762,1.0,-0.01139832,-0.3126831,0.9497833,-24.64294,7.046814,-26.07655,4.05835,0.260718,0.3760388,1.0,0.01040649,-0.2885742,0.9573975,31.34828,7.335098,-31.22865,4.127716,0.546416,0.4059213,-0.004678607,1.22611,-0.1967934,-0.06897438,-0.03397548,0.04042168,1.080173,25.49176,32.71
42,-0.00340271,-0.2987976,0.9542999,0.9893546,-0.01582336,-0.3126984,0.949707,-24.64294,7.047653,-26.07582,4.048645,0.261483,0.3760388,0.9213578,0.005386353,-0.2888947,0.9573364,31.34894,7.336792,-31.22888,4.136612,0.5472586,0.4059213,-0.004731536,1.226139,-0.1967592,-0.06889342,-0.03399806,0.04054334,1.080173,25.49176,32.71
43,-0.007141113,-0.3023224,0.9531708,0.9977862,-0.02192688,-0.3216095,0.9466095,-24.6331,7.085876,-26.06984,4.049225,0.2621668,0.3763493,0.91834,0.003692627,-0.2880554,0.9575958,31.34894,7.339706,-31.22949,4.13942,0.54755,0.4056553,-0.004839301,1.226101,-0.1967174,-0.06884463,-0.03400793,0.04073748,1.080173,25.49176,32.71
43,-0.007141113,-0.3023224,0.9531708,0.9977862,-0.02192688,-0.3216095,0.9466095,-24.6331,7.085876,-26.06984,4.049225,0.2621668,0.3763493,0.91834,0.003692627,-0.2880554,0.9575958,31.34894,7.339706,-31.22949,4.13942,0.54755,0.4056553,-0.004839301,1.226101,-0.1967174,-0.06884463,-0.03400793,0.04073748,1.080173,25.49176,32.71
43,-0.008529663,-0.3033295,0.9528351,0.9630185,-0.02198792,-0.3242798,0.945694,-24.6331,7.124115,-26.06117,4.051895,0.2621668,0.3754733,0.9256076,0.001449585,-0.2876129,0.9577332,31.34894,7.342239,-31.22977,4.145889,0.5479379,0.4054876,-0.00485003,1.2261,-0.1966883,-0.06878866,-0.03400946,0.04094563,1.080173,25.49176,32.71
43,-0.01069641,-0.3049469,0.952301,0.972445,-0.02842712,-0.3289948,0.9438934,-24.6331,7.124802,-26.06018,4.055984,0.2632653,0.3763493,0.9209593,0.001785278,-0.2878265,0.9576721,31.3452,7.343307,-31.23021,4.155823,0.5480151,0.4054829,-0.004882932,1.226082,-0.196623,-0.06872027,-0.03402457,0.040984,1.080173,-5.979553,32.71
43,-0.01069641,-0.3049469,0.952301,0.972445,-0.02842712,-0.3289948,0.9438934,-24.6331,7.124802,-26.06018,4.055984,0.2632653,0.3763493,0.9209593,0.001785278,-0.2878265,0.9576721,31.3452,7.343307,-31.23021,4.155823,0.5480151,0.4054829,-0.004882932,1.226082,-0.196623,-0.06872027,-0.03402457,0.040984,1.080173,-5.979553,32.71
43,-0.007141113,-0.2999268,0.9539185,0.9767971,-0.02133179,-0.3313751,0.9432526,-24.6331,7.127426,-26.05687,4.033905,0.2620838,0.3766245,0.9391887,0.001968384,-0.2795258,0.9601288,31.33791,7.343903,-31.2312,4.188522,0.5482494,0.4039201,-0.004880548,1.226027,-0.196632,-0.06837855,-0.03403376,0.04106718,1.080173,-5.979553,32.71
43,-0.006759644,-0.3018188,0.9533386,0.9937885,-0.02102661,-0.3350983,0.9419403,-24.63358,7.134735,-26.05197,3.997635,0.2620838,0.3770545,0.9342735,0.002639771,-0.2796631,0.960083,31.33263,7.344833,-31.23297,4.189468,0.5483219,0.4039201,-0.004934192,1.226021,-0.1966161,-0.06824287,-0.03399127,0.04098728,1.080173,-5.979553,32.71
43,-0.006759644,-0.3018188,0.9533386,0.9937885,-0.02102661,-0.3350983,0.9419403,-24.63358,7.134735,-26.05197,3.997635,0.2620838,0.3770545,0.9342735,0.002639771,-0.2796631,0.960083,31.33263,7.344833,-31.23297,4.189468,0.5483219,0.4039201,-0.004934192,1.226021,-0.1966161,-0.06824287,-0.03399127,0.04098728,1.080173,-5.979553,32.71
43,-0.007171631,-0.3035278,0.9527893,0.962764,-0.02096558,-0.3351746,0.9419098,-24.63628,7.134735,-26.04857,4.007507,0.2621668,0.377041,0.9306676,0.003128052,-0.2796173,0.9600983,31.32779,7.346756,-31.23428,4.264511,0.5484186,0.4038145,-0.005076885,1.225924,-0.1966361,-0.06801924,-0.03404449,0.04106482,1.080173,-5.979553,32.71
43,-0.007202148,-0.3051758,0.9522552,0.9441458,-0.02018738,-0.3352051,0.941925,-24.64006,7.134735,-26.048,4.007401,0.2621668,0.377041,0.9165347,0.003692627,-0.2796936,0.9600677,31.3244,7.347031,-31.2347,4.264893,0.5484434,0.403835,-0.005109668,1.225896,-0.1966325,-0.06777234,-0.03394938,0.04108986,1.080173,-5.979553,32.71
43,-0.007400513,-0.3059387,0.9520111,0.9441458,-0.02018738,-0.3352051,0.941925,-24.64006,7.134735,-26.048,4.007401,0.2621668,0.377041,0.9165347,0.003723145,-0.2801971,0.9599304,31.32166,7.347229,-31.23474,4.264877,0.5485337,0.4039201,-0.005111814,1.225895,-0.1966239,-0.06762695,-0.03402676,0.04119869,1.080173,-5.979553,32.71
43,-0.007400513,-0.3059387,0.9520111,0.9441458,-0.02018738,-0.3352051,0.941925,-24.64006,7.134735,-26.048,4.007401,0.2621668,0.377041,0.9165347,0.003723145,-0.2801971,0.9599304,31.32166,7.347229,-31.23474,4.264877,0.5485337,0.4039201,-0.005111814,1.225895,-0.1966239,-0.06762695,-0.03402676,0.04119869,1.080173,-5.979553,32.71
43,-0.005859375,-0.306015,0.9519958,0.9906124,-0.01768494,-0.3353577,0.9419098,-24.6468,7.134735,-26.04689,4.021973,0.2619646,0.377041,0.9342411,0.003250122,-0.2831573,0.9590607,31.32141,7.350204,-31.23486,4.240662,0.5486194,0.4043796,-0.005139232,1.225874,-0.1966356,-0.06744581,-0.03397943,0.04112737,1.080173,-5.979553,32.71
43,-0.007171631,-0.3051605,0.9522705,0.9503046,-0.01123047,-0.3325806,0.9429932,-24.6468,7.118347,-26.04689,4.019028,0.2608761,0.377041,0.9156901,-0.004104614,-0.2843628,0.9586945,31.32001,7.352524,-31.23502,4.269821,0.5499391,0.4045114,-0.00526154,1.225765,-0.1966765,-0.06719182,-0.03391029,0.04120972,1.080173,-5.979553,32.71
43,-0.007171631,-0.3051605,0.9522705,0.9503046,-0.01123047,-0.3325806,0.9429932,-24.6468,7.118347,-26.04689,4.019028,0.2608761,0.377041,0.9156901,-0.004104614,-0.2843628,0.9586945,31.32001,7.352524,-31.23502,4.269821,0.5499391,0.4045114,-0.00526154,1.225765,-0.1966765,-0.06719182,-0.03391029,0.04120972,1.080173,-5.979553,32.71
43,-0.00881958,-0.3024292,0.953125,0.946673,-0.01469421,-0.3254852,0.9454193,-24.64784,7.118042,-26.04657,4.030945,0.2614938,0.3757634,0.9030707,-0.004241943,-0.2844086,0.9586792,31.32001,7.352951,-31.2363,4.270279,0.5499641,0.4045114,-0.005307436,1.225794,-0.1966594,-0.06715222,-0.0339149,0.04122617,1.080173,-5.979553,32.71
43,-0.00881958,-0.3024292,0.953125,0.946673,-0.01469421,-0.3254852,0.9454193,-24.64784,7.118042,-26.04657,4.030945,0.2614938,0.3757634,0.9030707,-0.004241943,-0.2844086,0.9586792,31.32001,7.352951,-31.2363,4.270279,0.5499641,0.4045114,-0.005307436,1.225794,-0.1966594,-0.06715222,-0.0339149,0.04122617,1.080173,-5.979553,32.71
43,-0.009933472,-0.3021851,0.953186,0.946673,-0.01579285,-0.3256989,0.9453278,-24.6573,7.118042,-26.04578,4.092438,0.2619587,0.3757634,0.9030707,-0.005355835,-0.2836914,0.9588928,31.32001,7.352966,-31.23671,4.271088,0.5501564,0.4043796,-0.005307436,1.225794,-0.1966594,-0.06715222,-0.0339149,0.04122617,1.080173,-5.979553,32.71
43,-0.009933472,-0.3021851,0.953186,0.946673,-0.01579285,-0.3256989,0.9453278,-24.6573,7.118042,-26.04578,4.092438,0.2619587,0.3757634,0.9030707,-0.005355835,-0.2836914,0.9588928,31.32001,7.352966,-31.23671,4.271088,0.5501564,0.4043796,-0.00538063,1.225772,-0.1966793,-0.06699247,-0.03384497,0.0413867,1.080173,-40.93127,32.71
43,-0.009933472,-0.3021851,0.953186,0.946673,-0.01579285,-0.3256989,0.9453278,-24.6573,7.118042,-26.04578,4.092438,0.2619587,0.3757634,0.9030707,-0.005355835,-0.2836914,0.9588928,31.32001,7.352966,-31.23671,4.271088,0.5501564,0.4043796,-0.005452991,1.225744,-0.1967137,-0.06692304,-0.03370202,0.04161398,1.080173,-40.93127,32.71
43,-0.009933472,-0.3021851,0.953186,0.946673,-0.01579285,-0.3256989,0.9453278,-24.6573,7.118042,-26.04578,4.092438,0.2619587,0.3757634,0.9030707,-0.005355835,-0.2836914,0.9588928,31.32001,7.352966,-31.23671,4.271088,0.5501564,0.4043796,-0.005452991,1.225744,-0.1967137,-0.06692304,-0.03370202,0.04161398,1.080173,-40.93127,32.71
43,-0.009933472,-0.3021851,0.953186,0.946673,-0.01579285,-0.3256989,0.9453278,-24.6573,7.118042,-26.04578,4.092438,0.2619587,0.3757634,0.9030707,-0.005355835,-0.2836914,0.9588928,31.32001,7.352966,-31.23671,4.271088,0.5501564,0.4043796,-0.005485892,1.225747,-0.1966841,-0.06684205,-0.03371418,0.04180458,1.080173,-40.93127,32.71
43,-0.01589966,-0.3119354,0.9499664,0.9523599,-0.014328,-0.3328094,0.9428711,-24.95779,7.149323,-26.04366,4.336136,0.2719397,0.3761517,0.9126465,-0.01695251,-0.2977448,0.954483,31.23958,7.397934,-31.22447,4.186172,0.5549654,0.4053748,-0.005521536,1.225731,-0.1967249,-0.06671766,-0.03351536,0.04188738,1.080173,-40.93127,32.71
43,-0.01589966,-0.3119354,0.9499664,0.9523599,-0.014328,-0.3328094,0.9428711,-24.95779,7.149323,-26.04366,4.336136,0.2719397,0.3761517,0.9126465,-0.01695251,-0.2977448,0.954483,31.23958,7.397934,-31.22447,4.186172,0.5549654,0.4053748,-0.005521536,1.225731,-0.1967249,-0.06671766,-0.03351536,0.04188738,1.080173,-40.93127,32.71
43,-0.1003418,-0.362915,0.9263916,0.833941,-0.1003418,-0.362915,0.9263916,-25.75137,7.265305,-26.08411,3.699783,0.3139294,0.3801047,0.840242,0.0,0.0,0.0,30.32066,7.599869,-31.23982,-1.0,0.6090973,0.393989,-0.005506873,1.225684,-0.1967266,-0.06668504,-0.0332941,0.04176482,1.080173,-40.93127,32.71
43,-0.1003418,-0.362915,0.9263916,0.833941,-0.1003418,-0.362915,0.9263916,-25.75137,7.265305,-26.08411,3.699783,0.3139294,0.3801047,0.840242,0.0,0.0,0.0,30.32066,7.599869,-31.23982,-1.0,0.6090973,0.393989,-0.005506873,1.225684,-0.1967266,-0.06668504,-0.0332941,0.04176482,1.080173,-40.93127,32.71
43,-0.2424774,-0.3180084,0.9165497,0.796495,-0.2424774,-0.3180084,0.9165497,-26.49893,7.42746,-26.20758,3.50267,0.3629091,0.3698223,0.7702957,0.0,0.0,0.0,29.56343,7.77121,-31.39287,-1.0,0.6606381,0.3840525,-0.005467772,1.22565,-0.1967518,-0.06671241,-0.03307025,0.04184342,1.080173,-40.93127,32.71
43,-0.2424774,-0.3180084,0.9165497,0.796495,-0.2424774,-0.3180084,0.9165497,-26.49893,7.42746,-26.20758,3.50267,0.3629091,0.3698223,0.7702957,0.0,0.0,0.0,29.56343,7.77121,-31.39287,-1.0,0.6606381,0.3840525,-0.005467772,1.22565,-0.1967518,-0.06671241,-0.03307025,0.04184342,1.080173,-40.93127,32.71
43,-0.4085693,-0.282608,0.8678589,0.8107834,-0.4120483,-0.3052216,0.8585052,-27.01218,7.452072,-26.50948,4.268265,0.407533,0.3720959,0.7616691,-0.396698,-0.213913,0.8926697,28.98256,7.894699,-31.57932,4.568512,0.7048025,0.3763559,-0.005415082,1.225698,-0.1967424,-0.06660567,-0.03280037,0.04184431,1.080173,-40.93127,32.71
43,-0.4085693,-0.282608,0.8678589,0.8107834,-0.4120483,-0.3052216,0.8585052,-27.01218,7.452072,-26.50948,4.268265,0.407533,0.3720959,0.7616691,-0.396698,-0.213913,0.8926697,28.98256,7.894699,-31.57932,4.568512,0.7048025,0.3763559,-0.005415082,1.225698,-0.1967424,-0.06660567,-0.03280037,0.04184431,1.080173,-40.93127,32.71
43,-0.4144135,-0.238205,0.8783569,0.7542289,-0.4215698,-0.3380585,0.8414154,-27.20755,7.500137,-26.56775,4.150742,0.4156889,0.3773574,0.7629028,-0.4117279,-0.2112427,0.8864746,28.81267,7.916214,-31.64015,4.737488,0.7142373,0.375346,-0.005337596,1.225721,-0.1967111,-0.06668112,-0.03260283,0.04187759,1.080173,-40.93127,32.71
43,-0.4144135,-0.238205,0.8783569,0.7542289,-0.4215698,-0.3380585,0.8414154,-27.20755,7.500137,-26.56775,4.150742,0.4156889,0.3773574,0.7629028,-0.4117279,-0.2112427,0.8864746,28.81267,7.916214,-31.64015,4.737488,0.7142373,0.375346,-0.005337596,1.225721,-0.1967111,-0.06668112,-0.03260283,0.04187759,1.080173,-40.93127,32.71
43,-0.4331207,-0.1779633,0.8835754,0.7911791,-0.4266663,-0.3421478,0.8371735,-27.23961,7.524933,-26.58435,3.920212,0.4178858,0.3777143,0.8140923,-0.4324493,-0.1210938,0.8934784,28.82986,7.90329,-31.66069,4.962418,0.718375,0.3586529,-0.00527072,1.225715,-0.1967356,-0.0664807,-0.03246244,0.04181937,1.080173,-40.93127,32.71
43,-0.4331207,-0.1779633,0.8835754,0.7911791,-0.4266663,-0.3421478,0.8371735,-27.23961,7.524933,-26.58435,3.920212,0.4178858,0.3777143,0.8140923,-0.4324493,-0.1210938,0.8934784,28.82986,7.90329,-31.66069,4.962418,0.718375,0.3586529,-0.00527072,1.225715,-0.1967356,-0.0664807,-0.03246244,0.04181937,1.080173,-40.93127,32.71
43,-0.4228516,-0.2670746,0.8659363,0.8850922,-0.4190826,-0.3493347,0.8380432,-27.27623,7.558014,-26.57204,4.012054,0.4176941,0.3776014,0.8859876,-0.4230957,-0.1620941,0.891449,28.84875,7.89061,-31.64711,4.762787,0.7154009,0.3670264,-0.005259752,1.225661,-0.1967426,-0.06630014,-0.03236613,0.04184662,1.080173,17.38913,32.71
43,-0.4228516,-0.2670746,0.8659363,0.8850922,-0.4190826,-0.3493347,0.8380432,-27.27623,7.558014,-26.57204,4.012054,0.4176941,0.3776014,0.8859876,-0.4230957,-0.1620941,0.891449,28.84875,7.89061,-31.64711,4.762787,0.7154009,0.3670264,-0.005259752,1.225661,-0.1967426,-0.06630014,-0.03236613,0.04184662,1.080173,17.38913,32.71
43,-0.4398346,-0.2315674,0.8677063,0.8853683,-0.4682617,-0.2767639,0.8391113,-27.27956,7.540237,-26.61243,4.651321,0.4256175,0.3660699,0.9043921,-0.4081879,-0.183075,0.8943481,28.86877,7.891525,-31.6228,4.609283,0.7115737,0.3707948,-0.005200386,1.225624,-0.1967447,-0.06631666,-0.03236866,0.04190551,1.080173,17.38913,32.71
43,-0.4398346,-0.2315674,0.8677063,0.8853683,-0.4682617,-0.2767639,0.8391113,-27.27956,7.540237,-26.61243,4.651321,0.4256175,0.3660699,0.9043921,-0.4081879,-0.183075,0.8943481,28.86877,7.891525,-31.6228,4.609283,0.7115737,0.3707948,-0.005200386,1.225624,-0.1967447,-0.06631666,-0.03236866,0.04190551,1.080173,17.38913,32.71
43,-0.4383392,-0.2350159,0.8675385,0.9094612,-0.4576569,-0.2824402,0.8430634,-27.26395,7.511642,-26.6115,4.608231,0.4233164,0.3677961,0.9240165,-0.4164276,-0.1842041,0.8903046,28.85632,7.870499,-31.6407,4.714981,0.7136145,0.3719609,-0.005174637,1.225585,-0.1967545,-0.06625731,-0.03229492,0.04194959,1.080173,17.38913,32.71
43,-0.4383392,-0.2350159,0.8675385,0.9094612,-0.4576569,-0.2824402,0.8430634,-27.26395,7.511642,-26.6115,4.608231,0.4233164,0.3677961,0.9240165,-0.4164276,-0.1842041,0.8903046,28.85632,7.870499,-31.6407,4.714981,0.7136145,0.3719609,-0.005174637,1.225585,-0.1967545,-0.06625731,-0.03229492,0.04194959,1.080173,17.38913,32.71
43,-0.4295502,-0.2549286,0.8663025,0.9594373,-0.4554749,-0.2789154,0.8454132,-27.25819,7.492828,-26.61502,4.555176,0.422827,0.367787,0.9672002,-0.4040222,-0.2315369,0.8849487,28.80836,7.884964,-31.63422,4.67984,0.712729,0.3803564,-0.005205989,1.22561,-0.196715,-0.0661647,-0.03232098,0.04183701,1.080173,17.38913,32.71
43,-0.4295502,-0.2549286,0.8663025,0.9594373,-0.4554749,-0.2789154,0.8454132,-27.25819,7.492828,-26.61502,4.555176,0.422827,0.367787,0.9672002,-0.4040222,-0.2315369,0.8849487,28.80836,7.884964,-31.63422,4.67984,0.712729,0.3803564,-0.005205989,1.22561,-0.196715,-0.0661647,-0.03232098,0.04183701,1.080173,17.38913,32.71
43,-0.4234467,-0.2247925,0.8775787,0.9514747,-0.4423523,-0.2665253,0.856308,-27.25684,7.493729,-26.60892,4.696091,0.4204103,0.3650576,0.9810494,-0.4060669,-0.1879272,0.8943024,28.81551,7.906082,-31.62764,4.7789,0.7131653,0.3709821,-0.005143166,1.225541,-0.196661,-0.06625146,-0.03247346,0.04206133,1.080173,17.38913,32.71
43,-0.4234467,-0.2247925,0.8775787,0.9514747,-0.4423523,-0.2665253,0.856308,-27.25684,7.493729,-26.60892,4.696091,0.4204103,0.3650576,0.9810494,-0.4060669,-0.1879272,0.8943024,28.81551,7.906082,-31.62764,4.7789,0.7131653,0.3709821,-0.005143166,1.225541,-0.196661,-0.06625146,-0.03247346,0.04206133,1.080173,17.38913,32.71
43,-0.4184265,-0.208786,0.8839111,0.9479888,-0.4417267,-0.2507782,0.8613739,-27.25565,7.499359,-26.60275,4.815079,0.4201694,0.3619029,0.9915234,-0.3994446,-0.1755981,0.899765,28.81384,7.882294,-31.62129,4.716431,0.7119983,0.3693939,-0.005096316,1.22554,-0.1965884,-0.06592656,-0.03253855,0.04225256,1.080173,17.38913,32.71
43,-0.4184265,-0.208786,0.8839111,0.9479888,-0.4417267,-0.2507782,0.8613739,-27.25565,7.499359,-26.60275,4.815079,0.4201694,0.3619029,0.9915234,-0.3994446,-0.1755981,0.899765,28.81384,7.882294,-31.62129,4.716431,0.7119983,0.3693939,-0.005096316,1.22554,-0.1965884,-0.06592656,-0.03253855,0.04225256,1.080173,17.38913,32.71
43,-0.4245148,-0.2280273,0.8762207,1.0,-0.4409332,-0.2748566,0.8544006,-27.25819,7.507095,-26.58612,4.713974,0.4201753,0.3658932,1.0,-0.4095917,-0.1877289,0.8927307,28.81607,7.878616,-31.63344,4.809555,0.7137939,0.3720402,-0.005066991,1.225587,-0.1964763,-0.06596418,-0.03237488,0.04196326,1.080173,17.38913,32.71
43,-0.4245148,-0.2280273,0.8762207,1.0,-0.4409332,-0.2748566,0.8544006,-27.25819,7.507095,-26.58612,4.713974,0.4201753,0.3658932,1.0,-0.4095917,-0.1877289,0.8927307,28.81607,7.878616,-31.63344,4.809555,0.7137939,0.3720402,-0.005066991,1.225587,-0.1964763,-0.06596418,-0.03237488,0.04196326,1.080173,17.38913,32.71
43,-0.4256897,-0.2210693,0.8774414,1.0,-0.4407959,-0.2766724,0.8538818,-27.25864,7.508484,-26.57979,4.703506,0.4201753,0.3661278,1.0,-0.4119568,-0.1744537,0.8943329,28.8166,7.882294,-31.63339,4.773544,0.714336,0.3693939,-0.005042315,1.225601,-0.1963812,-0.06584729,-0.03223789,0.04128197,1.080173,22.91756,32.71
43,-0.4256897,-0.2210693,0.8774414,1.0,-0.4407959,-0.2766724,0.8538818,-27.25864,7.508484,-26.57979,4.703506,0.4201753,0.3661278,1.0,-0.4119568,-0.1744537,0.8943329,28.8166,7.882294,-31.63339,4.773544,0.714336,0.3693939,-0.005042315,1.225601,-0.1963812,-0.06584729,-0.03223789,0.04128197,1.080173,22.91756,32.71
43,-0.4256744,-0.2226715,0.8770294,1.0,-0.4406738,-0.2820587,0.8521881,-27.26352,7.511368,-26.57979,4.704926,0.4202994,0.3670014,1.0,-0.4118805,-0.1728363,0.8946838,28.81662,7.8871,-31.63152,4.788055,0.714336,0.3688777,-0.004999757,1.225585,-0.1963134,-0.06553915,-0.03215018,0.0413204,1.080173,22.91756,32.71
43,-0.4256744,-0.2226715,0.8770294,1.0,-0.4406738,-0.2820587,0.8521881,-27.26352,7.511368,-26.57979,4.704926,0.4202994,0.3670014,1.0,-0.4118805,-0.1728363,0.8946838,28.81662,7.8871,-31.63152,4.788055,0.714336,0.3688777,-0.004999757,1.225585,-0.1963134,-0.06553915,-0.03215018,0.0413204,1.080173,22.91756,32.71
43,-0.4255981,-0.2296295,0.8752747,1.0,-0.4373016,-0.2861481,0.8525543,-27.27531,7.511368,-26.57979,4.650528,0.4201753,0.3676926,1.0,-0.4125824,-0.1735992,0.8942108,28.81839,7.884796,-31.63293,4.779465,0.7143977,0.3691358,-0.004923701,1.225507,-0.1962907,-0.06522988,-0.03189097,0.04147302,1.080173,22.91756,32.71
43,-0.4255981,-0.2296295,0.8752747,1.0,-0.4373016,-0.2861481,0.8525543,-27.27531,7.511368,-26.57979,4.650528,0.4201753,0.3676926,1.0,-0.4125824,-0.1735992,0.8942108,28.81839,7.884796,-31.63293,4.779465,0.7143977,0.3691358,-0.004923701,1.225507,-0.1962907,-0.06522988,-0.03189097,0.04147302,1.080173,22.91756,32.71
43,-0.422287,-0.2305908,0.8766327,1.0,-0.4308319,-0.2907257,0.8543091,-27.28528,7.511368,-26.58191,4.514435,0.419559,0.3684682,1.0,-0.4128418,-0.1743774,0.8939362,28.82117,7.882553,-31.63287,4.768036,0.714336,0.3693939,-0.004854679,1.225424,-0.1962652,-0.06507069,-0.03168659,0.04151898,1.080173,22.91756,32.71
43,-0.422287,-0.2305908,0.8766327,1.0,-0.4308319,-0.2907257,0.8543091,-27.28528,7.511368,-26.58191,4.514435,0.419559,0.3684682,1.0,-0.4128418,-0.1743774,0.8939362,28.82117,7.882553,-31.63287,4.768036,0.714336,0.3693939,-0.004854679,1.225424,-0.1962652,-0.06507069,-0.03168659,0.04151898,1.080173,22.91756,32.71
43,-0.4240417,-0.2466583,0.8713989,1.0,-0.4307098,-0.2987213,0.8516083,-27.28664,7.509079,-26.58401,4.513138,0.419559,0.3700168,1.0,-0.4139709,-0.1813965,0.8920135,28.82545,7.882553,-31.63301,4.771378,0.714336,0.3707651,-0.004836559,1.225335,-0.196281,-0.06464185,-0.03136969,0.04164995,1.080173,22.91756,32.71
43,-0.4240417,-0.2466583,0.8713989,1.0,-0.4307098,-0.2987213,0.8516083,-27.28664,7.509079,-26.58401,4.513138,0.419559,0.3700168,1.0,-0.4139709,-0.1813965,0.8920135,28.82545,7.882553,-31.63301,4.771378,0.714336,0.3707651,-0.004836559,1.225335,-0.196281,-0.06464185,-0.03136969,0.04164995,1.080173,22.91756,32.71
43,-0.4209442,-0.2389221,0.8750458,1.0,-0.4285278,-0.298172,0.85289,-27.28783,7.505554,-26.58841,4.511017,0.4192319,0.3700168,1.0,-0.4122009,-0.1820221,0.8927155,28.83141,7.882233,-31.63301,4.758392,0.7137636,0.3708984,-0.004771233,1.225291,-0.1962357,-0.06445752,-0.03116931,0.04167696,1.080173,22.91756,32.71
43,-0.4209442,-0.2389221,0.8750458,1.0,-0.4285278,-0.298172,0.85289,-27.28783,7.505554,-26.58841,4.511017,0.4192319,0.3700168,1.0,-0.4122009,-0.1820221,0.8927155,28.83141,7.882233,-31.63301,4.758392,0.7137636,0.3708984,-0.004771233,1.225291,-0.1962357,-0.06445752,-0.03116931,0.04167696,1.080173,22.91756,32.71
43,-0.4295197,-0.2382813,0.8710327,1.0,-0.4281464,-0.2776337,0.8600006,-27.28783,7.505554,-26.59071,4.508865,0.4192319,0.3662964,1.0,-0.4302368,-0.1841125,0.883728,28.91136,7.871887,-31.63715,4.710175,0.7142102,0.372144,-0.004766822,1.225286,-0.1962016,-0.06439809,-0.03105676,0.04168089,1.080173,22.91756,32.71
43,-0.4295197,-0.2382813,0.8710327,1.0,-0.4281464,-0.2776337,0.8600006,-27.28783,7.505554,-26.59071,4.508865,0.4192319,0.3662964,1.0,-0.4302368,-0.1841125,0.883728,28.91136,7.871887,-31.63715,4.710175,0.7142102,0.372144,-0.004766822,1.225286,-0.1962016,-0.06439809,-0.03105676,0.04168089,1.080173,22.91756,32.71
43,-0.4277344,-0.2367401,0.872345,1.0,-0.4273224,-0.2776947,0.8603821,-27.28738,7.505554,-26.59071,4.504684,0.4190831,0.3662964,1.0,-0.4272614,-0.1904449,0.8838348,28.91161,7.870972,-31.63715,4.707825,0.7135789,0.3733649,-0.004754663,1.225287,-0.196182,-0.06434507,-0.03109848,0.04168053,1.080173,22.91756,32.71
43,-0.4281921,-0.2356262,0.8724213,1.0,-0.4281616,-0.2745361,0.8609772,-27.28729,7.509247,-26.59071,4.504486,0.4192319,0.3656181,1.0,-0.4274139,-0.1928253,0.8832397,28.91191,7.870972,-31.63715,4.697433,0.7135789,0.3738297,-0.004744291,1.225244,-0.1961261,-0.0643644,-0.03104164,0.04172073,1.080173,22.91756,32.71
43,-0.4281921,-0.2356262,0.8724213,1.0,-0.4281616,-0.2745361,0.8609772,-27.28729,7.509247,-26.59071,4.504486,0.4192319,0.3656181,1.0,-0.4274139,-0.1928253,0.8832397,28.91191,7.870972,-31.63715,4.697433,0.7135789,0.3738297,-0.004744291,1.225244,-0.1961261,-0.0643644,-0.03104164,0.04172073,1.080173,22.91756,32.71
43,-0.3459778,-0.2174683,0.912674,1.0,-0.3480835,-0.2544708,0.9022522,-26.92482,7.741852,-26.34514,4.155914,0.39418,0.3504802,1.0,-0.3433838,-0.1802979,0.9217224,29.2959,8.059311,-31.4229,4.629425,0.6833448,0.3621217,-0.004689217,1.225302,-0.1960591,-0.06429897,-0.03103036,0.04169769,1.080173,14.69461,32.71
43,-0.2332458,-0.1583862,0.9594269,0.9816508,-0.1756287,-0.2481995,0.952652,-26.25801,8.009293,-26.00638,3.589798,0.3437296,0.3348205,0.9604219,-0.2472839,-0.1355591,0.9593964,29.69493,8.336395,-31.2218,4.382767,0.6513944,0.3415455,-0.004639506,1.225316,-0.1960747,-0.06429746,-0.03122162,0.04180744,1.080173,14.69461,32.71
43,-0.2332458,-0.1583862,0.9594269,0.9816508,-0.1756287,-0.2481995,0.952652,-26.25801,8.009293,-26.00638,3.589798,0.3437296,0.3348205,0.9604219,-0.2472839,-0.1355591,0.9593964,29.69493,8.336395,-31.2218,4.382767,0.6513944,0.3415455,-0.004639506,1.225316,-0.1960747,-0.06429746,-0.03122162,0.04180744,1.080173,14.69461,32.71
43,-0.1918182,-0.1423798,0.9710388,0.9949533,-0.1017303,-0.2388306,0.9657135,-25.89381,8.218857,-25.87381,3.587555,0.3190392,0.3237602,0.9193667,-0.1977539,-0.1358032,0.9707947,30.04652,8.398148,-31.1519,4.24321,0.6297334,0.3389068,-0.004636884,1.225404,-0.1960009,-0.06439912,-0.03138964,0.04198989,1.080173,14.69461,32.71
43,-0.1918182,-0.1423798,0.9710388,0.9949533,-0.1017303,-0.2388306,0.9657135,-25.89381,8.218857,-25.87381,3.587555,0.3190392,0.3237602,0.9193667,-0.1977539,-0.1358032,0.9707947,30.04652,8.398148,-31.1519,4.24321,0.6297334,0.3389068,-0.004636884,1.225404,-0.1960009,-0.06439912,-0.03138964,0.04198989,1.080173,14.69461,32.71
43,-0.1574097,-0.1243286,0.97966,1.0,-0.1110229,-0.2118378,0.9709625,-25.89807,8.185501,-25.89268,3.77269,0.3205924,0.320158,1.0,-0.1603851,-0.118576,0.9799042,30.04619,8.382004,-31.12787,4.405365,0.6231206,0.3358094,-0.004659534,1.225427,-0.1959583,-0.0645932,-0.03144087,0.04163636,1.080173,14.69461,32.71
43,-0.2067108,-0.1037292,0.9728699,1.0,-0.1282959,-0.1764526,0.9759064,-25.89493,8.156158,-25.9115,3.840393,0.3233241,0.3150923,1.0,-0.2181396,-0.09283447,0.9714813,30.06642,8.400665,-31.16473,4.380127,0.6329024,0.3308872,-0.004631042,1.225394,-0.1959566,-0.06471189,-0.0314238,0.04143258,1.080173,14.69461,32.71
43,-0.1676178,-0.1375885,0.9761963,1.0,-0.1422272,-0.1855927,0.9722748,-25.90154,8.184677,-25.89282,4.071228,0.3256948,0.3156532,1.0,-0.1866455,-0.1007385,0.9772339,30.0889,8.379425,-31.13541,4.434372,0.6263556,0.3327489,-0.004572868,1.22544,-0.1960117,-0.06478944,-0.03152937,0.04130362,1.080173,14.69461,32.71
43,-0.1676178,-0.1375885,0.9761963,1.0,-0.1422272,-0.1855927,0.9722748,-25.90154,8.184677,-25.89282,4.071228,0.3256948,0.3156532,1.0,-0.1866455,-0.1007385,0.9772339,30.0889,8.379425,-31.13541,4.434372,0.6263556,0.3327489,-0.004572868,1.22544,-0.1960117,-0.06478944,-0.03152937,0.04130362,1.080173,14.69461,32.71
43,-0.1588135,-0.1490021,0.9759979,1.0,-0.1428833,-0.1857605,0.9721375,-25.89771,8.172852,-25.89717,3.791122,0.3259453,0.3163057,1.0,-0.1773682,-0.1050568,0.9785156,30.0985,8.369827,-31.12967,4.554245,0.6243223,0.3337728,-0.004566312,1.225463,-0.1960254,-0.06485415,-0.03163718,0.04128396,1.080173,14.69461,32.71
43,-0.1588135,-0.1490021,0.9759979,1.0,-0.1428833,-0.1857605,0.9721375,-25.89771,8.172852,-25.89717,3.791122,0.3259453,0.3163057,1.0,-0.1773682,-0.1050568,0.9785156,30.0985,8.369827,-31.12967,4.554245,0.6243223,0.3337728,-0.004566312,1.225463,-0.1960254,-0.06485415,-0.03163718,0.04128396,1.080173,14.69461,32.71
43,-0.1638031,-0.1464081,0.9755554,1.0,-0.1359253,-0.1918335,0.9719543,-25.90227,8.172012,-25.89716,3.983093,0.3247463,0.3172292,1.0,-0.1941681,-0.09559631,0.9762878,30.1057,8.359619,-31.14253,4.417236,0.6271079,0.332633,-0.004516006,1.225436,-0.1960225,-0.06496675,-0.03166096,0.04140056,1.080173,14.69461,32.71
43,-0.1663818,-0.14328,0.9755859,1.0,-0.1389618,-0.1909332,0.9717102,-25.91585,8.166656,-25.89363,4.01062,0.3257028,0.3172624,1.0,-0.1949768,-0.09213257,0.9764557,30.11037,8.354187,-31.15019,4.417831,0.6271079,0.3322529,-0.004462361,1.225433,-0.1960351,-0.06488287,-0.0315891,0.0413921,1.080173,14.69461,32.71
43,-0.1663818,-0.14328,0.9755859,1.0,-0.1389618,-0.1909332,0.9717102,-25.91585,8.166656,-25.89363,4.01062,0.3257028,0.3172624,1.0,-0.1949768,-0.09213257,0.9764557,30.11037,8.354187,-31.15019,4.417831,0.6271079,0.3322529,-0.004462361,1.225433,-0.1960351,-0.06488287,-0.0315891,0.0413921,1.080173,14.69461,32.71
43,-0.1700592,-0.1439056,0.9748535,1.0,-0.1457977,-0.1936951,0.9701538,-25.92455,8.160629,-25.89896,4.014755,0.3271435,0.3180887,1.0,-0.1951447,-0.09078979,0.9765472,30.11136,8.347672,-31.15364,4.472504,0.6271079,0.3322529,-0.004456878,1.225452,-0.1960461,-0.06487069,-0.03154048,0.04138958,1.080173,14.69461,32.71
43,-0.1696777,-0.1392975,0.9756012,1.0,-0.1447906,-0.1891327,0.9712067,-25.93037,8.158752,-25.90208,4.041901,0.3271435,0.3173377,1.0,-0.1952667,-0.08642578,0.9769287,30.11243,8.342636,-31.15364,4.513351,0.6271079,0.3315949,-0.004447699,1.225524,-0.1961119,-0.06487368,-0.03135425,0.04141801,1.080173,14.69461,32.71
43,-0.1670532,-0.1375885,0.9762878,1.0,-0.1490021,-0.1839752,0.9715576,-25.93275,8.157455,-25.90305,4.056946,0.3279161,0.3165115,1.0,-0.1853638,-0.08900452,0.9786224,30.11462,8.3396,-31.15334,4.535355,0.6252463,0.3321372,-0.004436612,1.225541,-0.1961529,-0.06475563,-0.03123927,0.04148901,1.080173,-14.21682,32.71
43,-0.1670532,-0.1375885,0.9762878,1.0,-0.1490021,-0.1839752,0.9715576,-25.93275,8.157455,-25.90305,4.056946,0.3279161,0.3165115,1.0,-0.1853638,-0.08900452,0.9786224,30.11462,8.3396,-31.15334,4.535355,0.6252463,0.3321372,-0.004436612,1.225541,-0.1961529,-0.06475563,-0.03123927,0.04148901,1.080173,-14.21682,32.71
43,-0.1677551,-0.1384583,0.9760437,1.0,-0.1539917,-0.1861115,0.9703827,-25.93343,8.152039,-25.91771,4.091141,0.3287345,0.3172401,1.0,-0.1819153,-0.08750916,0.9794006,30.11801,8.337265,-31.15326,4.555878,0.6245135,0.331917,-0.004420161,1.225588,-0.1962115,-0.06476011,-0.03108697,0.04137157,1.080173,-14.21682,32.71
43,-0.1667786,-0.140625,0.9759064,1.0,-0.1549683,-0.1887512,0.9697113,-25.93401,8.152802,-25.93175,4.070999,0.3289209,0.3178078,1.0,-0.1789551,-0.0887146,0.9798431,30.12003,8.336716,-31.15251,4.538467,0.6239061,0.3321651,-0.004477501,1.225536,-0.196262,-0.06472156,-0.03099745,0.04133896,1.080173,-14.21682,32.71
43,-0.1667786,-0.140625,0.9759064,1.0,-0.1549683,-0.1887512,0.9697113,-25.93401,8.152802,-25.93175,4.070999,0.3289209,0.3178078,1.0,-0.1789551,-0.0887146,0.9798431,30.12003,8.336716,-31.15251,4.538467,0.6239061,0.3321651,-0.004477501,1.225536,-0.196262,-0.06472156,-0.03099745,0.04133896,1.080173,-14.21682,32.71
43,-0.1667786,-0.140625,0.9759064,1.0,-0.1549683,-0.1887512,0.9697113,-25.93401,8.152802,-25.93175,4.070999,0.3289209,0.3178078,1.0,-0.1789551,-0.0887146,0.9798431,30.12003,8.336716,-31.15251,4.538467,0.6239061,0.3321651,-0.004503846,1.225536,-0.1963181,-0.06490606,-0.03105484,0.04136437,1.080173,-14.21682,32.71
43,-0.1667786,-0.140625,0.9759064,1.0,-0.1549683,-0.1887512,0.9697113,-25.93401,8.152802,-25.93175,4.070999,0.3289209,0.3178078,1.0,-0.1789551,-0.0887146,0.9798431,30.12003,8.336716,-31.15251,4.538467,0.6239061,0.3321651,-0.004510999,1.225591,-0.1963427,-0.06493957,-0.03105628,0.04133121,1.080173,-14.21682,32.71
43,-0.1667786,-0.140625,0.9759064,1.0,-0.1549683,-0.1887512,0.9697113,-25.93401,8.152802,-25.93175,4.070999,0.3289209,0.3178078,1.0,-0.1789551,-0.0887146,0.9798431,30.12003,8.336716,-31.15251,4.538467,0.6239061,0.3321651,-0.004510999,1.225591,-0.1963427,-0.06493957,-0.03105628,0.04133121,1.080173,-14.21682,32.71
43,-0.1667786,-0.140625,0.9759064,1.0,-0.1549683,-0.1887512,0.9697113,-25.93401,8.152802,-25.93175,4.070999,0.3289209,0.3178078,1.0,-0.1789551,-0.0887146,0.9798431,30.12003,8.336716,-31.15251,4.538467,0.6239061,0.3321651,-0.004525781,1.225633,-0.1963176,-0.06511408,-0.03109153,0.04135338,1.080173,-14.21682,32.71
43,-0.1794128,-0.1399384,0.9737549,1.0,-0.1855621,-0.181015,0.9658051,-25.87552,8.152847,-25.95323,4.060638,0.3320671,0.3169174,1.0,-0.1736145,-0.10289,0.9794159,30.23155,8.333023,-31.13196,4.371735,0.6188546,0.3349211,-0.004560113,1.225628,-0.1963336,-0.06525261,-0.03109728,0.04133608,1.080173,-14.21682,32.71
44,-0.1625519,-0.1393738,0.9767914,1.0,-0.1604462,-0.1767273,0.9710846,-25.86293,8.147568,-25.94341,4.081558,0.3273961,0.3158874,1.0,-0.1643219,-0.1036987,0.9809265,30.2373,8.328323,-31.12939,4.452866,0.6169867,0.335158,-0.004650593,1.225588,-0.1963044,-0.06529325,-0.03132597,0.04132202,1.080173,-14.21682,32.71
44,-0.1625519,-0.1393738,0.9767914,1.0,-0.1604462,-0.1767273,0.9710846,-25.86293,8.147568,-25.94341,4.081558,0.3273961,0.3158874,1.0,-0.1643219,-0.1036987,0.9809265,30.2373,8.328323,-31.12939,4.452866,0.6169867,0.335158,-0.004650593,1.225588,-0.1963044,-0.06529325,-0.03132597,0.04132202,1.080173,-14.21682,32.71
44,-0.1640778,-0.1298218,0.9778595,1.0,-0.1627045,-0.1571503,0.9740753,-25.85289,8.147568,-25.94493,4.116516,0.3273961,0.3123903,1.0,-0.1652679,-0.1037598,0.9807739,30.24191,8.328522,-31.12825,4.452881,0.6169867,0.335158,-0.004733443,1.22562,-0.196278,-0.06543755,-0.0314655,0.04151701,1.064801,-14.21682,32.71
44,-0.1640778,-0.1298218,0.9778595,1.0,-0.1627045,-0.1571503,0.9740753,-25.85289,8.147568,-25.94493,4.116516,0.3273961,0.3123903,1.0,-0.1652679,-0.1037598,0.9807739,30.24191,8.328522,-31.12825,4.452881,0.6169867,0.335158,-0.004733443,1.22562,-0.196278,-0.06543755,-0.0314655,0.04151701,1.064801,-14.21682,32.71
44,-0.1640778,-0.1298218,0.9778595,1.0,-0.1627045,-0.1571503,0.9740753,-25.85289,8.147568,-25.94493,4.116516,0.3273961,0.3123903,1.0,-0.1652679,-0.1037598,0.9807739,30.24191,8.328522,-31.12825,4.452881,0.6169867,0.335158,-0.004733443,1.22562,-0.196278,-0.06543755,-0.0314655,0.04151701,1.064801,-14.21682,32.71
44,-0.1640778,-0.1298218,0.9778595,1.0,-0.1627045,-0.1571503,0.9740753,-25.85289,8.147568,-25.94493,4.116516,0.3273961,0.3123903,1.0,-0.1652679,-0.1037598,0.9807739,30.24191,8.328522,-31.12825,4.452881,0.6169867,0.335158,-0.004733443,1.22562,-0.196278,-0.06543755,-0.0314655,0.04151701,1.064801,-14.21682,32.71
44,-0.1640778,-0.1298218,0.9778595,1.0,-0.1627045,-0.1571503,0.9740753,-25.85289,8.147568,-25.94493,4.116516,0.3273961,0.3123903,1.0,-0.1652679,-0.1037598,0.9807739,30.24191,8.328522,-31.12825,4.452881,0.6169867,0.335158,-0.004728675,1.22566,-0.1962614,-0.06554573,-0.03173969,0.04157386,1.064801,-43.46761,32.71
44,-0.1640778,-0.1298218,0.9778595,1.0,-0.1627045,-0.1571503,0.9740753,-25.85289,8.147568,-25.94493,4.116516,0.3273961,0.3123903,1.0,-0.1652679,-0.1037598,0.9807739,30.24191,8.328522,-31.12825,4.452881,0.6169867,0.335158,-0.004727125,1.225661,-0.1963412,-0.06566464,-0.03226469,0.04170573,1.064801,-36.96481,32.71
44,-0.1618805,-0.1308899,0.9780884,1.0,-0.1611023,-0.1573639,0.9743042,-25.84055,8.149048,-25.94629,4.120422,0.3266956,0.312352,1.0,-0.1625824,-0.1036682,0.9812317,30.24535,8.330063,-31.12476,4.466568,0.6163847,0.3350395,-0.004788041,1.225665,-0.1964006,-0.06575479,-0.03240502,0.04171341,1.064801,-36.96481,32.71
44,-0.1618805,-0.1308899,0.9780884,1.0,-0.1611023,-0.1573639,0.9743042,-25.84055,8.149048,-25.94629,4.120422,0.3266956,0.312352,1.0,-0.1625824,-0.1036682,0.9812317,30.24535,8.330063,-31.12476,4.466568,0.6163847,0.3350395,-0.004788041,1.225665,-0.1964006,-0.06575479,-0.03240502,0.04171341,1.064801,-36.96481,32.71
44,-0.165329,-0.134613,0.9769897,1.0,-0.1651459,-0.1634674,0.9726257,-25.83211,8.151443,-25.94341,4.079453,0.3271366,0.3134061,1.0,-0.16539,-0.1032562,0.9808044,30.25175,8.330902,-31.12065,4.45343,0.6166514,0.3349211,-0.004750609,1.225742,-0.1964675,-0.06586788,-0.03257357,0.04169001,1.064801,-36.96481,32.71
44,-0.165329,-0.134613,0.9769897,1.0,-0.1651459,-0.1634674,0.9726257,-25.83211,8.151443,-25.94341,4.079453,0.3271366,0.3134061,1.0,-0.16539,-0.1032562,0.9808044,30.25175,8.330902,-31.12065,4.45343,0.6166514,0.3349211,-0.004750609,1.225742,-0.1964675,-0.06586788,-0.03257357,0.04169001,1.064801,-36.96481,32.71
44,-0.1657562,-0.1299896,0.9775543,1.0,-0.1663666,-0.1615448,0.9727325,-25.80957,8.153397,-25.9321,4.068619,0.3265956,0.3128982,1.0,-0.1650238,-0.09933472,0.9812622,30.25836,8.33606,-31.11591,4.436432,0.6163653,0.3339712,-0.004826427,1.22574,-0.1964803,-0.06598857,-0.03265352,0.04171788,1.064801,-36.96481,32.71
44,-0.1657562,-0.1299896,0.9775543,1.0,-0.1663666,-0.1615448,0.9727325,-25.80957,8.153397,-25.9321,4.068619,0.3265956,0.3128982,1.0,-0.1650238,-0.09933472,0.9812622,30.25836,8.33606,-31.11591,4.436432,0.6163653,0.3339712,-0.004826427,1.22574,-0.1964803,-0.06598857,-0.03265352,0.04171788,1.064801,-36.96481,32.71
44,-0.164505,-0.12677,0.9781799,1.0,-0.1676788,-0.1596985,0.9728088,-25.79277,8.156189,-25.92029,4.058517,0.3262704,0.3123903,1.0,-0.1613159,-0.09532166,0.9822845,30.26193,8.33905,-31.11307,4.451675,0.6155984,0.3330769,-0.004829526,1.225804,-0.1964776,-0.06596633,-0.03268203,0.04157422,1.064801,-36.96481,32.71
44,-0.164505,-0.12677,0.9781799,1.0,-0.1676788,-0.1596985,0.9728088,-25.79277,8.156189,-25.92029,4.058517,0.3262704,0.3123903,1.0,-0.1613159,-0.09532166,0.9822845,30.26193,8.33905,-31.11307,4.451675,0.6155984,0.3330769,-0.004829526,1.225804,-0.1964776,-0.06596633,-0.03268203,0.04157422,1.064801,-36.96481,32.71
44,-0.1640625,-0.1246643,0.9785309,1.0,-0.1672974,-0.1599884,0.9728241,-25.79277,8.159424,-25.91901,3.994949,0.3262704,0.3123535,1.0,-0.1608887,-0.09176636,0.9826813,30.26215,8.33905,-31.11209,4.416138,0.6155276,0.332426,-0.004749894,1.225827,-0.1965657,-0.06597965,-0.03248401,0.04155091,1.064801,-36.96481,32.71
44,-0.1640625,-0.1246643,0.9785309,1.0,-0.1672974,-0.1599884,0.9728241,-25.79277,8.159424,-25.91901,3.994949,0.3262704,0.3123535,1.0,-0.1608887,-0.09176636,0.9826813,30.26215,8.33905,-31.11209,4.416138,0.6155276,0.332426,-0.004749894,1.225827,-0.1965657,-0.06597965,-0.03248401,0.04155091,1.064801,-36.96481,32.71
44,-0.1640472,-0.1238403,0.9786377,1.0,-0.1672516,-0.1601563,0.9728088,-25.79277,8.160187,-25.91887,3.987442,0.3262704,0.3123535,1.0,-0.1608582,-0.08990479,0.9828644,30.26221,8.33905,-31.11209,4.415298,0.6155276,0.3320761,-0.004612327,1.225908,-0.1965978,-0.06611739,-0.03230715,0.04141855,1.064801,-36.96481,32.71
44,-0.1640472,-0.1238403,0.9786377,1.0,-0.1672516,-0.1601563,0.9728088,-25.79277,8.160187,-25.91887,3.987442,0.3262704,0.3123535,1.0,-0.1608582,-0.08990479,0.9828644,30.26221,8.33905,-31.11209,4.415298,0.6155276,0.3320761,-0.004612327,1.225908,-0.1965978,-0.06611739,-0.03230715,0.04141855,1.064801,-36.96481,32.71
44,-0.1640472,-0.1238403,0.9786377,1.0,-0.1672516,-0.1601563,0.9728088,-25.79277,8.160187,-25.91887,3.987442,0.3262704,0.3123535,1.0,-0.1608582,-0.08990479,0.9828644,30.26221,8.33905,-31.11209,4.415298,0.6155276,0.3320761,-0.004507899,1.225896,-0.1966443,-0.06629767,-0.03218191,0.04151055,1.064801,15.88865,32.71
44,-0.1640472,-0.1238403,0.9786377,1.0,-0.1672516,-0.1601563,0.9728088,-25.79277,8.160187,-25.91887,3.987442,0.3262704,0.3123535,1.0,-0.1608582,-0.08990479,0.9828644,30.26221,8.33905,-31.11209,4.415298,0.6155276,0.3320761,-0.004507899,1.225896,-0.1966443,-0.06629767,-0.03218191,0.04151055,1.064801,15.88865,32.71
44,-0.1640472,-0.1238403,0.9786377,1.0,-0.1672516,-0.1601563,0.9728088,-25.79277,8.160187,-25.91887,3.987442,0.3262704,0.3123535,1.0,-0.1608582,-0.08990479,0.9828644,30.26221,8.33905,-31.11209,4.415298,0.6155276,0.3320761,-0.00453496,1.225951,-0.1967735,-0.06651029,-0.03187976,0.04128107,1.064801,15.88865,32.71
44,-0.1640472,-0.1238403,0.9786377,1.0,-0.1672516,-0.1601563,0.9728088,-25.79277,8.160187,-25.91887,3.987442,0.3262704,0.3123535,1.0,-0.1608582,-0.08990479,0.9828644,30.26221,8.33905,-31.11209,4.415298,0.6155276,0.3320761,-0.00453496,1.225951,-0.1967735,-0.06651029,-0.03187976,0.04128107,1.064801,15.88865,32.71
44,-0.1538239,-0.1273651,0.9798431,1.0,-0.1547241,-0.141983,0.9776917,-25.77196,8.170761,-25.8918,4.223083,0.3232192,0.3082069,1.0,-0.1524506,-0.1058655,0.9826202,30.2881,8.334015,-31.00465,4.439041,0.612921,0.3343349,-0.004541993,1.225928,-0.1966997,-0.06679355,-0.03189424,0.04140361,1.064801,15.88865,32.71
44,-0.1538239,-0.1273651,0.9798431,1.0,-0.1547241,-0.141983,0.9776917,-25.77196,8.170761,-25.8918,4.223083,0.3232192,0.3082069,1.0,-0.1524506,-0.1058655,0.9826202,30.2881,8.334015,-31.00465,4.439041,0.612921,0.3343349,-0.004541993,1.225928,-0.1966997,-0.06679355,-0.03189424,0.04140361,1.064801,15.88865,32.71
44,-0.1538239,-0.1273651,0.9798431,1.0,-0.1547241,-0.141983,0.9776917,-25.77196,8.170761,-25.8918,4.223083,0.3232192,0.3082069,1.0,-0.1524506,-0.1058655,0.9826202,30.2881,8.334015,-31.00465,4.439041,0.612921,0.3343349,-0.004447699,1.2259,-0.1966864,-0.06677124,-0.03198289,0.04163904,1.064801,15.88865,32.71
44,-0.1538239,-0.1273651,0.9798431,1.0,-0.1547241,-0.141983,0.9776917,-25.77196,8.170761,-25.8918,4.223083,0.3232192,0.3082069,1.0,-0.1524506,-0.1058655,0.9826202,30.2881,8.334015,-31.00465,4.439041,0.612921,0.3343349,-0.004447699,1.2259,-0.1966864,-0.06677124,-0.03198289,0.04163904,1.064801,15.88865,32.71
44,-0.1538239,-0.1273651,0.9798431,1.0,-0.1547241,-0.141983,0.9776917,-25.77196,8.170761,-25.8918,4.223083,0.3232192,0.3082069,1.0,-0.1524506,-0.1058655,0.9826202,30.2881,8.334015,-31.00465,4.439041,0.612921,0.3343349,-0.004355431,1.225893,-0.1966414,-0.06686512,-0.03200012,0.04157708,1.064801,15.88865,32.71
44,-0.1538239,-0.1273651,0.9798431,1.0,-0.1547241,-0.141983,0.9776917,-25.77196,8.170761,-25.8918,4.223083,0.3232192,0.3082069,1.0,-0.1524506,-0.1058655,0.9826202,30.2881,8.334015,-31.00465,4.439041,0.612921,0.3343349,-0.004355431,1.225893,-0.1966414,-0.06686512,-0.03200012,0.04157708,1.064801,15.88865,32.71
44,-0.1516571,-0.1372833,0.9788361,1.0,-0.16008,-0.1555176,0.974762,-25.76538,8.17131,-25.89841,4.080215,0.3240479,0.3108121,1.0,-0.1329041,-0.09693909,0.9863739,30.32703,8.306732,-30.90552,4.31398,0.6080017,0.3328403,-0.004296184,1.225929,-0.1965929,-0.06678664,-0.03179083,0.04097346,1.064801,15.88865,32.71
44,-0.1516571,-0.1372833,0.9788361,1.0,-0.16008,-0.1555176,0.974762,-25.76538,8.17131,-25.89841,4.080215,0.3240479,0.3108121,1.0,-0.1329041,-0.09693909,0.9863739,30.32703,8.306732,-30.90552,4.31398,0.6080017,0.3328403,-0.004296184,1.225929,-0.1965929,-0.06678664,-0.03179083,0.04097346,1.064801,15.88865,32.71
44,-0.1516571,-0.1372833,0.9788361,1.0,-0.16008,-0.1555176,0.974762,-25.76538,8.17131,-25.89841,4.080215,0.3240479,0.3108121,1.0,-0.1329041,-0.09693909,0.9863739,30.32703,8.306732,-30.90552,4.31398,0.6080017,0.3328403,-0.004296184,1.225929,-0.1965929,-0.06678664,-0.03179083,0.04097346,1.064801,15.88865,32.71
44,-0.1531982,-0.1442719,0.9776001,1.0,-0.1567688,-0.1550446,0.9753723,-25.7514,8.170822,-25.90962,4.00293,0.3230749,0.3108121,1.0,-0.1372833,-0.09680176,0.9857788,30.33273,8.310226,-30.88443,4.395615,0.6085337,0.33255,-0.004265904,1.225921,-0.1965576,-0.06649046,-0.03177137,0.04065565,1.064801,15.88865,32.71
44,-0.1521454,-0.1425171,0.9780121,1.0,-0.1563416,-0.1552124,0.9754181,-25.75134,8.170761,-25.90982,4.072861,0.3229307,0.3107925,1.0,-0.1372986,-0.09797668,0.9856567,30.33685,8.30983,-30.87941,4.401733,0.6083791,0.3327376,-0.004170299,1.225911,-0.1964864,-0.06632003,-0.0317472,0.04093162,1.064801,15.88865,32.71
44,-0.1521454,-0.1425171,0.9780121,1.0,-0.1563416,-0.1552124,0.9754181,-25.75134,8.170761,-25.90982,4.072861,0.3229307,0.3107925,1.0,-0.1372986,-0.09797668,0.9856567,30.33685,8.30983,-30.87941,4.401733,0.6083791,0.3327376,-0.004170299,1.225911,-0.1964864,-0.06632003,-0.0317472,0.04093162,1.064801,15.88865,32.71
44,-0.1521454,-0.1425171,0.9780121,1.0,-0.1563416,-0.1552124,0.9754181,-25.75134,8.170761,-25.90982,4.072861,0.3229307,0.3107925,1.0,-0.1372986,-0.09797668,0.9856567,30.33685,8.30983,-30.87941,4.401733,0.6083791,0.3327376,-0.004110456,1.225835,-0.196412,-0.06615434,-0.03167648,0.04120899,1.064801,20.95641,32.71
44,-0.1521454,-0.1425171,0.9780121,1.0,-0.1563416,-0.1552124,0.9754181,-25.75134,8.170761,-25.90982,4.072861,0.3229307,0.3107925,1.0,-0.1372986,-0.09797668,0.9856567,30.33685,8.30983,-30.87941,4.401733,0.6083791,0.3327376,-0.004110456,1.225835,-0.196412,-0.06615434,-0.03167648,0.04120899,1.064801,20.95641,32.71
44,-0.1521454,-0.1425171,0.9780121,1.0,-0.1563416,-0.1552124,0.9754181,-25.75134,8.170761,-25.90982,4.072861,0.3229307,0.3107925,1.0,-0.1372986,-0.09797668,0.9856567,30.33685,8.30983,-30.87941,4.401733,0.6083791,0.3327376,-0.004104853,1.225768,-0.1964003,-0.06586188,-0.03152204,0.04120375,1.064801,20.95641,32.71
44,-0.1521454,-0.1425171,0.9780121,1.0,-0.1563416,-0.1552124,0.9754181,-25.75134,8.170761,-25.90982,4.072861,0.3229307,0.3107925,1.0,-0.1372986,-0.09797668,0.9856567,30.33685,8.30983,-30.87941,4.401733,0.6083791,0.3327376,-0.004104853,1.225768,-0.1964003,-0.06586188,-0.03152204,0.04120375,1.064801,20.95641,32.71
44,-0.1511841,-0.1421967,0.9782104,1.0,-0.1562042,-0.1549835,0.9754791,-25.75114,8.170685,-25.91153,4.002594,0.3229682,0.3108121,1.0,-0.1347351,-0.1006317,0.9857483,30.34015,8.308594,-30.87589,4.397263,0.6077931,0.3332487,-0.004120231,1.225708,-0.1964142,-0.06588338,-0.03138703,0.04107444,1.064801,20.95641,32.71
44,-0.1511841,-0.1421967,0.9782104,1.0,-0.1562042,-0.1549835,0.9754791,-25.75114,8.170685,-25.91153,4.002594,0.3229682,0.3108121,1.0,-0.1347351,-0.1006317,0.9857483,30.34015,8.308594,-30.87589,4.397263,0.6077931,0.3332487,-0.004120231,1.225708,-0.1964142,-0.06588338,-0.03138703,0.04107444,1.064801,20.95641,32.71
44,-0.1511841,-0.1421967,0.9782104,1.0,-0.1562042,-0.1549835,0.9754791,-25.75114,8.170685,-25.91153,4.002594,0.3229682,0.3108121,1.0,-0.1347351,-0.1006317,0.9857483,30.34015,8.308594,-30.87589,4.397263,0.6077931,0.3332487,-0.004121065,1.225687,-0.1964061,-0.06599659,-0.03145817,0.04106356,1.064801,20.95641,32.71
44,-0.1511841,-0.1421967,0.9782104,1.0,-0.1562042,-0.1549835,0.9754791,-25.75114,8.170685,-25.91153,4.002594,0.3229682,0.3108121,1.0,-0.1347351,-0.1006317,0.9857483,30.34015,8.308594,-30.87589,4.397263,0.6077931,0.3332487,-0.004121065,1.225687,-0.1964061,-0.06599659,-0.03145817,0.04106356,1.064801,20.95641,32.71
44,-0.1511841,-0.1421967,0.9782104,1.0,-0.1562042,-0.1549835,0.9754791,-25.75114,8.170685,-25.91153,4.002594,0.3229682,0.3108121,1.0,-0.1347351,-0.1006317,0.9857483,30.34015,8.308594,-30.87589,4.397263,0.6077931,0.3332487,-0.004227281,1.225685,-0.1963869,-0.06599715,-0.0315681,0.0411815,1.064801,20.95641,32.71
44,-0.1511841,-0.1421967,0.9782104,1.0,-0.1562042,-0.1549835,0.9754791,-25.75114,8.170685,-25.91153,4.002594,0.3229682,0.3108121,1.0,-0.1347351,-0.1006317,0.9857483,30.34015,8.308594,-30.87589,4.397263,0.6077931,0.3332487,-0.004227281,1.225685,-0.1963869,-0.06599715,-0.0315681,0.0411815,1.064801,20.95641,32.71
44,-0.06712341,-0.1369934,0.9882813,1.0,-0.06877136,-0.1373596,0.9881287,-25.00812,8.00116,-25.30348,4.175079,0.2831423,0.3064068,1.0,-0.03875732,-0.1306458,0.9906616,30.96327,8.080383,-30.24348,4.227356,0.5682531,0.3420139,-0.004282117,1.225774,-0.1963587,-0.06610995,-0.03157707,0.04113335,1.064801,20.95641,32.71
44,-0.06712341,-0.1369934,0.9882813,1.0,-0.06877136,-0.1373596,0.9881287,-25.00812,8.00116,-25.30348,4.175079,0.2831423,0.3064068,1.0,-0.03875732,-0.1306458,0.9906616,30.96327,8.080383,-30.24348,4.227356,0.5682531,0.3420139,-0.004282117,1.225774,-0.1963587,-0.06610995,-0.03157707,0.04113335,1.064801,20.95641,32.71
44,-0.07987976,-0.1264801,0.988739,1.0,-0.08355713,-0.127594,0.9882965,-24.96594,8.06723,-25.59744,4.349869,0.2836613,0.304784,1.0,-0.04144287,-0.1148071,0.9925079,30.9995,8.174515,-30.66499,4.26059,0.5678142,0.3392132,-0.004309297,1.225793,-0.1964124,-0.06611818,-0.0316739,0.04136077,1.064801,20.95641,32.71
44,-0.07987976,-0.1264801,0.988739,1.0,-0.08355713,-0.127594,0.9882965,-24.96594,8.06723,-25.59744,4.349869,0.2836613,0.304784,1.0,-0.04144287,-0.1148071,0.9925079,30.9995,8.174515,-30.66499,4.26059,0.5678142,0.3392132,-0.004309297,1.225793,-0.1964124,-0.06611818,-0.0316739,0.04136077,1.064801,20.95641,32.71
44,-0.04330444,-0.1192017,0.9919128,1.0,-0.07466125,-0.1320496,0.9884186,-24.94162,7.908386,-24.77985,4.26001,0.283114,0.3054411,1.0,-0.04325867,-0.1191864,0.9919128,31.02235,8.198395,-30.82819,4.253632,0.5674413,0.3404909,-0.004355669,1.225793,-0.1964318,-0.06609056,-0.03169388,0.04147464,1.064801,20.95641,32.71
44,-0.04330444,-0.1192017,0.9919128,1.0,-0.07466125,-0.1320496,0.9884186,-24.94162,7.908386,-24.77985,4.26001,0.283114,0.3054411,1.0,-0.04325867,-0.1191864,0.9919128,31.02235,8.198395,-30.82819,4.253632,0.5674413,0.3404909,-0.004355669,1.225793,-0.1964318,-0.06609056,-0.03169388,0.04147464,1.064801,20.95641,32.71
44,-0.04356384,-0.1186066,0.9919739,1.0,-0.07614136,-0.1338501,0.9880676,-24.93976,7.940079,-24.89981,4.199554,0.283114,0.3055321,1.0,-0.04350281,-0.118576,0.9919891,31.03697,8.222183,-30.94931,4.250153,0.5670711,0.3404909,-0.00435245,1.225861,-0.1963353,-0.06638808,-0.0318269,0.04160109,1.064801,3.087276,32.71
44,-0.04492188,-0.1213074,0.9915924,1.0,-0.07321167,-0.1306458,0.9887085,-24.93449,7.940079,-24.89981,4.276505,0.282349,0.304875,1.0,-0.0448761,-0.1213074,0.9915924,31.04344,8.198395,-30.82819,4.251663,0.566987,0.3408349,-0.004457474,1.225838,-0.1963667,-0.06641388,-0.03186012,0.04141117,1.064801,3.087276,32.71
44,-0.04492188,-0.1213074,0.9915924,1.0,-0.07321167,-0.1306458,0.9887085,-24.93449,7.940079,-24.89981,4.276505,0.282349,0.304875,1.0,-0.0448761,-0.1213074,0.9915924,31.04344,8.198395,-30.82819,4.251663,0.566987,0.3408349,-0.004457474,1.225838,-0.1963667,-0.06641388,-0.03186012,0.04141117,1.064801,3.087276,32.71
44,-0.04826355,-0.1227264,0.9912567,1.0,-0.07194519,-0.135376,0.9881744,-24.93234,7.940079,-24.88202,4.238724,0.2820998,0.3055321,1.0,-0.04536438,-0.12117,0.9915924,31.04712,8.176819,-30.69092,4.258331,0.5668291,0.3404909,-0.004587889,1.225805,-0.1963983,-0.06645077,-0.03200082,0.04124622,1.064801,3.087276,32.71
44,-0.06774902,-0.132431,0.9888611,1.0,-0.07333374,-0.1354218,0.9880676,-24.92595,7.948959,-24.93179,4.200943,0.2820827,0.3056481,1.0,-0.04508972,-0.1203003,0.9916992,31.05177,8.159363,-30.63475,4.260757,0.5665742,0.3404909,-0.004682779,1.225823,-0.1963701,-0.0664649,-0.03216014,0.04142682,1.064801,3.087276,32.71
44,-0.06774902,-0.132431,0.9888611,1.0,-0.07333374,-0.1354218,0.9880676,-24.92595,7.948959,-24.93179,4.200943,0.2820827,0.3056481,1.0,-0.04508972,-0.1203003,0.9916992,31.05177,8.159363,-30.63475,4.260757,0.5665742,0.3404909,-0.004682779,1.225823,-0.1963701,-0.0664649,-0.03216014,0.04142682,1.064801,3.087276,32.71
44,-0.07211304,-0.1360168,0.9880676,1.0,-0.07427979,-0.1373138,0.9877319,-24.91971,7.941788,-24.91502,4.193604,0.2820567,0.3060983,1.0,-0.04537964,-0.1199951,0.9917297,31.05745,8.144211,-30.60449,4.267334,0.5663956,0.3407455,-0.00470984,1.225829,-0.1963704,-0.06645516,-0.03221824,0.04158605,1.064801,3.087276,32.71
44,-0.07211304,-0.1360168,0.9880676,1.0,-0.07427979,-0.1373138,0.9877319,-24.91971,7.941788,-24.91502,4.193604,0.2820567,0.3060983,1.0,-0.04537964,-0.1199951,0.9917297,31.05745,8.144211,-30.60449,4.267334,0.5663956,0.3407455,-0.00470984,1.225829,-0.1963704,-0.06645516,-0.03221824,0.04158605,1.064801,3.087276,32.71
44,-0.06930542,-0.1437683,0.9871674,1.0,-0.07603455,-0.1503601,0.9856873,-24.90891,7.943649,-24.93599,4.20163,0.28199,0.3085273,1.0,-0.04510498,-0.1200256,0.9917297,31.06345,8.120209,-30.50395,4.280365,0.5660571,0.3407887,-0.004671812,1.225818,-0.1963656,-0.06619678,-0.03205688,0.04178729,1.064801,3.087276,32.71
44,-0.06930542,-0.1437683,0.9871674,1.0,-0.07603455,-0.1503601,0.9856873,-24.90891,7.943649,-24.93599,4.20163,0.28199,0.3085273,1.0,-0.04510498,-0.1200256,0.9917297,31.06345,8.120209,-30.50395,4.280365,0.5660571,0.3407887,-0.004671812,1.225818,-0.1963656,-0.06619678,-0.03205688,0.04178729,1.064801,3.087276,32.71
44,-0.06970215,-0.1333008,0.9886169,1.0,-0.07872009,-0.1369019,0.987442,-24.88361,7.941788,-24.93599,4.246094,0.2814838,0.306131,1.0,-0.04362488,-0.122818,0.9914551,31.07361,8.113297,-30.44429,4.313812,0.5653971,0.3410528,-0.004734039,1.22578,-0.1963785,-0.06609891,-0.03197986,0.0417864,1.064801,3.087276,32.71
44,-0.06785583,-0.13591,0.9883881,1.0,-0.07839966,-0.1408081,0.9869232,-24.88361,7.93605,-24.93599,4.209427,0.2814838,0.3070533,1.0,-0.04135132,-0.1235504,0.9914703,31.07372,8.105621,-30.43347,4.325378,0.564993,0.3413663,-0.004741311,1.225741,-0.1963874,-0.06594498,-0.03182947,0.04190107,1.064801,3.087276,32.71
44,-0.06785583,-0.13591,0.9883881,1.0,-0.07839966,-0.1408081,0.9869232,-24.88361,7.93605,-24.93599,4.209427,0.2814838,0.3070533,1.0,-0.04135132,-0.1235504,0.9914703,31.07372,8.105621,-30.43347,4.325378,0.564993,0.3413663,-0.004741311,1.225741,-0.1963874,-0.06594498,-0.03182947,0.04190107,1.064801,3.087276,32.71
44,-0.0665741,-0.139801,0.9879303,1.0,-0.08059692,-0.1495056,0.9854584,-24.88361,7.940155,-24.94159,4.201492,0.2818732,0.3085273,1.0,-0.04176331,-0.1225739,0.9915771,31.07561,8.097153,-30.43347,4.326019,0.564993,0.3414936,-0.004875302,1.225678,-0.1964537,-0.06579612,-0.03173288,0.04184876,1.064801,3.087276,32.71
44,-0.06173706,-0.1391144,0.9883423,1.0,-0.07798767,-0.1510315,0.9854431,-24.88361,7.941788,-24.96536,4.20546,0.281391,0.3088943,1.0,-0.04185486,-0.1244659,0.991333,31.07593,8.092102,-30.43347,4.315811,0.5649891,0.3420276,-0.004893422,1.225683,-0.196468,-0.06584729,-0.03166331,0.04188649,1.064801,-23.65147,32.71
44,-0.06173706,-0.1391144,0.9883423,1.0,-0.07798767,-0.1510315,0.9854431,-24.88361,7.941788,-24.96536,4.20546,0.281391,0.3088943,1.0,-0.04185486,-0.1244659,0.991333,31.07593,8.092102,-30.43347,4.315811,0.5649891,0.3420276,-0.004893422,1.225683,-0.196468,-0.06584729,-0.03166331,0.04188649,1.064801,-23.65147,32.71
44,-0.05886841,-0.1362305,0.9889221,1.0,-0.07850647,-0.1487427,0.9857483,-24.88361,7.941788,-25.02144,4.246078,0.2813567,0.3088943,1.0,-0.04182434,-0.125351,0.9912262,31.07594,8.097153,-30.43712,4.315323,0.5649891,0.3420276,-0.004996896,1.225711,-0.1965228,-0.06591684,-0.03161173,0.04195491,1.064801,-23.65147,32.71
44,-0.05886841,-0.1362305,0.9889221,1.0,-0.07850647,-0.1487427,0.9857483,-24.88361,7.941788,-25.02144,4.246078,0.2813567,0.3088943,1.0,-0.04182434,-0.125351,0.9912262,31.07594,8.097153,-30.43712,4.315323,0.5649891,0.3420276,-0.004996896,1.225711,-0.1965228,-0.06591684,-0.03161173,0.04195491,1.064801,-23.65147,32.71
44,-0.052948,-0.1323547,0.9897766,1.0,-0.07432556,-0.1438141,0.9868011,-24.9052,7.947968,-25.08437,4.299667,0.2811936,0.3081836,1.0,-0.04190063,-0.1264038,0.9910889,31.07671,8.097153,-30.43712,4.321228,0.5649729,0.3422256,-0.004987955,1.225765,-0.1965297,-0.0661104,-0.03164354,0.04193519,1.064801,-23.65147,32.71
44,-0.05160522,-0.1322479,0.9898682,1.0,-0.07287598,-0.146286,0.9865417,-24.90845,7.950867,-25.10452,4.269806,0.2810522,0.3086595,1.0,-0.04191589,-0.125824,0.9911499,31.07683,8.097153,-30.43712,4.326324,0.5649729,0.3421131,-0.005135179,1.225841,-0.1966017,-0.06640221,-0.03164283,0.04202305,1.064801,-23.65147,32.71
44,-0.05302429,-0.1351166,0.9893951,1.0,-0.07324219,-0.1469421,0.9864197,-24.91034,7.965073,-25.16019,4.298172,0.2810334,0.3086595,1.0,-0.04328918,-0.1294098,0.9906311,31.08524,8.127136,-30.5206,4.322403,0.5649729,0.3423955,-0.005172133,1.225831,-0.1966004,-0.0664751,-0.03166543,0.04206983,1.064801,-23.65147,32.71
44,-0.05302429,-0.1351166,0.9893951,1.0,-0.07324219,-0.1469421,0.9864197,-24.91034,7.965073,-25.16019,4.298172,0.2810334,0.3086595,1.0,-0.04328918,-0.1294098,0.9906311,31.08524,8.127136,-30.5206,4.322403,0.5649729,0.3423955,-0.005172133,1.225831,-0.1966004,-0.0664751,-0.03166543,0.04206983,1.064801,-23.65147,32.71
44,-0.05464172,-0.1369324,0.9890594,1.0,-0.07318115,-0.1475067,0.9863434,-24.91034,7.965073,-25.17612,4.265793,0.2810334,0.3088943,1.0,-0.04380798,-0.1307373,0.9904327,31.08783,8.128113,-30.52115,4.321991,0.5649729,0.3426016,-0.005311966,1.225865,-0.1966643,-0.06661864,-0.03186199,0.04207231,1.064801,-23.65147,32.71
44,-0.05651855,-0.140274,0.9884949,1.0,-0.06886292,-0.1479187,0.9865875,-24.91034,7.965073,-25.17612,4.295441,0.2802588,0.3088927,1.0,-0.04476929,-0.1329803,0.990097,31.09325,8.139069,-30.55649,4.320877,0.5649729,0.3429095,-0.005337715,1.225935,-0.1966675,-0.06662747,-0.03191549,0.04226542,1.064801,-23.65147,32.71
44,-0.05651855,-0.140274,0.9884949,1.0,-0.06886292,-0.1479187,0.9865875,-24.91034,7.965073,-25.17612,4.295441,0.2802588,0.3088927,1.0,-0.04476929,-0.1329803,0.990097,31.09325,8.139069,-30.55649,4.320877,0.5649729,0.3429095,-0.005337715,1.225935,-0.1966675,-0.06662747,-0.03191549,0.04226542,1.064801,-23.65147,32.71
44,-0.05937195,-0.1419067,0.9880829,1.0,-0.067276,-0.1478119,0.9867096,-24.91615,7.965073,-25.17612,4.263367,0.2802224,0.3088927,1.0,-0.04627991,-0.1321106,0.9901428,31.09705,8.14357,-30.59741,4.34169,0.5651361,0.3429095,-0.005447984,1.225968,-0.1967485,-0.06682098,-0.03218677,0.04251343,1.064801,-23.65147,32.71
44,-0.06236267,-0.1413269,0.9879913,1.0,-0.07098389,-0.1463928,0.9866638,-24.91972,7.965073,-25.17612,4.296494,0.2809388,0.3086595,1.0,-0.04730225,-0.1324615,0.9900513,31.09705,8.14357,-30.59741,4.358093,0.5653147,0.342971,-0.005505681,1.225971,-0.1967744,-0.06690077,-0.0323461,0.04262649,1.064801,-23.65147,32.71
44,-0.06236267,-0.1413269,0.9879913,1.0,-0.07098389,-0.1463928,0.9866638,-24.91972,7.965073,-25.17612,4.296494,0.2809388,0.3086595,1.0,-0.04730225,-0.1324615,0.9900513,31.09705,8.14357,-30.59741,4.358093,0.5653147,0.342971,-0.005505681,1.225971,-0.1967744,-0.06690077,-0.0323461,0.04262649,1.064801,-23.65147,32.71
44,-0.05995178,-0.1439667,0.9877625,1.0,-0.06900024,-0.1498871,0.9862823,-24.92023,7.957535,-25.1613,4.270157,0.2806817,0.3094189,1.0,-0.04733276,-0.1356659,0.9896088,31.09705,8.14357,-30.59741,4.342239,0.565312,0.3435718,-0.005653262,1.226009,-0.1968652,-0.06705684,-0.03259918,0.04287902,1.064801,-23.65147,32.71
44,-0.0536499,-0.1434326,0.9881897,1.0,-0.06349182,-0.1547852,0.9859009,-24.92531,7.895477,-24.90364,4.271332,0.2803339,0.3104058,1.0,-0.04785156,-0.136734,0.9894409,31.09705,8.14357,-30.59741,4.319641,0.5653955,0.343766,-0.005683184,1.226006,-0.1968709,-0.06721187,-0.03282489,0.04304359,1.064801,-23.65147,32.71
44,-0.04792786,-0.1365662,0.9894562,1.0,-0.06268311,-0.1526947,0.9862671,-24.93521,7.892258,-24.89912,4.278015,0.2806636,0.3103031,1.0,-0.04658508,-0.1350708,0.9897308,31.09052,8.130081,-30.58665,4.320251,0.5653955,0.3438561,-0.005783677,1.22598,-0.1969242,-0.06731522,-0.032928,0.04306384,1.064801,-15.82671,32.71
44,-0.04792786,-0.1365662,0.9894562,1.0,-0.06268311,-0.1526947,0.9862671,-24.93521,7.892258,-24.89912,4.278015,0.2806636,0.3103031,1.0,-0.04658508,-0.1350708,0.9897308,31.09052,8.130081,-30.58665,4.320251,0.5653955,0.3438561,-0.005783677,1.22598,-0.1969242,-0.06731522,-0.032928,0.04306384,1.064801,-15.82671,32.71
44,-0.04547119,-0.1356049,0.9897156,1.0,-0.05844116,-0.1528625,0.9865112,-24.94278,7.881897,-24.88683,4.273804,0.2802362,0.3105693,1.0,-0.04483032,-0.1347656,0.9898529,31.08124,8.112305,-30.57062,4.340805,0.5654035,0.3442934,-0.005924821,1.225941,-0.1969941,-0.06738414,-0.03309524,0.04317908,1.064801,-15.82671,32.71
44,-0.045578,-0.1366425,0.989563,1.0,-0.05874634,-0.151886,0.9866333,-24.9438,7.88002,-24.87897,4.278,0.2803339,0.3104058,1.0,-0.04478455,-0.1357269,0.9897308,31.07817,8.104462,-30.5522,4.321457,0.5654843,0.3446092,-0.005968928,1.22594,-0.1970042,-0.06739563,-0.03321838,0.0431601,1.064801,-15.82671,32.71
44,-0.045578,-0.1366425,0.989563,1.0,-0.05874634,-0.151886,0.9866333,-24.9438,7.88002,-24.87897,4.278,0.2803339,0.3104058,1.0,-0.04478455,-0.1357269,0.9897308,31.07817,8.104462,-30.5522,4.321457,0.5654843,0.3446092,-0.005968928,1.22594,-0.1970042,-0.06739563,-0.03321838,0.0431601,1.064801,-15.82671,32.71
44,-0.045578,-0.1366425,0.989563,1.0,-0.05874634,-0.151886,0.9866333,-24.9438,7.88002,-24.87897,4.278,0.2803339,0.3104058,1.0,-0.04478455,-0.1357269,0.9897308,31.07817,8.104462,-30.5522,4.321457,0.5654843,0.3446092,-0.006037354,1.225934,-0.1970456,-0.06744945,-0.03312922,0.04322375,1.064801,-15.82671,32.71
44,-0.045578,-0.1366425,0.989563,1.0,-0.05874634,-0.151886,0.9866333,-24.9438,7.88002,-24.87897,4.278,0.2803339,0.3104058,1.0,-0.04478455,-0.1357269,0.9897308,31.07817,8.104462,-30.5522,4.321457,0.5654843,0.3446092,-0.006125808,1.225964,-0.1970432,-0.06745299,-0.03317731,0.0433298,1.064801,-15.82671,32.71
45,-0.045578,-0.1366425,0.989563,1.0,-0.05874634,-0.151886,0.9866333,-24.9438,7.88002,-24.87897,4.278,0.2803339,0.3104058,1.0,-0.04478455,-0.1357269,0.9897308,31.07817,8.104462,-30.5522,4.321457,0.5654843,0.3446092,-0.006125808,1.225964,-0.1970432,-0.06745299,-0.03317731,0.0433298,1.064801,-15.82671,32.71
45,-0.045578,-0.1366425,0.989563,1.0,-0.05874634,-0.151886,0.9866333,-24.9438,7.88002,-24.87897,4.278,0.2803339,0.3104058,1.0,-0.04478455,-0.1357269,0.9897308,31.07817,8.104462,-30.5522,4.321457,0.5654843,0.3446092,-0.006125808,1.225964,-0.1970432,-0.06745299,-0.03317731,0.0433298,1.064801,-15.82671,32.71
45,-0.04673767,-0.1404877,0.9889679,1.0,-0.05935669,-0.1533966,0.9863739,-24.95026,7.878937,-24.87273,4.275452,0.2806817,0.3106978,1.0,-0.04367065,-0.1373444,0.9895477,31.07239,8.102631,-30.54572,4.341476,0.5654882,0.3449174,-0.006250024,1.225951,-0.1970842,-0.06725387,-0.03305672,0.04340437,1.064801,-15.82671,32.71
45,-0.05421448,-0.1464844,0.9877167,1.0,-0.05995178,-0.1532288,0.9863586,-24.95338,7.86879,-24.87273,4.289139,0.2808865,0.3110175,1.0,-0.0479126,-0.1390533,0.9891205,31.07239,8.102631,-30.54572,4.322296,0.5662141,0.3452341,-0.006369233,1.225934,-0.1970804,-0.06727126,-0.03306461,0.0437097,1.064801,-15.82671,32.71
45,-0.05421448,-0.1464844,0.9877167,1.0,-0.05995178,-0.1532288,0.9863586,-24.95338,7.86879,-24.87273,4.289139,0.2808865,0.3110175,1.0,-0.0479126,-0.1390533,0.9891205,31.07239,8.102631,-30.54572,4.322296,0.5662141,0.3452341,-0.006369233,1.225934,-0.1970804,-0.06727126,-0.03306461,0.0437097,1.064801,-15.82671,32.71
45,-0.05371094,-0.1466827,0.9877167,1.0,-0.05960083,-0.1529236,0.9864349,-24.95476,7.867279,-24.87329,4.276642,0.2808865,0.3110175,1.0,-0.04829407,-0.1409149,0.9888306,31.07239,8.102631,-30.54572,4.322708,0.5662761,0.3455833,-0.006498933,1.225909,-0.1970943,-0.06734388,-0.03290468,0.0437482,1.064801,-15.82671,32.71
45,-0.05703735,-0.1455078,0.9877014,1.0,-0.06188965,-0.1509399,0.9866028,-24.95476,7.867279,-24.87442,4.277252,0.2812665,0.3106978,1.0,-0.05258179,-0.1405182,0.988678,31.07239,8.103622,-30.57062,4.341187,0.5670359,0.3456739,-0.006607413,1.225922,-0.1971183,-0.06745321,-0.03301026,0.04375586,1.064801,-15.82671,32.71
45,-0.05703735,-0.1455078,0.9877014,1.0,-0.06188965,-0.1509399,0.9866028,-24.95476,7.867279,-24.87442,4.277252,0.2812665,0.3106978,1.0,-0.05258179,-0.1405182,0.988678,31.07239,8.103622,-30.57062,4.341187,0.5670359,0.3456739,-0.006607413,1.225922,-0.1971183,-0.06745321,-0.03301026,0.04375586,1.064801,-15.82671,32.71
45,-0.05871582,-0.1518707,0.9866486,1.0,-0.05937195,-0.1542664,0.9862366,-24.95476,7.865234,-24.87791,4.233612,0.2808865,0.311389,1.0,-0.05592346,-0.1415558,0.9883423,31.0941,8.159027,-30.80701,4.288406,0.5670359,0.3458403,-0.006682277,1.225866,-0.1971633,-0.06755972,-0.03315867,0.04423058,1.064801,14.97011,32.71
45,-0.05871582,-0.1518707,0.9866486,1.0,-0.05937195,-0.1542664,0.9862366,-24.95476,7.865234,-24.87791,4.233612,0.2808865,0.311389,1.0,-0.05592346,-0.1415558,0.9883423,31.0941,8.159027,-30.80701,4.288406,0.5670359,0.3458403,-0.006682277,1.225866,-0.1971633,-0.06755972,-0.03315867,0.04423058,1.064801,14.97011,32.71
45,-0.06222534,-0.1498108,0.9867401,1.0,-0.06257629,-0.1502075,0.9866638,-24.95476,7.865372,-24.89174,4.219681,0.2814077,0.3108035,1.0,-0.05690002,-0.1436462,0.9879761,31.09528,8.159027,-30.80701,4.288544,0.567162,0.3462331,-0.006798983,1.225888,-0.1971858,-0.06752188,-0.03345328,0.04444047,1.064801,14.97011,32.71
45,-0.06222534,-0.1498108,0.9867401,1.0,-0.06257629,-0.1502075,0.9866638,-24.95476,7.865372,-24.89174,4.219681,0.2814077,0.3108035,1.0,-0.05690002,-0.1436462,0.9879761,31.09528,8.159027,-30.80701,4.288544,0.567162,0.3462331,-0.006798983,1.225888,-0.1971858,-0.06752188,-0.03345328,0.04444047,1.064801,14.97011,32.71
45,-0.06208801,-0.1490326,0.9868774,1.0,-0.06336975,-0.1502075,0.986618,-24.95049,7.865372,-24.89175,4.208435,0.2814077,0.3108035,1.0,-0.0572052,-0.144577,0.9878235,31.09528,8.159027,-30.80701,4.301147,0.5672141,0.3463926,-0.006929755,1.226025,-0.1971684,-0.06762277,-0.0335207,0.04402357,1.064801,14.97011,32.71
45,-0.06208801,-0.1490326,0.9868774,1.0,-0.06336975,-0.1502075,0.986618,-24.95049,7.865372,-24.89175,4.208435,0.2814077,0.3108035,1.0,-0.0572052,-0.144577,0.9878235,31.09528,8.159027,-30.80701,4.301147,0.5672141,0.3463926,-0.006929755,1.226025,-0.1971684,-0.06762277,-0.0335207,0.04402357,1.064801,14.97011,32.71
45,-0.05726624,-0.1481628,0.9872894,1.0,-0.05752563,-0.1504822,0.9869232,-24.95049,7.865372,-24.89175,4.19989,0.2804231,0.3108035,1.0,-0.05703735,-0.1460876,0.9876099,31.09412,8.157471,-30.79494,4.30162,0.5672141,0.3466255,-0.007057428,1.226113,-0.1971762,-0.06744404,-0.0336715,0.04375195,1.064801,14.97011,32.71
45,-0.05726624,-0.1481628,0.9872894,1.0,-0.05752563,-0.1504822,0.9869232,-24.95049,7.865372,-24.89175,4.19989,0.2804231,0.3108035,1.0,-0.05703735,-0.1460876,0.9876099,31.09412,8.157471,-30.79494,4.30162,0.5672141,0.3466255,-0.007057428,1.226113,-0.1971762,-0.06744404,-0.0336715,0.04375195,1.064801,14.97011,32.71
45,-0.05708313,-0.1494446,0.9871063,1.0,-0.05726624,-0.1523743,0.9866486,-24.95049,7.859665,-24.8911,4.166245,0.2804231,0.3113484,1.0,-0.05685425,-0.1460571,0.9876251,31.09393,8.154831,-30.75591,4.30365,0.5671613,0.3463926,-0.007186532,1.226092,-0.1972345,-0.0674236,-0.03383418,0.04414036,1.064801,14.97011,32.71
45,-0.05708313,-0.1494446,0.9871063,1.0,-0.05726624,-0.1523743,0.9866486,-24.95049,7.859665,-24.8911,4.166245,0.2804231,0.3113484,1.0,-0.05685425,-0.1460571,0.9876251,31.09393,8.154831,-30.75591,4.30365,0.5671613,0.3463926,-0.007186532,1.226092,-0.1972345,-0.0674236,-0.03383418,0.04414036,1.064801,14.97011,32.71
45,-0.05741882,-0.1499939,0.9870148,1.0,-0.05815125,-0.1529388,0.9865112,-24.95055,7.858521,-24.87279,4.201996,0.2805748,0.3113484,1.0,-0.0565033,-0.1463623,0.9876099,31.09181,8.152649,-30.73962,4.304047,0.5671613,0.3463926,-0.007269979,1.226034,-0.1972685,-0.06730448,-0.03405215,0.04457222,1.064801,14.97011,32.71
45,-0.05741882,-0.1499939,0.9870148,1.0,-0.05815125,-0.1529388,0.9865112,-24.95055,7.858521,-24.87279,4.201996,0.2805748,0.3113484,1.0,-0.0565033,-0.1463623,0.9876099,31.09181,8.152649,-30.73962,4.304047,0.5671613,0.3463926,-0.007269979,1.226034,-0.1972685,-0.06730448,-0.03405215,0.04457222,1.064801,14.97011,32.71
45,-0.05822754,-0.1493988,0.9870453,1.0,-0.06123352,-0.1520538,0.9864655,-24.95055,7.852478,-24.8616,4.203903,0.2811184,0.3113484,1.0,-0.05476379,-0.1463318,0.9877014,31.09181,8.148224,-30.73962,4.304047,0.5668579,0.346543,-0.007378101,1.225905,-0.1973606,-0.06710049,-0.03414436,0.04470974,1.064801,14.97011,32.71
45,-0.05822754,-0.1493988,0.9870453,1.0,-0.06123352,-0.1520538,0.9864655,-24.95055,7.852478,-24.8616,4.203903,0.2811184,0.3113484,1.0,-0.05476379,-0.1463318,0.9877014,31.09181,8.148224,-30.73962,4.304047,0.5668579,0.346543,-0.007378101,1.225905,-0.1973606,-0.06710049,-0.03414436,0.04470974,1.064801,14.97011,32.71
45,-0.05595398,-0.1498718,0.9871063,1.0,-0.05867004,-0.1554718,0.986084,-24.95123,7.83548,-24.85732,4.170563,0.280772,0.3125149,1.0,-0.05351257,-0.1448364,0.9879913,31.09111,8.131836,-30.72803,4.262085,0.566648,0.3467842,-0.007471919,1.225897,-0.1974164,-0.06707061,-0.03423131,0.04486063,1.064801,14.97011,32.71
45,-0.05595398,-0.1498718,0.9871063,1.0,-0.05867004,-0.1554718,0.986084,-24.95123,7.83548,-24.85732,4.170563,0.280772,0.3125149,1.0,-0.05351257,-0.1448364,0.9879913,31.09111,8.131836,-30.72803,4.262085,0.566648,0.3467842,-0.007471919,1.225897,-0.1974164,-0.06707061,-0.03423131,0.04486063,1.064801,14.97011,32.71
45,-0.05578613,-0.1500549,0.9870911,1.0,-0.05847168,-0.15625,0.9859772,-24.95164,7.830231,-24.85045,4.169296,0.280772,0.3127818,1.0,-0.0534668,-0.1447296,0.9880219,31.09074,8.120361,-30.70572,4.25293,0.5666327,0.3469874,-0.007517934,1.225876,-0.1974341,-0.06708627,-0.03441344,0.04508016,1.064801,21.39265,32.71
45,-0.05578613,-0.1500549,0.9870911,1.0,-0.05847168,-0.15625,0.9859772,-24.95164,7.830231,-24.85045,4.169296,0.280772,0.3127818,1.0,-0.0534668,-0.1447296,0.9880219,31.09074,8.120361,-30.70572,4.25293,0.5666327,0.3469874,-0.007517934,1.225876,-0.1974341,-0.06708627,-0.03441344,0.04508016,1.064801,21.39265,32.71
45,-0.05433655,-0.1666107,0.9845123,1.0,-0.05197144,-0.1812134,0.9820557,-24.92227,7.805893,-24.83168,4.028336,0.2788839,0.3178862,1.0,-0.05802917,-0.143631,0.987915,31.08585,8.115143,-30.65044,4.184616,0.5675447,0.3465711,-0.00757134,1.22592,-0.1974345,-0.06723814,-0.03457263,0.04511072,1.064801,21.39265,32.71
45,-0.05433655,-0.1666107,0.9845123,1.0,-0.05197144,-0.1812134,0.9820557,-24.92227,7.805893,-24.83168,4.028336,0.2788839,0.3178862,1.0,-0.05802917,-0.143631,0.987915,31.08585,8.115143,-30.65044,4.184616,0.5675447,0.3465711,-0.00757134,1.22592,-0.1974345,-0.06723814,-0.03457263,0.04511072,1.064801,21.39265,32.71
45,-0.05433655,-0.1666107,0.9845123,1.0,-0.05197144,-0.1812134,0.9820557,-24.92227,7.805893,-24.83168,4.028336,0.2788839,0.3178862,1.0,-0.05802917,-0.143631,0.987915,31.08585,8.115143,-30.65044,4.184616,0.5675447,0.3465711,-0.00757134,1.22592,-0.1974345,-0.06723814,-0.03457263,0.04511072,1.064801,21.39265,32.71
45,-1.0,-1.0,-1.0,1.0,0.0,0.0,0.0,-25.06456,7.923233,-24.85736,-1.0,0.287077,0.3272163,1.0,0.0,0.0,0.0,31.1962,8.22374,-30.7162,-1.0,0.5653062,0.3637683,-0.007614374,1.225952,-0.1974838,-0.0675585,-0.03475919,0.04516189,1.064801,21.39265,32.71
45,-1.0,-1.0,-1.0,0.7583261,0.0,0.0,0.0,-25.06456,7.923233,-24.85736,-1.0,0.1262488,0.437125,0.7121778,0.0,0.0,0.0,30.33675,7.441086,-30.96449,-1.0,0.03626639,0.525614,-0.007626653,1.225963,-0.1975448,-0.06773362,-0.03494048,0.04512294,1.064801,21.39265,32.71
45,-1.0,-1.0,-1.0,0.7583261,0.0,0.0,0.0,-25.06456,7.923233,-24.85736,-1.0,0.1262488,0.437125,0.7121778,0.0,0.0,0.0,30.33675,7.441086,-30.96449,-1.0,0.03626639,0.525614,-0.007626653,1.225963,-0.1975448,-0.06773362,-0.03494048,0.04512294,1.064801,21.39265,32.71
45,-1.0,-1.0,-1.0,0.1615904,0.0,0.0,0.0,-25.06456,7.923233,-24.85736,-1.0,0.5110541,0.4462278,0.1060425,0.0,0.0,0.0,30.33675,7.441086,-30.96449,-1.0,-1.0,-1.0,-0.007612705,1.225981,-0.1976073,-0.06794208,-0.03507414,0.04534695,1.064801,21.39265,32.71
45,-1.0,-1.0,-1.0,0.1615904,0.0,0.0,0.0,-25.06456,7.923233,-24.85736,-1.0,0.5110541,0.4462278,0.1060425,0.0,0.0,0.0,30.33675,7.441086,-30.96449,-1.0,-1.0,-1.0,-0.007612705,1.225981,-0.1976073,-0.06794208,-0.03507414,0.04534695,1.064801,21.39265,32.71
45,-1.0,-1.0,-1.0,0.0,0.0,0.0,0.0,-25.06456,7.923233,-24.85736,-1.0,-1.0,-1.0,0.0,0.0,0.0,0.0,30.33675,7.441086,-30.96449,-1.0,0.04291784,0.560054,-0.00761795,1.2261,-0.1975173,-0.06836504,-0.03511341,0.0452415,1.064801,21.39265,32.71
45,-1.0,-1.0,-1.0,0.0,0.0,0.0,0.0,-25.06456,7.923233,-24.85736,-1.0,-1.0,-1.0,0.0,0.0,0.0,0.0,30.33675,7.441086,-30.96449,-1.0,0.04291784,0.560054,-0.00761795,1.2261,-0.1975173,-0.06836504,-0.03511341,0.0452415,1.064801,21.39265,32.71
45,-1.0,-1.0,-1.0,0.0,0.0,0.0,0.0,-25.06456,7.923233,-24.85736,-1.0,-1.0,-1.0,0.0,0.0,0.0,0.0,30.33675,7.441086,-30.96449,-1.0,-1.0,-1.0,-0.007624745,1.226102,-0.1975121,-0.06875659,-0.03507626,0.04507437,1.064801,21.39265,32.71
45,-1.0,-1.0,-1.0,0.0,0.0,0.0,0.0,-25.06456,7.923233,-24.85736,-1.0,-1.0,-1.0,0.0,0.0,0.0,0.0,30.33675,7.441086,-30.96449,-1.0,-1.0,-1.0,-0.007624745,1.226102,-0.1975121,-0.06875659,-0.03507626,0.04507437,1.064801,21.39265,32.71
45,-1.0,-1.0,-1.0,0.0,0.0,0.0,0.0,-26.75542,6.10321,-26.0381,-1.0,0.3913361,0.4406944,0.0,0.0,0.0,0.0,30.33675,7.441086,-30.96449,-1.0,0.6095927,0.4639135,-0.007665038,1.226135,-0.1974852,-0.06902253,-0.0351482,0.04525402,1.064801,21.39265,32.71
45,-1.0,-1.0,-1.0,0.0,0.0,0.0,0.0,-26.75542,6.10321,-26.0381,-1.0,0.3913361,0.4406944,0.0,0.0,0.0,0.0,30.33675,7.441086,-30.96449,-1.0,0.6095927,0.4639135,-0.007665038,1.226135,-0.1974852,-0.06902253,-0.0351482,0.04525402,1.064801,21.39265,32.71
45,-1.0,-1.0,-1.0,0.0,0.0,0.0,0.0,-26.75542,6.10321,-26.0381,-1.0,0.336407,0.4357545,0.0,0.0,0.0,0.0,30.33675,7.441086,-30.96449,-1.0,0.04088297,0.521377,-0.007642746,1.226125,-0.1974828,-0.06910733,-0.03523246,0.04554287,1.064801,-1.083717,32.71
45,-1.0,-1.0,-1.0,0.0,0.0,0.0,0.0,-26.75542,6.10321,-26.0381,-1.0,0.336407,0.4357545,0.0,0.0,0.0,0.0,30.33675,7.441086,-30.96449,-1.0,0.04088297,0.521377,-0.007642746,1.226125,-0.1974828,-0.06910733,-0.03523246,0.04554287,1.064801,-1.083717,32.71
45,-1.0,-1.0,-1.0,0.0,0.0,0.0,0.0,-26.75542,6.10321,-26.0381,-1.0,-1.0,-1.0,0.0,0.0,0.0,0.0,30.33675,7.441086,-30.96449,-1.0,0.5831793,0.4159964,-0.0076226,1.226082,-0.1974501,-0.06890813,-0.03520305,0.04564532,1.064801,-1.083717,32.71
45,-1.0,-1.0,-1.0,0.0,0.0,0.0,0.0,-26.75542,6.10321,-26.0381,-1.0,-1.0,-1.0,0.0,0.0,0.0,0.0,30.33675,7.441086,-30.96449,-1.0,0.5831793,0.4159964,-0.0076226,1.226082,-0.1974501,-0.06890813,-0.03520305,0.04564532,1.064801,-1.083717,32.71
45,-1.0,-1.0,-1.0,0.01586176,0.0,0.0,0.0,-26.75542,6.10321,-26.0381,-1.0,-1.0,-1.0,0.0,0.0,0.0,0.0,30.57018,7.425812,-30.92793,-1.0,-1.0,-1.0,-0.007583261,1.22605,-0.1974357,-0.06875908,-0.03524938,0.0456853,1.064801,-1.083717,32.71
45,-1.0,-1.0,-1.0,0.09804542,0.0,0.0,0.0,-23.8277,6.725616,-25.27451,-1.0,0.2092698,0.3870832,0.0,0.0,0.0,0.0,30.57018,7.425812,-30.92793,-1.0,-1.0,-1.0,-0.007532477,1.226012,-0.1974509,-0.06873621,-0.03513442,0.04556331,1.064801,-1.083717,32.71
45,-1.0,-1.0,-1.0,0.09804542,0.0,0.0,0.0,-23.8277,6.725616,-25.27451,-1.0,0.2092698,0.3870832,0.0,0.0,0.0,0.0,30.57018,7.425812,-30.92793,-1.0,-1.0,-1.0,-0.007532477,1.226012,-0.1974509,-0.06873621,-0.03513442,0.04556331,1.064801,-1.083717,32.71
45,-1.0,-1.0,-1.0,0.1495259,0.0,0.0,0.0,-25.29428,7.195099,-25.07568,-1.0,0.302878,0.3580091,0.145809,0.0,0.0,0.0,30.65076,7.559174,-31.07823,-1.0,0.6150982,0.4104972,-0.007456779,1.226048,-0.197415,-0.06855343,-0.03505374,0.0455476,1.064801,-1.083717,32.71
45,-1.0,-1.0,-1.0,0.1495259,0.0,0.0,0.0,-25.29428,7.195099,-25.07568,-1.0,0.302878,0.3580091,0.145809,0.0,0.0,0.0,30.65076,7.559174,-31.07823,-1.0,0.6150982,0.4104972,-0.007456779,1.226048,-0.197415,-0.06855343,-0.03505374,0.0455476,1.064801,-1.083717,32.71
45,-1.0,-1.0,-1.0,0.4353578,0.0,0.0,0.0,-25.97079,8.125916,-24.92384,-1.0,0.3330541,0.3258712,0.5109503,0.0,0.0,0.0,30.40944,8.445404,-30.66185,-1.0,0.6012402,0.3576148,-0.007356644,1.226028,-0.1973548,-0.0683827,-0.03496116,0.04523492,1.064801,-1.083717,32.71
45,-1.0,-1.0,-1.0,0.4353578,0.0,0.0,0.0,-25.97079,8.125916,-24.92384,-1.0,0.3330541,0.3258712,0.5109503,0.0,0.0,0.0,30.40944,8.445404,-30.66185,-1.0,0.6012402,0.3576148,-0.007356644,1.226028,-0.1973548,-0.0683827,-0.03496116,0.04523492,1.064801,-1.083717,32.71
45,-1.0,-1.0,-1.0,0.6022008,0.0,0.0,0.0,-26.00085,8.095642,-24.9469,-1.0,0.3334397,0.3135494,0.6841257,0.0,0.0,0.0,30.38356,8.409714,-30.68015,-1.0,0.6059738,0.3520547,-0.0073452,1.226038,-0.1972914,-0.06842649,-0.03487111,0.04511056,1.04943,-1.083717,32.71
45,-1.0,-1.0,-1.0,0.6022008,0.0,0.0,0.0,-26.00085,8.095642,-24.9469,-1.0,0.3334397,0.3135494,0.6841257,0.0,0.0,0.0,30.38356,8.409714,-30.68015,-1.0,0.6059738,0.3520547,-0.0073452,1.226038,-0.1972914,-0.06842649,-0.03487111,0.04511056,1.04943,-1.083717,32.71
45,-1.0,-1.0,-1.0,0.7442617,0.0,0.0,0.0,-25.95,8.11731,-24.93611,-1.0,0.3273344,0.3124645,0.8165859,0.0,0.0,0.0,30.35309,8.384735,-30.72435,-1.0,0.6159546,0.3389729,-0.007247686,1.22607,-0.1972044,-0.06842148,-0.03449691,0.04490927,1.04943,-28.88095,32.71
45,-1.0,-1.0,-1.0,0.7442617,0.0,0.0,0.0,-25.95,8.11731,-24.93611,-1.0,0.3273344,0.3124645,0.8165859,0.0,0.0,0.0,30.35309,8.384735,-30.72435,-1.0,0.6159546,0.3389729,-0.007247686,1.22607,-0.1972044,-0.06842148,-0.03449691,0.04490927,1.04943,-28.88095,32.71
45,-1.0,-1.0,-1.0,0.7442617,0.0,0.0,0.0,-25.95,8.11731,-24.93611,-1.0,0.3273344,0.3124645,0.8165859,0.0,0.0,0.0,30.35309,8.384735,-30.72435,-1.0,0.6159546,0.3389729,-0.007247686,1.22607,-0.1972044,-0.06842148,-0.03449691,0.04490927,1.04943,-28.88095,32.71
45,-0.1577454,-0.0933075,0.9830475,1.0,-0.1498566,-0.1768799,0.9727478,-25.93854,8.099731,-24.95264,3.915497,0.3296133,0.3104325,1.0,-0.1590881,-0.07766724,0.9841919,30.34224,8.352066,-30.75203,4.348495,0.6120201,0.3264983,-0.007188916,1.226047,-0.1971816,-0.06846251,-0.03429046,0.04482076,1.04943,-28.88095,32.71
45,-0.1552124,-0.1310577,0.9791412,1.0,-0.1370087,-0.1539001,0.9785309,-25.90878,8.085342,-24.95293,3.944458,0.3264327,0.3066393,1.0,-0.1872711,-0.09011841,0.9781494,30.34758,8.335114,-30.73033,3.971466,0.6167718,0.3294997,-0.00717628,1.226038,-0.1971944,-0.06843095,-0.03415766,0.04488288,1.04943,-28.88095,32.71
45,-0.1552124,-0.1310577,0.9791412,1.0,-0.1370087,-0.1539001,0.9785309,-25.90878,8.085342,-24.95293,3.944458,0.3264327,0.3066393,1.0,-0.1872711,-0.09011841,0.9781494,30.34758,8.335114,-30.73033,3.971466,0.6167718,0.3294997,-0.00717628,1.226038,-0.1971944,-0.06843095,-0.03415766,0.04488288,1.04943,-28.88095,32.71
45,-0.1456451,-0.1286774,0.9809265,1.0,-0.1384125,-0.1513672,0.9787292,-25.90231,8.065002,-24.95464,4.17778,0.3262423,0.3067802,1.0,-0.1543427,-0.1009827,0.9828339,30.34879,8.309265,-30.69347,4.307144,0.6107542,0.3319081,-0.007158875,1.225991,-0.1971303,-0.06835196,-0.03402501,0.04509536,1.04943,-28.88095,32.71
45,-0.141861,-0.1279755,0.9815674,1.0,-0.139389,-0.1352844,0.9809418,-25.91142,8.068939,-24.95541,4.178055,0.3266983,0.3038355,1.0,-0.1446686,-0.1196289,0.9822083,30.35233,8.304504,-30.68974,4.182755,0.6088363,0.3355469,-0.007169127,1.225994,-0.1971188,-0.06846981,-0.03407271,0.04514853,1.04943,-28.88095,32.71
45,-0.141861,-0.1279755,0.9815674,1.0,-0.139389,-0.1352844,0.9809418,-25.91142,8.068939,-24.95541,4.178055,0.3266983,0.3038355,1.0,-0.1446686,-0.1196289,0.9822083,30.35233,8.304504,-30.68974,4.182755,0.6088363,0.3355469,-0.007169127,1.225994,-0.1971188,-0.06846981,-0.03407271,0.04514853,1.04943,-28.88095,32.71
45,-0.1578217,-0.1186523,0.9803009,1.0,-0.1584473,-0.1228027,0.9796906,-25.87845,8.075195,-24.98019,4.395142,0.3285195,0.3016836,1.0,-0.1570435,-0.1134491,0.9810486,30.35046,8.301926,-30.68939,4.298828,0.6111101,0.3344889,-0.007183671,1.226007,-0.1970226,-0.06844074,-0.03420344,0.04536895,1.04943,-28.88095,32.71
45,-0.1591034,-0.1158142,0.9804382,1.0,-0.1623383,-0.1269073,0.9785309,-25.86176,8.05397,-24.99303,4.360687,0.3286375,0.303273,1.0,-0.1552887,-0.10289,0.9824829,30.34938,8.301407,-30.68236,4.293716,0.610872,0.3324829,-0.007261872,1.225994,-0.1970183,-0.06842159,-0.03425916,0.04544345,1.04943,-28.88095,32.71
45,-0.1591034,-0.1158142,0.9804382,1.0,-0.1623383,-0.1269073,0.9785309,-25.86176,8.05397,-24.99303,4.360687,0.3286375,0.303273,1.0,-0.1552887,-0.10289,0.9824829,30.34938,8.301407,-30.68236,4.293716,0.610872,0.3324829,-0.007261872,1.225994,-0.1970183,-0.06842159,-0.03425916,0.04544345,1.04943,-28.88095,32.71
45,-0.1528931,-0.1183472,0.9811249,1.0,-0.1511993,-0.1233063,0.9807739,-25.8577,8.059204,-24.99773,4.289246,0.3266962,0.302384,1.0,-0.1544647,-0.1137695,0.9814148,30.34937,8.300064,-30.67537,4.296082,0.6106755,0.3344889,-0.007238626,1.226007,-0.1970133,-0.06842224,-0.03447595,0.04546181,1.04943,-28.88095,32.71
45,-0.1528931,-0.1183472,0.9811249,1.0,-0.1511993,-0.1233063,0.9807739,-25.8577,8.059204,-24.99773,4.289246,0.3266962,0.302384,1.0,-0.1544647,-0.1137695,0.9814148,30.34937,8.300064,-30.67537,4.296082,0.6106755,0.3344889,-0.007238626,1.226007,-0.1970133,-0.06842224,-0.03447595,0.04546181,1.04943,-28.88095,32.71
45,-0.155838,-0.1169434,0.9808197,1.0,-0.1581726,-0.1225891,0.9797668,-25.86914,8.057968,-24.99773,4.311905,0.3282283,0.302384,1.0,-0.1536102,-0.1115723,0.9817963,30.34492,8.297394,-30.66122,4.299667,0.6106755,0.3340542,-0.007231236,1.225992,-0.1969712,-0.06828555,-0.03466431,0.04534399,1.04943,-28.88095,32.71
45,-0.1551971,-0.1224823,0.9802551,1.0,-0.1576233,-0.1328278,0.9785156,-25.87122,8.054382,-25.00108,4.294632,0.3282283,0.304334,1.0,-0.1526184,-0.1116028,0.9819489,30.33925,8.297043,-30.66046,4.299484,0.6106996,0.3340542,-0.007228971,1.226014,-0.1970049,-0.06821743,-0.034709,0.04523739,1.04943,-28.88095,32.71
45,-0.1551971,-0.1224823,0.9802551,1.0,-0.1576233,-0.1328278,0.9785156,-25.87122,8.054382,-25.00108,4.294632,0.3282283,0.304334,1.0,-0.1526184,-0.1116028,0.9819489,30.33925,8.297043,-30.66046,4.299484,0.6106996,0.3340542,-0.007228971,1.226014,-0.1970049,-0.06821743,-0.034709,0.04523739,1.04943,-28.88095,32.71
45,-0.1527557,-0.1220856,0.9806824,1.0,-0.1541138,-0.13237,0.9791412,-25.87268,8.05127,-25.0024,4.292953,0.3276922,0.304334,1.0,-0.1512909,-0.1110077,0.9822235,30.33307,8.292404,-30.65404,4.299973,0.6106755,0.3340575,-0.007232189,1.226004,-0.1969842,-0.06822836,-0.0347579,0.04518993,1.04943,2.464478,32.71
45,-0.1491699,-0.1220703,0.9812317,1.0,-0.1525726,-0.1324005,0.9793701,-25.87537,8.050735,-25.00269,4.311127,0.3275082,0.304334,1.0,-0.1455688,-0.1112061,0.9830627,30.32674,8.289886,-30.65282,4.309616,0.6098879,0.33415,-0.007205367,1.225996,-0.196949,-0.06831457,-0.03481787,0.04522026,1.04943,2.464478,32.71
45,-0.1491699,-0.1220703,0.9812317,1.0,-0.1525726,-0.1324005,0.9793701,-25.87537,8.050735,-25.00269,4.311127,0.3275082,0.304334,1.0,-0.1455688,-0.1112061,0.9830627,30.32674,8.289886,-30.65282,4.309616,0.6098879,0.33415,-0.007205367,1.225996,-0.196949,-0.06831457,-0.03481787,0.04522026,1.04943,2.464478,32.71
45,-0.1490936,-0.1222534,0.9812317,1.0,-0.1537476,-0.1339874,0.9789734,-25.87556,8.050735,-25.00452,4.328857,0.3276922,0.3046309,1.0,-0.1443024,-0.1102295,0.9833679,30.3205,8.287018,-30.65205,4.322784,0.6098879,0.3340575,-0.007198334,1.226032,-0.1969448,-0.06832471,-0.03471006,0.04520955,1.04943,2.464478,32.71
45,-0.1490936,-0.1222534,0.9812317,1.0,-0.1537476,-0.1339874,0.9789734,-25.87556,8.050735,-25.00452,4.328857,0.3276922,0.3046309,1.0,-0.1443024,-0.1102295,0.9833679,30.3205,8.287018,-30.65205,4.322784,0.6098879,0.3340575,-0.007196307,1.226053,-0.1969522,-0.06838498,-0.03463895,0.04518828,1.04943,2.464478,32.71
45,-0.1490936,-0.1222534,0.9812317,1.0,-0.1537476,-0.1339874,0.9789734,-25.87556,8.050735,-25.00452,4.328857,0.3276922,0.3046309,1.0,-0.1443024,-0.1102295,0.9833679,30.3205,8.287018,-30.65205,4.322784,0.6098879,0.3340575,-0.007196307,1.226053,-0.1969522,-0.06838498,-0.03463895,0.04518828,1.04943,2.464478,32.71
45,-0.1490936,-0.1222534,0.9812317,1.0,-0.1537476,-0.1339874,0.9789734,-25.87556,8.050735,-25.00452,4.328857,0.3276922,0.3046309,1.0,-0.1443024,-0.1102295,0.9833679,30.3205,8.287018,-30.65205,4.322784,0.6098879,0.3340575,-0.007145286,1.226105,-0.1969781,-0.0686109,-0.03458793,0.0451891,1.04943,2.464478,32.71
45,-0.1490936,-0.1222534,0.9812317,1.0,-0.1537476,-0.1339874,0.9789734,-25.87556,8.050735,-25.00452,4.328857,0.3276922,0.3046309,1.0,-0.1443024,-0.1102295,0.9833679,30.3205,8.287018,-30.65205,4.322784,0.6098879,0.3340575,-0.007183433,1.226033,-0.1970173,-0.06881519,-0.0346043,0.0454259,1.04943,2.464478,32.71
45,-0.1490936,-0.1222534,0.9812317,1.0,-0.1537476,-0.1339874,0.9789734,-25.87556,8.050735,-25.00452,4.328857,0.3276922,0.3046309,1.0,-0.1443024,-0.1102295,0.9833679,30.3205,8.287018,-30.65205,4.322784,0.6098879,0.3340575,-0.007183433,1.226033,-0.1970173,-0.06881519,-0.0346043,0.0454259,1.04943,2.464478,32.71
45,-0.148941,-0.1219177,0.9812927,1.0,-0.153717,-0.1338501,0.9790039,-25.87537,8.05127,-25.00829,4.311752,0.3276922,0.3046309,1.0,-0.1440582,-0.1097717,0.9834442,30.31905,8.282639,-30.64449,4.343979,0.6098879,0.3340575,-0.007155776,1.226012,-0.1970728,-0.06895731,-0.03451591,0.04562851,1.04943,2.464478,32.71
45,-0.15448,-0.1203156,0.9806366,1.0,-0.1671906,-0.1324158,0.9769897,-25.80644,8.03891,-25.04715,4.383896,0.3274947,0.3051151,1.0,-0.14328,-0.1096802,0.9835815,30.31905,8.276993,-30.6226,4.366425,0.6097251,0.3340575,-0.007123113,1.226032,-0.1970803,-0.06910904,-0.03453792,0.04552944,1.04943,2.464478,32.71
45,-0.15448,-0.1203156,0.9806366,1.0,-0.1671906,-0.1324158,0.9769897,-25.80644,8.03891,-25.04715,4.383896,0.3274947,0.3051151,1.0,-0.14328,-0.1096802,0.9835815,30.31905,8.276993,-30.6226,4.366425,0.6097251,0.3340575,-0.007123113,1.226032,-0.1970803,-0.06910904,-0.03453792,0.04552944,1.04943,2.464478,32.71
45,-0.1520386,-0.1158905,0.9815521,1.0,-0.1627502,-0.124527,0.9787598,-25.79805,8.046967,-25.05128,4.331802,0.3265115,0.3034412,1.0,-0.1422272,-0.1079712,0.9839172,30.31905,8.275497,-30.61316,4.38031,0.6095325,0.3337046,-0.00705421,1.226163,-0.1971216,-0.06943613,-0.0343048,0.04492668,1.04943,2.464478,32.71
45,-0.1514893,-0.1160126,0.9816132,1.0,-0.1588745,-0.1229248,0.979599,-25.78218,8.041809,-25.05736,4.338455,0.325313,0.3033093,1.0,-0.1436157,-0.1086578,0.9836426,30.32817,8.274475,-30.59116,4.388611,0.6094297,0.3337002,-0.007025957,1.226214,-0.197117,-0.06956326,-0.03428872,0.04478617,1.04943,2.464478,32.71
45,-0.1514893,-0.1160126,0.9816132,1.0,-0.1588745,-0.1229248,0.979599,-25.78218,8.041809,-25.05736,4.338455,0.325313,0.3033093,1.0,-0.1436157,-0.1086578,0.9836426,30.32817,8.274475,-30.59116,4.388611,0.6094297,0.3337002,-0.007025957,1.226214,-0.197117,-0.06956326,-0.03428872,0.04478617,1.04943,2.464478,32.71
45,-0.1520081,-0.1173553,0.9813843,1.0,-0.1628876,-0.1257019,0.9785919,-25.77536,8.037064,-25.05852,4.314087,0.3257796,0.3040212,1.0,-0.1397095,-0.1079102,0.9842834,30.32961,8.273087,-30.57997,4.389114,0.6086802,0.3335142,-0.007000327,1.226304,-0.1971983,-0.06961755,-0.03414436,0.04477935,1.04943,2.464478,32.71
45,-0.1524658,-0.1183624,0.9811859,1.0,-0.1640015,-0.1277161,0.9781494,-25.77319,8.035324,-25.0587,4.274246,0.3259342,0.3044636,1.0,-0.139328,-0.1077118,0.9843597,30.32996,8.270706,-30.57521,4.389359,0.6085939,0.3335142,-0.007020473,1.226347,-0.1972196,-0.0698896,-0.03403442,0.04476853,1.04943,9.668503,32.71
45,-0.1520844,-0.1190643,0.9811554,1.0,-0.1639252,-0.1275177,0.9781952,-25.77357,8.03447,-25.0587,4.274246,0.3259342,0.3044636,1.0,-0.1382446,-0.1091766,0.9843597,30.33595,8.268555,-30.55417,4.381271,0.6081612,0.3337002,-0.007023692,1.226424,-0.1972425,-0.07018501,-0.03382427,0.04483555,1.04943,10.59164,32.71
45,-0.1520844,-0.1190643,0.9811554,1.0,-0.1639252,-0.1275177,0.9781952,-25.77357,8.03447,-25.0587,4.274246,0.3259342,0.3044636,1.0,-0.1382446,-0.1091766,0.9843597,30.33595,8.268555,-30.55417,4.381271,0.6081612,0.3337002,-0.007023692,1.226424,-0.1972425,-0.07018501,-0.03382427,0.04483555,1.04943,10.59164,32.71
45,-0.1522064,-0.119873,0.9810486,1.0,-0.1634064,-0.1273499,0.978302,-25.77432,8.034256,-25.0587,4.21376,0.3259342,0.3044636,1.0,-0.1386108,-0.1107941,0.9841156,30.3432,8.268295,-30.54533,4.353241,0.60795,0.3339614,-0.007023692,1.226424,-0.1972425,-0.07018501,-0.03382427,0.04483555,1.04943,10.59164,32.71
45,-0.151535,-0.1188202,0.9812775,1.0,-0.163559,-0.1274719,0.9782562,-25.77536,8.034256,-25.05882,4.274292,0.3259342,0.3044636,1.0,-0.1371765,-0.1084747,0.9845886,30.34776,8.24852,-30.54347,4.312668,0.6075249,0.3342547,-0.006934643,1.22666,-0.1973295,-0.07126419,-0.03311685,0.0449431,1.04943,10.59164,32.71
46,-0.1509247,-0.1245117,0.9806671,1.0,-0.1627808,-0.137085,0.9770813,-25.81355,8.041733,-25.06564,4.121643,0.3272398,0.306061,1.0,-0.1372528,-0.1100006,0.9844055,30.34776,8.243057,-30.54036,4.297852,0.6075249,0.3347162,-0.006497025,1.22726,-0.1973739,-0.07392081,-0.03081205,0.04472507,1.04943,10.59164,32.71
46,-0.1420441,-0.1270142,0.9816742,1.0,-0.1556549,-0.1380157,0.9781189,-25.89513,8.081665,-25.08186,4.100876,0.3287824,0.305005,1.0,-0.1275787,-0.1152954,0.9850922,30.28296,8.258713,-30.52023,4.179245,0.6080929,0.3349489,-0.005561352,1.228149,-0.1974648,-0.07835298,-0.02579181,0.04478866,1.04943,10.59164,32.71
46,-0.1420441,-0.1270142,0.9816742,1.0,-0.1556549,-0.1380157,0.9781189,-25.89513,8.081665,-25.08186,4.100876,0.3287824,0.305005,1.0,-0.1275787,-0.1152954,0.9850922,30.28296,8.258713,-30.52023,4.179245,0.6080929,0.3349489,-0.005561352,1.228149,-0.1974648,-0.07835298,-0.02579181,0.04478866,1.04943,10.59164,32.71
46,-0.1323242,-0.1287231,0.9828033,1.0,-0.1365967,-0.1404724,0.9806061,-25.95027,8.089417,-25.09746,4.070114,0.3274503,0.3051256,1.0,-0.1283112,-0.1177673,0.9847107,30.22252,8.273331,-30.50981,4.206253,0.6103554,0.334754,-0.00415194,1.229553,-0.1975236,-0.08502695,-0.01791275,0.04523377,1.04943,10.59164,32.71
46,-0.1323242,-0.1287231,0.9828033,1.0,-0.1365967,-0.1404724,0.9806061,-25.95027,8.089417,-25.09746,4.070114,0.3274503,0.3051256,1.0,-0.1283112,-0.1177673,0.9847107,30.22252,8.273331,-30.50981,4.206253,0.6103554,0.334754,-0.00415194,1.229553,-0.1975236,-0.08502695,-0.01791275,0.04523377,1.04943,10.59164,32.71
46,-0.1324615,-0.126236,0.9831085,1.0,-0.1438293,-0.1205597,0.9822235,-26.01579,8.124222,-25.12651,4.317978,0.3305766,0.3006616,1.0,-0.1222382,-0.1313171,0.9837646,30.17314,8.326553,-30.49394,4.13031,0.6110075,0.3352052,-0.002168298,1.231656,-0.1976207,-0.09503988,-0.006183558,0.04595781,1.04943,10.59164,32.71
46,-0.1324615,-0.126236,0.9831085,1.0,-0.1438293,-0.1205597,0.9822235,-26.01579,8.124222,-25.12651,4.317978,0.3305766,0.3006616,1.0,-0.1222382,-0.1313171,0.9837646,30.17314,8.326553,-30.49394,4.13031,0.6110075,0.3352052,-0.002168298,1.231656,-0.1976207,-0.09503988,-0.006183558,0.04595781,1.04943,10.59164,32.71
46,-0.1268311,-0.135376,0.9826355,1.0,-0.1394958,-0.1317902,0.9813995,-25.97565,8.095688,-25.11559,4.276215,0.3285716,0.3034691,1.0,-0.1152649,-0.1386261,0.9835968,30.14395,8.348755,-30.48447,4.12468,0.6108011,0.3356459,0.0005229712,1.234121,-0.1979625,-0.1073451,0.009497982,0.04704223,1.04943,10.59164,32.71
46,-0.1268311,-0.135376,0.9826355,1.0,-0.1394958,-0.1317902,0.9813995,-25.97565,8.095688,-25.11559,4.276215,0.3285716,0.3034691,1.0,-0.1152649,-0.1386261,0.9835968,30.14395,8.348755,-30.48447,4.12468,0.6108011,0.3356459,0.0005229712,1.234121,-0.1979625,-0.1073451,0.009497982,0.04704223,1.04943,10.59164,32.71
46,-0.1150818,-0.138382,0.9836578,1.0,-0.1348267,-0.144104,0.9803314,-25.95146,7.985138,-25.1244,4.000748,0.327267,0.3095123,1.0,-0.09611511,-0.132843,0.9864502,30.16849,8.240738,-30.45326,4.186905,0.606481,0.3381865,0.003648877,1.23646,-0.1987158,-0.1189317,0.02727227,0.04905009,1.04943,15.83272,32.71
46,-0.1150818,-0.138382,0.9836578,1.0,-0.1348267,-0.144104,0.9803314,-25.95146,7.985138,-25.1244,4.000748,0.327267,0.3095123,1.0,-0.09611511,-0.132843,0.9864502,30.16849,8.240738,-30.45326,4.186905,0.606481,0.3381865,0.003648877,1.23646,-0.1987158,-0.1189317,0.02727227,0.04905009,1.04943,15.83272,32.71
46,-0.08558655,-0.1575165,0.9837952,1.0,-0.1136627,-0.1511993,0.9819336,-25.69746,7.764999,-25.18019,4.099518,0.3151299,0.3181675,1.0,-0.06237793,-0.1626282,0.9847107,30.35001,8.046921,-30.46414,4.124054,0.5939773,0.3508237,0.006579995,1.238569,-0.1999067,-0.129957,0.04380624,0.05055347,1.04943,15.83272,32.71
46,-0.08558655,-0.1575165,0.9837952,1.0,-0.1136627,-0.1511993,0.9819336,-25.69746,7.764999,-25.18019,4.099518,0.3151299,0.3181675,1.0,-0.06237793,-0.1626282,0.9847107,30.35001,8.046921,-30.46414,4.124054,0.5939773,0.3508237,0.006579995,1.238569,-0.1999067,-0.129957,0.04380624,0.05055347,1.04943,15.83272,32.71
46,-0.05493164,-0.1648102,0.984787,1.0,-0.06706238,-0.1681213,0.9834747,-25.53784,7.628891,-25.14075,4.382111,0.3018023,0.3246933,1.0,-0.04432678,-0.1618805,0.9858093,30.57243,7.913666,-30.51208,4.104034,0.5829819,0.3559014,0.00944829,1.240493,-0.2014871,-0.1397778,0.05957957,0.05122155,1.04943,15.83272,32.71
46,-0.05493164,-0.1648102,0.984787,1.0,-0.06706238,-0.1681213,0.9834747,-25.53784,7.628891,-25.14075,4.382111,0.3018023,0.3246933,1.0,-0.04432678,-0.1618805,0.9858093,30.57243,7.913666,-30.51208,4.104034,0.5829819,0.3559014,0.00944829,1.240493,-0.2014871,-0.1397778,0.05957957,0.05122155,1.04943,15.83272,32.71
46,-0.02685547,-0.1893921,0.9815216,1.0,-0.04550171,-0.186142,0.9814606,-25.13737,7.360062,-25.18306,3.930939,0.2850205,0.3368995,1.0,-0.001602173,-0.1936951,0.9810486,30.84621,7.728165,-30.57756,4.127243,0.5659014,0.3689124,0.01193368,1.242213,-0.2032819,-0.1482044,0.07383469,0.05149516,1.04943,15.83272,32.71
46,-0.02685547,-0.1893921,0.9815216,1.0,-0.04550171,-0.186142,0.9814606,-25.13737,7.360062,-25.18306,3.930939,0.2850205,0.3368995,1.0,-0.001602173,-0.1936951,0.9810486,30.84621,7.728165,-30.57756,4.127243,0.5659014,0.3689124,0.01193368,1.242213,-0.2032819,-0.1482044,0.07383469,0.05149516,1.04943,15.83272,32.71
46,-0.009033203,-0.2102814,0.9775848,1.0,-0.03358459,-0.2117615,0.9767303,-24.76117,7.200134,-25.20119,4.276459,0.2698604,0.3461922,1.0,0.03363037,-0.207428,0.9776611,31.12933,7.591873,-30.62024,3.994934,0.5498398,0.3766995,0.0140487,1.243782,-0.2052011,-0.1557906,0.08536163,0.05133982,1.04943,15.83272,32.71
46,-0.009033203,-0.2102814,0.9775848,1.0,-0.03358459,-0.2117615,0.9767303,-24.76117,7.200134,-25.20119,4.276459,0.2698604,0.3461922,1.0,0.03363037,-0.207428,0.9776611,31.12933,7.591873,-30.62024,3.994934,0.5498398,0.3766995,0.0140487,1.243782,-0.2052011,-0.1557906,0.08536163,0.05133982,1.04943,15.83272,32.71
46,0.01409912,-0.2202148,0.9753418,1.0,-0.003067017,-0.2225037,0.9749146,-24.50618,7.127029,-25.22925,4.29364,0.2558289,0.3501733,1.0,0.03869629,-0.2168274,0.9754333,31.3678,7.50708,-30.67599,4.032349,0.54063,0.3818817,0.01588762,1.245182,-0.2072492,-0.1629369,0.09459481,0.05133401,1.04943,15.83272,32.71
46,0.01409912,-0.2202148,0.9753418,1.0,-0.003067017,-0.2225037,0.9749146,-24.50618,7.127029,-25.22925,4.29364,0.2558289,0.3501733,1.0,0.03869629,-0.2168274,0.9754333,31.3678,7.50708,-30.67599,4.032349,0.54063,0.3818817,0.01588762,1.245182,-0.2072492,-0.1629369,0.09459481,0.05133401,1.04943,15.83272,32.71
46,0.05175781,-0.2391357,0.9695892,1.0,0.01516724,-0.2328186,0.9723969,-24.21182,7.009186,-25.29865,4.242874,0.2424348,0.3560016,1.0,0.08093262,-0.2439423,0.9664001,31.5871,7.407547,-30.71919,3.975967,0.5256582,0.390831,0.01749206,1.246611,-0.2092795,-0.1698761,0.102235,0.05136158,1.04943,15.83272,32.71
46,0.05175781,-0.2391357,0.9695892,1.0,0.01516724,-0.2328186,0.9723969,-24.21182,7.009186,-25.29865,4.242874,0.2424348,0.3560016,1.0,0.08093262,-0.2439423,0.9664001,31.5871,7.407547,-30.71919,3.975967,0.5256582,0.390831,0.01749206,1.246611,-0.2092795,-0.1698761,0.102235,0.05136158,1.04943,15.83272,32.71
46,0.09172058,-0.2657471,0.9596558,1.0,0.0657196,-0.2650909,0.9619751,-24.04617,6.999802,-25.34496,4.220901,0.2278401,0.361927,1.0,0.1123047,-0.2661285,0.9573669,31.73186,7.347031,-30.76826,3.892792,0.5151613,0.3976157,0.01873994,1.247874,-0.211502,-0.1762346,0.1080857,0.050914,1.04943,15.83272,32.71
46,0.09172058,-0.2657471,0.9596558,1.0,0.0657196,-0.2650909,0.9619751,-24.04617,6.999802,-25.34496,4.220901,0.2278401,0.361927,1.0,0.1123047,-0.2661285,0.9573669,31.73186,7.347031,-30.76826,3.892792,0.5151613,0.3976157,0.01873994,1.247874,-0.211502,-0.1762346,0.1080857,0.050914,1.04943,15.83272,32.71
46,0.09980774,-0.2742615,0.9564514,1.0,0.07356262,-0.2782593,0.9576721,-23.96614,6.937164,-25.40207,4.260834,0.2235444,0.3666907,1.0,0.1224213,-0.2706604,0.9548492,31.83102,7.296204,-30.79799,3.935394,0.5099626,0.4005217,0.0197109,1.24916,-0.2137212,-0.182294,0.11224,0.0500582,1.04943,5.832306,32.71
46,0.09980774,-0.2742615,0.9564514,1.0,0.07356262,-0.2782593,0.9576721,-23.96614,6.937164,-25.40207,4.260834,0.2235444,0.3666907,1.0,0.1224213,-0.2706604,0.9548492,31.83102,7.296204,-30.79799,3.935394,0.5099626,0.4005217,0.0197109,1.24916,-0.2137212,-0.182294,0.11224,0.0500582,1.04943,1.073212,32.71
46,0.1137848,-0.2903137,0.9501343,1.0,0.08282471,-0.2922668,0.9527283,-23.76173,6.946808,-25.35384,4.410873,0.214591,0.3680046,1.0,0.144577,-0.2880859,0.9466095,31.91052,7.233765,-30.83981,3.745773,0.5032746,0.4064996,0.02052927,1.25034,-0.2160306,-0.1882587,0.1156632,0.049151,1.04943,-11.50816,32.71
46,0.1137848,-0.2903137,0.9501343,1.0,0.08282471,-0.2922668,0.9527283,-23.76173,6.946808,-25.35384,4.410873,0.214591,0.3680046,1.0,0.144577,-0.2880859,0.9466095,31.91052,7.233765,-30.83981,3.745773,0.5032746,0.4064996,0.02052927,1.25034,-0.2160306,-0.1882587,0.1156632,0.049151,1.04943,-11.50816,32.71
46,0.1542664,-0.2996521,0.9414825,1.0,0.1401978,-0.3123322,0.9395599,-23.76819,6.887024,-25.4229,4.282944,0.2047146,0.3742065,1.0,0.1646881,-0.2901611,0.942688,31.93904,7.212891,-30.84666,3.764984,0.4987967,0.4077778,0.02125704,1.251402,-0.2184803,-0.1936086,0.1177928,0.04836927,1.04943,-11.50816,32.71
46,0.1542664,-0.2996521,0.9414825,1.0,0.1401978,-0.3123322,0.9395599,-23.76819,6.887024,-25.4229,4.282944,0.2047146,0.3742065,1.0,0.1646881,-0.2901611,0.942688,31.93904,7.212891,-30.84666,3.764984,0.4987967,0.4077778,0.02125704,1.251402,-0.2184803,-0.1936086,0.1177928,0.04836927,1.04943,-11.50816,32.71
46,0.1398773,-0.3134003,0.9392548,1.0,0.1155853,-0.2844086,0.9517059,-23.61513,6.748077,-25.47868,4.335358,0.2033997,0.3739974,1.0,0.1580353,-0.3349152,0.928894,32.0432,7.146072,-30.88925,3.585754,0.4962282,0.4189582,0.02181327,1.252347,-0.2208495,-0.1982844,0.1182866,0.04763043,1.04943,-11.50816,32.71
46,0.1398773,-0.3134003,0.9392548,1.0,0.1155853,-0.2844086,0.9517059,-23.61513,6.748077,-25.47868,4.335358,0.2033997,0.3739974,1.0,0.1580353,-0.3349152,0.928894,32.0432,7.146072,-30.88925,3.585754,0.4962282,0.4189582,0.02181327,1.252347,-0.2208495,-0.1982844,0.1182866,0.04763043,1.04943,-11.50816,32.71
46,0.1603241,-0.3284454,0.9308014,1.0,0.1145172,-0.2968292,0.9480286,-23.50885,6.696533,-25.53857,4.466156,0.1995607,0.3782383,1.0,0.1880188,-0.3471985,0.9187317,32.10374,7.075104,-30.94807,3.66748,0.4889329,0.4244623,0.02199066,1.253278,-0.2232807,-0.2024114,0.1171673,0.04663325,1.04943,-11.50816,32.71
46,0.1603241,-0.3284454,0.9308014,1.0,0.1145172,-0.2968292,0.9480286,-23.50885,6.696533,-25.53857,4.466156,0.1995607,0.3782383,1.0,0.1880188,-0.3471985,0.9187317,32.10374,7.075104,-30.94807,3.66748,0.4889329,0.4244623,0.02199066,1.253278,-0.2232807,-0.2024114,0.1171673,0.04663325,1.04943,-11.50816,32.71
46,0.1551208,-0.3176727,0.9354095,1.0,0.1279449,-0.2961578,0.9465179,-23.49445,6.665802,-25.5696,4.544495,0.1964398,0.3792264,1.0,0.1898956,-0.3448334,0.9192505,32.14603,7.036072,-30.96286,3.639862,0.4871031,0.425524,0.02193272,1.254063,-0.2256044,-0.2058704,0.1149333,0.04595667,1.04943,-11.50816,32.71
46,0.1551208,-0.3176727,0.9354095,1.0,0.1279449,-0.2961578,0.9465179,-23.49445,6.665802,-25.5696,4.544495,0.1964398,0.3792264,1.0,0.1898956,-0.3448334,0.9192505,32.14603,7.036072,-30.96286,3.639862,0.4871031,0.425524,0.02193272,1.254063,-0.2256044,-0.2058704,0.1149333,0.04595667,1.04943,-11.50816,32.71
46,0.1515045,-0.3491821,0.9247131,1.0,0.1165009,-0.3398743,0.9332123,-23.49918,6.62207,-25.59163,4.253113,0.1990604,0.3892938,1.0,0.1822052,-0.3569794,0.916153,32.17886,6.992722,-30.97893,3.56308,0.4872457,0.4294728,0.0216912,1.254736,-0.2278916,-0.2083637,0.1112314,0.04586076,1.04943,-11.50816,32.71
46,0.1515045,-0.3491821,0.9247131,1.0,0.1165009,-0.3398743,0.9332123,-23.49918,6.62207,-25.59163,4.253113,0.1990604,0.3892938,1.0,0.1822052,-0.3569794,0.916153,32.17886,6.992722,-30.97893,3.56308,0.4872457,0.4294728,0.0216912,1.254736,-0.2278916,-0.2083637,0.1112314,0.04586076,1.04943,-11.50816,32.71
46,0.1490936,-0.3585663,0.9215088,1.0,0.11586,-0.3356323,0.9348297,-23.50226,6.647354,-25.54314,4.325882,0.1992497,0.3871426,1.0,0.1756287,-0.3765564,0.9095764,32.18906,6.940536,-31.00821,3.458542,0.4879727,0.4353235,0.02113986,1.255454,-0.2302454,-0.2106917,0.1059718,0.04581362,1.04943,-11.50816,32.71
46,0.1490936,-0.3585663,0.9215088,1.0,0.11586,-0.3356323,0.9348297,-23.50226,6.647354,-25.54314,4.325882,0.1992497,0.3871426,1.0,0.1756287,-0.3765564,0.9095764,32.18906,6.940536,-31.00821,3.458542,0.4879727,0.4353235,0.02113986,1.255454,-0.2302454,-0.2106917,0.1059718,0.04581362,1.04943,-11.50816,32.71
46,0.1388855,-0.3755798,0.9163055,0.9139038,0.104599,-0.3685303,0.9237061,-23.44759,6.602234,-25.57372,3.983353,0.1996566,0.3953599,0.9367489,0.1756134,-0.3826447,0.9070282,32.15561,6.918686,-31.02437,3.522751,0.4891757,0.4373747,0.02055776,1.256265,-0.2325389,-0.212525,0.1000093,0.04571008,1.04943,-37.36795,32.71
46,0.1388855,-0.3755798,0.9163055,0.9139038,0.104599,-0.3685303,0.9237061,-23.44759,6.602234,-25.57372,3.983353,0.1996566,0.3953599,0.9367489,0.1756134,-0.3826447,0.9070282,32.15561,6.918686,-31.02437,3.522751,0.4891757,0.4373747,0.02055776,1.256265,-0.2325389,-0.212525,0.1000093,0.04571008,1.04943,-37.36795,32.71
46,0.1339722,-0.3548126,0.9252777,0.8595299,0.08380127,-0.3549957,0.9310913,-23.42152,6.590424,-25.57683,4.17244,0.2022359,0.3931055,0.935961,0.1741943,-0.3540039,0.918869,32.10829,6.88826,-31.01437,3.512253,0.491066,0.4328334,0.02021754,1.256708,-0.2337304,-0.2129933,0.09674432,0.04586417,1.04943,-37.36795,32.71
46,0.1234894,-0.3607025,0.9244537,0.8427784,0.08879089,-0.3216553,0.9426727,-23.62137,6.570221,-25.55295,4.304382,0.2085006,0.3876659,0.9150885,0.1499481,-0.3899994,0.9085083,32.02846,6.872101,-31.01422,3.383469,0.4980212,0.4402483,0.01977062,1.257117,-0.2349033,-0.2132392,0.09324989,0.04645926,1.04943,-37.36795,32.71
46,0.09370422,-0.371048,0.9238586,0.8427784,0.07269287,-0.3693848,0.9264221,-23.81758,6.591324,-25.54559,3.992004,0.2186493,0.3963145,0.9150885,0.1138611,-0.3724823,0.9210205,31.8577,6.878555,-30.96758,3.492203,0.5103041,0.4359878,0.01938725,1.257602,-0.2361135,-0.2133195,0.08957973,0.04698978,1.04943,-37.36795,32.71
46,0.09370422,-0.371048,0.9238586,0.8427784,0.07269287,-0.3693848,0.9264221,-23.81758,6.591324,-25.54559,3.992004,0.2186493,0.3963145,0.9150885,0.1138611,-0.3724823,0.9210205,31.8577,6.878555,-30.96758,3.492203,0.5103041,0.4359878,0.01938725,1.257602,-0.2361135,-0.2133195,0.08957973,0.04698978,1.04943,-37.36795,32.71
46,0.08702087,-0.3761597,0.9224396,0.8118781,0.0552063,-0.3799286,0.9233551,-23.81255,6.51712,-25.61659,3.825302,0.2215895,0.4015972,0.8645511,0.1173096,-0.3722229,0.9206848,31.78493,6.868988,-30.96994,3.494217,0.5122535,0.4363174,0.01836967,1.258265,-0.2386174,-0.212198,0.0814693,0.04847437,1.04943,-37.36795,32.71
46,0.08476257,-0.3961945,0.9142303,0.7806675,0.07131958,-0.4057465,0.9111938,-24.0248,6.52951,-25.55782,3.500961,0.226565,0.4060397,0.8378869,0.0921936,-0.3908691,0.915802,31.74863,6.848328,-30.97514,3.356415,0.51783,0.4406473,0.01783586,1.258504,-0.2398681,-0.211129,0.07727041,0.04918692,1.04943,-37.36795,32.71
46,0.08476257,-0.3961945,0.9142303,0.7806675,0.07131958,-0.4057465,0.9111938,-24.0248,6.52951,-25.55782,3.500961,0.226565,0.4060397,0.8378869,0.0921936,-0.3908691,0.915802,31.74863,6.848328,-30.97514,3.356415,0.51783,0.4406473,0.01783586,1.258504,-0.2398681,-0.211129,0.07727041,0.04918692,1.04943,-37.36795,32.71
46,0.06355286,-0.3744812,0.9250488,0.7745242,0.03443909,-0.3723145,0.9274597,-24.05801,6.455566,-25.5509,3.927475,0.2339233,0.4020278,0.8229511,0.08123779,-0.3756409,0.9231873,31.68336,6.818039,-30.98393,3.34404,0.522006,0.4388198,0.01673925,1.258796,-0.2424256,-0.207625,0.06825881,0.05068139,1.04943,-37.36795,32.71
46,0.05140686,-0.3637543,0.930069,0.7564675,0.02342224,-0.3746185,0.9268799,-24.07593,6.505692,-25.53729,3.972443,0.2364076,0.4006878,0.8025736,0.07232666,-0.3554077,0.9319,31.61235,6.80397,-30.98148,3.38974,0.5260457,0.4353663,0.01609468,1.258876,-0.243795,-0.2054604,0.06324574,0.0516989,1.04943,-37.36795,32.71
46,0.045578,-0.3733063,0.9265747,0.7613546,0.01890564,-0.3831024,0.9235077,-24.09007,6.510376,-25.53734,3.862549,0.2377602,0.40223,0.7792604,0.06639099,-0.3654327,0.9284515,31.58487,6.809021,-30.98517,3.368484,0.5280346,0.4371429,0.01552105,1.259055,-0.2450664,-0.2034246,0.05805942,0.05259814,1.04943,-37.36795,32.71
46,0.03474426,-0.3717194,0.9276886,0.7067351,0.007064819,-0.3788605,0.925415,-24.18292,6.597183,-25.53784,3.691605,0.2431217,0.3988321,0.8123134,0.05250549,-0.3669586,0.9287415,31.53329,6.847824,-30.96716,3.346375,0.5322433,0.435907,0.01485991,1.259143,-0.2464224,-0.2012051,0.05226933,0.05354603,1.04943,-37.36795,32.71
46,0.03474426,-0.3717194,0.9276886,0.7067351,0.007064819,-0.3788605,0.925415,-24.18292,6.597183,-25.53784,3.691605,0.2431217,0.3988321,0.8123134,0.05250549,-0.3669586,0.9287415,31.53329,6.847824,-30.96716,3.346375,0.5322433,0.435907,0.01485991,1.259143,-0.2464224,-0.2012051,0.05226933,0.05354603,1.04943,-37.36795,32.71
46,0.0282135,-0.3726044,0.9275513,0.7301439,-0.00227356,-0.4029999,0.9151917,-24.38513,6.598267,-25.54597,3.540604,0.2518025,0.4037622,0.783407,0.04928589,-0.3511658,0.9350128,31.42566,6.891754,-30.94658,3.483582,0.5366027,0.4311102,0.01419413,1.259256,-0.2478542,-0.1990603,0.04649421,0.0542528,1.04943,-37.36795,32.71
46,0.02378845,-0.3513031,0.9359589,0.7301439,0.004150391,-0.3625183,0.9319611,-24.50661,6.596359,-25.5045,3.709747,0.2549194,0.3959368,0.783407,0.03855896,-0.3427277,0.9386292,31.38319,6.917816,-30.92404,3.526199,0.5399488,0.4283607,0.01301754,1.259526,-0.2507738,-0.1951651,0.0351768,0.05518942,1.04943,-37.36795,32.71
46,0.01184082,-0.3550415,0.9347687,0.734903,-0.02578735,-0.3687744,0.9291534,-24.59755,6.555511,-25.5359,3.693665,0.2631157,0.3990083,0.7845021,0.03062439,-0.3479767,0.9369965,31.27289,6.980972,-30.90387,3.488724,0.5451794,0.4270054,0.01247168,1.259688,-0.2523026,-0.1930368,0.02966811,0.05529435,1.04943,18.24573,32.71
46,-0.0171051,-0.3468781,0.9377441,0.7271628,-0.0630188,-0.359436,0.9310303,-24.57024,6.542694,-25.60486,3.340836,0.268625,0.3987613,0.7643629,0.01580811,-0.3373871,0.9412231,31.14667,7.015839,-30.87833,3.57338,0.5521713,0.4235058,0.01200426,1.259857,-0.2539249,-0.1911801,0.02417578,0.05492201,1.04943,18.24573,32.71
46,-0.0171051,-0.3468781,0.9377441,0.7271628,-0.0630188,-0.359436,0.9310303,-24.57024,6.542694,-25.60486,3.340836,0.268625,0.3987613,0.7643629,0.01580811,-0.3373871,0.9412231,31.14667,7.015839,-30.87833,3.57338,0.5521713,0.4235058,0.01200426,1.259857,-0.2539249,-0.1911801,0.02417578,0.05492201,1.04943,18.24573,32.71
46,-0.007293701,-0.3609314,0.9325562,0.7312379,-0.03082275,-0.3914642,0.9196625,-24.85497,6.708267,-25.48471,3.398911,0.272959,0.3981565,0.7671618,0.007995605,-0.3407593,0.9401093,31.09029,7.036545,-30.875,3.470581,0.5554832,0.4234502,0.01158047,1.259998,-0.2555411,-0.1894329,0.01885503,0.05423275,1.04943,18.24573,32.71
46,-0.04760742,-0.3554688,0.9334717,0.7193699,-0.07698059,-0.3628235,0.9286652,-24.89841,6.66333,-25.52751,3.517883,0.2821597,0.3950237,0.763636,-0.01957703,-0.3481293,0.9372253,30.99937,7.089233,-30.87003,3.2621,0.5634364,0.4231112,0.01115716,1.260209,-0.2572908,-0.1881347,0.01377611,0.05304794,1.04943,18.24573,32.71
46,-0.04904175,-0.3615265,0.9310608,0.7193699,-0.0836792,-0.374054,0.9236145,-24.94887,6.675308,-25.53645,3.39473,0.2850506,0.3969586,0.763636,-0.01548767,-0.3489227,0.9370117,30.96126,7.11496,-30.85858,3.306381,0.5640652,0.4222461,0.01052845,1.260775,-0.260816,-0.185717,0.004076125,0.05165248,1.04943,18.24573,32.71
46,-0.05583191,-0.3616638,0.9306335,0.6994763,-0.08451843,-0.362854,0.9279938,-25.04652,6.699265,-25.53746,3.2686,0.2886201,0.3942894,0.7321575,-0.02856445,-0.3602448,0.9324188,30.83354,7.146591,-30.85069,3.214447,0.5708075,0.4233156,0.01028442,1.261064,-0.262713,-0.184792,-0.0004048614,0.05146722,1.04943,18.24573,32.71
46,-0.06256104,-0.3503571,0.9345093,0.7275905,-0.08779907,-0.3452911,0.9343719,-25.22438,6.801437,-25.49292,3.658661,0.2949804,0.3871986,0.7430166,-0.04299927,-0.3541107,0.9342041,30.76811,7.139267,-30.85362,3.337341,0.5756183,0.4223832,0.01004112,1.261333,-0.2645663,-0.1839549,-0.005209128,0.05167094,1.04943,18.24573,32.71
46,-0.06628418,-0.3489685,0.9347687,0.7032965,-0.07473755,-0.3680725,0.9267731,-25.26523,6.810394,-25.5031,3.381424,0.2943296,0.3912855,0.7364449,-0.05895996,-0.3323059,0.9413147,30.72955,7.135315,-30.8522,3.418793,0.5797497,0.4183453,0.009817004,1.261619,-0.2665,-0.1830678,-0.009885434,0.0518214,1.04943,18.24573,32.71
46,-0.06628418,-0.3489685,0.9347687,0.7032965,-0.07473755,-0.3680725,0.9267731,-25.26523,6.810394,-25.5031,3.381424,0.2943296,0.3912855,0.7364449,-0.05895996,-0.3323059,0.9413147,30.72955,7.135315,-30.8522,3.418793,0.5797497,0.4183453,0.009817004,1.261619,-0.2665,-0.1830678,-0.009885434,0.0518214,1.04943,18.24573,32.71
46,-0.09275818,-0.3344574,0.9378204,0.7470341,-0.1199799,-0.3694916,0.9214478,-25.40904,6.855453,-25.49577,3.497711,0.3066519,0.3904102,0.7728003,-0.07034302,-0.3052368,0.9496613,30.60574,7.154419,-30.85219,3.69603,0.5860939,0.4124427,0.009602189,1.261961,-0.2683738,-0.1826416,-0.01435507,0.05146375,1.04943,18.24573,32.71
46,-0.0997467,-0.321579,0.9416046,0.7470341,-0.1280212,-0.3441772,0.93013,-25.46565,6.855927,-25.49515,3.788513,0.3097291,0.3856949,0.7728003,-0.0774231,-0.3034973,0.9496765,30.56128,7.174911,-30.85005,3.712112,0.5888912,0.4113943,0.00940311,1.26235,-0.2703096,-0.1823937,-0.01852374,0.05075322,1.04943,18.24573,32.71
46,-0.09486389,-0.3262634,0.9404907,0.739125,-0.1183014,-0.3299713,0.9365387,-25.60283,6.845932,-25.5153,3.585815,0.3129001,0.3837582,0.7606925,-0.07514954,-0.3230133,0.9433899,30.44595,7.206787,-30.84258,3.407333,0.592544,0.4140405,0.009301305,1.263224,-0.2741468,-0.1821021,-0.02547061,0.04985328,1.04943,18.24573,32.71
46,-0.1076965,-0.3453827,0.932251,0.737173,-0.1218262,-0.359314,0.9252167,-25.62125,6.821106,-25.55714,3.520584,0.3140471,0.3903482,0.7568116,-0.09379578,-0.3315582,0.9387512,30.41319,7.18605,-30.85368,3.49913,0.5969481,0.416514,0.00935173,1.263576,-0.2761002,-0.1817482,-0.02855532,0.05008856,1.04943,18.24573,32.71
46,-0.1342926,-0.3565369,0.9245605,0.7857272,-0.1530762,-0.3752136,0.9141998,-25.69032,6.795349,-25.61612,3.087326,0.3217855,0.3952717,0.7493579,-0.1164551,-0.3386383,0.93367,30.35985,7.158249,-30.88179,3.330917,0.6028194,0.4192887,0.00935173,1.263576,-0.2761002,-0.1817482,-0.02855532,0.05008856,1.04943,18.24573,32.71
46,-0.1342926,-0.3565369,0.9245605,0.7857272,-0.1530762,-0.3752136,0.9141998,-25.69032,6.795349,-25.61612,3.087326,0.3217855,0.3952717,0.7493579,-0.1164551,-0.3386383,0.93367,30.35985,7.158249,-30.88179,3.330917,0.6028194,0.4192887,0.00935173,1.263576,-0.2761002,-0.1817482,-0.02855532,0.05008856,1.04943,18.24573,32.71
46,-0.1339874,-0.3468781,0.9282837,0.7663875,-0.1620026,-0.3775635,0.9116821,-25.74315,6.791,-25.62253,3.1875,0.324949,0.3959593,0.736755,-0.1183319,-0.3295593,0.936676,30.28566,7.129105,-30.90974,3.297043,0.6057857,0.4188406,0.009357691,1.264221,-0.2800643,-0.1803358,-0.03505799,0.05156239,1.04943,15.7733,32.71
46,-0.1321716,-0.3428192,0.9300385,0.7745336,-0.1599426,-0.3751526,0.9130402,-25.75285,6.777527,-25.62253,3.174561,0.324949,0.3959593,0.7409601,-0.1173096,-0.3253632,0.9382782,30.27771,7.117081,-30.90981,3.351807,0.6058804,0.4184287,0.009366751,1.264863,-0.2839415,-0.1796992,-0.04146907,0.05297823,1.04943,15.7733,32.71
46,-0.1356354,-0.3417053,0.9299622,0.7745336,-0.1668854,-0.3672485,0.9150238,-25.80682,6.778198,-25.63362,3.256668,0.3278589,0.3946269,0.7409601,-0.1152344,-0.3247833,0.938736,30.25969,7.122452,-30.91467,3.358414,0.6061564,0.4181561,0.009407878,1.265372,-0.2878006,-0.1793092,-0.04777147,0.05355424,1.04943,15.7733,32.71
46,-0.1356354,-0.3417053,0.9299622,0.7745336,-0.1668854,-0.3672485,0.9150238,-25.80682,6.778198,-25.63362,3.256668,0.3278589,0.3946269,0.7409601,-0.1152344,-0.3247833,0.938736,30.25969,7.122452,-30.91467,3.358414,0.6061564,0.4181561,0.009407878,1.265372,-0.2878006,-0.1793092,-0.04777147,0.05355424,1.04943,15.7733,32.71
46,-0.1455231,-0.3327789,0.9317017,0.8068734,-0.1861267,-0.3451843,0.9198914,-25.85425,6.771851,-25.64848,3.499634,0.3324917,0.3910228,0.7333787,-0.1130981,-0.322464,0.9397888,30.23053,7.128464,-30.91833,3.373672,0.6068142,0.4175162,0.009529591,1.265703,-0.2916926,-0.1788383,-0.05374048,0.05517673,1.04943,15.7733,32.71
46,-0.1455231,-0.3327789,0.9317017,0.8068734,-0.1861267,-0.3451843,0.9198914,-25.85425,6.771851,-25.64848,3.499634,0.3324917,0.3910228,0.7333787,-0.1130981,-0.322464,0.9397888,30.23053,7.128464,-30.91833,3.373672,0.6068142,0.4175162,0.009529591,1.265703,-0.2916926,-0.1788383,-0.05374048,0.05517673,1.04943,15.7733,32.71
